3.397196 1.930645 162.838977 -0.032733 0.004730 -0.145688 0.000000 0.850000
3.406756 1.928572 161.463145 -0.034725 0.003835 -0.085760 0.000000 1.130000
3.414423 1.922592 161.442007 -0.029585 -0.010413 -0.001190 0.000000 1.440000
3.425830 1.920489 159.356139 -0.035676 0.006417 -0.113766 0.000000 1.760000
3.436297 1.917416 157.629801 -0.036161 0.003807 -0.100434 0.000000 2.060000
3.442977 1.913409 157.412953 -0.020282 -0.002984 -0.009960 0.000000 2.440000
3.454371 1.908359 155.884085 -0.032798 0.000122 -0.070220 0.000000 2.820000
3.465757 1.902327 154.868720 -0.053624 -0.002609 -0.073839 0.000000 3.060000
3.475234 1.899262 152.951346 -0.030732 0.004939 -0.104577 0.000000 3.380000
3.484692 1.896191 151.965831 -0.044507 0.007882 -0.078184 0.000000 3.600000
3.490330 1.895128 151.463431 -0.026007 0.008379 -0.041755 0.000000 3.810000
3.493200 1.892155 150.737150 -0.020825 -0.006267 -0.066716 0.000000 4.000000
3.496989 1.889165 150.253199 -0.021696 -0.003252 -0.038393 0.000000 4.220000
3.503582 1.887113 149.040084 -0.030497 0.007414 -0.096240 0.000000 4.440000
3.512046 1.882092 148.803632 -0.044730 0.000408 -0.018759 0.000000 4.660000
3.518634 1.879059 148.059512 -0.032708 0.004142 -0.059033 0.000000 4.880000
3.526146 1.876989 146.584645 -0.033682 0.010952 -0.117006 0.000000 5.100000
3.526224 1.872107 146.147418 -0.014653 -0.021109 -0.040163 0.000000 5.290000
3.530022 1.867164 145.694000 -0.028207 -0.009249 -0.037684 0.000000 5.500000
3.535690 1.863168 145.099588 -0.031523 -0.000157 -0.047157 0.000000 5.720000
3.543179 1.861098 143.598042 -0.038192 0.014620 -0.137931 0.000000 5.910000
3.548758 1.860030 143.136866 -0.018230 0.008902 -0.028747 0.000000 6.190000
3.555288 1.856015 143.403429 -0.034709 0.003041 0.021147 0.000000 6.410000
3.560886 1.852997 142.115358 -0.033007 0.005559 -0.118322 0.000000 6.600000
3.567396 1.852887 141.155732 -0.023360 0.018170 -0.076130 0.000000 6.820000
3.571135 1.849898 140.723739 -0.022795 0.000252 -0.035903 0.000000 7.030000
3.573121 1.843039 139.669411 -0.031332 -0.020755 -0.096850 0.000000 7.220000
3.575949 1.840066 138.922582 -0.018569 -0.001740 -0.059248 0.000000 7.440000
3.580574 1.836083 139.869300 -0.027743 -0.000288 0.075106 0.000000 7.660000
3.587123 1.832071 138.863844 -0.034418 0.005846 -0.079766 0.000000 7.880000
3.590911 1.825181 138.445937 -0.033659 -0.012014 -0.033154 0.000000 8.100000
3.596485 1.821185 138.415923 -0.032483 0.003382 -0.002495 0.000000 8.310000
3.593717 1.819284 138.623381 0.003569 -0.014155 0.015743 0.000000 8.540000
3.592017 1.814433 138.515650 -0.009237 -0.022670 -0.008954 0.000000 8.750000
3.587313 1.818409 140.340049 0.027996 0.000268 0.144735 0.000000 8.970000
3.573338 1.823510 143.206957 0.064755 -0.019478 0.227441 0.000000 9.190000
3.561368 1.825649 144.409148 0.049903 -0.023761 0.095374 0.000000 9.410000
3.534048 1.846577 147.943628 0.077868 0.007358 0.140201 0.000000 9.850000
3.518943 1.858535 148.541709 0.091072 0.011034 0.049707 0.000000 10.060000
3.498265 1.864701 151.000490 0.110921 -0.024378 0.225862 0.000000 10.250000
3.483327 1.865896 152.024192 0.062515 -0.027054 0.081214 0.000000 10.470000
3.462442 1.875967 153.095630 0.105369 -0.002134 0.085001 0.000000 10.690000
3.445214 1.892845 153.130185 0.104529 0.033043 0.002741 0.000000 10.910000
3.421368 1.903922 155.349567 0.119515 0.000553 0.176071 0.000000 11.130000
3.396552 1.916001 155.009279 0.153307 0.002576 -0.032995 0.000000 11.310000
3.374553 1.923124 156.380488 0.104590 -0.010397 0.108782 0.000000 11.530000
3.349450 1.941059 157.271729 0.158333 0.036018 0.081869 0.000000 11.720000
3.330110 1.956974 157.321380 0.109003 0.032852 0.003939 0.000000 11.940000
3.301134 1.968065 159.275839 0.163295 0.000628 0.179536 0.000000 12.130000
3.272072 1.980128 159.712057 0.142916 0.005625 0.034607 0.000000 12.350000
3.246810 1.993124 161.256795 0.133802 0.019953 0.128385 0.000000 12.560000
3.222463 2.011035 160.804850 0.131286 0.040498 -0.035854 0.000000 12.780000
3.192216 2.027991 160.535977 0.155308 0.026860 -0.021331 0.000000 13.000000
3.157074 2.039058 162.137819 0.167467 -0.001118 0.127079 0.000000 13.220000
3.131624 2.053992 163.116580 0.151000 0.036308 0.089908 0.000000 13.410000
3.102189 2.067938 163.781460 0.146179 0.023501 0.052747 0.000000 13.630000
3.069783 2.083864 163.980143 0.161558 0.028931 0.015762 0.000000 13.850000
3.037330 2.099773 165.198060 0.186528 0.037314 0.111877 0.000000 14.040000
3.005842 2.111722 166.280775 0.159158 0.019715 0.089985 0.000000 14.250000
2.969397 2.126634 166.728019 0.176799 0.027940 0.035481 0.000000 14.470000
2.936840 2.143487 168.460986 0.153348 0.043477 0.131504 0.000000 14.700000
2.901305 2.164291 169.020777 0.129489 0.045518 0.032567 15.000000 15.000000
2.846001 2.183126 171.751650 0.261062 0.048662 0.216649 15.000000 15.220000
2.806476 2.192043 172.328920 0.183463 0.016189 0.045797 15.000000 15.440000
2.769891 2.204895 174.040179 0.171461 0.040835 0.135760 15.000000 15.660000
2.734293 2.221701 174.597400 0.168286 0.060817 0.044206 15.000000 15.880000
2.691753 2.229583 176.764477 0.195075 0.024858 0.171921 15.000000 16.100000
2.651189 2.240429 178.385454 0.215018 0.051044 0.148902 15.000000 16.290000
2.612597 2.250271 179.561917 0.184124 0.045464 0.097777 15.000000 16.500000
2.575979 2.256151 -178.244279 0.165549 0.031812 0.174041 15.000000 16.720000
2.535409 2.264006 -178.216856 0.183209 0.041425 0.002176 15.000000 16.940000
2.490876 2.269858 -176.040841 0.200102 0.040513 0.172630 15.000000 17.160000
2.450307 2.274728 -175.447999 0.182067 0.036703 0.047032 15.000000 17.380000
2.408758 2.281579 -173.684305 0.193063 0.054193 0.146582 15.000000 17.590000
2.369182 2.282474 -169.818598 0.168671 0.034244 0.293345 15.000000 17.820000
2.327626 2.278400 -167.645320 0.197452 0.023392 0.180623 15.000000 18.030000
2.284111 2.278300 -165.235940 0.191382 0.049964 0.191144 15.000000 18.250000
2.242579 2.274232 -162.057630 0.185298 0.040567 0.252145 15.000000 18.470000
2.202041 2.268186 -160.845532 0.183077 0.034499 0.096160 15.000000 18.690000
2.162502 2.261152 -156.447212 0.177528 0.042505 0.348932 15.000000 18.910000
2.120994 2.250147 -154.469160 0.191811 0.036180 0.156925 15.000000 19.130000
2.083451 2.237169 -152.002570 0.178370 0.028025 0.195682 15.000000 19.350000
2.045916 2.222212 -148.536262 0.189634 0.032539 0.288088 15.000000 19.560000
2.009383 2.208263 -145.786023 0.165453 0.039161 0.208699 15.000000 19.790000
1.970886 2.190348 -142.350314 0.197253 0.044434 0.285545 15.000000 20.000000
1.936353 2.169472 -141.383249 0.181867 0.023824 0.076720 15.000000 20.220000
1.903803 2.151593 -137.107206 0.163709 0.041160 0.339232 15.000000 20.440000
1.871261 2.133726 -135.178770 0.162165 0.046663 0.152989 15.000000 20.660000
1.838734 2.111907 -130.924908 0.171791 0.046744 0.337473 15.000000 20.880000
1.808193 2.084142 -130.519146 0.186131 0.023535 0.032190 15.000000 21.100000
1.779636 2.056399 -126.115178 0.186873 0.031990 0.366018 15.000000 21.310000
1.753060 2.028678 -123.497486 0.164278 0.029836 0.198641 15.000000 21.540000
1.726495 1.998993 -121.530047 0.178159 0.032364 0.156083 15.000000 21.760000
1.700922 1.968340 -117.860641 0.185957 0.039442 0.304968 15.000000 21.970000
1.676348 1.934737 -115.904809 0.215592 0.039079 0.179662 15.000000 22.160000
1.657685 1.904110 -113.180329 0.161364 0.023184 0.216142 15.000000 22.380000
1.639029 1.871531 -111.038866 0.195291 0.030085 0.196714 15.000000 22.570000
1.620366 1.841934 -108.113464 0.161582 0.040653 0.243133 15.000000 22.780000
1.603696 1.803457 -106.720889 0.189302 0.022248 0.110477 15.000000 23.000000
1.588002 1.767969 -104.307293 0.173938 0.029262 0.191478 15.000000 23.220000
1.575263 1.732490 -101.625127 0.169628 0.024220 0.212785 15.000000 23.440000
1.565474 1.698012 -100.243574 0.162133 0.015913 0.109603 15.000000 23.660000
1.549767 1.660607 -95.818740 0.176384 0.053792 0.351036 15.000000 23.880000
1.540965 1.619259 -94.222834 0.232686 0.031850 0.154743 15.000000 24.060000
1.537083 1.581853 -93.286575 0.197722 0.009113 0.086004 15.000000 24.250000
1.533180 1.549388 -92.112409 0.148124 0.012289 0.093150 15.000000 24.470000
1.526323 1.507094 -89.389840 0.191899 0.033216 0.215990 15.000000 24.690000
1.525374 1.461853 -87.709969 0.205304 0.012526 0.133269 15.000000 24.910000
1.522433 1.418593 -83.807082 0.194050 0.034502 0.309629 15.000000 25.130000
1.524410 1.379263 -82.852084 0.178500 0.013330 0.075763 15.000000 25.350000
1.524401 1.337968 -80.705105 0.214482 0.035148 0.197220 15.000000 25.540000
1.527343 1.300605 -77.824596 0.176869 0.023832 0.239402 15.000000 25.750000
1.532241 1.258320 -76.107359 0.191929 0.024534 0.136234 15.000000 25.970000
1.540086 1.217016 -72.630566 0.189831 0.022015 0.275825 15.000000 26.190000
1.548907 1.176683 -70.897436 0.186356 0.022108 0.137495 15.000000 26.410000
1.555744 1.136335 -68.137453 0.181785 0.039454 0.218958 15.000000 26.630000
1.567500 1.094007 -65.925393 0.197462 0.029700 0.175490 15.000000 26.850000
1.584179 1.052654 -63.992899 0.211806 0.014961 0.160611 15.000000 27.060000
1.597894 1.012260 -60.330403 0.209434 0.040390 0.319613 15.000000 27.260000
1.613590 0.977767 -57.612157 0.178738 0.024865 0.225916 15.000000 27.470000
1.632234 0.940299 -54.103189 0.147439 0.024520 0.218725 30.000000 27.750000
1.660707 0.890967 -50.581001 0.193759 0.032169 0.211979 30.000000 28.040000
1.692148 0.845549 -46.662228 0.260055 0.039536 0.325693 30.000000 28.250000
1.715738 0.813931 -43.571570 0.176744 0.030219 0.245192 30.000000 28.470000
1.742288 0.782298 -40.000298 0.184875 0.032573 0.283320 30.000000 28.690000
1.771807 0.752622 -36.888096 0.188285 0.027346 0.246901 30.000000 28.910000
1.803311 0.724904 -34.730424 0.189465 0.021961 0.171175 30.000000 29.130000
1.834822 0.698161 -30.912419 0.214596 0.035560 0.350720 30.000000 29.320000
1.861423 0.679328 -28.664864 0.154168 0.017928 0.186796 30.000000 29.530000
1.893944 0.657508 -25.462226 0.176103 0.025994 0.254075 30.000000 29.750000
1.927465 0.634672 -22.044644 0.180186 0.039025 0.271128 30.000000 29.970000
1.961984 0.615794 -19.276435 0.176439 0.029200 0.219611 30.000000 30.190000
1.996517 0.598885 -16.161076 0.172158 0.030133 0.247151 30.000000 30.410000
2.031062 0.580967 -12.843474 0.171199 0.044499 0.263196 30.000000 30.630000
2.067594 0.567011 -10.589596 0.174884 0.031841 0.178807 30.000000 30.850000
2.105119 0.558014 -7.876778 0.202127 0.019841 0.249198 30.000000 31.040000
2.136728 0.551003 -5.125294 0.152896 0.019803 0.228678 30.000000 31.250000
2.173288 0.541986 -1.221754 0.167019 0.037437 0.309680 30.000000 31.470000
2.210847 0.534948 0.428367 0.170481 0.033265 0.130909 30.000000 31.690000
2.248408 0.532874 2.631041 0.170116 0.017255 0.174745 30.000000 31.910000
2.285976 0.531786 5.376053 0.169553 0.020922 0.217771 30.000000 32.130000
2.324547 0.529696 8.723332 0.171852 0.035982 0.265550 30.000000 32.350000
2.362136 0.529591 11.960245 0.193426 0.041539 0.297341 30.000000 32.540000
2.394779 0.532479 13.676606 0.129602 0.019647 0.119825 30.000000 32.790000
2.438308 0.538312 17.137932 0.206263 0.034539 0.287674 30.000000 33.000000
2.475910 0.544160 19.573741 0.169943 0.032214 0.193240 30.000000 33.220000
2.512527 0.551003 21.315007 0.166363 0.031524 0.138140 30.000000 33.440000
2.549143 0.560822 23.556287 0.170406 0.025603 0.177808 30.000000 33.660000
2.585760 0.572625 26.252055 0.173004 0.025505 0.213864 30.000000 33.880000
2.621391 0.585423 28.238615 0.170205 0.025379 0.157600 30.000000 34.100000
2.656036 0.598223 30.909523 0.172859 0.032450 0.221982 30.000000 34.310000
2.690676 0.614989 34.098214 0.165583 0.024069 0.241970 30.000000 34.540000
2.725320 0.631758 36.390878 0.180173 0.033595 0.190545 30.000000 34.750000
2.758968 0.652493 39.059614 0.178149 0.023192 0.211719 30.000000 34.970000
2.790637 0.673232 41.791897 0.170150 0.025648 0.216761 30.000000 35.190000
2.823296 0.695951 44.978653 0.178005 0.031882 0.252815 30.000000 35.410000
2.853973 0.719667 46.956586 0.173957 0.028332 0.156916 30.000000 35.630000
2.880690 0.743387 49.684785 0.160782 0.022836 0.216437 30.000000 35.850000
2.908396 0.767108 52.791246 0.169748 0.036770 0.258181 30.000000 36.060000
2.937088 0.792811 54.129910 0.198107 0.043105 0.122969 30.000000 36.250000
2.959841 0.816540 56.763938 0.146901 0.027389 0.208966 30.000000 36.470000
2.985559 0.847194 59.504356 0.179382 0.030019 0.217406 30.000000 36.690000
3.007318 0.877849 62.214949 0.169381 0.022545 0.215040 30.000000 36.910000
3.031052 0.907517 64.653674 0.168055 0.039767 0.193472 30.000000 37.130000
3.054780 0.938175 66.873938 0.150059 0.039123 0.155004 30.000000 37.380000
3.073567 0.977733 69.829161 0.198226 0.018156 0.234447 30.000000 37.600000
3.092348 1.010370 72.611514 0.175040 0.038900 0.231244 30.000000 37.810000
3.109150 1.044985 75.695637 0.188465 0.038642 0.269141 30.000000 38.010000
3.123970 1.073666 76.094995 0.149534 0.035686 0.033191 30.000000 38.220000
3.134843 1.108279 78.901226 0.163901 0.018211 0.222627 30.000000 38.440000
3.145714 1.146847 81.706508 0.209120 0.027339 0.257692 30.000000 38.630000
3.156576 1.175528 84.495006 0.134502 0.036638 0.221220 30.000000 38.850000
3.167438 1.212118 87.203791 0.176557 0.043159 0.225130 30.000000 39.060000
3.175335 1.245741 89.433859 0.177365 0.039814 0.204853 30.000000 39.250000
3.177315 1.277384 91.614186 0.143520 0.013051 0.172972 30.000000 39.470000
3.181268 1.314960 92.758410 0.169736 0.026164 0.090775 30.000000 39.690000
3.187182 1.353526 96.009770 0.171523 0.045088 0.257941 30.000000 39.910000
3.190136 1.392090 98.796702 0.171178 0.040078 0.221096 30.000000 40.130000
3.190129 1.433621 102.248868 0.184484 0.040020 0.273871 30.000000 40.350000
3.188152 1.472184 103.204091 0.172706 0.031287 0.075781 30.000000 40.570000
3.186167 1.510747 105.752205 0.209186 0.047552 0.247072 30.000000 40.750000
3.184179 1.544365 107.868685 0.148213 0.038288 0.167907 30.000000 40.970000
3.179230 1.581939 110.829952 0.167628 0.039705 0.234927 30.000000 41.190000
3.172306 1.619513 113.796882 0.168970 0.040116 0.235376 30.000000 41.410000
3.169325 1.656094 113.516216 0.157874 0.053922 -0.022266 30.000000 41.630000
3.157464 1.692682 118.241904 0.172021 0.031200 0.374904 30.000000 41.850000
3.149545 1.730253 119.210236 0.166627 0.051924 0.076821 30.000000 42.070000
3.135706 1.766840 122.869453 0.182097 0.039208 0.304121 30.000000 42.280000
3.122860 1.803426 123.320802 0.144725 0.036012 0.030298 45.000000 42.540000
3.105063 1.841991 127.907713 0.153192 0.035750 0.296506 45.000000 42.810000
3.085283 1.890440 130.654862 0.215837 0.071993 0.208464 45.000000 43.040000
3.067488 1.924060 133.762836 0.174237 0.049534 0.258307 45.000000 43.250000
3.048707 1.954716 136.906027 0.182411 0.050291 0.288732 45.000000 43.440000
3.025982 1.983401 138.350101 0.163835 0.028778 0.114563 45.000000 43.660000
3.010160 2.013064 139.991755 0.141772 0.057037 0.130238 45.000000 43.880000
2.985452 2.042736 142.742370 0.209049 0.048102 0.266707 45.000000 44.060000
2.964693 2.065483 145.948058 0.136074 0.032833 0.254317 45.000000 44.280000
2.940972 2.089222 148.415876 0.148366 0.035447 0.195780 45.000000 44.500000
2.914285 2.110984 151.173558 0.153968 0.028172 0.218776 45.000000 44.720000
2.888578 2.136697 153.647153 0.156585 0.052863 0.196238 45.000000 44.940000
2.861885 2.157466 155.845774 0.172923 0.042254 0.201964 45.000000 45.130000
2.838154 2.178234 158.383964 0.156379 0.055606 0.233157 45.000000 45.320000
2.813438 2.191092 160.150768 0.131496 0.017627 0.146841 45.000000 45.530000
2.785744 2.209875 164.207775 0.144362 0.047896 0.321855 45.000000 45.750000
2.755087 2.228659 166.238847 0.155662 0.049785 0.161131 45.000000 45.970000
2.723436 2.244470 169.670124 0.154424 0.044906 0.272214 45.000000 46.190000
2.692779 2.258310 170.663220 0.147709 0.039464 0.078785 45.000000 46.410000
2.662113 2.268181 172.924799 0.143856 0.027359 0.179418 45.000000 46.630000
2.629462 2.279029 177.884096 0.150134 0.043795 0.393437 45.000000 46.850000
2.596816 2.288893 -179.920945 0.155392 0.047187 0.182425 45.000000 47.060000
2.566145 2.294795 -178.816899 0.132794 0.028407 0.083779 45.000000 47.290000
2.534475 2.296722 -175.449107 0.149604 0.021116 0.279900 45.000000 47.500000
2.501819 2.300625 -172.060436 0.144563 0.038075 0.268834 45.000000 47.720000
2.471147 2.305520 -169.608776 0.133118 0.047031 0.194498 45.000000 47.940000
2.437500 2.304464 -168.863830 0.174829 0.028748 0.068430 45.000000 48.130000
2.408806 2.305395 -167.136063 0.126213 0.033166 0.137069 45.000000 48.350000
2.377137 2.302343 -163.130848 0.164169 0.032996 0.367917 45.000000 48.540000
2.349436 2.302279 -159.651635 0.123785 0.045582 0.289161 45.000000 48.750000
2.318765 2.298240 -158.420821 0.136396 0.034200 0.097644 45.000000 48.970000
2.286113 2.290219 -156.175009 0.150497 0.026601 0.178167 45.000000 49.190000
2.255446 2.283195 -152.986586 0.138686 0.034869 0.252948 45.000000 49.410000
2.224783 2.274185 -149.773752 0.141047 0.034777 0.254884 45.000000 49.630000
2.196102 2.263193 -148.072071 0.137068 0.026542 0.135000 45.000000 49.850000
2.164462 2.251203 -144.120405 0.148470 0.040132 0.313498 45.000000 50.070000
2.137769 2.238232 -141.812237 0.138093 0.030037 0.191834 45.000000 50.280000
2.111082 2.223278 -138.650555 0.135969 0.029110 0.250826 45.000000 50.500000
2.084400 2.205346 -136.733228 0.144182 0.023774 0.152108 45.000000 50.720000
2.059703 2.187424 -134.014284 0.136585 0.024130 0.215702 45.000000 50.940000
2.033038 2.166526 -130.875770 0.151145 0.029483 0.248988 45.000000 51.160000
2.009347 2.148624 -127.772460 0.130281 0.035277 0.246196 45.000000 51.380000
1.985665 2.126758 -126.235051 0.143800 0.028077 0.121967 45.000000 51.600000
1.963964 2.105898 -123.501922 0.133511 0.029917 0.216828 45.000000 51.820000
1.939314 2.083065 -120.314347 0.153107 0.046451 0.264922 45.000000 52.030000
1.919604 2.057270 -117.869998 0.145533 0.024389 0.193918 45.000000 52.250000
1.900888 2.032484 -114.692898 0.137899 0.030230 0.252049 45.000000 52.470000
1.884153 2.004740 -112.762484 0.145720 0.021350 0.153146 45.000000 52.690000
1.865454 1.977016 -109.843421 0.147387 0.037168 0.231578 45.000000 52.910000
1.848737 1.946334 -108.476938 0.156354 0.027873 0.108407 45.000000 53.130000
1.835961 1.918650 -105.229469 0.158252 0.026604 0.298311 45.000000 53.320000
1.826144 1.889982 -103.255488 0.137071 0.013555 0.156602 45.000000 53.540000
1.814363 1.861343 -100.783315 0.144461 0.029597 0.205465 45.000000 53.750000
1.799631 1.831733 -95.949002 0.140806 0.052654 0.383521 45.000000 53.970000
1.794750 1.799168 -95.462064 0.149463 0.007997 0.038630 45.000000 54.190000
1.788882 1.768603 -94.321536 0.140550 0.016127 0.090482 45.000000 54.410000
1.783015 1.735098 -91.034553 0.152751 0.023912 0.260767 45.000000 54.630000
1.779111 1.705554 -88.858799 0.140285 0.021389 0.180829 45.000000 54.840000
1.776195 1.672080 -87.193410 0.144744 0.019790 0.126376 45.000000 55.070000
1.773273 1.639612 -83.308391 0.151938 0.031834 0.322887 45.000000 55.280000
1.775262 1.609126 -81.375888 0.138360 0.011842 0.153312 45.000000 55.500000
1.778236 1.573730 -79.611911 0.160690 0.015714 0.139942 45.000000 55.720000
1.778255 1.539337 -76.327194 0.151924 0.036868 0.260587 45.000000 55.940000
1.780237 1.502987 -71.364934 0.159441 0.044259 0.393672 45.000000 56.160000
1.782213 1.469598 -66.852054 0.143081 0.051407 0.358021 45.000000 56.380000
1.789097 1.436213 -65.358709 0.184528 0.042566 0.144799 45.000000 56.560000
1.795977 1.408723 -63.420433 0.120274 0.026728 0.147084 45.000000 56.790000
1.806781 1.376328 -60.244507 0.159459 0.031894 0.263954 45.000000 57.000000
1.818565 1.345897 -57.522066 0.123070 0.024615 0.182752 60.000000 57.260000
1.832308 1.310559 -54.208882 0.152926 0.039664 0.240942 60.000000 57.500000
1.846049 1.276200 -50.829056 0.160533 0.050224 0.268132 60.000000 57.720000
1.861754 1.247725 -48.822043 0.144417 0.031487 0.159223 60.000000 57.940000
1.880405 1.220229 -46.166938 0.148869 0.025404 0.210638 60.000000 58.160000
1.900038 1.192726 -43.097556 0.150580 0.030310 0.243504 60.000000 58.380000
1.919675 1.165213 -40.039971 0.148786 0.038323 0.242568 60.000000 58.600000
1.940296 1.140641 -36.903102 0.148787 0.034605 0.260708 60.000000 58.810000
1.960923 1.117040 -34.184343 0.131842 0.034496 0.206310 60.000000 59.040000
1.984502 1.095395 -31.764019 0.149723 0.028526 0.201155 60.000000 59.250000
2.009073 1.071769 -29.060134 0.173440 0.045880 0.248377 60.000000 59.440000
2.027751 1.056994 -25.901570 0.105707 0.023323 0.250579 60.000000 59.660000
2.052333 1.041224 -23.702595 0.131125 0.020721 0.174452 60.000000 59.880000
2.076924 1.025444 -20.064702 0.150067 0.033608 0.334175 60.000000 60.070000
2.098570 1.012614 -17.476164 0.116662 0.027318 0.215136 60.000000 60.280000
2.127123 0.994833 -15.971986 0.147018 0.041990 0.119331 60.000000 60.500000
2.153715 0.980004 -13.227196 0.133087 0.037961 0.217753 60.000000 60.720000
2.179318 0.973060 -9.489457 0.138938 0.013830 0.343347 60.000000 60.910000
2.201989 0.962165 -6.706752 0.125197 0.043013 0.255618 60.000000 61.100000
2.227623 0.954215 -5.523167 0.125146 0.025931 0.098369 60.000000 61.310000
2.258195 0.945263 -2.869624 0.140827 0.033683 0.210514 60.000000 61.530000
2.285819 0.939272 0.395721 0.125373 0.028100 0.259050 60.000000 61.750000
2.314443 0.933271 3.694516 0.148305 0.041224 0.303025 60.000000 61.940000
2.339129 0.929251 5.934130 0.109718 0.029778 0.177676 60.000000 62.160000
2.369758 0.925206 6.953475 0.135973 0.035103 0.080868 60.000000 62.380000
2.400388 0.925111 9.194019 0.137368 0.022672 0.177749 60.000000 62.600000
2.429043 0.927984 13.317104 0.135934 0.018116 0.342673 60.000000 62.810000
2.456736 0.928880 15.990938 0.134340 0.033840 0.233336 60.000000 63.010000
2.485417 0.932737 18.605058 0.135301 0.026170 0.217262 60.000000 63.220000
2.517100 0.934604 19.278354 0.138740 0.039536 0.053415 60.000000 63.440000
2.545805 0.940435 21.916708 0.130942 0.024111 0.209309 60.000000 63.660000
2.572539 0.947261 26.132200 0.122762 0.025665 0.334429 60.000000 63.880000
2.600271 0.956063 28.113840 0.130034 0.024112 0.157210 60.000000 64.100000
2.631995 0.961886 29.624961 0.145024 0.050570 0.125591 60.000000 64.310000
2.661735 0.971673 32.113966 0.159962 0.039582 0.228638 60.000000 64.500000
2.683537 0.983465 36.139175 0.111640 0.015158 0.319332 60.000000 64.720000
2.709321 0.995247 38.576666 0.125019 0.031212 0.193374 60.000000 64.940000
2.735110 1.008022 40.554783 0.146844 0.037167 0.181709 60.000000 65.130000
2.761898 1.021787 40.912016 0.132997 0.032457 0.028340 60.000000 65.350000
2.784717 1.036555 43.267675 0.121531 0.022213 0.186882 60.000000 65.570000
2.805544 1.055282 48.778374 0.132431 0.015833 0.457999 60.000000 65.780000
2.827371 1.074014 49.983992 0.123398 0.020311 0.091487 60.000000 66.010000
2.855172 1.091749 51.552599 0.148459 0.051171 0.130368 60.000000 66.220000
2.878994 1.112464 52.775605 0.162663 0.033882 0.112345 60.000000 66.410000
2.896861 1.132202 57.417897 0.119330 0.020115 0.368288 60.000000 66.630000
2.911745 1.151951 59.402182 0.111703 0.012544 0.157420 60.000000 66.850000
2.931599 1.173671 61.336732 0.136106 0.033344 0.160782 60.000000 67.060000
2.951453 1.197375 62.846634 0.137056 0.031130 0.119785 60.000000 67.280000
2.970315 1.220095 64.595258 0.124412 0.031701 0.132692 60.000000 67.510000
2.986200 1.243805 70.624617 0.131609 0.033902 0.501105 60.000000 67.720000
2.998107 1.267526 71.685010 0.138215 0.020261 0.097407 60.000000 67.910000
3.014984 1.290257 74.845940 0.119781 0.047035 0.250767 60.000000 68.130000
3.030860 1.317936 75.922194 0.139590 0.039395 0.085383 60.000000 68.350000
3.039789 1.344630 77.674108 0.147289 0.015916 0.160930 60.000000 68.540000
3.047726 1.367370 79.960760 0.132088 0.021400 0.221720 60.000000 68.720000
3.056656 1.389123 82.713394 0.103223 0.027720 0.218375 60.000000 68.940000
3.065583 1.420765 84.380337 0.147113 0.026298 0.132244 60.000000 69.160000
3.075501 1.451420 87.763398 0.140993 0.039611 0.268389 60.000000 69.380000
3.081450 1.477132 88.876634 0.117379 0.024745 0.088317 60.000000 69.600000
3.088390 1.503833 91.646054 0.126146 0.036683 0.230169 60.000000 69.810000
3.092356 1.532512 94.991246 0.141125 0.032230 0.291923 60.000000 70.010000
3.096319 1.558224 97.192656 0.119114 0.034053 0.182961 60.000000 70.220000
3.100279 1.586903 100.552336 0.144573 0.048134 0.308618 60.000000 70.410000
3.102258 1.610637 100.758346 0.104308 0.028974 0.016343 60.000000 70.630000
3.103245 1.638327 104.573878 0.120682 0.036013 0.302698 60.000000 70.850000
3.101264 1.668983 106.856984 0.142443 0.033304 0.189751 60.000000 71.060000
3.103230 1.698648 111.386243 0.141608 0.066572 0.416055 60.000000 71.250000
3.099270 1.724358 112.825648 0.114697 0.028746 0.114193 60.000000 71.470000
3.094320 1.752046 114.343430 0.123939 0.031377 0.120410 60.000000 71.690000
3.091337 1.781709 118.768756 0.124713 0.053006 0.351075 60.000000 71.910000
3.084406 1.812361 120.472732 0.136062 0.043505 0.135182 60.000000 72.130000
3.075503 1.840049 121.513887 0.128443 0.031283 0.082598 60.000000 72.350000
3.066594 1.866745 124.738725 0.142184 0.041536 0.296232 60.000000 72.540000
3.058680 1.886521 126.953265 0.114231 0.030910 0.214728 60.000000 72.720000
3.048787 1.908275 128.714600 0.092644 0.023549 0.122964 75.000000 72.970000
3.035922 1.938926 131.869156 0.142779 0.049440 0.250261 75.000000 73.190000
3.023062 1.963646 134.959216 0.120812 0.038032 0.245144 75.000000 73.410000
3.010201 1.984409 138.872904 0.106112 0.032639 0.310485 75.000000 73.630000
2.991421 2.006168 140.785889 0.128668 0.022664 0.151763 75.000000 73.850000
2.977572 2.029898 143.197768 0.115020 0.048658 0.191342 75.000000 74.070000
2.960763 2.050665 145.506909 0.116430 0.034529 0.183191 75.000000 74.290000
2.942966 2.070444 147.956457 0.116269 0.033286 0.194330 75.000000 74.510000
2.925165 2.088242 150.963400 0.115248 0.032959 0.249910 75.000000 74.720000
2.905389 2.106041 154.388892 0.116034 0.034097 0.271755 75.000000 74.940000
2.884629 2.120877 156.129641 0.113581 0.023483 0.138099 75.000000 75.160000
2.864851 2.136697 158.594090 0.109944 0.034139 0.195513 75.000000 75.380000
2.845069 2.148559 162.084312 0.102141 0.023641 0.276890 75.000000 75.600000
2.825287 2.159430 165.040755 0.115358 0.028401 0.271577 75.000000 75.790000
2.806491 2.167331 167.548839 0.091171 0.016649 0.198974 75.000000 76.010000
2.782751 2.181166 170.746946 0.122168 0.046846 0.265798 75.000000 76.220000
2.762967 2.189066 172.917304 0.108463 0.028425 0.199368 75.000000 76.410000
2.744167 2.193996 175.614300 0.086916 0.015807 0.213961 75.000000 76.630000
2.721408 2.202876 178.415154 0.109501 0.039272 0.232782 75.000000 76.840000
2.698647 2.209773 -178.828846 0.113079 0.036805 0.240506 75.000000 77.040000
2.678855 2.215684 -176.639587 0.088235 0.032096 0.173681 75.000000 77.260000
2.656091 2.220598 -173.860505 0.105276 0.034859 0.230972 75.000000 77.470000
2.634310 2.221548 -170.970518 0.097100 0.019804 0.229272 75.000000 77.690000
2.610550 2.224471 -168.241244 0.103025 0.035015 0.216522 75.000000 77.910000
2.587773 2.222438 -167.274048 0.103023 0.013795 0.076731 75.000000 78.130000
2.563013 2.221386 -163.154011 0.109101 0.028036 0.326855 75.000000 78.350000
2.542214 2.219351 -160.530321 0.096610 0.023875 0.218057 75.000000 78.560000
2.517452 2.216307 -157.731063 0.104645 0.028554 0.212418 75.000000 78.790000
2.496645 2.210295 -155.482691 0.102030 0.015070 0.186864 75.000000 79.000000
2.472874 2.206258 -153.021783 0.104617 0.032661 0.195232 75.000000 79.220000
2.450093 2.201229 -150.776204 0.101531 0.030608 0.178149 75.000000 79.440000
2.428298 2.194214 -147.828163 0.100834 0.025760 0.233877 75.000000 79.660000
2.407496 2.187201 -145.244834 0.095855 0.027710 0.204944 75.000000 79.880000
2.384709 2.177204 -142.747988 0.109954 0.026528 0.198083 75.000000 80.100000
2.364901 2.169201 -140.324244 0.096929 0.030886 0.201439 75.000000 80.310000
2.346081 2.160208 -136.432533 0.086236 0.028068 0.295318 75.000000 80.540000
2.325278 2.147238 -134.086708 0.113285 0.028184 0.194964 75.000000 80.750000
2.307447 2.134279 -132.152977 0.113549 0.023800 0.177631 75.000000 80.940000
2.290607 2.121325 -129.836732 0.094247 0.021054 0.183755 75.000000 81.160000
2.271793 2.107376 -126.340807 0.101751 0.031316 0.277343 75.000000 81.380000
2.253968 2.092440 -122.700129 0.100902 0.031504 0.288826 75.000000 81.600000
2.240098 2.075536 -120.906161 0.098307 0.014628 0.142321 75.000000 81.820000
2.224254 2.057639 -118.479911 0.122560 0.028382 0.222874 75.000000 82.010000
2.211384 2.042730 -116.777220 0.090991 0.022726 0.141512 75.000000 82.220000
2.196536 2.025841 -111.594478 0.111416 0.039950 0.476084 75.000000 82.410000
2.186632 2.008968 -110.367401 0.087567 0.015511 0.097348 75.000000 82.630000
2.175739 1.989129 -108.451388 0.101212 0.018428 0.152003 75.000000 82.850000
2.162874 1.968303 -105.672675 0.123828 0.035578 0.255251 75.000000 83.040000
2.151011 1.952440 -102.217985 0.081881 0.037444 0.274071 75.000000 83.260000
2.143090 1.933622 -99.969030 0.094789 0.021638 0.186913 75.000000 83.470000
2.137139 1.911846 -98.889488 0.118071 0.013235 0.099166 75.000000 83.660000
2.132178 1.893051 -96.108405 0.087349 0.013330 0.220632 75.000000 83.880000
2.124259 1.869316 -93.925968 0.110098 0.028523 0.173140 75.000000 84.100000
2.118312 1.845597 -90.633773 0.113255 0.027068 0.273617 75.000000 84.310000
2.114343 1.824857 -88.448791 0.089671 0.019691 0.165805 75.000000 84.540000
2.114304 1.798208 -86.236144 0.147717 0.009935 0.214544 75.000000 84.720000
2.116248 1.780459 -85.233111 0.081135 -0.002099 0.079574 75.000000 84.940000
2.114247 1.756786 -81.878494 0.105238 0.024204 0.266132 75.000000 85.160000
2.112255 1.737071 -79.729067 0.086563 0.024888 0.170521 75.000000 85.380000
2.113210 1.713423 -76.837264 0.105656 0.020251 0.229416 75.000000 85.600000
2.118103 1.691766 -75.518849 0.105680 0.003230 0.109575 75.000000 85.810000
2.121026 1.667153 -72.484582 0.105878 0.020086 0.230252 75.000000 86.040000
2.121003 1.643529 -67.643595 0.099268 0.040941 0.384051 75.000000 86.260000
2.128848 1.621894 -66.633247 0.109391 0.006565 0.083971 75.000000 86.470000
2.136695 1.600262 -63.228157 0.120251 0.014412 0.312790 75.000000 86.660000
2.143559 1.577652 -61.021389 0.105025 0.022499 0.175070 75.000000 86.880000
2.147479 1.556026 -56.168923 0.091574 0.039928 0.384961 75.000000 87.100000
2.154346 1.531460 -53.237720 0.108138 0.041825 0.232542 75.000000 87.320000
2.164169 1.511813 -49.972371 0.118678 0.028410 0.316617 75.000000 87.500000
2.178910 1.494136 -48.029552 0.104550 0.003918 0.154130 75.000000 87.720000
2.192669 1.472529 -45.741486 0.113985 0.023751 0.181519 75.000000 87.940000
2.203484 1.451905 -41.865118 0.099178 0.037007 0.307524 75.000000 88.160000
2.213322 1.432262 -37.258084 0.089642 0.043991 0.365491 75.000000 88.380000
2.233981 1.416550 -36.055768 0.117954 0.002467 0.095383 75.000000 88.600000
2.249732 1.400834 -33.931584 0.099278 0.019307 0.168518 75.000000 88.820000
2.267453 1.377262 -28.734991 0.149286 0.067500 0.503876 75.000000 89.000000
2.281243 1.360562 -24.768776 0.088718 0.042664 0.314652 75.000000 89.220000
2.300954 1.348766 -22.869675 0.103390 0.014582 0.150662 75.000000 89.440000
2.324609 1.337949 -22.365683 0.118145 0.004557 0.039983 75.000000 89.660000
2.346309 1.324181 -19.945778 0.114068 0.025180 0.191979 75.000000 89.880000
2.365062 1.303532 -15.093558 0.106739 0.068425 0.384942 75.000000 90.100000
2.385793 1.292705 -12.285183 0.107432 0.029372 0.233407 75.000000 90.310000
2.408515 1.281870 -9.295991 0.120870 0.035107 0.260856 75.000000 90.510000
2.433213 1.275949 -7.216833 0.120219 0.013199 0.172801 75.000000 90.720000
2.455951 1.267077 -3.411959 0.105568 0.034107 0.301853 75.000000 90.940000
2.476726 1.260167 -1.726151 0.110389 0.033058 0.154857 75.000000 91.130000
2.495530 1.255227 1.026771 0.085056 0.023981 0.218398 75.000000 91.350000
2.522255 1.252247 4.895898 0.146519 0.029168 0.375161 75.000000 91.530000
2.544043 1.251236 5.441857 0.098155 0.013968 0.043313 75.000000 91.750000
2.566836 1.246286 9.334555 0.098583 0.039003 0.308820 75.000000 91.970000
2.588646 1.242318 11.715992 0.093406 0.037790 0.188927 75.000000 92.190000
2.613438 1.242289 15.092832 0.125946 0.034126 0.310195 75.000000 92.380000
2.638240 1.244230 17.378893 0.110224 0.025254 0.181360 75.000000 92.600000
2.664043 1.247155 19.317640 0.115082 0.026251 0.153807 75.000000 92.820000
2.686884 1.247127 21.605713 0.111715 0.044401 0.210181 75.000000 93.010000
2.706748 1.250063 24.608014 0.091821 0.026676 0.249524 75.000000 93.220000
2.731584 1.255955 26.848464 0.112818 0.027095 0.177742 75.000000 93.440000
2.759410 1.262832 29.799636 0.125293 0.035729 0.234126 75.000000 93.660000
2.783263 1.271690 32.378688 0.113125 0.024059 0.204605 75.000000 93.880000
2.803149 1.277595 34.860810 0.089510 0.029642 0.196915 75.000000 94.100000
2.828007 1.288435 38.092023 0.125008 0.032403 0.268549 75.000000 94.310000
2.853861 1.302241 39.660371 0.124847 0.025532 0.119012 75.000000 94.540000
2.878725 1.313088 42.787989 0.121981 0.042521 0.259939 75.000000 94.750000
2.895633 1.322959 44.797211 0.086149 0.022313 0.159398 75.000000 94.970000
2.914530 1.333818 47.159663 0.109531 0.034064 0.217013 75.000000 95.160000
2.936408 1.345666 49.582444 0.105478 0.040796 0.192207 75.000000 95.380000
2.957288 1.364436 52.850829 0.125320 0.024126 0.259291 75.000000 95.600000
2.977170 1.380246 55.370007 0.115749 0.035121 0.209371 75.000000 95.810000
2.992079 1.394083 58.036273 0.085356 0.023144 0.202327 75.000000 96.040000
3.011949 1.410887 60.277159 0.111114 0.040568 0.177777 75.000000 96.260000
3.031812 1.430660 63.337769 0.126588 0.042274 0.254370 75.000000 96.470000
3.045710 1.451423 65.141947 0.129905 0.020435 0.165731 75.000000 96.660000
3.058610 1.466256 67.399405 0.084776 0.028221 0.179091 75.000000 96.880000
3.073488 1.486033 70.448979 0.107344 0.033645 0.241932 75.000000 97.100000
3.088352 1.508777 72.245662 0.124730 0.034385 0.149324 75.000000 97.310000
3.103203 1.532509 74.195190 0.134399 0.039130 0.170128 75.000000 97.510000
3.114086 1.551296 75.965699 0.099359 0.028580 0.147149 75.000000 97.720000
3.123977 1.570083 79.360441 0.092229 0.028419 0.269316 75.000000 97.940000
3.132868 1.591836 82.133433 0.103476 0.026502 0.219990 75.000000 98.160000
3.143719 1.618528 84.995170 0.125171 0.038552 0.227031 75.000000 98.380000
3.153573 1.642252 88.360296 0.109074 0.041685 0.266966 75.000000 98.600000
3.159470 1.662020 89.491230 0.094375 0.027244 0.093993 90.000000 98.810000
3.167332 1.683762 93.974174 0.060415 0.026716 0.223549 90.000000 99.160000
3.174164 1.725265 97.863216 0.182628 0.056570 0.308530 90.000000 99.380000
3.177071 1.749966 100.695316 0.107873 0.033822 0.224679 90.000000 99.600000
3.177035 1.768740 102.985860 0.087153 0.019922 0.190369 90.000000 99.810000
3.177969 1.790474 107.031204 0.102540 0.036295 0.353023 90.000000 100.010000
3.177914 1.812204 108.093537 0.098438 0.031885 0.088291 90.000000 100.220000
3.178820 1.837879 112.092517 0.106588 0.047706 0.317252 90.000000 100.440000
3.176791 1.858619 114.321775 0.103867 0.035229 0.204779 90.000000 100.630000
3.172815 1.874427 116.761689 0.072298 0.016218 0.193566 90.000000 100.850000
3.169799 1.894178 119.672124 0.098177 0.037670 0.267351 90.000000 101.040000
3.163842 1.913936 122.672489 0.110268 0.031399 0.290924 90.000000 101.220000
3.159847 1.931711 125.101294 0.088628 0.036589 0.223109 90.000000 101.410000
3.153897 1.948505 126.963634 0.077254 0.024295 0.147745 90.000000 101.630000
3.145984 1.963331 131.284267 0.074374 0.017436 0.342769 90.000000 101.850000
3.139048 1.980125 132.878365 0.081078 0.030211 0.132487 90.000000 102.060000
3.132088 1.999873 135.568999 0.081716 0.040130 0.204176 90.000000 102.290000
3.121215 2.018651 138.652638 0.097939 0.032926 0.256284 90.000000 102.500000
3.109377 2.032501 142.568637 0.080994 0.017281 0.310668 90.000000 102.720000
3.100470 2.050283 143.776989 0.093122 0.047801 0.110999 90.000000 102.910000
3.089616 2.063141 146.067966 0.073563 0.020953 0.181751 90.000000 103.130000
3.076791 2.076992 148.789647 0.082482 0.023639 0.215920 90.000000 103.350000
3.064940 2.089848 152.213301 0.078463 0.027853 0.284543 90.000000 103.560000
3.052130 2.100743 153.914689 0.085767 0.021854 0.156288 90.000000 103.750000
3.039312 2.111634 156.627302 0.073122 0.022327 0.215200 90.000000 103.970000
3.024529 2.120558 158.766330 0.077324 0.013475 0.169696 90.000000 104.190000
3.008750 2.131454 161.680614 0.096865 0.028339 0.267705 90.000000 104.380000
2.994952 2.139388 163.766419 0.085919 0.020892 0.202245 90.000000 104.560000
2.983112 2.147309 166.965401 0.057921 0.021943 0.242751 90.000000 104.790000
2.967329 2.156229 168.820676 0.081966 0.027099 0.154194 90.000000 105.000000
2.950561 2.164164 171.080846 0.080887 0.023813 0.179306 90.000000 105.220000
2.932801 2.173085 173.807077 0.097994 0.036595 0.250430 90.000000 105.410000
2.919967 2.179029 176.043847 0.060063 0.022929 0.177450 90.000000 105.630000
2.903194 2.183996 178.776954 0.076702 0.020947 0.216826 90.000000 105.850000
2.884436 2.188959 -178.462300 0.097991 0.028757 0.253600 90.000000 106.040000
2.868638 2.192928 -176.266670 0.070483 0.022680 0.174186 90.000000 106.260000
2.850861 2.196897 -174.080678 0.082252 0.027528 0.181680 90.000000 106.470000
2.836043 2.197894 -171.296843 0.065890 0.014673 0.220850 90.000000 106.690000
2.818264 2.197906 -168.928557 0.079301 0.015574 0.187884 90.000000 106.910000
2.797505 2.195929 -165.563399 0.093618 0.014821 0.266969 90.000000 107.130000
2.779707 2.194937 -163.962719 0.078999 0.018013 0.126987 90.000000 107.350000
2.761902 2.193938 -161.015281 0.081718 0.023085 0.244964 90.000000 107.560000
2.745083 2.192937 -157.850487 0.069372 0.023539 0.240157 90.000000 107.790000
2.727262 2.186977 -155.819922 0.089041 0.008870 0.168762 90.000000 108.000000
2.709443 2.183986 -153.865080 0.078704 0.023471 0.155084 90.000000 108.220000
2.692602 2.179005 -151.197022 0.090305 0.019734 0.245086 90.000000 108.410000
2.677744 2.175021 -147.933930 0.066846 0.020509 0.258872 90.000000 108.630000
2.659904 2.168052 -145.941544 0.103791 0.023427 0.193187 90.000000 108.810000
2.646023 2.162075 -143.511842 0.077444 0.018155 0.223191 90.000000 109.000000
2.631148 2.155104 -141.202467 0.072548 0.017668 0.183210 90.000000 109.220000
2.615272 2.145153 -138.097026 0.097171 0.016827 0.285264 90.000000 109.410000
2.602370 2.137190 -134.583763 0.066947 0.016361 0.278718 90.000000 109.630000
2.588469 2.127235 -132.265327 0.075982 0.016328 0.183929 90.000000 109.850000
2.575549 2.114308 -129.952871 0.086697 0.007633 0.192190 90.000000 110.060000
2.561636 2.101376 -127.225351 0.093569 0.016276 0.238021 90.000000 110.260000
2.548718 2.090429 -124.044547 0.077629 0.021785 0.264360 90.000000 110.470000
2.537786 2.080479 -121.128621 0.074575 0.022183 0.267855 90.000000 110.660000
2.527836 2.068548 -118.653797 0.069276 0.013681 0.196336 90.000000 110.880000
2.518867 2.053647 -116.423869 0.078801 0.006370 0.176907 90.000000 111.100000
2.507919 2.039731 -113.470654 0.095140 0.024996 0.286352 90.000000 111.280000
2.497970 2.027801 -111.021567 0.066838 0.022762 0.194294 90.000000 111.500000
2.488013 2.013891 -107.550138 0.073934 0.024084 0.275399 90.000000 111.720000
2.483984 1.996040 -105.144755 0.083105 -0.003521 0.190827 90.000000 111.940000
2.476986 1.978180 -103.553285 0.100017 0.013778 0.146192 90.000000 112.130000
2.469012 1.964284 -100.111639 0.071808 0.025763 0.286038 90.000000 112.340000
2.461030 1.947416 -98.019506 0.089085 0.027757 0.182573 90.000000 112.540000
2.458998 1.933549 -95.701365 0.063638 0.002928 0.183905 90.000000 112.760000
2.459914 1.913753 -94.061453 0.093719 -0.011028 0.136295 90.000000 112.970000
2.451924 1.893930 -90.760138 0.104878 0.040664 0.303257 90.000000 113.160000
2.448902 1.879076 -87.981344 0.066992 0.016109 0.220451 90.000000 113.380000
2.446867 1.863243 -85.757591 0.071090 0.014548 0.176417 90.000000 113.600000
2.448784 1.845449 -83.544489 0.094191 0.000504 0.203294 90.000000 113.790000
2.449724 1.830624 -80.894262 0.070416 0.006755 0.220263 90.000000 114.000000
2.451640 1.811850 -79.715280 0.085520 0.006666 0.093532 90.000000 114.220000
2.449604 1.794053 -76.243402 0.076372 0.028225 0.275435 90.000000 114.440000
2.452520 1.777267 -73.426121 0.089056 0.010493 0.258794 90.000000 114.630000
2.458408 1.761483 -71.328370 0.080184 -0.002502 0.174346 90.000000 114.840000
2.464290 1.742739 -69.085058 0.089131 0.005442 0.177969 90.000000 115.060000
2.466214 1.722996 -65.198858 0.098573 0.034396 0.356984 90.000000 115.250000
2.468154 1.708196 -62.978280 0.074028 0.026291 0.203981 90.000000 115.440000
2.475041 1.693411 -60.737800 0.073932 0.005539 0.177744 90.000000 115.660000
2.486876 1.676669 -58.551014 0.092988 -0.006187 0.173485 90.000000 115.880000
2.495741 1.658933 -55.957164 0.089358 0.011742 0.205778 90.000000 116.100000
2.500652 1.641190 -52.388822 0.081205 0.033040 0.296568 90.000000 116.310000
2.509528 1.625431 -49.663423 0.093461 0.018076 0.250354 90.000000 116.500000
2.518422 1.614603 -47.202357 0.063584 0.003776 0.195244 90.000000 116.720000
2.532261 1.600828 -45.638803 0.088745 -0.001194 0.124042 90.000000 116.940000
2.544123 1.586062 -42.116890 0.098430 0.015780 0.323521 90.000000 117.130000
2.552029 1.573260 -38.573970 0.064380 0.023083 0.281071 90.000000 117.350000
2.563900 1.558494 -35.033646 0.095769 0.027768 0.325212 90.000000 117.540000
2.579747 1.549649 -33.040423 0.082307 -0.005570 0.158129 90.000000 117.760000
2.597581 1.540805 -32.571674 0.094238 -0.010229 0.038958 90.000000 117.970000
2.606495 1.526031 -27.337000 0.077385 0.047527 0.480854 90.000000 118.160000
2.618381 1.511264 -23.442185 0.076269 0.040093 0.308988 90.000000 118.380000
2.637225 1.504389 -20.698217 0.091173 -0.001043 0.217688 90.000000 118.600000
2.657065 1.495542 -18.086702 0.113719 0.011845 0.239892 90.000000 118.790000
2.672946 1.487673 -15.634205 0.082921 0.015707 0.203829 90.000000 119.000000
2.686838 1.474873 -10.529126 0.072716 0.045661 0.405002 90.000000 119.220000
2.700743 1.469958 -7.636246 0.075970 0.015914 0.265738 90.000000 119.410000
2.720609 1.468006 -5.565471 0.090735 0.000075 0.164281 90.000000 119.630000
2.740486 1.466052 -3.263071 0.090708 0.003724 0.182657 90.000000 119.850000
2.757383 1.461135 -0.493981 0.094106 0.026503 0.268498 90.000000 120.030000
2.772286 1.453260 4.992438 0.061571 0.039748 0.416331 90.000000 120.260000
2.789188 1.452289 7.790710 0.079114 0.015496 0.232567 90.000000 120.470000
2.814049 1.453293 9.516005 0.112203 0.014179 0.136873 90.000000 120.690000
2.832945 1.454294 11.258620 0.085127 0.012309 0.138247 90.000000 120.910000
2.851839 1.449373 16.553636 0.075953 0.045908 0.420071 90.000000 121.130000
2.866759 1.449383 18.864756 0.064187 0.021884 0.183348 90.000000 121.350000
2.888641 1.453348 22.410407 0.103532 0.022271 0.294682 90.000000 121.560000
2.910522 1.458299 24.410246 0.115636 0.023865 0.183704 90.000000 121.750000
2.926433 1.460284 26.937253 0.068564 0.024720 0.200475 90.000000 121.970000
2.943338 1.466222 29.747373 0.092757 0.017015 0.258136 90.000000 122.160000
2.955267 1.470182 31.687454 0.055591 0.013165 0.153913 90.000000 122.380000
2.976140 1.481062 34.025756 0.106311 0.012102 0.185505 90.000000 122.600000
2.996006 1.490955 35.863024 0.121640 0.020116 0.178146 90.000000 122.780000
3.011899 1.495904 38.543062 0.070519 0.027421 0.212616 90.000000 123.000000
3.026793 1.504806 40.921267 0.077658 0.013767 0.188670 90.000000 123.220000
3.045644 1.513709 44.125509 0.103846 0.035445 0.294340 90.000000 123.410000
3.063496 1.525577 46.521575 0.094978 0.021764 0.190088 90.000000 123.630000
3.082327 1.535466 50.148863 0.089360 0.036908 0.287764 90.000000 123.850000
3.094214 1.545354 53.326624 0.083501 0.020156 0.308124 90.000000 124.030000
3.105102 1.555241 55.365718 0.062273 0.014519 0.154734 90.000000 124.260000
3.122900 1.570068 58.192867 0.104672 0.034810 0.234967 90.000000 124.470000
3.138701 1.586870 60.995354 0.117666 0.029857 0.257435 90.000000 124.660000
3.148572 1.599719 63.253047 0.072345 0.013781 0.179110 90.000000 124.880000
3.159420 1.613554 66.299454 0.077403 0.019876 0.241681 90.000000 125.100000
3.171236 1.629360 68.834114 0.090507 0.025290 0.210658 90.000000 125.310000
3.183030 1.649116 71.350083 0.118367 0.025565 0.231115 90.000000 125.500000
3.192846 1.665905 73.674048 0.099322 0.024743 0.213478 90.000000 125.690000
3.199714 1.679732 76.407552 0.068427 0.015570 0.216857 90.000000 125.910000
3.207554 1.693554 79.969374 0.068074 0.024148 0.282571 90.000000 126.130000
3.215370 1.710333 82.292033 0.080347 0.024978 0.184264 90.000000 126.350000
3.221200 1.732050 84.647242 0.100751 0.017175 0.186846 90.000000 126.570000
3.230948 1.749802 87.969148 0.086125 0.043394 0.276087 90.000000 126.780000
3.233833 1.766579 89.633214 0.073023 0.012079 0.126276 90.000000 127.010000
3.237694 1.782363 92.930562 0.074123 0.022201 0.274046 90.000000 127.220000
3.241525 1.803075 95.167318 0.092196 0.025822 0.177449 90.000000 127.440000
3.246317 1.824766 99.145371 0.093881 0.037179 0.315591 90.000000 127.660000
3.248178 1.843497 101.224549 0.081866 0.024868 0.164948 90.000000 127.880000
3.247118 1.861259 105.192265 0.079175 0.016508 0.314771 90.000000 128.100000
3.251869 1.881929 105.882231 0.088483 0.048696 0.057344 90.000000 128.310000
3.247859 1.901664 109.004233 0.099823 0.013177 0.272446 90.000000 128.510000
3.248700 1.922346 111.104543 0.090438 0.039196 0.174559 90.000000 128.720000
3.244710 1.937149 114.781861 0.079540 0.013596 0.337796 90.000000 128.910000
3.241697 1.950955 116.755567 0.072023 0.018550 0.181304 90.000000 129.100000
3.240595 1.967696 119.434291 0.072006 0.034606 0.222631 90.000000 129.310000
3.236548 1.987405 122.772416 0.098751 0.038242 0.306638 90.000000 129.500000
3.230608 2.002205 123.077869 0.071105 0.014091 0.024233 90.000000 129.720000
3.222691 2.018988 127.310457 0.082490 0.017617 0.335784 90.000000 129.940000
3.216754 2.031818 128.508552 0.062435 0.015192 0.095049 90.000000 130.160000
3.207840 2.050567 131.623363 0.090621 0.026320 0.247108 90.000000 130.380000
3.199893 2.069303 134.294829 0.086183 0.033620 0.211936 90.000000 130.600000
3.190033 2.085107 135.820371 0.100470 0.024791 0.147921 90.000000 130.780000
3.181167 2.096969 139.319258 0.065708 0.014620 0.277578 90.000000 131.000000
3.173251 2.111768 140.438041 0.081730 0.033513 0.102771 90.000000 131.190000
3.163383 2.125597 143.470256 0.073460 0.023811 0.240555 90.000000 131.410000
3.151567 2.140426 145.422198 0.095496 0.028969 0.179304 90.000000 131.600000
3.138814 2.151337 147.093147 0.087550 0.011747 0.153492 90.000000 131.790000
3.129922 2.162201 150.789632 0.062205 0.024489 0.307218 90.000000 132.000000
3.117129 2.176051 152.957441 0.080416 0.029632 0.171979 90.000000 132.220000
3.103384 2.185979 155.393277 0.087528 0.017385 0.223754 90.000000 132.410000
3.090623 2.194918 157.117805 0.069239 0.014879 0.136812 90.000000 132.630000
3.075887 2.203862 160.239619 0.076781 0.015616 0.247663 90.000000 132.850000
3.062126 2.213781 163.359879 0.051697 0.017947 0.175673 75.000000 133.160000
3.039525 2.226707 166.437656 0.113644 0.033024 0.244170 75.000000 133.380000
3.020855 2.236658 168.689856 0.092084 0.027709 0.178674 75.000000 133.600000
3.005127 2.243630 172.468843 0.091700 0.026948 0.366421 75.000000 133.780000
2.991379 2.247645 174.670710 0.063918 0.012365 0.174681 75.000000 134.000000
2.972691 2.255615 176.916638 0.086771 0.031607 0.178177 75.000000 134.220000
2.954015 2.259647 179.135073 0.085155 0.017043 0.175995 75.000000 134.440000
2.935328 2.264658 -178.111545 0.084145 0.025565 0.218434 75.000000 134.660000
2.916640 2.266707 -174.763865 0.083741 0.017027 0.265582 75.000000 134.880000
2.898924 2.268746 -172.558200 0.078650 0.019620 0.174982 75.000000 135.100000
2.880216 2.268808 -170.463876 0.102438 0.017559 0.203071 75.000000 135.280000
2.863480 2.267878 -168.746248 0.087345 0.012392 0.157780 75.000000 135.470000
2.846727 2.267923 -166.491868 0.085681 0.020825 0.207086 75.000000 135.660000
2.829977 2.265994 -163.933963 0.075590 0.012646 0.202927 75.000000 135.880000
2.811236 2.264055 -161.644013 0.083627 0.018461 0.181669 75.000000 136.100000
2.793468 2.262102 -159.563571 0.078782 0.019881 0.165048 75.000000 136.320000
2.773725 2.259164 -157.623531 0.092257 0.022853 0.161238 75.000000 136.530000
2.754953 2.257197 -153.938980 0.077076 0.028174 0.279598 75.000000 136.760000
2.736179 2.251274 -151.210362 0.091933 0.018336 0.226778 75.000000 136.970000
2.717395 2.245341 -149.964334 0.087418 0.019388 0.098851 75.000000 137.190000
2.698598 2.236426 -148.254701 0.093980 0.010497 0.135631 75.000000 137.410000
2.677812 2.229478 -145.060877 0.095539 0.028218 0.253376 75.000000 137.630000
2.658995 2.217576 -141.649034 0.105436 0.011153 0.283561 75.000000 137.840000
2.641161 2.207644 -140.082822 0.091144 0.017390 0.124252 75.000000 138.060000
2.624306 2.197700 -138.055870 0.083403 0.016825 0.153813 75.000000 138.290000
2.606454 2.185770 -134.971572 0.100272 0.019989 0.256339 75.000000 138.500000
2.587602 2.171848 -131.483705 0.104171 0.022279 0.276703 75.000000 138.720000
2.571717 2.157927 -129.094057 0.094643 0.016136 0.189578 75.000000 138.940000
2.558795 2.143016 -126.774816 0.089451 0.006471 0.183993 75.000000 139.160000
2.543890 2.128096 -124.483278 0.109144 0.020206 0.210500 75.000000 139.350000
2.529981 2.115161 -122.346894 0.096686 0.025419 0.196247 75.000000 139.540000
2.518052 2.103223 -118.375842 0.073509 0.021917 0.315036 75.000000 139.760000
2.506104 2.085333 -115.915819 0.101492 0.013940 0.204455 75.000000 139.970000
2.495146 2.067446 -113.961228 0.094526 0.012497 0.155064 75.000000 140.190000
2.485171 2.047581 -111.522697 0.116522 0.010486 0.224002 75.000000 140.380000
2.474220 2.031681 -108.583755 0.084367 0.024151 0.233155 75.000000 140.600000
2.463257 2.012809 -104.745038 0.100195 0.027609 0.319039 75.000000 140.810000
2.457241 1.991977 -103.545440 0.094182 0.004218 0.091030 75.000000 141.040000
2.449245 1.971143 -101.282219 0.122197 0.020920 0.219448 75.000000 141.220000
2.442251 1.953292 -98.404991 0.084918 0.019590 0.228260 75.000000 141.440000
2.435251 1.933462 -95.695503 0.092848 0.022715 0.214952 75.000000 141.660000
2.430232 1.913646 -92.958006 0.091132 0.018136 0.217174 75.000000 141.880000
2.430154 1.891875 -91.856268 0.098916 -0.002854 0.087404 75.000000 142.100000
2.426124 1.871089 -88.563375 0.093997 0.020680 0.261236 75.000000 142.320000
2.422093 1.849315 -85.197187 0.101711 0.027810 0.279767 75.000000 142.530000
2.421039 1.829540 -82.439175 0.102442 0.019196 0.253349 75.000000 142.720000
2.421968 1.810769 -80.885239 0.084916 0.009348 0.123279 75.000000 142.940000
2.426843 1.789051 -79.269790 0.101121 -0.003395 0.128159 75.000000 143.160000
2.428749 1.765352 -76.895654 0.106881 0.015987 0.188348 75.000000 143.380000
2.432644 1.744630 -74.621670 0.116740 0.009665 0.220492 75.000000 143.560000
2.431602 1.724884 -70.617147 0.096215 0.039665 0.367853 75.000000 143.750000
2.438477 1.707142 -69.070606 0.086486 -0.000380 0.122692 75.000000 143.970000
2.448306 1.684477 -67.427061 0.130011 -0.001980 0.150975 75.000000 144.160000
2.451231 1.665743 -63.692211 0.082226 0.025820 0.296298 75.000000 144.380000
2.457116 1.644062 -60.718300 0.099041 0.024870 0.235930 75.000000 144.600000
2.464993 1.626333 -58.246685 0.091524 0.012534 0.205418 75.000000 144.810000
2.479793 1.606650 -56.247447 0.129415 -0.007208 0.183649 75.000000 145.000000
2.488671 1.589911 -53.041497 0.085061 0.013503 0.254338 75.000000 145.220000
2.498535 1.570219 -49.940635 0.112739 0.026965 0.284843 75.000000 145.410000
2.507416 1.552497 -47.221024 0.086541 0.025077 0.215755 75.000000 145.630000
2.521258 1.536753 -44.851180 0.095077 0.006361 0.188007 75.000000 145.850000
2.540057 1.521014 -42.914398 0.111293 -0.005790 0.153651 75.000000 146.070000
2.553906 1.500341 -39.419505 0.132364 0.039870 0.338874 75.000000 146.250000
2.566770 1.483608 -36.909591 0.092432 0.025700 0.199119 75.000000 146.470000
2.579649 1.468842 -33.046713 0.085673 0.024339 0.306454 75.000000 146.690000
2.601454 1.455065 -30.588082 0.117187 0.003469 0.195051 75.000000 146.910000
2.621287 1.441282 -29.083043 0.109237 0.010932 0.119400 75.000000 147.130000
2.638150 1.424540 -24.913055 0.101575 0.036731 0.330818 75.000000 147.350000
2.652046 1.409764 -20.536198 0.095767 0.047170 0.402055 75.000000 147.540000
2.670904 1.400901 -18.123691 0.094000 0.011623 0.191392 75.000000 147.760000
2.696726 1.393019 -17.058779 0.128563 -0.000187 0.088506 75.000000 147.970000
2.717593 1.384148 -13.932271 0.101769 0.016297 0.248036 75.000000 148.190000
2.736476 1.373303 -10.033459 0.093105 0.033586 0.309305 75.000000 148.410000
2.755364 1.363441 -6.668493 0.090480 0.034557 0.266954 75.000000 148.630000
2.780221 1.357521 -3.321418 0.114357 0.020318 0.265534 75.000000 148.850000
2.806077 1.351596 -1.119973 0.136667 0.028517 0.202223 75.000000 149.040000
2.823979 1.348632 0.534718 0.081244 0.014232 0.131272 75.000000 149.260000
2.844868 1.341721 5.537611 0.095830 0.042354 0.415795 75.000000 149.470000
2.867745 1.337766 7.814093 0.116457 0.036996 0.209116 75.000000 149.660000
2.892609 1.337759 10.114499 0.111255 0.019876 0.182499 75.000000 149.880000
2.917468 1.335779 13.262878 0.107919 0.034687 0.249771 75.000000 150.100000
2.938349 1.336762 16.370038 0.106899 0.026010 0.285422 75.000000 150.290000
2.956241 1.337745 18.318254 0.082358 0.022335 0.161918 75.000000 150.500000
2.981082 1.340704 21.163791 0.110150 0.028221 0.225745 75.000000 150.720000
3.006903 1.346628 23.683114 0.118302 0.022484 0.199866 75.000000 150.940000
3.030725 1.351566 26.719199 0.106811 0.028637 0.240862 75.000000 151.160000
3.050565 1.356505 29.729488 0.089446 0.025225 0.238816 75.000000 151.380000
3.070391 1.363422 31.760758 0.093173 0.020705 0.161147 75.000000 151.600000
3.097133 1.374293 35.046272 0.148085 0.033983 0.301805 75.000000 151.790000
3.116922 1.382199 36.634628 0.098079 0.026017 0.132010 75.000000 152.000000
3.136699 1.389116 39.387656 0.089431 0.032746 0.218406 75.000000 152.220000
3.154473 1.398999 41.868229 0.090145 0.020467 0.196792 75.000000 152.440000
3.177158 1.410857 44.694427 0.128767 0.039607 0.259613 75.000000 152.630000
3.197840 1.422713 47.484036 0.103253 0.032874 0.221308 75.000000 152.850000
3.218510 1.436546 51.245794 0.107849 0.033911 0.298432 75.000000 153.070000
3.232243 1.451364 51.634392 0.106011 0.008262 0.035696 75.000000 153.260000
3.247940 1.462226 54.504846 0.085512 0.030824 0.238566 75.000000 153.470000
3.266532 1.479997 57.213290 0.113674 0.027307 0.214869 75.000000 153.690000
3.286069 1.498749 59.465241 0.137251 0.038421 0.206863 75.000000 153.880000
3.299721 1.512562 62.022633 0.066439 0.019916 0.159410 60.000000 154.160000
3.316255 1.534265 65.105786 0.140244 0.030856 0.283217 60.000000 154.350000
3.327890 1.550038 66.636503 0.100495 0.023290 0.140611 60.000000 154.540000
3.343378 1.568757 69.379825 0.104426 0.035927 0.217636 60.000000 154.760000
3.358826 1.588452 71.520744 0.112265 0.040041 0.177934 60.000000 154.970000
3.370359 1.607154 72.800501 0.111982 0.028878 0.117558 60.000000 155.160000
3.377065 1.624887 75.514622 0.085667 0.009352 0.215320 60.000000 155.380000
3.389496 1.647509 78.663048 0.111925 0.035188 0.249775 60.000000 155.600000
3.402818 1.674045 80.988294 0.157197 0.050008 0.225462 60.000000 155.780000
3.411338 1.693693 82.660739 0.093526 0.027003 0.132680 60.000000 156.000000
3.416938 1.717286 84.890400 0.109080 0.015801 0.176886 60.000000 156.220000
3.422508 1.739872 86.076598 0.104155 0.018234 0.094105 60.000000 156.440000
3.432769 1.769290 89.965055 0.154867 0.053913 0.357192 60.000000 156.630000
3.441111 1.793776 91.631776 0.110172 0.041074 0.132226 60.000000 156.850000
3.446553 1.819247 93.830815 0.131846 0.037533 0.202002 60.000000 157.040000
3.450134 1.838831 95.023419 0.091405 0.025153 0.099118 60.000000 157.250000
3.450782 1.864320 97.769077 0.114398 0.018582 0.217822 60.000000 157.470000
3.455128 1.893652 100.485423 0.147639 0.050583 0.249522 60.000000 157.660000
3.458567 1.917084 101.581816 0.101204 0.036698 0.086980 60.000000 157.880000
3.460080 1.941501 102.783326 0.130427 0.038209 0.116502 60.000000 158.060000
3.460714 1.961039 104.907630 0.093583 0.028196 0.185380 60.000000 158.260000
3.457451 1.986472 107.261261 0.120267 0.021100 0.195612 60.000000 158.470000
3.460646 2.016632 109.497355 0.144022 0.068833 0.205406 60.000000 158.660000
3.458309 2.040042 110.532678 0.103375 0.027373 0.082135 60.000000 158.880000
3.455934 2.064400 110.765914 0.107351 0.029162 0.018503 60.000000 159.100000
3.447923 2.088887 114.797507 0.142168 0.016653 0.390914 60.000000 159.280000
3.443569 2.115192 117.464901 0.115219 0.037585 0.211613 60.000000 159.500000
3.437275 2.143461 120.994278 0.124880 0.041644 0.279997 60.000000 159.720000
3.433816 2.169675 121.750615 0.126898 0.057123 0.069477 60.000000 159.910000
3.426856 2.186298 123.074992 0.080582 0.014724 0.105067 60.000000 160.130000
3.415996 2.208816 125.089716 0.112128 0.018448 0.159834 60.000000 160.350000
3.403979 2.237127 128.223986 0.141316 0.038461 0.260492 60.000000 160.560000
3.397586 2.264285 131.190897 0.107161 0.056847 0.225141 60.000000 160.790000
3.384831 2.285823 130.169045 0.117549 0.019744 -0.084927 60.000000 161.000000
3.373102 2.303488 132.324180 0.095265 0.014648 0.170974 60.000000 161.220000
3.356384 2.328964 136.477412 0.134847 0.031634 0.329489 60.000000 161.440000
3.339732 2.352503 139.110043 0.147350 0.036286 0.241832 60.000000 161.630000
3.326882 2.373987 140.284251 0.107329 0.037795 0.093154 60.000000 161.850000
3.311309 2.391713 142.632920 0.110169 0.022078 0.195200 60.000000 162.060000
3.296584 2.411309 145.307204 0.116302 0.038657 0.233375 60.000000 162.260000
3.279074 2.429066 147.360403 0.115820 0.026233 0.170643 60.000000 162.470000
3.260658 2.445893 148.124423 0.111479 0.020746 0.060612 60.000000 162.690000
3.244055 2.464564 149.260381 0.108243 0.034369 0.090119 60.000000 162.910000
3.228653 2.474600 150.674843 0.083378 0.005484 0.112214 60.000000 163.130000
3.205420 2.490573 153.156628 0.127011 0.017097 0.196888 60.000000 163.350000
3.185254 2.498811 156.355451 0.103701 -0.002579 0.265857 60.000000 163.560000
3.159838 2.524392 152.118936 0.172143 0.053630 -0.369706 60.000000 163.760000
3.149180 2.532352 152.851376 0.062456 0.010567 0.060874 60.000000 163.970000
3.130707 2.544317 157.486341 0.098391 0.018091 0.367706 60.000000 164.190000
3.112098 2.562017 156.727821 0.109494 0.040488 -0.060176 60.000000 164.410000
3.094491 2.576806 157.644782 0.099586 0.031733 0.072745 60.000000 164.630000
3.075976 2.588742 161.861845 0.096863 0.025356 0.334553 60.000000 164.850000
3.057672 2.593049 164.130848 0.060596 -0.002782 0.127747 60.000000 165.160000
3.023368 2.623533 159.469144 0.125930 0.048581 -0.239300 60.000000 165.500000
2.995802 2.648989 162.534685 0.109467 0.051643 0.172593 60.000000 165.810000
2.991948 2.650051 161.022361 0.013760 -0.000860 -0.091017 60.000000 166.100000
2.989153 2.648245 158.501387 0.007755 -0.010822 -0.175997 60.000000 166.350000
2.988344 2.642561 159.341657 -0.004028 -0.018076 0.047308 60.000000 166.660000
2.989362 2.640635 159.156519 -0.005845 -0.005135 -0.011540 60.000000 166.940000
2.991303 2.640593 157.727092 -0.006470 0.002490 -0.089101 60.000000 167.220000
2.991381 2.637738 157.215924 -0.004713 -0.010409 -0.035686 60.000000 167.470000
2.990476 2.635861 157.013224 0.000402 -0.008326 -0.014151 60.000000 167.720000
2.990569 2.632047 158.061908 -0.005398 -0.012511 0.065368 60.000000 168.000000
2.989717 2.628263 156.813870 -0.002019 -0.010896 -0.062235 60.000000 168.350000
2.992701 2.624373 155.994992 -0.010769 -0.005849 -0.035730 60.000000 168.750000
2.992861 2.617688 155.931559 -0.008208 -0.017254 -0.003163 60.000000 169.100000
2.992108 2.609112 155.663895 -0.009188 -0.026207 -0.015070 60.000000 169.410000
2.995064 2.606172 155.385114 -0.013969 -0.005149 -0.017377 60.000000 169.690000
