3.349394 1.997629 -156.026290 -0.013643 0.003211 0.099251 0.000000 0.720000
3.352216 1.999541 -156.247813 -0.015241 0.002791 -0.017574 0.000000 0.940000
3.354174 1.999527 -154.325204 -0.005673 -0.002777 0.108245 0.000000 1.250000
3.356947 2.004369 -154.069278 -0.016467 0.011222 0.015953 0.000000 1.530000
3.362645 2.005259 -153.570317 -0.017184 -0.005436 0.027214 0.000000 1.850000
3.367333 2.009095 -153.812191 -0.023598 0.005491 -0.016886 0.000000 2.100000
3.373049 2.008024 -153.316722 -0.013608 -0.010363 0.025434 0.000000 2.440000
3.381648 2.005942 -153.059385 -0.024006 -0.020543 0.016041 0.000000 2.720000
3.391292 1.997984 -152.534855 -0.017453 -0.041104 0.032696 0.000000 3.000000
3.398159 1.985192 -153.771850 -0.001583 -0.045342 -0.067468 0.000000 3.320000
3.395692 1.960808 -157.656385 0.046205 -0.086461 -0.271192 0.000000 3.570000
3.380839 1.932623 -160.744503 0.083276 -0.077537 -0.192492 0.000000 3.850000
3.359207 1.903463 -163.082302 0.104218 -0.077155 -0.145722 0.000000 4.130000
3.346941 1.882964 -163.770629 0.062523 -0.058049 -0.042906 0.000000 4.410000
3.340427 1.858451 -164.445079 0.040152 -0.068338 -0.036786 0.000000 4.730000
3.334902 1.828007 -164.957940 0.049028 -0.103579 -0.033152 0.000000 5.000000
3.334136 1.798482 -165.074387 0.029801 -0.101187 -0.007259 0.000000 5.280000
3.337207 1.773850 -165.452372 0.011086 -0.084874 -0.022749 0.000000 5.570000
3.345049 1.752127 -164.337366 -0.006022 -0.082261 0.069502 0.000000 5.850000
3.352896 1.727446 -162.693517 -0.000534 -0.092493 0.102466 0.000000 6.130000
3.359777 1.700805 -163.363904 0.003692 -0.098200 -0.041787 0.000000 6.410000
3.367629 1.673177 -164.409036 -0.000444 -0.092652 -0.058842 0.000000 6.720000
3.376412 1.640610 -166.401910 -0.003140 -0.120425 -0.124222 0.000000 7.000000
3.376551 1.611028 -162.908229 0.034245 -0.113265 0.243905 0.000000 7.250000
3.373721 1.589336 -160.991757 0.038963 -0.078347 0.133795 0.000000 7.500000
3.374779 1.570592 -157.881540 0.018992 -0.055510 0.169636 0.000000 7.820000
3.384496 1.550837 -156.425997 -0.002513 -0.054982 0.063510 0.000000 8.220000
3.405714 1.533014 -152.932122 -0.026302 -0.062258 0.148731 0.000000 8.630000
3.422105 1.514234 -150.659257 -0.014533 -0.069722 0.113340 0.000000 8.980000
3.435513 1.501385 -152.585067 -0.017605 -0.051703 -0.098858 0.000000 9.320000
3.445076 1.487569 -155.008689 -0.010111 -0.059155 -0.151072 0.000000 9.600000
3.450804 1.475736 -157.441781 -0.002206 -0.038601 -0.124898 0.000000 9.940000
3.455553 1.462920 -159.535607 0.000124 -0.054673 -0.146177 0.000000 10.190000
3.466025 1.456008 -161.220946 -0.024804 -0.031982 -0.094886 0.000000 10.500000
3.481209 1.446138 -163.570412 -0.047090 -0.055046 -0.164024 0.000000 10.750000
3.495404 1.444148 -164.725347 -0.047033 -0.020215 -0.071991 0.000000 11.030000
3.507673 1.443148 -166.405945 -0.046760 -0.015422 -0.117328 0.000000 11.280000
3.517103 1.443136 -167.448276 -0.031731 -0.007107 -0.062731 0.000000 11.570000
3.530233 1.445087 -169.767680 -0.042801 -0.001330 -0.130585 0.000000 11.880000
3.546152 1.448012 -171.436933 -0.052183 0.001683 -0.093981 0.000000 12.190000
3.551769 1.448012 -173.580491 -0.019250 -0.002164 -0.129007 0.000000 12.480000
3.552680 1.450967 -175.254076 -0.003388 0.008439 -0.085911 0.000000 12.820000
3.554544 1.454906 -177.419735 -0.008158 0.015405 -0.151192 0.000000 13.070000
3.558276 1.457855 -179.050587 -0.013501 0.010308 -0.101656 0.000000 13.350000
3.560135 1.462779 178.227608 -0.005017 0.014644 -0.139719 0.000000 13.690000
3.559163 1.470653 176.083683 0.005383 0.027819 -0.133638 0.000000 13.970000
3.559182 1.479499 175.455195 0.001664 0.021511 -0.026754 0.000000 14.380000
3.561011 1.492272 173.801432 -0.001071 0.031455 -0.070399 0.000000 14.790000
3.555374 1.504093 171.638405 0.015862 0.023641 -0.082069 0.000000 15.250000
3.551599 1.514922 170.030427 0.014716 0.026350 -0.073854 0.000000 15.630000
3.552468 1.526712 169.046113 0.003652 0.030894 -0.045209 0.000000 16.010000
3.550609 1.534592 166.741906 0.009773 0.019579 -0.108692 0.000000 16.380000
3.547741 1.544428 166.847372 0.013597 0.024121 0.004975 0.000000 16.750000
3.547735 1.554252 166.600917 0.008780 0.036751 -0.016544 0.000000 17.010000
3.548616 1.561124 166.181561 0.002535 0.022206 -0.023610 0.000000 17.320000
3.548579 1.567996 166.689526 0.004373 0.018050 0.023961 0.000000 17.690000
3.547624 1.575865 165.517257 0.008265 0.021085 -0.058457 0.000000 18.040000
3.547572 1.584699 166.023309 0.006423 0.025179 0.025977 0.000000 18.380000
3.548479 1.592549 165.884111 0.004139 0.031337 -0.009718 0.000000 18.630000
3.549352 1.599417 165.468995 0.003139 0.024526 -0.025875 0.000000 18.910000
3.545585 1.604354 164.954862 0.015868 0.012225 -0.028946 0.000000 19.220000
3.543690 1.608294 164.954696 0.011409 0.013252 -0.000012 0.000000 19.470000
3.543665 1.612221 164.947726 0.003603 0.013054 -0.000419 0.000000 19.760000
3.545502 1.617119 164.416193 -0.002160 0.024817 -0.044176 0.000000 19.970000
3.547342 1.621031 164.402109 -0.003277 0.019379 -0.001117 0.000000 20.190000
3.546406 1.623981 164.785888 0.007624 0.011821 0.030446 0.000000 20.410000
3.544518 1.626942 164.267740 0.011909 0.010630 -0.041106 0.000000 20.630000
3.542621 1.630883 164.267844 0.013155 0.014901 0.000008 0.000000 20.850000
3.544455 1.635779 163.734850 -0.002049 0.027440 -0.048960 0.000000 21.040000
3.545394 1.637735 163.586776 -0.001655 0.010201 -0.012307 0.000000 21.250000
3.546279 1.641652 163.716855 0.001132 0.018215 0.010320 0.000000 21.470000
3.548115 1.645561 163.702266 -0.003024 0.019399 -0.001157 0.000000 21.690000
3.546202 1.651463 163.698954 0.015876 0.023309 -0.000263 0.000000 21.910000
3.546179 1.654410 163.179519 0.003972 0.012790 -0.041208 0.000000 22.130000
3.546209 1.655390 163.407653 0.001326 0.004992 0.020956 0.000000 22.320000
3.547116 1.656365 163.027234 -0.002777 0.005700 -0.031617 0.000000 22.530000
3.546156 1.662266 161.837896 0.011962 0.023078 -0.090252 0.000000 22.760000
3.546126 1.666196 160.808369 0.006002 0.016823 -0.081676 0.000000 22.980000
3.543352 1.665238 161.170013 0.011031 -0.008581 0.030057 0.000000 23.190000
3.540554 1.662315 161.861755 0.007949 -0.016585 0.054878 0.000000 23.410000
3.540574 1.654451 164.232440 -0.009799 -0.034376 0.188074 0.000000 23.630000
3.540683 1.639722 165.825209 -0.019542 -0.075021 0.146311 0.000000 23.820000
3.539795 1.629900 168.073703 -0.005276 -0.044515 0.178380 0.000000 24.040000
3.538884 1.623024 169.780004 -0.001470 -0.031491 0.135366 0.000000 24.260000
3.537981 1.614178 172.545995 -0.001201 -0.042329 0.229884 0.000000 24.470000
3.541763 1.607269 174.163765 -0.020295 -0.029491 0.128343 0.000000 24.690000
3.542750 1.601361 176.310603 -0.006205 -0.026513 0.170315 0.000000 24.910000
3.546478 1.595428 178.535384 -0.017629 -0.026526 0.176499 0.000000 25.130000
3.550231 1.591462 -179.294668 -0.019495 -0.021113 0.199330 0.000000 25.320000
3.551164 1.587520 -178.223440 -0.003860 -0.018899 0.089031 0.000000 25.530000
3.548396 1.584585 -176.573461 0.013356 -0.012567 0.130898 0.000000 25.750000
3.543787 1.576754 -175.434543 0.023718 -0.033814 0.090354 0.000000 25.970000
3.541943 1.571852 -174.882646 0.010339 -0.021448 0.043784 0.000000 26.190000
3.545702 1.567894 -173.792531 -0.015042 -0.019730 0.086482 0.000000 26.410000
3.550379 1.562951 -173.305658 -0.018494 -0.024793 0.038625 0.000000 26.630000
3.553173 1.559984 -172.831442 -0.012642 -0.017332 0.043561 0.000000 26.820000
3.555093 1.558013 -172.692350 -0.005907 -0.007852 0.008670 0.000000 27.100000
3.555117 1.553101 -172.145004 0.002942 -0.022137 0.043423 0.000000 27.320000
3.555131 1.550151 -171.602624 0.001897 -0.013271 0.043029 0.000000 27.540000
3.556088 1.549163 -170.981080 -0.003765 -0.005364 0.051657 0.000000 27.750000
3.557965 1.547189 -170.976130 -0.007015 -0.010199 0.000393 0.000000 27.970000
3.560804 1.543248 -170.881889 -0.009903 -0.019730 0.007477 0.000000 28.190000
3.562635 1.541271 -171.045296 -0.006826 -0.010175 -0.012964 0.000000 28.410000
3.560778 1.540302 -171.581207 0.008996 -0.003118 -0.042515 0.000000 28.630000
3.559880 1.537360 -170.957187 0.004354 -0.008918 0.035133 0.000000 28.940000
3.560846 1.535400 -171.960475 -0.003106 -0.009435 -0.079594 0.000000 29.160000
3.563575 1.535373 -171.115973 -0.014167 -0.002358 0.077576 0.000000 29.350000
3.567307 1.534376 -171.643088 -0.016125 -0.006951 -0.041818 0.000000 29.570000
3.569178 1.532403 -171.638050 -0.007450 -0.010591 0.000419 0.000000 29.780000
3.570131 1.532400 -171.559812 -0.004956 -0.000751 0.007187 0.000000 29.970000
3.570134 1.531415 -171.021057 0.000431 -0.002782 0.026866 0.000000 30.320000
3.571086 1.531412 -170.936603 -0.004475 -0.000728 0.007019 0.000000 30.530000
3.572004 1.529442 -171.015761 -0.002605 -0.009082 -0.006007 0.000000 30.760000
3.573873 1.527470 -171.010418 -0.007324 -0.010668 0.000444 0.000000 30.970000
3.576683 1.527458 -170.924099 -0.012605 -0.002070 0.006848 0.000000 31.190000
3.574818 1.528445 -170.387194 0.007610 0.005841 0.042594 0.000000 31.410000
3.574808 1.530408 -170.390798 -0.001675 0.010195 -0.000331 0.000000 31.600000
3.564592 1.529470 -168.687876 0.046373 0.004927 0.135098 0.000000 31.820000
3.557152 1.524593 -168.153451 0.039438 -0.015456 0.044417 0.000000 32.030000
3.546856 1.523653 -167.745693 0.044612 0.005509 0.030942 0.000000 32.260000
3.533770 1.516829 -167.229021 0.067959 -0.017917 0.042941 0.000000 32.470000
3.515997 1.510020 -166.357430 0.085807 -0.011021 0.069146 0.000000 32.690000
3.500930 1.503186 -165.842026 0.074001 -0.013372 0.040889 0.000000 32.910000
3.486742 1.497320 -164.943701 0.069206 -0.008992 0.071267 0.000000 33.130000
3.473481 1.491448 -163.929440 0.065308 -0.008965 0.080465 0.000000 33.350000
3.457354 1.483609 -162.780739 0.080570 -0.012333 0.091130 0.000000 33.570000
3.436419 1.475779 -162.502246 0.117476 -0.006178 0.025582 0.000000 33.760000
3.419210 1.466939 -162.013880 0.086807 -0.014060 0.038744 0.000000 33.980000
3.401954 1.457108 -162.039732 0.092605 -0.019198 -0.002149 0.000000 34.190000
3.381768 1.447266 -159.874746 0.101542 -0.010434 0.171755 0.000000 34.410000
3.353763 1.437429 -160.103344 0.134914 0.001276 -0.018135 0.000000 34.630000
3.325681 1.425609 -160.976528 0.160007 -0.010633 -0.080210 -15.000000 34.820000
3.306226 1.414758 -161.839622 0.104132 -0.020224 -0.071733 -15.000000 35.030000
3.284797 1.405876 -160.386237 0.079888 -0.004048 0.087470 -15.000000 35.320000
3.246718 1.395021 -159.414277 0.179384 0.014671 0.077109 -15.000000 35.540000
3.215347 1.384157 -159.955099 0.132775 0.002188 -0.037757 -15.000000 35.790000
3.185864 1.370323 -159.991841 0.154463 -0.013863 -0.003054 -15.000000 36.000000
3.158301 1.356485 -156.689632 0.139949 -0.008190 0.261975 -15.000000 36.220000
3.128689 1.346603 -159.069699 0.141764 0.006129 -0.188818 -15.000000 36.440000
3.096079 1.333755 -159.409657 0.159299 -0.002539 -0.026970 -30.000000 36.660000
3.067372 1.316954 -161.112885 0.130400 -0.026418 -0.118908 -30.000000 36.910000
3.031697 1.302135 -161.644516 0.137595 -0.010109 -0.033138 -45.000000 37.190000
2.991023 1.287325 -159.993972 0.216429 -0.000002 0.144037 -45.000000 37.390000
2.959250 1.275484 -159.023657 0.135627 0.001272 0.067741 -45.000000 37.640000
2.925474 1.256730 -161.542383 0.146059 -0.027293 -0.169077 -60.000000 37.900000
2.890693 1.243919 -160.230605 0.176498 -0.001388 0.109023 -60.000000 38.110000
2.856896 1.236053 -157.487971 0.122262 0.020262 0.170957 -60.000000 38.390000
2.818137 1.216347 -158.697476 0.196680 -0.019450 -0.095954 -60.000000 38.610000
2.790321 1.199599 -159.205814 0.145230 -0.026283 -0.040328 -60.000000 38.830000
2.762505 1.187796 -158.211214 0.137316 -0.002884 0.078905 -60.000000 39.050000
2.737692 1.169080 -161.268774 0.134131 -0.044350 -0.242566 -60.000000 39.270000
2.706912 1.157295 -158.714472 0.149813 0.000875 0.202641 -60.000000 39.490000
2.685107 1.135621 -162.117426 0.124574 -0.063324 -0.269967 -60.000000 39.710000
2.660318 1.121858 -162.283614 0.126373 -0.025302 -0.013184 -60.000000 39.930000
2.634540 1.110075 -163.303759 0.127620 -0.017640 -0.080931 -60.000000 40.150000
2.607785 1.098298 -163.456512 0.138100 -0.017479 -0.012695 -60.000000 40.360000
2.580052 1.085540 -163.964447 0.137172 -0.020915 -0.040296 -60.000000 40.580000
2.557293 1.070796 -164.329463 0.117708 -0.036581 -0.028958 -60.000000 40.800000
2.531558 1.061985 -164.845414 0.123381 -0.008078 -0.040932 -60.000000 41.020000
2.505842 1.052188 -166.153711 0.124150 -0.015266 -0.103791 -60.000000 41.240000
2.480135 1.042391 -167.189666 0.123814 -0.017514 -0.082186 -60.000000 41.460000
2.453459 1.029637 -167.590719 0.130883 -0.030560 -0.031817 -60.000000 41.680000
2.426793 1.018857 -168.227546 0.128654 -0.023243 -0.050522 -60.000000 41.900000
2.402119 1.007083 -168.331228 0.126406 -0.031143 -0.008617 -60.000000 42.110000
2.376447 1.001232 -170.246045 0.119510 -0.006439 -0.151908 -60.000000 42.330000
2.353767 0.990436 -171.947121 0.108949 -0.034146 -0.134952 -60.000000 42.550000
2.328128 0.980635 -171.938906 0.121636 -0.027771 0.000652 -60.000000 42.770000
2.301511 0.972805 -174.160176 0.123980 -0.023093 -0.176220 -60.000000 42.990000
2.277852 0.967928 -174.692855 0.109130 -0.012127 -0.042259 -60.000000 43.210000
2.252237 0.960091 -175.769263 0.118745 -0.026936 -0.085395 -60.000000 43.430000
2.230570 0.952242 -175.761323 0.105656 -0.029648 0.000660 -60.000000 43.640000
2.203979 0.947361 -177.411147 0.121748 -0.016707 -0.130886 -60.000000 43.860000
2.178381 0.940499 -177.941958 0.117398 -0.026989 -0.042111 -60.000000 44.080000
2.153771 0.935607 -179.551824 0.112036 -0.021364 -0.127716 -60.000000 44.300000
2.128183 0.929723 179.364203 0.116005 -0.028032 -0.085995 -60.000000 44.520000
2.104566 0.923832 179.374263 0.107050 -0.027948 0.000798 -60.000000 44.740000
2.078002 0.915964 179.391146 0.120357 -0.037046 0.001339 -60.000000 44.960000
2.053407 0.914014 176.117222 0.097629 -0.014445 -0.228563 -60.000000 45.210000
2.024878 0.909099 174.445686 0.126906 -0.034786 -0.132608 -60.000000 45.430000
2.000282 0.907137 174.509447 0.134971 -0.023921 0.006182 -60.000000 45.610000
1.976677 0.905169 171.284266 0.104704 -0.025102 -0.255864 -60.000000 45.830000
1.950112 0.900235 172.975578 0.117100 -0.037027 0.134177 -60.000000 46.050000
1.925522 0.902210 169.513926 0.111542 -0.011514 -0.274624 -60.000000 46.270000
1.899943 0.903191 168.987413 0.114976 -0.017834 -0.041770 -60.000000 46.490000
1.876332 0.902190 167.393158 0.103744 -0.027862 -0.126477 -60.000000 46.710000
1.850750 0.901184 165.819541 0.111617 -0.032924 -0.124840 -60.000000 46.930000
1.825166 0.904124 165.308773 0.115876 -0.016565 -0.040521 -60.000000 47.150000
1.801549 0.906074 163.983487 0.110660 -0.022104 -0.110146 -60.000000 47.360000
1.778910 0.906044 162.786321 0.098257 -0.030583 -0.094975 -60.000000 47.580000
1.752325 0.906002 161.925354 0.114815 -0.037670 -0.068303 -60.000000 47.800000
1.726731 0.910899 160.041017 0.116948 -0.018794 -0.149490 -60.000000 48.020000
1.702114 0.914802 157.823105 0.110315 -0.025805 -0.175954 -60.000000 48.240000
1.677489 0.917717 156.690016 0.108037 -0.032127 -0.089891 -60.000000 48.460000
1.651874 0.922597 155.188814 0.114995 -0.028721 -0.119095 -60.000000 48.680000
1.622308 0.928453 154.214753 0.132588 -0.034494 -0.077275 -60.000000 48.900000
1.602612 0.938280 151.261672 0.104739 -0.004062 -0.245434 -60.000000 49.110000
1.577957 0.942166 150.036551 0.122631 -0.047093 -0.112539 -60.000000 49.300000
1.556256 0.947045 149.570859 0.096285 -0.030837 -0.036945 -60.000000 49.520000
1.531609 0.958826 146.832668 0.123074 -0.016465 -0.217229 -60.000000 49.740000
1.507937 0.970607 145.930223 0.119132 -0.015916 -0.071594 -60.000000 49.960000
1.486236 0.981405 143.313300 0.108426 -0.019576 -0.207609 -60.000000 50.180000
1.461541 0.987255 142.107146 0.104914 -0.047956 -0.095688 -60.000000 50.400000
1.436850 0.997054 140.205011 0.120204 -0.039402 -0.158088 -60.000000 50.610000
1.411157 1.008824 139.257611 0.142884 -0.041324 -0.087028 -60.000000 50.800000
1.401305 1.020639 135.472022 0.069588 0.006887 -0.300323 -60.000000 51.020000
1.375592 1.031423 135.867661 0.118019 -0.046201 0.031387 -60.000000 51.240000
1.354824 1.041233 133.924142 0.097603 -0.037062 -0.154186 -60.000000 51.460000
1.334066 1.057954 131.589349 0.119475 -0.020119 -0.185226 -60.000000 51.680000
1.314285 1.073691 129.343201 0.112321 -0.024187 -0.178194 -60.000000 51.900000
1.295480 1.085484 128.066383 0.099427 -0.035875 -0.106118 -60.000000 52.110000
1.276670 1.099254 127.638480 0.101778 -0.029482 -0.033947 -60.000000 52.330000
1.256870 1.116971 126.093774 0.136740 -0.029279 -0.141896 -60.000000 52.520000
1.239040 1.132720 124.560529 0.104928 -0.026130 -0.121637 -60.000000 52.740000
1.220216 1.150443 122.579189 0.113958 -0.028725 -0.157186 -60.000000 52.960000
1.203363 1.165212 120.881090 0.096930 -0.031287 -0.134715 -75.000000 53.180000
1.184518 1.180968 120.411162 0.105128 -0.037622 -0.037281 -75.000000 53.400000
1.166664 1.200675 117.405998 0.102853 -0.027115 -0.209800 -75.000000 53.650000
1.148811 1.224336 115.426087 0.138257 -0.028406 -0.164552 -75.000000 53.860000
1.135912 1.243070 112.203645 0.100998 -0.022106 -0.255646 -75.000000 54.080000
1.117035 1.258844 112.726765 0.099281 -0.051441 0.041501 -75.000000 54.300000
1.103134 1.280547 110.659536 0.114598 -0.024317 -0.164000 -75.000000 54.520000
1.090220 1.302255 108.710516 0.112291 -0.023948 -0.154622 -75.000000 54.740000
1.078295 1.321992 106.579104 0.101450 -0.026352 -0.169092 -75.000000 54.960000
1.064372 1.341734 105.203309 0.103189 -0.037535 -0.109146 -75.000000 55.180000
1.053433 1.361479 103.586603 0.098922 -0.027250 -0.128258 -75.000000 55.400000
1.045473 1.385178 101.177743 0.118060 -0.015307 -0.200203 -75.000000 55.610000
1.035520 1.406907 100.093124 0.105166 -0.027232 -0.086046 -75.000000 55.830000
1.025563 1.427651 98.914472 0.115984 -0.034855 -0.108270 -75.000000 56.020000
1.018591 1.446422 98.454307 0.089056 -0.018804 -0.036506 -75.000000 56.240000
1.011612 1.467170 95.621885 0.112269 -0.025854 -0.260185 -75.000000 56.430000
1.005628 1.487919 93.435527 0.100338 -0.022525 -0.181710 -75.000000 56.640000
0.999639 1.509664 93.377755 0.100270 -0.021352 -0.004583 -75.000000 56.860000
0.989668 1.532400 91.180229 0.104257 -0.043183 -0.174337 -75.000000 57.080000
0.983674 1.556126 90.067588 0.107877 -0.027120 -0.088269 -75.000000 57.300000
0.982651 1.578860 88.412061 0.103169 -0.007514 -0.131338 -75.000000 57.520000
0.980631 1.600608 86.206401 0.098033 -0.015698 -0.174982 -75.000000 57.740000
0.976618 1.626317 85.014162 0.114830 -0.028330 -0.094584 -75.000000 57.960000
0.970616 1.650055 82.785265 0.103617 -0.040617 -0.176825 -75.000000 58.180000
0.969582 1.674776 79.933279 0.109817 -0.024271 -0.226257 -75.000000 58.400000
0.970539 1.696530 78.289177 0.119423 -0.019325 -0.159417 -75.000000 58.580000
0.973483 1.718285 78.843176 0.099606 -0.006001 0.043951 -75.000000 58.800000
0.970462 1.740048 74.770890 0.091843 -0.039235 -0.323067 -75.000000 59.020000
0.970419 1.763789 72.633136 0.102933 -0.032398 -0.169595 -75.000000 59.240000
0.977334 1.784551 71.939081 0.115176 0.000720 -0.063755 -75.000000 59.430000
0.980273 1.805322 70.177837 0.097795 -0.020370 -0.146379 -75.000000 59.640000
0.981229 1.825108 68.211657 0.085124 -0.029348 -0.155983 -75.000000 59.860000
0.986151 1.846868 66.666868 0.099681 -0.018632 -0.122553 -75.000000 60.080000
0.990075 1.871599 63.939149 0.108819 -0.033364 -0.216398 -75.000000 60.300000
0.998958 1.897313 61.928654 0.122132 -0.019376 -0.159499 -75.000000 60.520000
1.006855 1.918083 61.216381 0.115825 -0.016206 -0.065429 -75.000000 60.710000
1.012775 1.934897 58.460553 0.079214 -0.017044 -0.218628 -75.000000 60.930000
1.016700 1.958645 56.923554 0.104960 -0.046056 -0.127741 -75.000000 61.140000
1.025585 1.981396 54.583605 0.107679 -0.027016 -0.185636 -75.000000 61.360000
1.038438 2.001172 53.230770 0.106981 -0.007009 -0.107325 -75.000000 61.580000
1.049306 2.021942 50.892507 0.104419 -0.021216 -0.185502 -75.000000 61.800000
1.057199 2.043708 48.486715 0.097862 -0.038709 -0.190859 -75.000000 62.020000
1.065093 2.065476 49.328628 0.098432 -0.037271 0.066792 -75.000000 62.240000
1.081912 2.081289 45.767394 0.104830 0.004637 -0.282524 -75.000000 62.460000
1.095753 2.100080 44.593171 0.104764 -0.016653 -0.093155 -75.000000 62.680000
1.106620 2.119864 41.842938 0.096791 -0.034042 -0.218185 -75.000000 62.900000
1.117486 2.140641 40.953258 0.103926 -0.040806 -0.073942 -90.000000 63.110000
1.132317 2.158441 38.291297 0.090682 -0.019124 -0.185840 -90.000000 63.360000
1.152100 2.175246 35.639047 0.089203 -0.007346 -0.159622 -90.000000 63.650000
1.172865 2.197002 33.508975 0.139641 -0.031793 -0.177032 -90.000000 63.860000
1.184719 2.218770 31.032768 0.097181 -0.057004 -0.196445 -90.000000 64.080000
1.202524 2.230630 29.509790 0.096987 -0.007052 -0.120823 -90.000000 64.300000
1.222306 2.244467 26.531000 0.108545 -0.016105 -0.236317 -90.000000 64.520000
1.238126 2.259303 26.043431 0.094215 -0.029021 -0.038680 -90.000000 64.740000
1.252957 2.274138 23.309770 0.088595 -0.035252 -0.216870 -90.000000 64.960000
1.270763 2.284017 20.452876 0.091523 -0.013793 -0.226646 -90.000000 65.180000
1.293516 2.293890 17.175651 0.112066 -0.012334 -0.259993 -90.000000 65.400000
1.313295 2.304765 17.699109 0.092288 -0.018112 0.038067 -90.000000 65.640000
1.331096 2.317616 13.720152 0.092459 -0.037554 -0.315664 -90.000000 65.860000
1.348899 2.326509 12.117129 0.087604 -0.022537 -0.127173 -90.000000 66.080000
1.371653 2.332421 9.850849 0.106501 -0.008785 -0.179791 -90.000000 66.300000
1.392422 2.342301 7.600984 0.099516 -0.032027 -0.178489 -90.000000 66.520000
1.412203 2.351191 4.875001 0.093020 -0.032622 -0.216261 -90.000000 66.740000
1.430004 2.360084 2.086056 0.082331 -0.037447 -0.221256 -90.000000 66.960000
1.451768 2.364014 -1.165775 0.098544 -0.019873 -0.257978 -90.000000 67.180000
1.476502 2.364969 -2.820610 0.112076 -0.009870 -0.131283 -90.000000 67.400000
1.497270 2.370889 -3.874965 0.096765 -0.034810 -0.087628 -90.000000 67.610000
1.516063 2.374824 -7.162738 0.082527 -0.028396 -0.260829 -90.000000 67.830000
1.538811 2.378756 -9.394772 0.099096 -0.034515 -0.177074 -90.000000 68.050000
1.562557 2.375739 -12.067552 0.108415 -0.009154 -0.212040 -90.000000 68.270000
1.584318 2.374715 -12.599284 0.097551 -0.017033 -0.042184 -90.000000 68.490000
1.606077 2.375674 -14.435269 0.094695 -0.028876 -0.145654 -90.000000 68.710000
1.625854 2.377628 -16.529567 0.083655 -0.034090 -0.166147 -90.000000 68.930000
1.649592 2.375602 -19.949041 0.104565 -0.028157 -0.271278 -90.000000 69.150000
1.670364 2.370604 -21.659727 0.100715 -0.014389 -0.142177 -90.000000 69.360000
1.694098 2.367591 -22.573412 0.104874 -0.028770 -0.072485 -90.000000 69.580000
1.712886 2.365574 -26.246595 0.080650 -0.029541 -0.291405 -90.000000 69.800000
1.736621 2.357595 -26.252340 0.112800 -0.015192 -0.000456 -90.000000 70.020000
1.756397 2.350607 -30.131481 0.093690 -0.017653 -0.307744 -90.000000 70.240000
1.779133 2.346603 -32.252207 0.097110 -0.039759 -0.168244 -90.000000 70.460000
1.798907 2.337634 -33.287418 0.102154 -0.015978 -0.086037 -90.000000 70.670000
1.818678 2.330654 -34.965466 0.087837 -0.024392 -0.127337 -90.000000 70.900000
1.837460 2.315718 -37.510783 0.114255 0.001959 -0.211544 -90.000000 71.110000
1.856237 2.304761 -39.807079 0.097451 -0.016386 -0.182172 -90.000000 71.330000
1.877972 2.297786 -41.756437 0.094815 -0.042140 -0.154649 -90.000000 71.550000
1.896741 2.290814 -44.061093 0.083346 -0.036557 -0.182836 -90.000000 71.770000
1.913535 2.277876 -45.606816 0.095424 -0.013405 -0.122627 -90.000000 71.990000
1.932298 2.264941 -48.673896 0.100469 -0.025222 -0.243321 -90.000000 72.210000
1.951057 2.252011 -49.441500 0.100099 -0.026567 -0.060896 -90.000000 72.430000
1.968828 2.241071 -51.473298 0.089215 -0.032220 -0.161189 -90.000000 72.650000
1.987582 2.228148 -54.679267 0.101844 -0.037284 -0.266451 -90.000000 72.860000
2.002378 2.211251 -56.072827 0.101264 -0.012940 -0.110555 -90.000000 73.080000
2.016185 2.193363 -58.498001 0.102122 -0.011024 -0.192397 -90.000000 73.300000
2.030977 2.178465 -60.733760 0.091943 -0.025546 -0.177370 -90.000000 73.520000
2.048728 2.165560 -62.907143 0.088972 -0.045120 -0.172421 -90.000000 73.740000
2.060551 2.147687 -65.349298 0.096251 -0.014957 -0.193744 -90.000000 73.960000
2.071378 2.125846 -67.282432 0.110579 -0.007058 -0.153362 -90.000000 74.180000
2.084181 2.108980 -68.997080 0.092427 -0.026852 -0.136028 -90.000000 74.400000
2.096983 2.092121 -71.748414 0.095337 -0.032747 -0.228666 -90.000000 74.610000
2.108796 2.076257 -73.850625 0.084197 -0.031522 -0.166775 -90.000000 74.830000
2.116657 2.057422 -76.396227 0.091614 -0.014592 -0.201951 -90.000000 75.050000
2.124512 2.036608 -78.635227 0.099791 -0.016365 -0.177627 -90.000000 75.270000
2.133354 2.016794 -81.319016 0.095098 -0.026137 -0.212913 -90.000000 75.490000
2.145156 1.999969 -83.560225 0.082011 -0.044729 -0.177802 -90.000000 75.710000
2.149061 1.978181 -85.733294 0.100083 -0.010332 -0.172396 -90.000000 75.930000
2.151981 1.957394 -87.397553 0.099518 -0.009394 -0.138318 -90.000000 76.140000
2.158841 1.935631 -90.113321 0.098858 -0.031379 -0.215451 -90.000000 76.360000
2.165706 1.915858 -93.912708 0.101360 -0.043148 -0.349009 -90.000000 76.550000
2.169610 1.897073 -93.950103 0.083963 -0.023584 -0.002967 -90.000000 76.770000
2.168587 1.875324 -96.668528 0.098730 -0.006863 -0.215661 -90.000000 76.990000
2.168553 1.855563 -98.823410 0.088784 -0.013626 -0.170954 -90.000000 77.210000
2.171473 1.835815 -100.425540 0.085877 -0.029298 -0.127102 -90.000000 77.430000
2.178330 1.814105 -103.305367 0.093091 -0.055566 -0.239345 -90.000000 77.640000
2.171404 1.793368 -105.022572 0.099199 0.005976 -0.136231 -90.000000 77.860000
2.165466 1.772643 -107.269688 0.097970 -0.002194 -0.178271 -90.000000 78.080000
2.162481 1.750944 -109.173846 0.097617 -0.019577 -0.151063 -90.000000 78.300000
2.163436 1.731232 -111.113878 0.082023 -0.036329 -0.153909 -90.000000 78.520000
2.160461 1.710540 -114.877934 0.091015 -0.027298 -0.298614 -90.000000 78.740000
2.149619 1.692799 -116.343684 0.094132 0.008378 -0.116283 -90.000000 78.960000
2.143688 1.669159 -118.317516 0.107385 -0.027240 -0.156590 -90.000000 79.180000
2.139739 1.651441 -121.725639 0.081654 -0.028373 -0.283252 -90.000000 79.390000
2.133822 1.632741 -122.941623 0.099531 -0.027378 -0.111700 -90.000000 79.580000
2.122995 1.618959 -124.002966 0.079458 0.005762 -0.084200 -90.000000 79.800000
2.112170 1.599284 -126.872215 0.101067 -0.014301 -0.227627 -90.000000 80.020000
2.103313 1.581579 -129.522340 0.087696 -0.020157 -0.210243 -90.000000 80.240000
2.096424 1.561918 -133.049652 0.086684 -0.038125 -0.279833 -90.000000 80.460000
2.086590 1.545207 -134.997169 0.085319 -0.022099 -0.154503 -90.000000 80.680000
2.071851 1.531446 -136.943842 0.096022 0.000037 -0.161790 -90.000000 80.890000
2.055150 1.516705 -139.274193 0.101247 -0.001250 -0.184874 -90.000000 81.110000
2.042379 1.500006 -141.591900 0.092644 -0.023418 -0.183871 -90.000000 81.330000
2.030591 1.481345 -144.458447 0.092904 -0.037870 -0.227412 -90.000000 81.550000
2.014881 1.467597 -147.525260 0.093796 -0.014378 -0.243300 -90.000000 81.770000
1.998191 1.451889 -147.819152 0.102239 -0.020025 -0.023315 -90.000000 81.990000
1.980521 1.442070 -152.698554 0.106344 -0.003267 -0.448219 -90.000000 82.180000
1.969721 1.427347 -155.417625 0.075930 -0.042363 -0.225984 -90.000000 82.390000
1.953035 1.414587 -158.607154 0.091779 -0.026335 -0.253036 -90.000000 82.610000
1.929478 1.406735 -159.639275 0.112804 0.003792 -0.081881 -90.000000 82.830000
1.908865 1.395939 -159.317510 0.104987 -0.012817 0.025527 -90.000000 83.050000
1.891196 1.388088 -163.829647 0.087075 -0.011907 -0.357962 -90.000000 83.270000
1.875489 1.376312 -167.294084 0.081421 -0.036513 -0.274845 -90.000000 83.490000
1.853891 1.373368 -168.907583 0.098913 0.005752 -0.128004 -90.000000 83.710000
1.829344 1.366496 -169.549415 0.115394 -0.010476 -0.050919 -90.000000 83.930000
1.807739 1.361589 -172.259435 0.100312 -0.008878 -0.214994 -90.000000 84.150000
1.790057 1.348829 -175.096956 0.089088 -0.053344 -0.235829 -90.000000 84.360000
1.770411 1.346865 -178.324899 0.089519 -0.006311 -0.256083 -90.000000 84.580000
1.744860 1.344899 -179.445347 0.134572 -0.009048 -0.102924 -90.000000 84.770000
1.726187 1.343915 178.909986 0.084780 -0.006084 -0.130476 -90.000000 84.990000
1.706526 1.339005 174.976284 0.100817 -0.034802 -0.361348 -90.000000 85.180000
1.689806 1.335076 172.830707 0.073177 -0.027207 -0.170215 -90.000000 85.400000
1.668164 1.333107 171.743227 0.100642 -0.024076 -0.090382 -90.000000 85.610000
1.643565 1.338014 170.025741 0.113986 0.002598 -0.136254 -90.000000 85.830000
1.622894 1.339977 166.675266 0.093489 -0.012973 -0.265804 -90.000000 86.050000
1.602213 1.338009 164.408777 0.088138 -0.033881 -0.179808 -90.000000 86.270000
1.582513 1.338989 161.450473 0.086314 -0.024264 -0.234692 -90.000000 86.490000
1.557876 1.348812 160.225763 0.120488 0.004130 -0.097160 -90.000000 86.710000
1.536186 1.353724 158.273623 0.115617 -0.018242 -0.179322 -90.000000 86.900000
1.518432 1.356673 155.271523 0.082664 -0.022611 -0.249508 -90.000000 87.110000
1.498696 1.356673 151.798111 0.079060 -0.042394 -0.275557 -90.000000 87.330000
1.475989 1.365522 150.089574 0.109526 -0.016601 -0.135544 -90.000000 87.550000
1.452284 1.374373 149.057124 0.113101 -0.020898 -0.081907 -90.000000 87.770000
1.432519 1.381261 147.055592 0.092420 -0.022583 -0.158788 -90.000000 87.990000
1.413734 1.387169 143.379438 0.097900 -0.034019 -0.337689 -90.000000 88.180000
1.393954 1.393077 140.273057 0.086314 -0.036811 -0.246439 -90.000000 88.400000
1.373171 1.408831 138.338468 0.123804 -0.009741 -0.160786 -90.000000 88.610000
1.355346 1.423605 137.168037 0.092465 -0.005134 -0.081712 -90.000000 88.860000
1.336519 1.436418 135.568475 0.101882 -0.018320 -0.126898 -90.000000 89.080000
1.316696 1.445296 132.046770 0.090311 -0.039881 -0.279388 -90.000000 89.300000
1.296861 1.461073 129.637985 0.112740 -0.023684 -0.191096 -90.000000 89.520000
1.280981 1.476854 126.510402 0.100602 -0.015337 -0.248121 -90.000000 89.740000
1.264103 1.491655 124.826379 0.114677 -0.028435 -0.154693 -90.000000 89.930000
1.249207 1.503500 123.421808 0.100507 -0.032828 -0.136191 -90.000000 90.110000
1.236286 1.515350 122.334994 0.076923 -0.020812 -0.086220 -90.000000 90.330000
1.219382 1.535097 119.322929 0.115889 -0.023036 -0.238957 -90.000000 90.550000
1.206443 1.552874 117.287091 0.098774 -0.015221 -0.161509 -90.000000 90.770000
1.190519 1.571647 114.991379 0.107925 -0.029556 -0.182126 -90.000000 90.990000
1.178575 1.582527 113.266946 0.066877 -0.030341 -0.136805 -90.000000 91.210000
1.161642 1.603288 110.438389 0.115304 -0.039169 -0.224398 -90.000000 91.430000
1.155627 1.627988 110.247925 0.120263 0.013836 -0.015830 -90.000000 91.640000
1.143659 1.646780 109.004906 0.098478 -0.023621 -0.098613 -90.000000 91.860000
1.130696 1.664589 106.312444 0.094241 -0.033813 -0.213602 -90.000000 92.080000
1.119714 1.684377 104.379222 0.099528 -0.026019 -0.153368 -90.000000 92.300000
1.111702 1.708115 101.062479 0.112880 -0.015037 -0.263128 -90.000000 92.520000
1.104691 1.728893 100.401075 0.098647 -0.014294 -0.052471 -90.000000 92.740000
1.096691 1.746711 98.003944 0.085266 -0.024731 -0.190172 -90.000000 92.960000
1.085712 1.763549 95.268965 0.080793 -0.042664 -0.216974 -90.000000 93.180000
1.079684 1.788290 94.176745 0.119595 -0.020047 -0.090775 -90.000000 93.390000
1.076640 1.811051 91.295877 0.103746 -0.011492 -0.228549 -90.000000 93.610000
1.074594 1.833812 91.307050 0.120010 -0.008035 0.001026 -90.000000 93.800000
1.067599 1.847685 87.336090 0.061511 -0.034692 -0.315029 -90.000000 94.020000
1.064563 1.869463 86.704806 0.098036 -0.019466 -0.050082 -90.000000 94.240000
1.064499 1.893218 83.281047 0.107199 -0.012925 -0.271618 -90.000000 94.460000
1.063436 1.919946 80.366365 0.118973 -0.025093 -0.231231 -90.000000 94.680000
1.063390 1.938755 79.131388 0.087917 -0.017105 -0.102640 -90.000000 94.890000
1.061361 1.956580 76.883933 0.088945 -0.031688 -0.206450 -90.000000 95.080000
1.061315 1.977370 75.913119 0.080616 -0.020421 -0.067776 -90.000000 95.330000
1.067203 2.005080 72.348421 0.128140 -0.012689 -0.282799 -90.000000 95.550000
1.067156 2.027852 70.028808 0.097211 -0.035554 -0.184022 -90.000000 95.770000
1.070096 2.044679 67.215534 0.075691 -0.017299 -0.223186 -90.000000 95.990000
1.069067 2.067449 66.020696 0.092669 -0.046337 -0.094790 -90.000000 96.210000
1.078939 2.089215 62.457027 0.108472 -0.005964 -0.282717 -90.000000 96.430000
1.088814 2.109991 60.212031 0.104258 -0.007959 -0.178103 -90.000000 96.650000
1.092750 2.128795 57.417705 0.085541 -0.032425 -0.232239 -90.000000 96.860000
1.097678 2.149575 55.066165 0.104513 -0.041366 -0.216011 -90.000000 97.050000
1.103600 2.169362 54.145981 0.088667 -0.030860 -0.073001 -90.000000 97.270000
1.120410 2.187163 50.558562 0.111031 0.007604 -0.284601 -90.000000 97.490000
1.127324 2.207938 48.920967 0.106334 -0.044417 -0.150429 -90.000000 97.680000
1.134243 2.223764 46.185531 0.073681 -0.027113 -0.217011 -90.000000 97.900000
1.142152 2.241567 45.389179 0.086801 -0.032722 -0.066186 -90.000000 98.110000
1.158964 2.258379 42.235180 0.107945 -0.005214 -0.250217 -90.000000 98.330000
1.173798 2.275191 39.875852 0.100740 -0.015415 -0.187173 -90.000000 98.550000
1.186655 2.292990 37.971172 0.095851 -0.027825 -0.151104 -90.000000 98.770000
1.197535 2.307822 36.314111 0.079776 -0.025037 -0.131460 -90.000000 98.990000
1.214348 2.322656 35.538143 0.117382 -0.012095 -0.071280 -90.000000 99.180000
1.230173 2.334521 31.537102 0.089516 -0.008345 -0.317415 -90.000000 99.400000
1.245008 2.349353 30.777120 0.096837 -0.024533 -0.063163 -90.000000 99.610000
1.256881 2.366158 27.817823 0.083377 -0.042373 -0.234770 -90.000000 99.830000
1.269740 2.379999 27.561103 0.093704 -0.033265 -0.023582 -90.000000 100.020000
1.286553 2.388899 24.363528 0.099930 -0.006165 -0.293727 -90.000000 100.210000
1.303365 2.399775 22.631401 0.093827 -0.016999 -0.143959 -90.000000 100.420000
1.318203 2.412626 20.893444 0.080195 -0.029193 -0.131883 -90.000000 100.650000
1.335018 2.424489 18.627457 0.093919 -0.027954 -0.188328 -90.000000 100.860000
1.350846 2.438324 16.194776 0.086634 -0.040326 -0.192992 -90.000000 101.080000
1.371611 2.445251 14.456647 0.099256 -0.006924 -0.137891 -90.000000 101.300000
1.392378 2.456129 13.791659 0.103461 -0.025519 -0.052756 -90.000000 101.520000
1.409192 2.465024 11.011710 0.082746 -0.025089 -0.220542 -90.000000 101.740000
1.426994 2.473922 9.396301 0.086434 -0.026693 -0.128155 -90.000000 101.960000
1.448748 2.477881 7.078662 0.100347 -0.005671 -0.183866 -90.000000 102.180000
1.471493 2.484803 4.418195 0.105503 -0.023405 -0.211063 -90.000000 102.400000
1.492261 2.491724 2.744786 0.100358 -0.028186 -0.139079 -90.000000 102.610000
1.511052 2.499632 0.570725 0.099309 -0.040632 -0.199708 -90.000000 102.800000
1.526877 2.508526 -1.078183 0.071160 -0.041775 -0.130813 -90.000000 103.020000
1.548635 2.511486 -4.832574 0.097416 -0.021737 -0.297848 -90.000000 103.240000
1.571377 2.514459 -5.425561 0.117677 -0.026896 -0.054471 -90.000000 103.430000
1.591154 2.517426 -7.182296 0.087505 -0.024622 -0.139367 -90.000000 103.650000
1.610931 2.519405 -8.279066 0.091839 -0.022886 -0.091154 -90.000000 103.860000
1.630711 2.522365 -10.984582 0.085696 -0.030340 -0.214637 -90.000000 104.080000
1.654445 2.523348 -13.644963 0.103785 -0.029790 -0.211056 -90.000000 104.300000
1.677189 2.522356 -15.360141 0.100883 -0.023037 -0.136070 -90.000000 104.520000
1.696967 2.519383 -16.924105 0.089940 -0.013241 -0.124074 -90.000000 104.740000
1.716744 2.519380 -18.287016 0.085362 -0.028196 -0.108124 -90.000000 104.960000
1.738501 2.516399 -21.227635 0.085438 -0.020397 -0.205294 -90.000000 105.210000
1.764213 2.514404 -24.221035 0.110305 -0.039677 -0.237476 -90.000000 105.430000
1.784979 2.509450 -25.397947 0.099447 -0.021102 -0.097814 -90.000000 105.640000
1.805745 2.509445 -26.620118 0.084396 -0.042272 -0.096959 -90.000000 105.860000
1.827500 2.502496 -29.543069 0.101603 -0.021282 -0.231887 -90.000000 106.080000
1.847277 2.493563 -32.428025 0.113070 -0.016131 -0.265010 -90.000000 106.270000
1.867053 2.488598 -34.375197 0.086934 -0.032127 -0.154475 -90.000000 106.490000
1.888806 2.481654 -35.445206 0.098858 -0.031626 -0.084887 -90.000000 106.710000
1.907592 2.475698 -36.648955 0.084667 -0.029251 -0.095497 -90.000000 106.930000
1.925387 2.461795 -40.545844 0.102548 -0.004556 -0.309152 -90.000000 107.150000
1.947136 2.451866 -42.808102 0.108109 -0.035696 -0.188019 -90.000000 107.360000
1.964929 2.442933 -43.214915 0.086749 -0.025785 -0.032274 -90.000000 107.580000
1.983710 2.433003 -45.145038 0.092207 -0.028680 -0.153123 -90.000000 107.800000
1.998533 2.420085 -49.020191 0.088512 -0.012359 -0.307428 -90.000000 108.020000
2.013353 2.406179 -50.150156 0.091694 -0.011215 -0.089644 -90.000000 108.240000
2.032128 2.395255 -51.766749 0.091816 -0.036308 -0.128249 -90.000000 108.460000
2.049913 2.386317 -54.508566 0.080016 -0.042235 -0.217517 -90.000000 108.680000
2.064728 2.372410 -56.489595 0.094167 -0.022258 -0.164645 -90.000000 108.890000
2.077562 2.355516 -59.691088 0.095732 -0.011607 -0.253985 -90.000000 109.110000
2.091383 2.340615 -60.921745 0.089727 -0.021986 -0.097632 -90.000000 109.330000
2.105201 2.325713 -63.626293 0.088588 -0.026181 -0.214560 -90.000000 109.550000
2.120995 2.311811 -64.613954 0.087865 -0.037769 -0.078354 -90.000000 109.770000
2.130853 2.293923 -68.084145 0.092158 -0.011222 -0.275301 -90.000000 109.990000
2.139716 2.275043 -70.210299 0.094392 -0.008854 -0.168674 -90.000000 110.210000
2.153521 2.257166 -72.280478 0.096500 -0.035039 -0.164234 -90.000000 110.430000
2.166337 2.241280 -73.866110 0.089629 -0.037606 -0.131783 -90.000000 110.640000
2.175195 2.223402 -75.754662 0.102671 -0.022032 -0.173481 -90.000000 110.830000
2.181092 2.207510 -78.127700 0.076207 -0.011368 -0.188261 -75.000000 111.050000
2.189942 2.187650 -79.730563 0.100568 -0.024609 -0.133215 -75.000000 111.260000
2.198798 2.171770 -81.349253 0.063081 -0.023581 -0.104635 -75.000000 111.530000
2.209610 2.147950 -84.075492 0.107862 -0.036069 -0.206878 -75.000000 111.760000
2.212526 2.127101 -86.857535 0.095355 -0.008040 -0.220708 -75.000000 111.980000
2.216422 2.104275 -87.974490 0.109281 -0.014696 -0.092831 -75.000000 112.190000
2.221315 2.085426 -90.695074 0.085401 -0.023280 -0.215832 -75.000000 112.410000
2.227189 2.065596 -91.793807 0.089259 -0.029510 -0.087166 -75.000000 112.630000
2.230099 2.043781 -94.527015 0.097805 -0.021009 -0.216834 -75.000000 112.850000
2.229056 2.020975 -96.100391 0.103579 -0.006303 -0.124821 -75.000000 113.070000
2.229989 1.999173 -97.706768 0.097635 -0.017494 -0.127439 -75.000000 113.290000
2.232897 1.977382 -100.550317 0.094957 -0.031131 -0.225588 -75.000000 113.510000
2.236788 1.954615 -102.796789 0.101620 -0.042081 -0.186706 -75.000000 113.720000
2.230817 1.932823 -103.854097 0.102668 0.002633 -0.083880 -75.000000 113.940000
2.227805 1.910059 -105.568593 0.103352 -0.014585 -0.136016 -75.000000 114.160000
2.226772 1.888298 -108.495092 0.095296 -0.026921 -0.232168 -75.000000 114.380000
2.228695 1.866554 -110.930599 0.089192 -0.043474 -0.193217 -75.000000 114.600000
2.220766 1.845790 -111.747170 0.101018 -0.001493 -0.064781 -75.000000 114.820000
2.212840 1.825032 -112.953087 0.105740 -0.003793 -0.100225 -75.000000 115.030000
2.208854 1.801331 -115.377773 0.100532 -0.028507 -0.183995 -75.000000 115.260000
2.206848 1.781592 -117.808125 0.087597 -0.035403 -0.201989 -75.000000 115.470000
2.201885 1.759882 -119.763648 0.096859 -0.029405 -0.155138 -75.000000 115.690000
2.189055 1.741131 -119.962249 0.102969 0.007955 -0.015756 -75.000000 115.910000
2.181147 1.719435 -121.442533 0.119133 -0.024052 -0.135978 -75.000000 116.100000
2.173250 1.701687 -124.456462 0.086828 -0.016044 -0.239104 -75.000000 116.320000
2.168302 1.680016 -126.433274 0.097021 -0.042331 -0.164295 -75.000000 116.530000
2.153528 1.663263 -128.063162 0.101356 0.005922 -0.129304 -75.000000 116.750000
2.139739 1.643565 -129.591093 0.104206 -0.008381 -0.115945 -75.000000 116.980000
2.127921 1.623875 -131.855851 0.107388 -0.020646 -0.188226 -75.000000 117.190000
2.117093 1.605179 -134.205579 0.095234 -0.023969 -0.186411 -75.000000 117.410000
2.106272 1.587475 -136.910723 0.090892 -0.025167 -0.214608 -75.000000 117.630000
2.088576 1.573703 -136.911110 0.101507 0.009230 -0.000031 -75.000000 117.850000
2.071868 1.558952 -139.210131 0.101302 -0.001151 -0.182389 -75.000000 118.070000
2.060072 1.538312 -143.557113 0.103575 -0.045698 -0.361282 -75.000000 118.280000
2.049261 1.518662 -146.299727 0.104716 -0.054468 -0.251935 -75.000000 118.470000
2.032564 1.506872 -147.519595 0.092804 -0.004454 -0.096776 -75.000000 118.690000
2.009979 1.493120 -147.813858 0.139153 0.002061 -0.027031 -75.000000 118.880000
1.997215 1.482317 -150.991855 0.086327 -0.017148 -0.291929 -75.000000 119.070000
1.984451 1.468571 -152.211472 0.084286 -0.029570 -0.101363 -75.000000 119.280000
1.967761 1.449919 -155.922085 0.103855 -0.046456 -0.294375 -75.000000 119.500000
1.945185 1.441083 -157.679748 0.110183 0.001821 -0.139441 -75.000000 119.720000
1.925553 1.429305 -158.097567 0.102762 -0.016385 -0.033147 -75.000000 119.940000
1.906903 1.419491 -161.391898 0.094577 -0.015229 -0.261350 -75.000000 120.160000
1.890216 1.405752 -164.747558 0.089610 -0.040295 -0.266215 -75.000000 120.380000
1.868618 1.395938 -166.100567 0.106010 -0.019719 -0.107339 -75.000000 120.600000
1.845055 1.387105 -165.836869 0.113677 -0.012724 0.020920 -75.000000 120.820000
1.824435 1.379254 -167.832207 0.099141 -0.015131 -0.158296 -75.000000 121.040000
1.805775 1.370422 -171.715814 0.093989 -0.028817 -0.322770 -75.000000 121.250000
1.784164 1.358643 -174.018072 0.098790 -0.041141 -0.174704 -75.000000 121.480000
1.758622 1.355696 -175.555902 0.122350 -0.004564 -0.127810 -75.000000 121.690000
1.735035 1.349803 -175.554480 0.108966 -0.018398 0.000113 -75.000000 121.910000
1.713408 1.345876 -179.989421 0.113829 -0.020648 -0.407392 -75.000000 122.100000
1.695707 1.339000 178.347236 0.079523 -0.033560 -0.131958 -75.000000 122.320000
1.671114 1.334085 176.719384 0.127747 -0.033232 -0.149534 -75.000000 122.510000
1.649465 1.332115 176.721972 0.097730 -0.014569 0.000205 -75.000000 122.730000
1.624858 1.335058 173.934633 0.118001 0.001554 -0.231658 -75.000000 122.940000
1.603196 1.334072 171.037879 0.096564 -0.019765 -0.229809 -75.000000 123.160000
1.581520 1.329155 168.305293 0.091954 -0.041858 -0.216785 -75.000000 123.380000
1.556881 1.333080 166.023437 0.112987 -0.009736 -0.181027 -75.000000 123.600000
1.532230 1.335037 165.892459 0.110840 -0.018683 -0.010391 -75.000000 123.820000
1.509539 1.337982 163.055990 0.107448 -0.018074 -0.235741 -75.000000 124.030000
1.486839 1.335028 158.814929 0.087387 -0.047642 -0.321828 -60.000000 124.260000
1.464125 1.338957 156.540392 0.089599 -0.021753 -0.158793 -60.000000 124.510000
1.437449 1.347803 155.808923 0.099852 -0.010224 -0.045595 -60.000000 124.790000
1.408780 1.354686 152.554772 0.158972 -0.039473 -0.315531 -60.000000 124.970000
1.389984 1.357636 150.812094 0.081129 -0.029958 -0.138252 -60.000000 125.190000
1.366231 1.363541 148.324424 0.105975 -0.033855 -0.197355 -60.000000 125.410000
1.343456 1.376339 147.558234 0.118573 -0.006440 -0.060784 -60.000000 125.630000
1.320667 1.386188 146.321628 0.111026 -0.020184 -0.098104 -60.000000 125.850000
1.297872 1.396041 142.854823 0.109635 -0.026866 -0.275032 -60.000000 126.070000
1.276052 1.404914 140.820348 0.102361 -0.031395 -0.161401 -60.000000 126.290000
1.255209 1.418719 140.317749 0.112984 -0.012203 -0.039873 -60.000000 126.510000
1.230392 1.431544 137.207582 0.122377 -0.033856 -0.246739 -60.000000 126.730000
1.210524 1.444373 136.800019 0.110790 -0.020233 -0.033873 -60.000000 126.940000
1.189657 1.455235 134.419719 0.101650 -0.033187 -0.188837 -60.000000 127.160000
1.168780 1.468075 132.040536 0.106889 -0.031392 -0.188748 -60.000000 127.380000
1.146899 1.484866 130.824223 0.142165 -0.029371 -0.111730 -60.000000 127.570000
1.128989 1.499687 129.593539 0.108739 -0.020739 -0.102283 -60.000000 127.780000
1.111075 1.514513 128.349717 0.103373 -0.022048 -0.098676 -60.000000 128.000000
1.090175 1.526386 125.630663 0.099210 -0.045774 -0.215711 -60.000000 128.220000
1.071251 1.548133 124.879615 0.130279 -0.014036 -0.059583 -60.000000 128.440000
1.054313 1.568901 123.432471 0.121199 -0.012242 -0.114806 -60.000000 128.660000
1.036385 1.586709 122.461745 0.112039 -0.025312 -0.077011 -60.000000 128.880000
1.019452 1.603534 120.091096 0.104759 -0.028253 -0.188071 -60.000000 129.100000
1.001526 1.621351 118.534320 0.110072 -0.032899 -0.123504 -60.000000 129.320000
0.985583 1.644110 116.237357 0.130773 -0.020186 -0.190903 -60.000000 129.530000
0.972636 1.662914 115.994885 0.102620 -0.015431 -0.019236 -60.000000 129.750000
0.955712 1.682712 113.887186 0.113434 -0.033899 -0.167210 -60.000000 129.970000
0.938803 1.698557 111.836689 0.095442 -0.044552 -0.162672 -60.000000 130.190000
0.926859 1.723295 110.547594 0.124349 -0.011373 -0.102268 -60.000000 130.410000
0.914930 1.745065 110.139218 0.111573 -0.016834 -0.032398 -60.000000 130.630000
0.900029 1.765849 107.270442 0.110323 -0.036634 -0.227589 -60.000000 130.850000
0.887127 1.786627 105.465448 0.106664 -0.031336 -0.143196 -60.000000 131.070000
0.877205 1.809379 103.379399 0.128581 -0.023095 -0.191623 -60.000000 131.260000
0.869279 1.833114 102.234555 0.113069 -0.012345 -0.090824 -60.000000 131.480000
0.856427 1.854863 101.411149 0.113627 -0.039502 -0.068434 -60.000000 131.690000
0.848529 1.876608 100.270686 0.103658 -0.017701 -0.090476 -60.000000 131.910000
0.836686 1.898347 96.847644 0.104526 -0.041664 -0.271561 -60.000000 132.130000
0.829810 1.922052 95.002571 0.110066 -0.021742 -0.146376 -60.000000 132.350000
0.824927 1.947725 94.411087 0.118055 -0.013152 -0.046924 -60.000000 132.570000
0.819066 1.968447 94.427307 0.095967 -0.019292 0.001287 -60.000000 132.790000
0.807301 1.989151 89.827829 0.093952 -0.053759 -0.364891 -60.000000 133.010000
0.804433 2.012819 89.232459 0.107395 -0.014477 -0.047233 -60.000000 133.230000
0.802571 2.043393 84.643083 0.144129 -0.022418 -0.381427 -60.000000 133.440000
0.799743 2.067027 85.174011 0.105963 -0.021846 0.042120 -60.000000 133.660000
0.793968 2.088673 82.746431 0.094287 -0.038464 -0.192587 -60.000000 133.880000
0.789197 2.110303 80.825728 0.093606 -0.037088 -0.152376 -60.000000 134.100000
0.790376 2.139812 79.271417 0.132782 -0.019703 -0.123308 -60.000000 134.320000
0.793495 2.165386 77.567746 0.142479 -0.013664 -0.165193 -60.000000 134.500000
0.790740 2.185976 77.100212 0.088435 -0.033099 -0.037091 -60.000000 134.720000
0.787095 2.213401 75.165344 0.116259 -0.047935 -0.153499 -60.000000 134.940000
0.791201 2.235998 72.259438 0.119860 -0.015655 -0.266935 -60.000000 135.130000
0.796283 2.256616 70.458439 0.096048 -0.009581 -0.142879 -60.000000 135.350000
0.798519 2.282067 69.364138 0.111848 -0.031259 -0.086814 -60.000000 135.570000
0.799765 2.304553 67.572451 0.096639 -0.033757 -0.142140 -60.000000 135.790000
0.801052 2.328977 63.326560 0.101827 -0.044607 -0.336840 -60.000000 136.010000
0.809128 2.351499 63.043643 0.107892 -0.013687 -0.022445 -60.000000 136.230000
0.814368 2.377855 60.308809 0.121385 -0.040493 -0.227295 -60.000000 136.440000
0.820566 2.402243 59.049314 0.126860 -0.038037 -0.115696 -60.000000 136.630000
0.825696 2.419801 57.059058 0.079660 -0.023828 -0.157893 -60.000000 136.850000
0.832891 2.444160 54.747127 0.109292 -0.037201 -0.183413 -60.000000 137.070000
0.843004 2.468531 53.498648 0.121934 -0.030320 -0.103762 -60.000000 137.280000
0.855047 2.491948 51.078764 0.112108 -0.023229 -0.183630 -60.000000 137.510000
0.865130 2.513369 49.522768 0.103816 -0.028344 -0.123442 -60.000000 137.730000
0.874281 2.535703 47.919139 0.108139 -0.038931 -0.133279 -60.000000 137.940000
0.887304 2.558087 47.124556 0.114836 -0.025850 -0.063037 -60.000000 138.160000
0.899356 2.579473 44.079475 0.106979 -0.031722 -0.241576 -60.000000 138.380000
0.912362 2.599889 41.792741 0.105923 -0.029791 -0.181414 -60.000000 138.600000
0.926335 2.620296 41.355315 0.108961 -0.027662 -0.034702 -60.000000 138.820000
0.938461 2.643495 39.814700 0.109862 -0.045706 -0.122222 -60.000000 139.040000
0.953428 2.663869 37.544237 0.115629 -0.033493 -0.188700 -60.000000 139.250000
0.968358 2.682310 35.303055 0.103825 -0.029192 -0.177800 -60.000000 139.470000
0.985194 2.699825 34.102505 0.108003 -0.023013 -0.095243 -60.000000 139.690000
1.000230 2.722010 32.452970 0.111787 -0.048421 -0.130863 -60.000000 139.910000
1.019955 2.738595 31.409145 0.134094 -0.020395 -0.095885 -60.000000 140.100000
1.035830 2.755065 29.497589 0.099666 -0.029629 -0.151650 -60.000000 140.320000
1.053670 2.772505 27.131871 0.113478 -0.035167 -0.196617 -60.000000 140.530000
1.069542 2.788924 27.556914 0.094203 -0.031361 0.032254 -60.000000 140.760000
1.085461 2.807200 28.461620 0.090824 -0.033924 0.063160 -60.000000 141.010000
1.106213 2.825563 30.554697 0.108821 -0.021055 0.146124 -60.000000 141.260000
1.119316 2.846489 33.137127 0.074704 -0.034533 0.150240 -60.000000 141.560000
1.140073 2.863862 31.558699 0.076510 -0.011256 -0.078711 -60.000000 141.910000
1.268003 2.899589 12.646565 0.044663 -0.002307 -0.111138 -60.000000 144.880000
1.278708 2.899805 12.295012 0.037520 0.007386 -0.021913 -60.000000 145.160000
1.284413 2.895264 15.332281 0.013873 0.018992 0.171001 -60.000000 145.470000
1.293149 2.893556 13.896218 0.021238 0.009885 -0.065958 -60.000000 145.850000
1.313482 2.888325 14.991802 0.058991 0.033268 0.061682 -60.000000 146.160000
1.334845 2.884010 15.453074 0.057181 0.028972 0.023679 -60.000000 146.500000
1.360196 2.882554 15.401855 0.096213 0.032549 -0.003576 -60.000000 146.750000
1.382662 2.881962 14.716003 0.086317 0.025119 -0.047882 -60.000000 147.000000
1.410971 2.878600 14.795387 0.101969 0.040304 0.005329 -60.000000 147.260000
1.440253 2.872362 16.276759 0.094143 0.050698 0.092339 -60.000000 147.540000
1.474544 2.870877 16.374228 0.104776 0.035779 0.005488 -60.000000 147.850000
1.515729 2.868458 17.845333 0.153849 0.059696 0.102703 -60.000000 148.100000
1.552066 2.867843 18.475348 0.092621 0.032698 0.029718 -60.000000 148.470000
1.606124 2.865410 19.103467 0.162208 0.064488 0.035364 -60.000000 148.780000
1.657292 2.864778 20.960496 0.135874 0.053984 0.092604 -60.000000 149.130000
1.709510 2.869817 22.631524 0.161728 0.049814 0.094080 -60.000000 149.440000
1.752870 2.872859 23.094135 0.146712 0.050747 0.028836 -60.000000 149.720000
1.793289 2.876819 23.727970 0.137839 0.045139 0.039509 -60.000000 150.000000
1.833707 2.880731 24.943466 0.136779 0.048208 0.075766 -60.000000 150.280000
1.874133 2.884635 24.607421 0.147615 0.051093 -0.022558 -60.000000 150.540000
1.922428 2.878905 26.405229 0.150774 0.098557 0.116214 -60.000000 150.810000
1.983553 2.875012 30.496237 0.194976 0.132207 0.274621 -60.000000 151.070000
2.038767 2.870111 31.937747 0.158082 0.119169 0.089854 -60.000000 151.350000
2.098898 2.866075 33.478030 0.171174 0.130483 0.096011 -60.000000 151.630000
2.165880 2.871561 33.112293 0.211075 0.114274 -0.022798 -60.000000 151.910000
2.225908 2.878922 28.212963 0.225504 0.087565 -0.342038 -60.000000 152.160000
3.016938 2.526365 -25.953071 1.030415 -0.034738 -1.125447 -60.000000 153.000000
3.048319 2.502351 -28.189904 0.134492 0.021866 -0.134621 -60.000000 153.290000
2.637463 2.859373 30.612124 -0.212090 -0.637633 1.267024 -60.000000 154.100000
2.690325 2.840381 29.558247 0.118108 0.137411 -0.059334 -60.000000 154.410000
2.751041 2.815536 27.122655 0.152543 0.177834 -0.151818 -60.000000 154.690000
2.768006 2.796321 30.268884 0.017738 0.089809 0.196114 -60.000000 154.970000
2.760959 2.763281 35.534717 -0.080445 0.073520 0.296471 -60.000000 155.280000
2.732784 2.711387 37.848830 -0.169028 0.074028 0.126215 -60.000000 155.600000
2.694547 2.653233 40.241069 -0.238413 0.070320 0.149116 -60.000000 155.880000
2.654979 2.590571 41.283722 -0.229280 0.067679 0.058702 -60.000000 156.190000
2.620064 2.515579 37.968226 -0.263079 0.134429 -0.206665 -60.000000 156.470000
2.596647 2.447863 33.151745 -0.202275 0.156743 -0.300227 -60.000000 156.750000
2.579977 2.385774 24.839463 -0.108447 0.129847 -0.381781 -60.000000 157.130000
2.578024 2.312620 10.378112 -0.053925 0.255733 -0.901422 -60.000000 157.410000
2.592820 2.265101 3.538855 0.042266 0.172648 -0.426313 -60.000000 157.690000
2.622446 2.217596 -4.456016 0.132911 0.180241 -0.558147 -60.000000 157.940000
2.663962 2.177051 -8.582619 0.168219 0.121054 -0.257224 -60.000000 158.220000
2.721311 2.127624 -8.580701 0.228862 0.143990 0.000120 -60.000000 158.500000
2.791558 2.083181 -7.946404 0.236616 0.107202 0.034596 -60.000000 158.820000
2.881589 2.041704 -3.386518 0.249522 0.097530 0.215095 -60.000000 159.190000
2.991219 2.016925 6.159038 0.366687 0.125510 0.574488 -60.000000 159.480000
3.065954 2.030533 20.551684 0.219867 0.039688 0.738821 -60.000000 159.820000
3.125476 2.071559 42.402664 0.231028 0.031753 1.230230 -60.000000 160.130000
3.163177 2.120395 61.241653 0.217680 0.034124 1.174294 -60.000000 160.410000
3.175650 2.150747 78.277601 0.115188 0.021594 1.061905 -60.000000 160.690000
3.169851 2.158726 91.704872 0.026284 -0.017931 0.755968 -60.000000 161.000000
3.138957 2.147370 109.041671 -0.002257 -0.113478 1.043394 -60.000000 161.290000
3.124517 2.127894 120.524735 -0.027773 -0.065680 0.589462 -60.000000 161.630000
3.118812 2.104352 130.525426 -0.037337 -0.051669 0.459329 -60.000000 162.010000
3.120869 2.080712 140.562164 -0.061502 -0.062782 0.648793 -60.000000 162.280000
3.121951 2.056074 146.760639 -0.045031 -0.062542 0.338074 -60.000000 162.600000
3.120129 2.024541 150.699165 -0.040717 -0.083500 0.202177 -60.000000 162.940000
3.119192 1.997889 160.086243 -0.043140 -0.133567 0.862291 -60.000000 163.130000
3.129993 1.983032 164.115769 -0.046628 -0.036559 0.226866 -60.000000 163.440000
3.146725 1.952363 171.049440 -0.096816 -0.125874 0.550070 -60.000000 163.660000
3.156550 1.936528 173.322997 -0.028293 -0.035574 0.096783 -60.000000 164.070000
3.173171 1.930522 176.535713 -0.067814 -0.019963 0.224290 -60.000000 164.320000
3.182004 1.924565 178.631183 -0.032044 -0.020515 0.130617 -60.000000 164.600000
3.196639 1.921525 -179.745041 -0.043005 -0.009135 0.083353 -60.000000 164.940000
3.216139 1.916485 179.679938 -0.088761 -0.022410 -0.045618 -60.000000 165.160000
3.229789 1.910488 -179.263926 -0.042412 -0.019287 0.057603 -60.000000 165.480000
3.243446 1.901536 -178.739402 -0.036370 -0.025002 0.024742 -60.000000 165.850000
3.256146 1.889634 -177.645801 -0.043573 -0.044333 0.068168 -60.000000 166.130000
3.260049 1.884677 -176.020741 -0.011449 -0.016825 0.091492 -60.000000 166.440000
3.258148 1.877793 -175.469128 0.006417 -0.017666 0.025335 -60.000000 166.820000
3.253345 1.864012 -172.299923 0.023593 -0.046474 0.197547 -60.000000 167.100000
3.251485 1.852200 -171.062851 0.011849 -0.036708 0.069648 -60.000000 167.410000
3.248581 1.847283 -170.611227 0.011460 -0.013681 0.024632 -60.000000 167.730000
3.248606 1.841364 -169.551750 0.003746 -0.020804 0.066041 -60.000000 168.010000
3.249634 1.831500 -168.388508 0.003156 -0.031836 0.065492 -60.000000 168.320000
3.244804 1.824620 -166.688437 0.015327 -0.013618 0.072370 -60.000000 168.730000
3.245822 1.815737 -164.981434 0.003565 -0.023899 0.080521 -60.000000 169.100000
3.245852 1.807844 -163.938840 0.009792 -0.034517 0.082712 -60.000000 169.320000
3.244926 1.798973 -163.264409 0.015643 -0.037401 0.053505 -60.000000 169.540000
3.242012 1.794049 -162.904447 0.020158 -0.018331 0.029917 -60.000000 169.750000
3.244963 1.789105 -162.229875 -0.005918 -0.025494 0.053516 -60.000000 169.970000
3.245982 1.780224 -161.545544 0.005950 -0.028217 0.038528 -60.000000 170.280000
3.246964 1.775283 -161.205038 0.002009 -0.015134 0.018009 -60.000000 170.610000
3.248952 1.769357 -159.831375 0.000384 -0.013582 0.052119 -60.000000 171.070000
3.248987 1.758499 -158.321015 0.009042 -0.022962 0.059911 -60.000000 171.510000
3.251933 1.748615 -157.530364 0.002853 -0.027730 0.037296 -60.000000 171.880000
3.253935 1.738742 -156.138371 0.006180 -0.028111 0.069414 -60.000000 172.230000
3.255921 1.728867 -156.133507 0.009082 -0.040975 0.000354 -60.000000 172.470000
