3.197590 1.915564 -168.848373 -0.008698 -0.004987 -0.023751 0.000000 0.680000
3.199520 1.915546 -169.058887 -0.005914 -0.001199 -0.011482 0.000000 1.000000
3.200526 1.914563 -168.207418 -0.003564 -0.005308 0.067550 0.000000 1.220000
3.200516 1.913573 -168.954374 0.000541 -0.002621 -0.035235 0.000000 1.590000
3.204426 1.911581 -168.955822 -0.015709 -0.012292 -0.000115 0.000000 1.810000
3.205389 1.912560 -169.584438 -0.004014 0.002818 -0.039184 0.000000 2.090000
3.208322 1.912548 -169.488139 -0.006550 -0.001245 0.003820 0.000000 2.530000
3.212199 1.915479 -168.966347 -0.013230 0.006471 0.027597 0.000000 2.860000
3.214146 1.915468 -168.968035 -0.006160 -0.001238 -0.000095 0.000000 3.170000
3.217077 1.912494 -169.595101 -0.005456 -0.008033 -0.025452 0.000000 3.600000
3.220982 1.910500 -169.596641 -0.010877 -0.008331 -0.000084 0.000000 3.920000
3.223924 1.908516 -169.498177 -0.009037 -0.008882 0.006138 0.000000 4.200000
3.224884 1.909495 -170.125088 -0.003010 0.002160 -0.029572 0.000000 4.570000
3.228765 1.910453 -169.603746 -0.011401 0.000693 0.025998 0.000000 4.920000
3.231680 1.912409 -169.509355 -0.009479 0.004094 0.004845 0.000000 5.260000
3.234585 1.912386 -169.611223 -0.007509 -0.001436 -0.004679 0.000000 5.640000
3.236551 1.909422 -170.136321 -0.005716 -0.013029 -0.036659 0.000000 5.890000
3.237544 1.908437 -170.574489 -0.002210 -0.003065 -0.020669 0.000000 6.260000
3.236576 1.905482 -170.132031 0.005839 -0.010981 0.030889 0.000000 6.510000
3.242405 1.905445 -170.137591 -0.020488 -0.003698 -0.000347 0.000000 6.790000
3.244335 1.907402 -170.141644 -0.010164 0.007262 -0.000322 0.000000 7.010000
3.247225 1.908360 -169.716053 -0.013707 0.001942 0.033763 0.000000 7.230000
3.248194 1.910327 -169.621627 -0.006880 0.009262 0.008674 0.000000 7.420000
3.248204 1.909345 -170.147632 0.000717 -0.004405 -0.041730 0.000000 7.640000
3.250159 1.907362 -170.147271 -0.008811 -0.012709 0.000035 0.000000 7.820000
3.251153 1.905390 -170.051285 -0.003364 -0.011128 0.008817 0.000000 8.010000
3.253091 1.906364 -170.587920 -0.009413 0.002928 -0.042573 0.000000 8.230000
3.256003 1.904372 -170.678577 -0.011594 -0.011083 -0.007192 0.000000 8.450000
3.258940 1.901399 -170.054127 -0.012525 -0.018081 0.057362 0.000000 8.640000
3.258914 1.902379 -170.767628 -0.000597 0.004415 -0.056604 0.000000 8.860000
3.259895 1.902375 -170.680193 -0.004608 -0.000771 0.007267 0.000000 9.070000
3.262818 1.901371 -170.057778 -0.011764 -0.006494 0.047231 0.000000 9.300000
3.263769 1.903335 -171.216316 -0.005904 0.008550 -0.096287 0.000000 9.510000
3.263769 1.903335 -171.216316 -0.000000 0.000000 0.000000 0.000000 9.730000
3.265707 1.903321 -171.218393 -0.008696 -0.001407 -0.000165 0.000000 9.950000
3.267634 1.904289 -170.690419 -0.009353 0.002923 0.041886 0.000000 10.170000
3.267634 1.904289 -170.690419 -0.000000 0.000000 0.000000 0.000000 10.390000
3.269585 1.902306 -170.690004 -0.006419 -0.009089 0.000029 0.000000 10.640000
3.269585 1.902306 -170.690004 -0.000000 0.000000 0.000000 0.000000 10.850000
3.271550 1.898355 -170.687191 -0.006841 -0.022196 0.000258 0.000000 11.040000
3.274454 1.897348 -171.304305 -0.012354 -0.006518 -0.048958 0.000000 11.260000
3.274454 1.897348 -171.304305 -0.000000 0.000000 0.000000 0.000000 11.480000
3.277358 1.898312 -170.693019 -0.015907 0.002532 0.056152 0.000000 11.670000
3.279288 1.897314 -172.440978 -0.008097 -0.005649 -0.138671 0.000000 11.890000
3.280256 1.898292 -171.840357 -0.006098 0.004613 0.058238 0.000000 12.070000
3.283159 1.899254 -171.232167 -0.013707 0.002314 0.048250 0.000000 12.290000
3.285078 1.901207 -171.236766 -0.009972 0.007444 -0.000365 0.000000 12.510000
3.285089 1.900226 -171.769149 0.000680 -0.005118 -0.048904 0.000000 12.700000
3.286058 1.898247 -171.846932 -0.003086 -0.009530 -0.006171 0.000000 12.920000
3.288010 1.895277 -171.316273 -0.008229 -0.017947 0.051454 0.000000 13.100000
3.288990 1.895273 -171.233317 -0.005090 -0.000805 0.007620 0.000000 13.290000
3.289943 1.895262 -171.318338 -0.004953 -0.000817 -0.007810 0.000000 13.480000
3.289958 1.893294 -171.315808 0.001282 -0.008852 0.000201 0.000000 13.700000
3.292893 1.891313 -172.301650 -0.012011 -0.010710 -0.078210 0.000000 13.920000
3.293846 1.891302 -172.377300 -0.004289 -0.000626 -0.006002 0.000000 14.140000
3.296719 1.892256 -171.929097 -0.013539 0.002460 0.035557 0.000000 14.360000
3.296704 1.894223 -171.931707 -0.001242 0.009287 -0.000217 0.000000 14.570000
3.298688 1.891267 -172.308415 -0.007138 -0.014523 -0.029885 0.000000 14.790000
3.297690 1.894225 -172.917941 0.002502 0.012234 -0.042553 0.000000 15.040000
3.300581 1.892225 -171.933468 -0.011734 -0.010848 0.078101 0.000000 15.260000
3.300620 1.888296 -172.982038 0.001765 -0.015617 -0.073204 0.000000 15.510000
3.291974 1.883445 -172.364822 0.036856 -0.014635 0.043090 0.000000 15.760000
3.267825 1.878702 -172.792514 0.098212 -0.006702 -0.029859 0.000000 16.010000
3.254304 1.874858 -171.374831 0.055777 -0.007091 0.098973 0.000000 16.260000
3.231906 1.873993 -173.346022 0.089389 0.006943 -0.137615 0.000000 16.510000
3.209489 1.873116 -172.859482 0.089410 0.007667 0.033967 0.000000 16.760000
3.186090 1.869281 -172.694966 0.094786 -0.003317 0.011485 0.000000 17.010000
3.155758 1.865444 -173.784606 0.122276 -0.002122 -0.076071 0.000000 17.260000
3.124380 1.861583 -172.560679 0.126458 0.000940 0.085446 0.000000 17.510000
3.090948 1.856708 -171.996814 0.135139 -0.000691 0.039365 0.000000 17.760000
3.060406 1.851806 -173.628808 0.140442 -0.006742 -0.129471 0.000000 17.980000
3.032773 1.850835 -174.135509 0.125396 0.008443 -0.040198 0.000000 18.200000
3.002132 1.849845 -173.641183 0.122251 0.009642 0.034510 0.000000 18.450000
2.965527 1.841921 -174.511370 0.148778 -0.017549 -0.060751 0.000000 18.700000
2.925885 1.834951 -173.946288 0.143415 -0.009820 0.035223 15.000000 18.980000
2.885222 1.834883 -173.979194 0.183846 0.019079 -0.002611 15.000000 19.200000
2.851479 1.832835 -173.962191 0.153506 0.006875 0.001349 15.000000 19.420000
2.815730 1.827803 -174.479268 0.163939 -0.007136 -0.041021 15.000000 19.640000
2.778976 1.821769 -174.415063 0.168941 -0.011038 0.005094 15.000000 19.860000
2.743224 1.819685 -174.504464 0.162670 0.006134 -0.007092 15.000000 20.080000
2.707464 1.814629 -173.857857 0.171885 -0.005715 0.053740 15.000000 20.290000
2.668734 1.809560 -173.252659 0.150221 -0.001862 0.040626 15.000000 20.550000
2.625055 1.802492 -173.902085 0.210391 -0.011370 -0.053974 15.000000 20.760000
2.588353 1.799402 -174.482184 0.131532 0.001620 -0.036159 30.000000 21.040000
2.538773 1.792319 -173.843839 0.227519 -0.007846 0.050642 30.000000 21.260000
2.499143 1.788237 -172.637119 0.181026 0.004685 0.095733 30.000000 21.480000
2.459554 1.785148 -172.239886 0.180201 0.010387 0.031514 30.000000 21.700000
2.423935 1.779114 -172.244693 0.164126 -0.005332 -0.000381 30.000000 21.920000
2.385373 1.772091 -171.640295 0.178059 -0.006099 0.047949 30.000000 22.140000
2.346848 1.768037 -171.568423 0.184297 0.007802 0.005973 30.000000 22.350000
2.304405 1.762996 -170.948944 0.164261 0.006534 0.041584 30.000000 22.610000
2.261011 1.755994 -170.591443 0.156983 0.000664 0.022284 45.000000 22.890000
2.209760 1.745047 -170.070787 0.209483 -0.007784 0.036349 45.000000 23.140000
2.163472 1.736098 -169.250011 0.224497 -0.000753 0.068215 45.000000 23.350000
2.123126 1.730131 -169.364436 0.177192 0.006879 -0.008683 45.000000 23.580000
2.084767 1.724180 -167.097679 0.175999 0.012565 0.179829 60.000000 23.800000
2.045433 1.713313 -167.652600 0.150916 -0.008165 -0.035871 60.000000 24.070000
2.001206 1.704429 -164.842622 0.195703 0.012998 0.213232 60.000000 24.300000
1.963866 1.695559 -162.941755 0.182375 0.011779 0.157983 60.000000 24.510000
1.932429 1.689653 -160.835861 0.143792 0.021555 0.167067 60.000000 24.730000
1.897062 1.676864 -159.950105 0.170944 0.000504 0.070270 60.000000 24.950000
1.865629 1.663102 -157.880141 0.137206 -0.003655 0.144511 60.000000 25.200000
1.829282 1.652300 -155.146292 0.170550 0.024890 0.216885 60.000000 25.420000
1.796861 1.640517 -153.441913 0.137072 0.015823 0.118988 60.000000 25.670000
1.762473 1.622841 -151.230098 0.154602 0.004229 0.154414 60.000000 25.920000
1.728078 1.605171 -148.490902 0.154236 0.011644 0.191232 60.000000 26.170000
1.697606 1.588484 -146.188895 0.157292 0.014052 0.182625 60.000000 26.390000
1.668101 1.576715 -142.840303 0.139195 0.038376 0.265654 60.000000 26.610000
1.642525 1.557075 -143.508115 0.153531 -0.002759 -0.055503 60.000000 26.820000
1.618917 1.533501 -141.996226 0.132469 -0.016158 0.105550 75.000000 27.070000
1.588404 1.511899 -139.410058 0.169211 0.015679 0.205169 75.000000 27.290000
1.564764 1.495204 -136.626739 0.130223 0.018631 0.220809 75.000000 27.510000
1.545062 1.472604 -135.476971 0.135881 -0.010447 0.091215 75.000000 27.730000
1.524363 1.450001 -132.404030 0.139317 0.000191 0.243786 75.000000 27.950000
1.502666 1.428377 -130.048196 0.138698 0.012252 0.186896 75.000000 28.170000
1.480955 1.410681 -125.454302 0.122765 0.033731 0.364448 75.000000 28.390000
1.463184 1.391013 -122.116104 0.084211 0.014822 0.187944 90.000000 28.700000
1.439468 1.358546 -117.902317 0.128359 0.018601 0.237240 90.000000 29.010000
1.418694 1.327049 -114.525856 0.169447 0.026474 0.267865 90.000000 29.230000
1.400885 1.307358 -109.077429 0.111045 0.047253 0.432241 90.000000 29.450000
1.392949 1.280772 -106.827322 0.126116 -0.000455 0.178508 90.000000 29.670000
1.382034 1.255157 -104.960965 0.125291 0.017872 0.148064 90.000000 29.890000
1.370124 1.230521 -101.659324 0.126358 0.031834 0.274402 90.000000 30.100000
1.360189 1.207848 -98.341663 0.108518 0.029733 0.263200 90.000000 30.320000
1.350244 1.184182 -95.078812 0.094050 0.030040 0.219029 90.000000 30.580000
1.345224 1.150655 -93.443318 0.160803 0.014274 0.135927 90.000000 30.790000
1.338228 1.124014 -90.687450 0.106893 0.026704 0.192396 90.000000 31.040000
1.335187 1.096387 -86.865969 0.109675 0.018188 0.266790 90.000000 31.290000
1.328172 1.067752 -84.098035 0.126193 0.045100 0.219589 90.000000 31.510000
1.325120 1.041087 -81.469764 0.117803 0.031699 0.208509 90.000000 31.730000
1.325038 1.014423 -79.248384 0.104722 0.020219 0.155082 90.000000 31.980000
1.322961 0.985771 -74.624791 0.123074 0.043632 0.366804 90.000000 32.200000
1.323867 0.961067 -71.850852 0.107988 0.031064 0.220066 90.000000 32.420000
1.327742 0.935376 -69.426378 0.115516 0.024549 0.192341 90.000000 32.640000
1.331611 0.909677 -65.971201 0.119275 0.033000 0.287163 90.000000 32.850000
1.335482 0.884960 -62.301859 0.102975 0.035052 0.278444 90.000000 33.080000
1.342337 0.863213 -60.338091 0.106141 0.022883 0.163210 90.000000 33.290000
1.348198 0.841456 -57.897364 0.097933 0.029988 0.193631 90.000000 33.510000
1.357019 0.816733 -54.717118 0.114893 0.032181 0.252299 90.000000 33.730000
1.367827 0.793991 -51.563083 0.111511 0.025781 0.250219 90.000000 33.950000
1.378639 0.772234 -48.911479 0.094015 0.024602 0.185117 90.000000 34.200000
1.391425 0.749485 -45.799011 0.114649 0.030427 0.246922 90.000000 34.420000
1.406201 0.729714 -41.558334 0.096689 0.019969 0.296055 90.000000 34.670000
1.422939 0.704981 -39.263354 0.130058 0.038890 0.182068 90.000000 34.890000
1.435741 0.687172 -36.546757 0.094954 0.030382 0.215516 90.000000 35.110000
1.450530 0.671349 -33.831746 0.087890 0.020457 0.197441 90.000000 35.350000
1.470264 0.655541 -29.920110 0.096113 0.014839 0.262580 90.000000 35.610000
1.490974 0.635757 -27.252464 0.114459 0.033769 0.193997 90.000000 35.850000
1.510696 0.616956 -24.359046 0.102885 0.035969 0.201999 90.000000 36.100000
1.529451 0.605101 -21.140398 0.094646 0.018669 0.244243 90.000000 36.330000
1.549189 0.592248 -17.861485 0.108230 0.029427 0.272513 90.000000 36.540000
1.569913 0.578401 -14.610616 0.107030 0.037143 0.257902 90.000000 36.760000
1.589658 0.568520 -12.270822 0.085578 0.021836 0.163348 90.000000 37.010000
1.613360 0.559640 -9.636002 0.099417 0.019147 0.183945 90.000000 37.260000
1.640023 0.550763 -5.819325 0.124663 0.027855 0.302789 90.000000 37.480000
1.662736 0.543858 -3.096359 0.104784 0.025764 0.216021 90.000000 37.700000
1.687429 0.538942 -0.420349 0.112400 0.021520 0.212296 90.000000 37.920000
1.709154 0.534015 2.289280 0.097777 0.026323 0.214963 90.000000 38.140000
1.730881 0.531073 4.989306 0.101851 0.022956 0.224402 90.000000 38.350000
1.754585 0.531113 8.200987 0.090261 0.012850 0.215594 90.000000 38.610000
1.783225 0.530162 10.936126 0.133043 0.030321 0.227320 90.000000 38.820000
1.805936 0.530192 14.197965 0.100111 0.025189 0.258772 90.000000 39.040000
1.826671 0.530215 16.405093 0.079591 0.023337 0.154087 90.000000 39.290000
1.854320 0.534219 18.774428 0.124849 0.023215 0.187967 90.000000 39.510000
1.878013 0.536224 22.179096 0.090788 0.028348 0.237691 90.000000 39.760000
1.903680 0.543200 26.513342 0.118553 0.023710 0.343849 90.000000 39.980000
1.924409 0.550167 28.200367 0.086244 0.014623 0.117777 90.000000 40.230000
1.949082 0.557128 30.794452 0.112536 0.030236 0.205797 90.000000 40.450000
1.971780 0.568063 32.995959 0.113599 0.014494 0.174653 90.000000 40.670000
1.993486 0.577003 36.427358 0.091094 0.022782 0.239557 90.000000 40.920000
2.015187 0.587926 39.875028 0.107533 0.025141 0.273514 90.000000 41.140000
2.033925 0.600833 42.155472 0.107396 0.014319 0.189530 90.000000 41.350000
2.053644 0.613730 44.835201 0.092307 0.019030 0.187080 90.000000 41.600000
2.074344 0.630597 47.864690 0.114763 0.017540 0.229889 90.000000 41.830000
2.094059 0.642489 50.884486 0.086657 0.031178 0.210822 90.000000 42.080000
2.113768 0.657354 53.554775 0.098609 0.029265 0.194189 90.000000 42.320000
2.133464 0.677173 56.518997 0.119116 0.023891 0.224937 90.000000 42.550000
2.150200 0.695997 59.607035 0.102934 0.020469 0.224568 90.000000 42.790000
2.166933 0.715806 63.398442 0.114564 0.027686 0.300784 90.000000 43.010000
2.178733 0.733631 65.801201 0.095889 0.015713 0.190618 90.000000 43.230000
2.190523 0.754419 67.413693 0.107830 0.013190 0.127924 90.000000 43.450000
2.202318 0.773225 69.193450 0.098950 0.019753 0.141194 90.000000 43.670000
2.211149 0.794003 74.313507 0.101782 0.013109 0.406190 90.000000 43.890000
2.223925 0.812781 75.250138 0.101962 0.036069 0.077844 90.000000 44.100000
2.227825 0.832570 79.388250 0.087687 0.000823 0.314016 90.000000 44.330000
2.238625 0.852337 79.718550 0.101797 0.033798 0.027452 90.000000 44.540000
2.241529 0.876057 84.818295 0.108572 0.003412 0.404579 90.000000 44.760000
2.248386 0.895812 87.475259 0.080150 0.023918 0.185491 90.000000 45.010000
2.253256 0.921491 90.142115 0.116669 0.022427 0.211570 90.000000 45.230000
2.251232 0.945199 93.339828 0.108113 -0.002906 0.253685 90.000000 45.450000
2.255121 0.969866 95.413664 0.109958 0.028178 0.164524 90.000000 45.670000
2.257046 0.992557 98.618913 0.100664 0.024106 0.254283 90.000000 45.890000
2.257006 1.012287 100.891422 0.092295 0.017563 0.188870 90.000000 46.100000
2.254003 1.036941 103.614219 0.094879 0.011095 0.182776 90.000000 46.360000
2.248044 1.065529 107.848955 0.131990 0.014048 0.335955 90.000000 46.580000
2.247023 1.087205 111.074900 0.082377 0.027366 0.225213 90.000000 46.830000
2.245014 1.112807 113.060027 0.115918 0.038952 0.164986 90.000000 47.040000
2.238095 1.131525 116.626784 0.090152 0.010014 0.282962 90.000000 47.260000
2.229209 1.152202 119.797990 0.101633 0.011658 0.251582 90.000000 47.480000
2.219346 1.172869 122.844881 0.103238 0.013288 0.241719 90.000000 47.700000
2.215386 1.194509 124.330415 0.080416 0.035735 0.103710 90.000000 47.950000
2.203554 1.220084 126.469638 0.125455 0.025848 0.169711 90.000000 48.170000
2.184858 1.235826 130.806428 0.109692 -0.017563 0.344051 90.000000 48.390000
2.173045 1.256468 131.973626 0.110701 0.023917 0.097007 90.000000 48.600000
2.162218 1.277104 132.734615 0.090017 0.024206 0.053127 90.000000 48.850000
2.146483 1.296756 134.258147 0.108939 0.010631 0.115612 90.000000 49.080000
2.127808 1.313458 136.545440 0.119258 -0.003430 0.190099 90.000000 49.290000
2.111102 1.331137 139.237053 0.109985 0.011286 0.213534 90.000000 49.510000
2.097348 1.347830 142.708546 0.095709 0.022488 0.275404 90.000000 49.730000
2.081633 1.358631 143.785617 0.086636 -0.002592 0.085447 90.000000 49.950000
2.062974 1.374339 147.370827 0.096737 0.012674 0.250295 90.000000 50.200000
2.040391 1.391027 150.530395 0.126684 0.015540 0.250659 90.000000 50.420000
2.022720 1.403787 153.439848 0.097780 0.015963 0.230816 90.000000 50.640000
2.006033 1.414583 155.604253 0.078627 0.011759 0.151104 90.000000 50.890000
1.981493 1.426360 158.807885 0.108551 0.008440 0.223656 90.000000 51.140000
1.955973 1.438138 162.255470 0.126797 0.015633 0.273508 90.000000 51.360000
1.935361 1.446971 165.031842 0.105688 0.015285 0.230747 90.000000 51.570000
1.913767 1.456786 169.342711 0.079437 0.019490 0.259444 75.000000 51.860000
1.887262 1.466603 173.956070 0.097826 0.024899 0.287565 75.000000 52.140000
1.856827 1.475440 178.898534 0.139088 0.037502 0.392101 75.000000 52.360000
1.833262 1.479370 -177.789764 0.111407 0.023027 0.275238 75.000000 52.570000
1.811656 1.484282 -173.921862 0.091149 0.031185 0.293511 75.000000 52.800000
1.788084 1.486251 -170.467948 0.109148 0.027835 0.287058 75.000000 53.010000
1.763521 1.484295 -168.393213 0.111155 0.013752 0.164595 75.000000 53.230000
1.739938 1.483320 -165.457959 0.104876 0.022627 0.232863 75.000000 53.450000
1.719296 1.482344 -161.602644 0.090431 0.025404 0.305855 75.000000 53.670000
1.696684 1.480389 -158.966183 0.087228 0.025161 0.184060 75.000000 53.920000
1.672096 1.470576 -158.146095 0.105898 0.000182 0.057253 75.000000 54.170000
1.646516 1.463709 -155.205255 0.104406 0.017972 0.205309 75.000000 54.420000
1.624865 1.454874 -153.252216 0.105956 0.008434 0.154941 75.000000 54.640000
1.605174 1.448002 -150.325161 0.082043 0.015111 0.204347 75.000000 54.890000
1.582523 1.434251 -147.606296 0.105971 0.002093 0.189813 75.000000 55.140000
1.559861 1.421479 -144.420864 0.103451 0.011191 0.222385 75.000000 55.390000
1.539163 1.410669 -140.571621 0.108824 0.022840 0.319914 75.000000 55.600000
1.522398 1.399857 -138.237219 0.067953 0.010692 0.140493 75.000000 55.890000
1.499703 1.381173 -135.109998 0.133020 0.012639 0.248092 75.000000 56.110000
1.481934 1.365436 -132.023332 0.107212 0.012114 0.244875 75.000000 56.330000
1.465145 1.351661 -128.527327 0.078643 0.016868 0.225988 75.000000 56.600000
1.444394 1.335913 -123.519105 0.098353 0.034414 0.349640 75.000000 56.850000
1.424616 1.315239 -119.882354 0.120777 0.029774 0.275971 75.000000 57.080000
1.407794 1.297512 -116.953928 0.097609 0.028997 0.212961 75.000000 57.320000
1.395911 1.280768 -113.270854 0.080308 0.017205 0.257127 75.000000 57.570000
1.380059 1.261060 -109.800832 0.108693 0.037449 0.275288 75.000000 57.790000
1.368153 1.239377 -107.374369 0.093265 0.018801 0.162884 75.000000 58.050000
1.355244 1.213746 -104.729634 0.116962 0.024865 0.192331 75.000000 58.290000
1.346294 1.193037 -101.678923 0.088371 0.018291 0.212980 75.000000 58.540000
1.334363 1.170345 -98.361523 0.093022 0.032709 0.222691 75.000000 58.800000
1.329348 1.141740 -95.596221 0.120657 0.009173 0.201098 75.000000 59.040000
1.324332 1.115099 -92.908964 0.122094 0.016627 0.213188 75.000000 59.260000
1.318336 1.096340 -89.604439 0.085080 0.027839 0.262158 75.000000 59.480000
1.312333 1.075601 -87.396240 0.081780 0.027757 0.154161 75.000000 59.730000
1.311264 1.048942 -84.706541 0.120210 0.016016 0.213382 75.000000 59.950000
1.309207 1.024249 -82.479147 0.096847 0.021088 0.155501 75.000000 60.200000
1.308136 0.999550 -79.689725 0.109583 0.024881 0.221294 75.000000 60.420000
1.306083 0.978794 -76.359158 0.089485 0.031320 0.264224 75.000000 60.640000
1.308973 0.954091 -74.636678 0.117073 0.017896 0.143157 75.000000 60.850000
1.311859 0.929382 -71.862421 0.097521 0.019799 0.193680 75.000000 61.100000
1.313739 0.901696 -68.002771 0.114674 0.037505 0.292885 75.000000 61.330000
1.315650 0.882900 -66.200481 0.074867 0.024318 0.131066 75.000000 61.570000
1.322492 0.857195 -62.797228 0.118136 0.025757 0.269991 75.000000 61.790000
1.329330 0.831478 -59.870716 0.116704 0.031792 0.232169 75.000000 62.010000
1.337174 0.809719 -57.443573 0.102550 0.023173 0.192553 75.000000 62.230000
1.344030 0.788941 -55.171753 0.095322 0.028356 0.180231 75.000000 62.450000
1.353861 0.769160 -52.762809 0.098626 0.018832 0.191109 75.000000 62.670000
1.366655 0.747404 -49.274892 0.112887 0.020448 0.276707 75.000000 62.890000
1.376468 0.723646 -46.194173 0.113994 0.044587 0.256041 75.000000 63.100000
1.387292 0.704843 -43.879696 0.090583 0.026307 0.175632 75.000000 63.330000
1.400110 0.690012 -41.568428 0.092528 0.012338 0.192092 75.000000 63.540000
1.416870 0.670231 -38.846561 0.115731 0.022245 0.215934 75.000000 63.760000
1.432641 0.651433 -35.349892 0.107905 0.028217 0.277402 75.000000 63.980000
1.449409 0.634617 -33.087600 0.105588 0.022432 0.179475 75.000000 64.200000
1.466187 0.620776 -30.953961 0.086031 0.012958 0.148956 75.000000 64.450000
1.484928 0.602966 -27.274278 0.112814 0.032919 0.291921 75.000000 64.670000
1.504664 0.587137 -24.364407 0.111401 0.028531 0.230849 75.000000 64.890000
1.524416 0.576273 -21.455496 0.106459 0.013748 0.241762 75.000000 65.100000
1.542186 0.565398 -18.547530 0.092304 0.021168 0.230698 75.000000 65.320000
1.560946 0.554523 -15.803983 0.080816 0.020595 0.184169 75.000000 65.580000
1.584650 0.544652 -12.390649 0.120336 0.021692 0.283685 75.000000 65.790000
1.607364 0.534773 -9.105095 0.095964 0.024640 0.229375 75.000000 66.040000
1.630079 0.525883 -6.359228 0.107091 0.028725 0.217838 75.000000 66.260000
1.649840 0.521953 -4.210275 0.090888 0.011220 0.170483 75.000000 66.480000
1.672556 0.516039 0.123916 0.103197 0.027106 0.343845 75.000000 66.700000
1.696263 0.511116 2.806557 0.106534 0.027627 0.212823 75.000000 66.920000
1.718986 0.509171 4.989233 0.089872 0.015657 0.152379 75.000000 67.170000
1.742695 0.508217 7.667374 0.093479 0.016433 0.186970 75.000000 67.420000
1.769364 0.507265 11.465641 0.117943 0.028340 0.301328 75.000000 67.640000
1.792082 0.507296 13.676809 0.105148 0.025435 0.183772 75.000000 67.850000
1.813811 0.509312 17.076148 0.097106 0.020242 0.269680 75.000000 68.070000
1.834551 0.512317 19.795968 0.078970 0.016140 0.182576 75.000000 68.330000
1.861216 0.517314 22.887748 0.126233 0.027464 0.256961 75.000000 68.540000
1.885902 0.523297 25.075290 0.113160 0.022924 0.173545 75.000000 68.760000
1.908610 0.528280 28.203828 0.101668 0.028820 0.248197 75.000000 68.980000
1.928354 0.536242 30.610000 0.084187 0.012806 0.167983 75.000000 69.230000
1.951057 0.546189 33.294644 0.111076 0.018856 0.212981 75.000000 69.450000
1.971781 0.557124 36.432880 0.105307 0.015951 0.248966 75.000000 69.670000
1.993489 0.566065 38.365992 0.102593 0.029382 0.153360 75.000000 69.890000
2.012231 0.578978 41.448284 0.107598 0.012984 0.256172 75.000000 70.100000
2.029986 0.589901 44.076194 0.092514 0.020471 0.208480 75.000000 70.320000
2.047735 0.602806 46.743123 0.067382 0.012761 0.145458 -90.000000 70.640000
2.076326 0.622645 49.380644 0.120260 0.031378 0.164405 -90.000000 70.920000
2.104918 0.639494 48.617643 0.143378 0.046881 -0.060531 -90.000000 71.140000
2.124629 0.653367 50.955302 0.105414 0.029865 0.185454 -90.000000 71.360000
2.148287 0.666231 51.290186 0.112879 0.047345 0.026567 -90.000000 71.580000
2.170959 0.678096 52.370223 0.110663 0.051007 0.089763 -90.000000 71.790000
2.186713 0.694936 52.033635 0.091872 0.008240 -0.023498 -90.000000 72.040000
2.200479 0.716733 52.025019 0.088456 -0.008829 -0.000519 -90.000000 72.330000
2.221156 0.736521 50.916446 0.105173 0.013239 -0.071660 -90.000000 72.600000
2.246770 0.755290 50.415502 0.096206 0.024312 -0.027322 -90.000000 72.920000
2.267429 0.781005 50.123289 0.131919 -0.002529 -0.020400 -90.000000 73.170000
2.284157 0.800773 48.166883 0.117662 -0.003274 -0.155208 -90.000000 73.390000
2.307815 0.814570 46.619093 0.125131 0.036754 -0.128638 -90.000000 73.600000
2.329492 0.831337 46.227986 0.117839 0.017624 -0.029679 -90.000000 73.830000
2.344251 0.850099 45.440792 0.112971 -0.012609 -0.065424 -90.000000 74.040000
2.358028 0.867868 43.879899 0.085567 -0.012535 -0.104780 -90.000000 74.300000
2.384652 0.886581 41.542458 0.153986 0.017384 -0.194267 -90.000000 74.510000
2.405364 0.901349 40.756855 0.115137 0.010613 -0.062324 -90.000000 74.730000
2.424112 0.914145 38.441693 0.090559 0.006538 -0.161629 -90.000000 74.980000
2.439859 0.937820 37.565123 0.122344 -0.041667 -0.069541 -90.000000 75.200000
2.464554 0.950590 35.248906 0.125170 0.017384 -0.183753 -90.000000 75.420000
2.489261 0.962368 34.023312 0.128892 0.019342 -0.101860 -90.000000 75.630000
2.509021 0.975151 32.629302 0.102321 -0.000480 -0.105783 -90.000000 75.860000
2.527793 0.989911 31.851682 0.098893 -0.010963 -0.056550 -90.000000 76.100000
2.553509 1.004648 29.843775 0.134729 0.000065 -0.159294 -90.000000 76.320000
2.580237 1.016419 27.617617 0.132450 0.008910 -0.176608 -90.000000 76.540000
2.603016 1.026228 26.361484 0.112571 0.006028 -0.099653 -90.000000 76.760000
2.622817 1.039998 23.861635 0.107629 -0.020834 -0.198321 -90.000000 76.980000
2.643628 1.049815 23.632393 0.092006 -0.002605 -0.016004 -90.000000 77.230000
2.675359 1.061578 20.530842 0.135363 0.000452 -0.216529 -90.000000 77.480000
2.703137 1.072369 18.566318 0.119074 -0.005538 -0.137150 -90.000000 77.730000
2.725959 1.082188 16.267454 0.098633 -0.012132 -0.160491 -90.000000 77.980000
2.751764 1.092989 13.554709 0.110471 -0.017811 -0.189385 -90.000000 78.230000
2.783554 1.097853 10.568732 0.128572 0.004197 -0.208460 -90.000000 78.480000
2.813359 1.102726 7.800489 0.137231 -0.003557 -0.219613 -90.000000 78.700000
2.836203 1.110584 5.505053 0.106782 -0.025593 -0.182104 -90.000000 78.920000
2.858059 1.115483 3.832233 0.100612 -0.015577 -0.132710 -90.000000 79.140000
2.883893 1.117412 1.590512 0.117627 -0.005507 -0.177843 -90.000000 79.360000
2.911712 1.117366 -0.655769 0.132464 -0.001296 -0.186690 -90.000000 79.570000
2.934546 1.123262 -5.197165 0.100935 -0.036090 -0.360283 -90.000000 79.790000
2.954392 1.128180 -7.848803 0.073033 -0.029163 -0.177999 -90.000000 80.050000
2.984166 1.128147 -11.320746 0.139052 -0.027674 -0.288556 -90.000000 80.260000
3.010945 1.124169 -13.626622 0.122556 -0.011107 -0.182932 -90.000000 80.480000
3.033737 1.121189 -16.475762 0.103187 -0.016393 -0.226031 -90.000000 80.700000
3.055522 1.120192 -19.490495 0.094865 -0.028767 -0.239169 -90.000000 80.920000
3.080251 1.119202 -22.312478 0.105695 -0.038510 -0.223877 -90.000000 81.140000
3.104948 1.108333 -24.082274 0.107930 -0.000620 -0.123555 -90.000000 81.390000
3.130608 1.099450 -27.605016 0.127882 -0.019133 -0.292778 -90.000000 81.600000
3.149322 1.096505 -30.351950 0.080170 -0.031431 -0.217923 -90.000000 81.820000
3.170971 1.093567 -32.388642 0.090247 -0.041436 -0.161577 -90.000000 82.040000
3.191589 1.080757 -35.671417 0.110088 -0.007348 -0.260433 -90.000000 82.260000
3.213155 1.067959 -38.407225 0.112958 -0.015315 -0.217040 -90.000000 82.480000
3.230747 1.060109 -39.321504 0.084470 -0.023064 -0.072533 -90.000000 82.700000
3.249324 1.055226 -43.319998 0.076662 -0.041788 -0.317213 -90.000000 82.920000
3.270737 1.042475 -45.365061 0.109627 -0.028539 -0.162241 -90.000000 83.140000
3.288193 1.023804 -48.203068 0.121686 -0.002710 -0.235869 -90.000000 83.350000
3.307546 1.011085 -50.215152 0.100718 -0.030607 -0.159625 -90.000000 83.570000
3.322994 0.999346 -53.392862 0.081025 -0.023480 -0.241137 -90.000000 83.800000
3.339381 0.987621 -56.363648 0.089710 -0.034041 -0.246905 -90.000000 84.010000
3.355635 0.968053 -59.042061 0.114275 -0.017602 -0.212487 -90.000000 84.230000
3.370868 0.948501 -60.063842 0.111570 -0.015654 -0.081061 -90.000000 84.450000
3.385165 0.935846 -63.359876 0.080555 -0.032293 -0.261485 -90.000000 84.670000
3.396539 0.923186 -66.119222 0.064725 -0.021099 -0.192639 -90.000000 84.920000
3.411608 0.902730 -68.434256 0.111647 -0.029523 -0.183659 -90.000000 85.140000
3.425620 0.879362 -71.476764 0.126712 -0.027917 -0.252866 -90.000000 85.350000
3.436760 0.860904 -72.765966 0.080499 -0.019887 -0.086542 -90.000000 85.610000
3.447881 0.842458 -76.130477 0.093516 -0.028981 -0.266917 -90.000000 85.830000
3.461695 0.822165 -76.898319 0.109028 -0.042161 -0.063816 -90.000000 86.040000
3.468813 0.796902 -80.365106 0.104392 -0.011160 -0.242027 -90.000000 86.290000
3.480573 0.773733 -82.050956 0.111695 -0.038375 -0.133744 -90.000000 86.510000
3.484957 0.757251 -85.874795 0.076156 -0.014486 -0.303357 -90.000000 86.730000
3.491089 0.737933 -87.537394 0.088926 -0.024076 -0.131899 -90.000000 86.950000
3.497084 0.713781 -91.324771 0.109121 -0.029782 -0.300465 -90.000000 87.170000
3.502058 0.688697 -93.499679 0.112427 -0.029525 -0.172542 -90.000000 87.390000
3.505301 0.670389 -94.633098 0.081755 -0.021415 -0.089918 -90.000000 87.610000
3.508513 0.651109 -98.968159 0.088303 -0.029423 -0.360291 -90.000000 87.820000
3.511547 0.628043 -100.084968 0.096427 -0.030549 -0.084748 -90.000000 88.050000
3.510755 0.601027 -104.216625 0.125634 -0.027935 -0.343386 -90.000000 88.260000
3.510971 0.578936 -104.665501 0.096894 -0.026376 -0.035611 -90.000000 88.480000
3.509444 0.559645 -108.684868 0.085288 -0.021517 -0.318869 -90.000000 88.700000
3.512426 0.539616 -110.217883 0.080747 -0.044178 -0.121619 -90.000000 88.920000
3.505170 0.515415 -113.822297 0.113955 -0.014261 -0.285950 -90.000000 89.140000
3.504311 0.492467 -115.723975 0.100221 -0.043746 -0.158050 -90.000000 89.350000
3.499096 0.475082 -118.027706 0.080893 -0.016205 -0.182762 -90.000000 89.570000
3.494725 0.456813 -120.094184 0.078251 -0.023389 -0.156812 -90.000000 89.800000
3.490180 0.434765 -122.121471 0.100428 -0.037493 -0.168490 -90.000000 90.010000
3.480124 0.412499 -126.261045 0.108644 -0.023004 -0.328405 -90.000000 90.230000
3.474809 0.394277 -126.207112 0.081104 -0.029434 0.004279 -90.000000 90.450000
3.465843 0.376833 -130.054909 0.086916 -0.019833 -0.305258 -90.000000 90.670000
3.459397 0.354828 -131.182078 0.094572 -0.043805 -0.089422 -90.000000 90.890000
3.447560 0.335421 -134.752064 0.100527 -0.023899 -0.283218 -90.000000 91.110000
3.435782 0.317923 -138.230393 0.097336 -0.024785 -0.289087 -90.000000 91.320000
3.423379 0.306044 -140.113241 0.077881 -0.005276 -0.149372 -90.000000 91.540000
3.413587 0.291486 -139.771006 0.076723 -0.021776 0.027151 -90.000000 91.760000
3.407325 0.274297 -138.416980 0.073144 -0.039553 0.107419 -90.000000 91.980000
3.399311 0.258919 -137.071975 0.074280 -0.026371 0.106703 -90.000000 92.200000
3.392344 0.246419 -135.031455 0.062561 -0.017818 0.161881 -90.000000 92.420000
3.386273 0.233964 -134.727542 0.059640 -0.020235 0.024110 -90.000000 92.640000
3.379898 0.215922 -134.419379 0.078855 -0.036703 0.024448 -90.000000 92.860000
3.368962 0.198600 -135.503611 0.094957 -0.022339 -0.090111 -90.000000 93.070000
3.360841 0.182378 -134.526399 0.078453 -0.025389 0.077525 -90.000000 93.290000
3.352854 0.168955 -134.571210 0.068944 -0.016955 -0.003555 -90.000000 93.510000
3.342852 0.152667 -135.677022 0.084256 -0.021203 -0.087728 -90.000000 93.730000
3.330906 0.134447 -136.775318 0.096288 -0.023158 -0.087131 -90.000000 93.950000
3.317261 0.118932 -137.496201 0.082167 -0.008875 -0.050327 -90.000000 94.200000
3.303361 0.098810 -137.929894 0.095203 -0.022493 -0.030277 -90.000000 94.450000
3.291189 0.076990 -136.984012 0.076727 -0.024680 0.053254 -90.000000 94.760000
3.271583 0.053880 -137.080348 0.088516 -0.010507 -0.004945 -90.000000 95.100000
3.255084 0.038293 -140.217837 0.070788 -0.004440 -0.171124 -90.000000 95.420000
3.253431 0.041858 -141.578974 -0.002969 0.012322 -0.076633 -90.000000 95.730000
3.253635 0.045533 -141.574682 -0.007885 0.008879 0.000242 -90.000000 96.040000
3.254006 0.051972 -140.582333 -0.015624 0.016926 0.061856 -90.000000 96.320000
3.257099 0.058568 -141.845209 -0.023240 0.011699 -0.078719 -90.000000 96.600000
3.254473 0.061181 -142.527125 0.001766 0.013113 -0.042506 -90.000000 96.880000
3.255601 0.064917 -142.230791 -0.008369 0.005953 0.013611 -90.000000 97.260000
3.256874 0.071422 -142.318948 -0.017797 0.015605 -0.005495 -90.000000 97.540000
3.257069 0.075116 -142.315815 -0.008617 0.010016 0.000195 -90.000000 97.820000
3.259908 0.077110 -143.961853 -0.011962 -0.000201 -0.099065 -90.000000 98.110000
3.264767 0.081989 -142.283307 -0.024386 0.003171 0.104629 -90.000000 98.390000
3.263104 0.085575 -144.626404 -0.002572 0.013882 -0.146053 -90.000000 98.670000
3.262572 0.092931 -144.350635 -0.015420 0.025148 0.019252 -90.000000 98.920000
3.262017 0.100301 -144.629764 -0.015255 0.025324 -0.019487 -90.000000 99.170000
3.265948 0.105125 -145.020809 -0.019310 0.005482 -0.022016 -90.000000 99.480000
3.268240 0.114506 -146.375247 -0.028413 0.026166 -0.094558 -90.000000 99.730000
3.272284 0.122130 -147.712455 -0.026756 0.015305 -0.083352 -90.000000 100.010000
3.277464 0.134466 -149.702054 -0.034501 0.025929 -0.112016 -90.000000 100.320000
3.285721 0.153486 -152.768878 -0.057304 0.046905 -0.191165 -90.000000 100.600000
3.297935 0.179284 -156.751608 -0.082328 0.072627 -0.267353 -90.000000 100.860000
3.311049 0.205189 -160.565139 -0.083944 0.080261 -0.266235 -90.000000 101.110000
3.324479 0.239643 -165.914983 -0.085646 0.120597 -0.373490 -90.000000 101.360000
3.340654 0.274308 -170.201714 -0.070445 0.101313 -0.241347 -90.000000 101.670000
3.357153 0.319527 -177.161736 -0.066849 0.158382 -0.433840 -90.000000 101.950000
3.374200 0.356340 177.498836 -0.055089 0.134007 -0.332823 -90.000000 102.230000
3.392080 0.391335 173.204066 -0.040038 0.108426 -0.220464 -90.000000 102.570000
3.412138 0.436960 169.422265 -0.039110 0.167350 -0.227603 -90.000000 102.860000
3.426501 0.479602 164.903699 -0.011508 0.187130 -0.328599 -90.000000 103.100000
3.437045 0.521240 162.241893 0.010631 0.171479 -0.185829 -90.000000 103.350000
3.447580 0.562929 160.268741 0.014341 0.147581 -0.118752 -90.000000 103.640000
3.458152 0.608562 158.267274 0.022826 0.149369 -0.112684 -90.000000 103.950000
3.468619 0.654284 157.659293 0.024833 0.149252 -0.034230 -90.000000 104.260000
3.477160 0.699060 156.153278 0.036753 0.158596 -0.093875 -90.000000 104.540000
3.473488 0.741717 151.042810 0.085233 0.126952 -0.318552 -90.000000 104.820000
3.465111 0.790243 146.246997 0.106022 0.111536 -0.261571 -90.000000 105.140000
3.454792 0.844727 142.448275 0.147814 0.131808 -0.236786 -90.000000 105.420000
3.445189 0.895456 138.397780 0.145937 0.112705 -0.252480 -90.000000 105.700000
3.446796 0.941522 131.810249 0.118800 0.113960 -0.410622 -90.000000 105.980000
3.450229 0.986664 126.279131 0.137441 0.117915 -0.386145 -90.000000 106.230000
3.451662 1.029865 122.172255 0.127872 0.086486 -0.255995 -90.000000 106.510000
3.451199 1.078978 117.177342 0.175608 0.088080 -0.348711 -90.000000 106.760000
3.454423 1.124225 113.505576 0.143594 0.075013 -0.228873 -90.000000 107.040000
3.462358 1.172474 110.446553 0.121252 0.069398 -0.152543 -90.000000 107.390000
3.469316 1.232547 107.852120 0.196596 0.089427 -0.161719 -90.000000 107.670000
3.473301 1.282775 105.740979 0.168798 0.062362 -0.131594 -90.000000 107.950000
3.474368 1.333990 104.279609 0.197477 0.054665 -0.102023 -90.000000 108.200000
3.475361 1.383244 103.823998 0.190361 0.050935 -0.031808 -90.000000 108.450000
3.474386 1.434473 104.393625 0.199455 0.047162 0.039767 -90.000000 108.700000
3.472412 1.483729 104.725724 0.192560 0.042445 0.023185 -90.000000 108.950000
3.469409 1.532993 107.333682 0.171148 0.042179 0.162562 -90.000000 109.230000
3.469592 1.680622 112.105698 0.162748 0.066340 0.099152 -90.000000 110.070000
3.463535 1.726875 114.359930 0.171666 0.052152 0.151322 -90.000000 110.330000
3.454635 1.767237 115.628748 0.143716 0.033692 0.079089 -90.000000 110.610000
3.452297 1.811440 116.849442 0.168723 0.074495 0.088771 -90.000000 110.850000
3.430801 1.865651 125.275050 0.099424 0.024135 0.257991 -90.000000 111.420000
3.395140 1.889592 140.580921 0.080662 -0.007827 0.504033 -90.000000 111.950000
3.380633 1.900531 145.804900 0.058539 0.002886 0.294115 -90.000000 112.260000
3.365201 1.908532 150.587737 0.059905 -0.002099 0.287849 -90.000000 112.550000
3.347847 1.913598 155.922502 0.071642 -0.009818 0.372437 -90.000000 112.800000
3.335254 1.920579 160.055521 0.059245 0.009442 0.300562 -90.000000 113.040000
3.323610 1.928533 163.492186 0.053700 0.017271 0.239924 -90.000000 113.290000
3.313894 1.934502 166.912637 0.033796 0.011292 0.186557 -90.000000 113.610000
3.298386 1.940521 170.313854 0.052578 0.010726 0.191492 -90.000000 113.920000
3.286732 1.946503 174.610084 0.039240 0.015680 0.241882 -90.000000 114.230000
3.281823 1.953416 176.262254 0.017257 0.021218 0.093019 -90.000000 114.540000
3.278866 1.960317 177.855547 0.008925 0.018851 0.077245 -90.000000 114.900000
3.270116 1.963326 -179.420039 0.029064 0.010324 0.158500 -90.000000 115.200000
3.267166 1.968256 -176.693840 0.006652 0.012728 0.118953 -90.000000 115.600000
3.270903 1.979018 -176.255894 -0.013852 0.032799 0.023886 -90.000000 115.920000
3.271799 1.986866 -175.157303 -0.004091 0.020378 0.050458 -90.000000 116.300000
