3.198329 2.168064 -170.928781 -0.013717 0.007258 0.038943 0.000000 0.590000
3.200160 2.173897 -171.124137 -0.009678 0.019575 -0.012177 0.000000 0.870000
3.204918 2.179705 -171.058169 -0.014743 0.013151 0.003030 0.000000 1.250000
3.207750 2.184552 -170.449032 -0.010579 0.012678 0.031269 0.000000 1.590000
3.214378 2.191283 -170.043616 -0.027472 0.019584 0.025271 0.000000 1.870000
3.217224 2.193188 -170.152108 -0.007635 0.003389 -0.004618 0.000000 2.280000
3.222942 2.197987 -169.443599 -0.013830 0.007810 0.026310 0.000000 2.750000
3.224804 2.201860 -169.456701 -0.009071 0.012383 -0.000817 0.000000 3.030000
3.227690 2.202802 -169.896881 -0.009698 0.001356 -0.024783 0.000000 3.340000
3.231410 2.207588 -168.535163 -0.014829 0.012745 0.076666 0.000000 3.650000
3.235153 2.213373 -168.556978 -0.015049 0.015399 -0.001190 0.000000 3.970000
3.238879 2.220133 -169.108559 -0.014520 0.017454 -0.028314 0.000000 4.310000
3.241687 2.223973 -167.953227 -0.014190 0.012676 0.080657 0.000000 4.560000
3.243568 2.225886 -167.961952 -0.008955 0.005914 -0.000609 0.000000 4.810000
3.245448 2.227798 -167.970736 -0.010170 0.006720 -0.000697 0.000000 5.030000
3.249292 2.228720 -168.276305 -0.017960 0.000552 -0.024242 0.000000 5.250000
3.249194 2.232599 -168.521588 -0.003072 0.017369 -0.019459 0.000000 5.470000
3.252028 2.234485 -167.347338 -0.014446 0.005543 0.093157 0.000000 5.690000
3.254845 2.236369 -167.483822 -0.015040 0.005850 -0.011343 0.000000 5.900000
3.256707 2.239255 -168.024667 -0.011002 0.011077 -0.042907 0.000000 6.120000
3.258592 2.240184 -167.501786 -0.009278 0.002266 0.041482 0.000000 6.340000
3.259457 2.244045 -167.637868 -0.007599 0.016305 -0.010796 0.000000 6.560000
3.262244 2.247868 -166.476939 -0.018966 0.016130 0.106642 0.000000 6.750000
3.264100 2.250749 -167.014558 -0.012927 0.012581 -0.049385 0.000000 6.940000
3.265000 2.252664 -167.150074 -0.005923 0.007579 -0.010751 0.000000 7.160000
3.266896 2.254580 -166.900460 -0.010861 0.006839 0.020746 0.000000 7.370000
3.269769 2.254527 -166.773106 -0.014656 -0.003732 0.011699 0.000000 7.560000
3.270623 2.256414 -166.130163 -0.005825 0.007394 0.051007 0.000000 7.780000
3.271564 2.258354 -167.051599 -0.006144 0.007639 -0.073100 0.000000 8.000000
3.273427 2.260254 -167.061006 -0.010186 0.006518 -0.000746 0.000000 8.220000
3.273344 2.264133 -167.072185 -0.003579 0.017270 -0.000887 0.000000 8.440000
3.276171 2.266016 -166.952869 -0.015140 0.005699 0.009916 0.000000 8.650000
3.279889 2.269808 -166.972066 -0.020351 0.012983 -0.001523 0.000000 8.870000
3.280767 2.271704 -166.057415 -0.005689 0.007078 0.069407 0.000000 9.100000
3.282580 2.275535 -166.072570 -0.008938 0.010940 -0.000882 0.000000 9.400000
3.284434 2.277427 -166.082086 -0.010253 0.006322 -0.000755 0.000000 9.620000
3.287252 2.279304 -165.953499 -0.014496 0.005167 0.010201 0.000000 9.840000
3.288172 2.281224 -165.818601 -0.006189 0.007440 0.010702 0.000000 10.060000
3.287162 2.283175 -165.965193 0.002299 0.009714 -0.011630 0.000000 10.280000
3.289029 2.284090 -165.443155 -0.010720 0.002192 0.047954 0.000000 10.470000
3.290910 2.285019 -165.978656 -0.009317 0.002026 -0.042483 0.000000 10.690000
3.292729 2.287867 -165.462251 -0.011252 0.010456 0.040968 0.000000 10.910000
3.294607 2.288795 -165.998208 -0.009306 0.002026 -0.042519 0.000000 11.130000
3.295476 2.291672 -166.676656 -0.007180 0.012377 -0.056386 0.000000 11.340000
3.297259 2.295475 -165.640279 -0.012139 0.014737 0.082219 0.000000 11.560000
3.297195 2.298380 -166.174782 -0.002873 0.012895 -0.042404 0.000000 11.780000
3.300065 2.297342 -165.507235 -0.011451 -0.007834 0.052959 0.000000 12.000000
3.298876 2.306042 -165.154475 -0.004908 0.039607 0.027986 0.000000 12.220000
3.295142 2.304208 -165.140890 0.018542 -0.003702 0.001078 0.000000 12.440000
3.284821 2.300614 -166.292901 0.049449 -0.004757 -0.091393 0.000000 12.660000
3.277464 2.294051 -163.761404 0.042376 -0.020206 0.210395 0.000000 12.870000
3.272832 2.292263 -162.879957 0.022512 -0.001569 0.069928 0.000000 13.090000
3.255452 2.298408 -165.563270 0.069545 0.046743 -0.212876 0.000000 13.310000
3.243052 2.298675 -165.680108 0.054310 0.015120 -0.009269 0.000000 13.530000
3.225060 2.293248 -164.147226 0.098897 -0.001611 0.140810 0.000000 13.720000
3.213794 2.286728 -163.672714 0.070250 -0.017167 0.046010 0.000000 13.900000
3.199457 2.284083 -164.355728 0.076411 0.006942 -0.062741 0.000000 14.090000
3.181126 2.283384 -164.861001 0.094092 0.021643 -0.046414 0.000000 14.280000
3.161903 2.281759 -164.822424 0.099887 0.018236 0.003544 0.000000 14.470000
3.141767 2.274280 -164.623062 0.097264 -0.008506 0.015816 0.000000 14.690000
3.114717 2.270754 -165.875130 0.129011 0.015150 -0.104061 0.000000 14.900000
3.098365 2.263162 -164.074358 0.093723 -0.014811 0.165418 0.000000 15.090000
3.076013 2.260463 -163.974864 0.101040 0.016256 0.007893 0.000000 15.310000
3.050768 2.253873 -164.434707 0.118581 0.001936 -0.036481 0.000000 15.530000
3.020599 2.244337 -164.226637 0.143751 -0.004435 0.016507 0.000000 15.750000
2.992285 2.237681 -164.546000 0.132109 0.005133 -0.025336 0.000000 15.970000
2.964871 2.231951 -164.500789 0.127037 0.008201 0.003587 0.000000 16.190000
2.937394 2.225190 -164.234924 0.134666 0.004562 0.022096 0.000000 16.400000
2.902024 2.217453 -163.888561 0.157079 0.010362 0.026283 0.000000 16.630000
2.871517 2.205704 -163.690957 0.155135 -0.012905 0.016423 0.000000 16.840000
2.839959 2.199835 -163.653267 0.145156 0.014777 0.002990 0.000000 17.060000
2.808367 2.190973 -164.134057 0.172690 0.000590 -0.044165 0.000000 17.250000
2.780686 2.186027 -163.886331 0.127120 0.013322 0.019653 0.000000 17.470000
2.743105 2.178100 -164.589749 0.174256 0.010657 -0.055804 0.000000 17.690000
2.708450 2.168155 -163.367465 0.171672 0.001860 0.101585 0.000000 17.900000
2.673777 2.159175 -162.979341 0.155581 0.006793 0.029452 0.000000 18.130000
2.640086 2.152161 -162.445689 0.163033 0.016543 0.044352 0.000000 18.340000
2.605388 2.140175 -163.296740 0.166724 -0.006850 -0.067517 0.000000 18.560000
2.563747 2.128149 -162.242241 0.196933 0.005666 0.083657 0.000000 18.780000
2.529050 2.119108 -160.523414 0.162389 0.013843 0.136360 0.000000 19.000000
2.491404 2.114021 -158.999529 0.168041 0.039735 0.120895 0.000000 19.220000
2.453740 2.100992 -159.111845 0.181060 0.005712 -0.008910 0.000000 19.440000
2.413127 2.088944 -158.910070 0.201089 0.016062 0.016770 0.000000 19.650000
2.373507 2.071942 -157.379439 0.226903 -0.002397 0.140603 0.000000 19.840000
2.339868 2.063894 -157.377389 0.179719 0.029003 0.000188 0.000000 20.030000
2.308225 2.056851 -155.881914 0.113422 0.023221 0.093218 15.000000 20.310000
2.255825 2.038843 -154.213241 0.220063 0.026322 0.116495 15.000000 20.560000
2.207410 2.016904 -154.455308 0.241559 0.004921 -0.019204 15.000000 20.780000
2.167918 2.000956 -151.509806 0.192345 0.021917 0.233676 15.000000 21.000000
2.129443 1.986022 -149.800407 0.226476 0.035812 0.165748 15.000000 21.180000
2.097884 1.970123 -149.808522 0.135668 0.008186 -0.000545 30.000000 21.440000
2.050578 1.948286 -147.368122 0.166496 0.022964 0.137397 30.000000 21.750000
1.998376 1.914610 -145.264901 0.282216 0.009405 0.166855 30.000000 21.970000
1.961955 1.893831 -143.882073 0.189406 0.021289 0.109704 30.000000 22.190000
1.926536 1.873081 -141.048823 0.193282 0.029188 0.235474 30.000000 22.400000
1.889161 1.848400 -139.113245 0.233743 0.030551 0.177801 30.000000 22.590000
1.858680 1.826696 -136.469096 0.168398 0.023902 0.209769 30.000000 22.810000
1.829193 1.801064 -135.687184 0.177296 0.010266 0.062031 30.000000 23.030000
1.797744 1.774465 -132.974908 0.185901 0.022173 0.215173 30.000000 23.250000
1.766299 1.746899 -130.595425 0.188153 0.026995 0.188772 30.000000 23.470000
1.737808 1.717378 -128.775584 0.194562 0.017733 0.151249 30.000000 23.680000
1.709316 1.686883 -127.158394 0.188696 0.019492 0.128297 30.000000 23.900000
1.682785 1.657387 -124.560338 0.171047 0.022244 0.197151 30.000000 24.130000
1.657234 1.626914 -121.868050 0.164040 0.023379 0.195789 45.000000 24.370000
1.629719 1.585630 -119.467594 0.176714 0.013024 0.149628 45.000000 24.650000
1.604160 1.542385 -117.057088 0.217990 0.013438 0.182918 45.000000 24.880000
1.583504 1.508976 -113.138725 0.184947 0.027933 0.325659 45.000000 25.090000
1.562834 1.475564 -110.577894 0.202865 0.040038 0.235236 45.000000 25.280000
1.546091 1.446082 -107.581382 0.150741 0.032070 0.237723 45.000000 25.500000
1.530324 1.411679 -103.936239 0.169034 0.031900 0.289181 45.000000 25.720000
1.519473 1.379234 -101.987184 0.154505 0.017614 0.154625 45.000000 25.940000
1.507628 1.343835 -98.796117 0.167245 0.028605 0.253157 45.000000 26.160000
1.497742 1.308428 -95.548684 0.172366 0.030550 0.269897 45.000000 26.370000
1.486858 1.274978 -91.711963 0.153457 0.044910 0.304379 45.000000 26.590000
1.481883 1.240533 -90.070532 0.156592 0.022419 0.130220 45.000000 26.810000
1.475910 1.205096 -85.714760 0.158600 0.039111 0.345557 45.000000 27.030000
1.473880 1.171617 -83.560081 0.150184 0.026239 0.170937 45.000000 27.250000
1.470849 1.135170 -80.623938 0.161208 0.040584 0.232934 45.000000 27.470000
1.472753 1.102656 -77.501728 0.146164 0.023532 0.247695 45.000000 27.690000
1.473659 1.068158 -73.389411 0.158654 0.042826 0.341778 45.000000 27.900000
1.477527 1.035619 -71.140714 0.145645 0.031171 0.178396 45.000000 28.120000
1.482375 1.002083 -68.194943 0.149717 0.036166 0.233697 45.000000 28.340000
1.486237 0.971487 -65.974292 0.134171 0.040588 0.176171 45.000000 28.560000
1.493053 0.938912 -61.834045 0.145159 0.042580 0.328459 45.000000 28.780000
1.502837 0.908305 -59.136107 0.111757 0.026079 0.168171 60.000000 29.060000
1.516542 0.868793 -55.196338 0.183027 0.051361 0.312554 60.000000 29.280000
1.530283 0.841131 -52.796688 0.137918 0.026276 0.190372 60.000000 29.500000
1.545993 0.811482 -49.734803 0.148987 0.032612 0.242909 60.000000 29.720000
1.561706 0.782807 -47.020978 0.144049 0.036606 0.215296 60.000000 29.940000
1.577428 0.757091 -43.941055 0.138883 0.036224 0.255975 60.000000 30.150000
1.592161 0.730366 -41.637606 0.125076 0.044281 0.174795 60.000000 30.380000
1.608883 0.707602 -39.344226 0.130306 0.033348 0.190605 60.000000 30.590000
1.629557 0.684840 -36.194277 0.136935 0.028004 0.249895 60.000000 30.810000
1.650231 0.661071 -33.471781 0.137973 0.038294 0.215984 60.000000 31.030000
1.669928 0.640267 -31.512891 0.125758 0.033821 0.155405 60.000000 31.250000
1.692596 0.621445 -29.293297 0.131717 0.024200 0.176088 60.000000 31.470000
1.716253 0.603613 -25.908871 0.132143 0.025924 0.268497 60.000000 31.690000
1.739915 0.585768 -23.480756 0.137202 0.033043 0.201803 60.000000 31.900000
1.762594 0.568908 -20.745874 0.123548 0.035153 0.216967 60.000000 32.120000
1.785281 0.555021 -18.149059 0.092444 0.021893 0.161868 75.000000 32.400000
1.816853 0.538154 -14.209743 0.151070 0.037394 0.298931 75.000000 32.630000
1.842510 0.526243 -10.814816 0.124711 0.031296 0.269330 75.000000 32.850000
1.867185 0.515319 -8.076937 0.123642 0.034994 0.227548 75.000000 33.060000
1.892851 0.503394 -5.943991 0.121651 0.041830 0.169213 75.000000 33.280000
1.916546 0.497433 -2.707216 0.108864 0.021980 0.256784 75.000000 33.500000
1.941230 0.491465 0.541376 0.111941 0.028186 0.257721 75.000000 33.720000
1.966907 0.485492 2.685056 0.140936 0.039828 0.207857 75.000000 33.900000
1.988634 0.480510 5.358543 0.092030 0.030388 0.202875 75.000000 34.130000
2.015301 0.477512 8.081400 0.123720 0.031985 0.226299 75.000000 34.340000
2.039994 0.475505 11.349489 0.108249 0.031033 0.259268 75.000000 34.560000
2.066663 0.475481 14.604502 0.117279 0.030672 0.258230 75.000000 34.780000
2.090369 0.478441 16.442894 0.107156 0.017597 0.145845 75.000000 35.000000
2.114075 0.481395 19.353412 0.106114 0.023037 0.230901 75.000000 35.220000
2.136795 0.482356 23.067821 0.096727 0.036448 0.294676 75.000000 35.440000
2.160497 0.489280 25.940156 0.110651 0.018824 0.227871 75.000000 35.660000
2.186187 0.491223 28.321888 0.106984 0.047625 0.188950 75.000000 35.880000
2.207912 0.499137 32.170898 0.107633 0.023183 0.319895 75.000000 36.090000
2.227662 0.507050 34.542216 0.094343 0.021276 0.188124 75.000000 36.310000
2.249384 0.517940 37.100357 0.108606 0.020081 0.202945 75.000000 36.530000
2.271110 0.526833 39.868184 0.101710 0.032278 0.219580 75.000000 36.750000
2.289865 0.537720 43.637467 0.095846 0.023017 0.299029 75.000000 36.970000
2.308622 0.548603 46.682010 0.094484 0.028091 0.241533 75.000000 37.190000
2.326386 0.561471 48.568836 0.101915 0.022874 0.156816 75.000000 37.400000
2.344138 0.577314 52.248682 0.101719 0.018857 0.279241 75.000000 37.630000
2.360910 0.591171 55.010549 0.099858 0.027591 0.229541 75.000000 37.840000
2.374706 0.607019 58.860102 0.094084 0.016423 0.305397 75.000000 38.060000
2.391469 0.623845 61.966848 0.103318 0.031307 0.246468 75.000000 38.280000
2.406249 0.641666 64.829779 0.101887 0.026353 0.227125 75.000000 38.500000
2.419051 0.659487 66.726391 0.097407 0.021448 0.150464 75.000000 38.720000
2.431845 0.679289 69.590392 0.104637 0.023118 0.227210 75.000000 38.940000
2.443661 0.696113 72.795783 0.093172 0.030051 0.266403 75.000000 39.150000
2.453490 0.714920 75.284998 0.089943 0.020562 0.188891 75.000000 39.380000
2.462326 0.734721 76.824452 0.088723 0.017043 0.111952 90.000000 39.620000
2.471143 0.759471 80.582598 0.080810 0.014527 0.204975 90.000000 39.940000
2.482909 0.790145 84.882238 0.150483 0.042776 0.357347 90.000000 40.150000
2.488772 0.810927 86.981295 0.091573 0.020698 0.159285 90.000000 40.380000
2.489674 0.834686 88.627912 0.095098 0.001331 0.114956 90.000000 40.630000
2.494535 0.859417 92.358111 0.098037 0.023496 0.260417 90.000000 40.880000
2.500392 0.883139 95.456256 0.109802 0.038505 0.257490 90.000000 41.090000
2.501318 0.900945 96.082186 0.080036 0.012760 0.049657 90.000000 41.310000
2.497275 0.924695 99.403677 0.096363 -0.000432 0.231884 90.000000 41.560000
2.499166 0.951375 101.408890 0.117176 0.032415 0.159080 90.000000 41.780000
2.498105 0.974104 105.127505 0.100992 0.022304 0.295009 90.000000 42.000000
2.495083 0.990909 108.117080 0.076871 0.010698 0.237173 90.000000 42.220000
2.489080 1.012652 111.485175 0.106815 0.011326 0.279925 90.000000 42.430000
2.483076 1.036359 113.440286 0.104950 0.017050 0.148361 90.000000 42.660000
2.480051 1.057095 116.968729 0.094538 0.031941 0.293252 90.000000 42.870000
2.477031 1.078801 119.313302 0.092755 0.036335 0.186002 90.000000 43.090000
2.467096 1.096581 122.207159 0.092450 0.004863 0.229579 90.000000 43.310000
2.458150 1.116320 124.123889 0.097085 0.016673 0.152060 90.000000 43.530000
2.449215 1.134085 128.188933 0.088579 0.018001 0.322493 90.000000 43.750000
2.441270 1.153806 130.541550 0.111950 0.037676 0.228116 90.000000 43.930000
2.435315 1.167609 132.057699 0.064716 0.021931 0.120281 90.000000 44.150000
2.417513 1.180446 136.229719 0.094500 -0.013239 0.316589 90.000000 44.380000
2.405636 1.197206 139.652988 0.110570 0.028245 0.331929 90.000000 44.560000
2.395745 1.211003 142.663259 0.073782 0.022596 0.238814 90.000000 44.780000
2.385844 1.231683 143.092463 0.092436 0.048132 0.034050 90.000000 45.000000
2.371030 1.242525 145.331877 0.083412 0.002230 0.177660 90.000000 45.220000
2.354252 1.252385 150.363950 0.088451 0.001247 0.399210 90.000000 45.440000
2.337473 1.265184 148.718331 0.095389 0.010115 -0.130552 90.000000 45.660000
2.324647 1.278963 151.345559 0.081191 0.027004 0.208426 90.000000 45.880000
2.309850 1.291755 151.557907 0.090969 0.020004 0.017648 90.000000 46.090000
2.293096 1.300616 155.629350 0.085989 0.005268 0.323000 90.000000 46.310000
2.272409 1.309473 156.334902 0.102286 -0.000872 0.055974 90.000000 46.530000
2.255665 1.321274 158.520113 0.090464 0.022047 0.173360 90.000000 46.750000
2.239914 1.330125 161.411220 0.080683 0.015309 0.229361 90.000000 46.970000
2.222205 1.336027 165.077855 0.084691 0.005197 0.290886 -75.000000 47.190000
2.199576 1.340948 167.534309 0.082707 -0.000286 0.153119 -75.000000 47.470000
2.175974 1.360592 168.800919 0.122581 0.066756 0.100484 -75.000000 47.690000
2.158281 1.366483 166.975437 0.088405 0.008343 -0.151717 -75.000000 47.900000
2.136654 1.383178 171.423448 0.103804 0.057753 0.337532 -75.000000 48.130000
2.113074 1.406741 177.845269 0.116428 0.107903 0.533723 -75.000000 48.340000
2.091463 1.414592 177.845756 0.099501 0.031967 0.000039 -75.000000 48.560000
2.069857 1.417535 178.384851 0.098549 0.010603 0.042768 -75.000000 48.780000
2.048253 1.405754 173.012756 0.090957 -0.065097 -0.426185 -75.000000 49.000000
2.025671 1.414586 174.563697 0.105986 0.030242 0.123041 -75.000000 49.220000
2.005056 1.427344 176.225432 0.097317 0.051694 0.131831 -75.000000 49.440000
1.982478 1.428324 173.482445 0.118650 -0.008363 -0.251969 -75.000000 49.630000
1.962847 1.427343 172.943127 0.092201 -0.016123 -0.044823 -75.000000 49.840000
1.939289 1.426362 171.169909 0.105125 -0.020843 -0.140675 -75.000000 50.060000
1.914750 1.439121 171.790601 0.118682 0.041473 0.049241 -75.000000 50.280000
1.891191 1.445011 171.630178 0.109841 0.010901 -0.012727 -75.000000 50.500000
1.867630 1.446977 169.443140 0.106922 -0.010833 -0.173505 -75.000000 50.720000
1.846030 1.446000 167.823302 0.095036 -0.025051 -0.128507 -75.000000 50.940000
1.822461 1.455822 166.752614 0.119965 0.019804 -0.088986 -75.000000 51.150000
1.797906 1.464663 167.162170 0.117752 0.014382 0.032491 -75.000000 51.370000
1.774327 1.470561 167.160690 0.105652 0.002223 -0.000112 -75.000000 51.600000
1.751726 1.471554 164.349682 0.104908 -0.024479 -0.233625 -75.000000 51.810000
1.727152 1.478439 163.664927 0.115996 -0.001383 -0.054324 -75.000000 52.030000
1.703549 1.487292 163.132721 0.114344 0.007379 -0.042222 -75.000000 52.250000
1.676993 1.493203 161.558795 0.123012 -0.012698 -0.124865 -75.000000 52.470000
1.656323 1.498132 160.156148 0.095979 -0.010816 -0.111276 -75.000000 52.690000
1.631713 1.502083 158.923811 0.116119 -0.024589 -0.102421 -75.000000 52.900000
1.606097 1.514883 158.406284 0.124041 0.010759 -0.039272 -75.000000 53.130000
1.581456 1.524740 157.171726 0.126358 -0.002261 -0.102605 -75.000000 53.340000
1.558775 1.533616 156.442960 0.110627 -0.004220 -0.057815 -75.000000 53.560000
1.534118 1.537583 153.709159 0.108469 -0.033476 -0.216881 -75.000000 53.780000
1.509437 1.547455 152.454186 0.120220 -0.012095 -0.099561 -75.000000 54.000000
1.484733 1.563239 151.198539 0.132966 0.008768 -0.099615 -75.000000 54.220000
1.463968 1.574105 150.022332 0.106439 -0.004378 -0.093312 -75.000000 54.440000
1.437278 1.582028 147.629618 0.127543 -0.036178 -0.198861 -75.000000 54.650000
1.411551 1.589957 146.689264 0.117523 -0.034101 -0.074601 -75.000000 54.870000
1.390739 1.607735 145.449086 0.123746 0.012904 -0.098387 -75.000000 55.090000
1.367940 1.624539 144.012673 0.128735 0.000910 -0.113955 -75.000000 55.310000
1.346130 1.634452 141.528542 0.105647 -0.026397 -0.197074 -75.000000 55.530000
1.323315 1.645358 139.876579 0.111245 -0.028926 -0.131055 -75.000000 55.750000
1.301473 1.661197 137.547331 0.121852 -0.013893 -0.184787 -75.000000 55.970000
1.283575 1.679010 136.723117 0.114733 0.003181 -0.065387 -75.000000 56.190000
1.261711 1.694864 135.944499 0.127319 -0.018144 -0.064712 -75.000000 56.400000
1.241832 1.706773 133.561415 0.101497 -0.028173 -0.189058 -75.000000 56.620000
1.219960 1.719678 130.769901 0.109346 -0.036988 -0.221460 -75.000000 56.840000
1.201034 1.741469 129.461693 0.131145 -0.003464 -0.103784 -75.000000 57.060000
1.186082 1.760295 128.831456 0.109276 0.000714 -0.049999 -75.000000 57.280000
1.165181 1.776175 125.918113 0.114193 -0.034597 -0.231125 -75.000000 57.500000
1.145272 1.791068 124.031761 0.106746 -0.037109 -0.149650 -75.000000 57.720000
1.128323 1.812876 121.644824 0.124808 -0.013583 -0.189363 -75.000000 57.940000
1.110382 1.834691 120.070293 0.132708 -0.021880 -0.130861 -75.000000 58.150000
1.097419 1.854512 122.111902 0.107633 -0.002018 0.161967 -75.000000 58.370000
1.078505 1.871387 117.766375 0.091320 -0.034133 -0.291707 -75.000000 58.630000
1.058588 1.895188 114.121819 0.135738 -0.038410 -0.289134 -75.000000 58.850000
1.044639 1.920949 112.585636 0.138777 -0.014217 -0.127674 -75.000000 59.060000
1.030711 1.939781 110.209585 0.102200 -0.029841 -0.188500 -75.000000 59.280000
1.019774 1.956623 108.008151 0.088172 -0.023610 -0.174647 -75.000000 59.500000
1.003881 1.977426 105.953016 0.110773 -0.043470 -0.163041 -75.000000 59.720000
0.993946 2.005137 103.399051 0.132995 -0.014743 -0.202614 -75.000000 59.940000
0.983039 2.026905 100.336652 0.111293 -0.032493 -0.254519 -75.000000 60.150000
0.972156 2.048657 99.744738 0.101219 -0.030627 -0.044917 -75.000000 60.380000
0.964242 2.069420 96.376947 0.102444 -0.026473 -0.279900 -75.000000 60.590000
0.953405 2.095092 95.642677 0.120972 -0.037545 -0.058252 -75.000000 60.810000
0.948492 2.119784 91.635829 0.112827 -0.019120 -0.317876 -75.000000 61.030000
0.941640 2.144443 89.861981 0.112011 -0.031413 -0.140725 -75.000000 61.250000
0.936765 2.166136 86.968764 0.097293 -0.027343 -0.229528 -75.000000 61.470000
0.929942 2.188791 84.028993 0.087292 -0.036572 -0.205235 -75.000000 61.720000
0.928100 2.218328 82.842520 0.132170 -0.025034 -0.094127 -75.000000 61.940000
0.927233 2.241942 81.106043 0.092782 -0.018032 -0.121229 -75.000000 62.190000
0.924429 2.267493 79.171143 0.116996 -0.035975 -0.160811 -75.000000 62.400000
0.922605 2.289091 76.878279 0.089653 -0.029040 -0.173991 -75.000000 62.630000
0.920834 2.315575 73.374363 0.118430 -0.044165 -0.291214 -75.000000 62.840000
0.922026 2.341059 71.707288 0.111683 -0.031211 -0.132254 -75.000000 63.060000
0.921287 2.365498 72.356490 0.104845 -0.036872 0.051503 -75.000000 63.280000
0.923459 2.388015 68.590522 0.098889 -0.028170 -0.298766 -75.000000 63.500000
0.927596 2.409542 66.045841 0.097057 -0.022544 -0.201878 -75.000000 63.720000
0.932760 2.433976 63.234212 0.109735 -0.029059 -0.223055 -75.000000 63.940000
0.936951 2.456400 63.430483 0.104431 -0.029911 0.016312 -75.000000 64.150000
0.942104 2.477869 59.922134 0.096186 -0.028639 -0.278328 -75.000000 64.370000
0.946321 2.500249 57.705088 0.096229 -0.038146 -0.175885 -75.000000 64.590000
0.957347 2.521732 56.613758 0.109117 -0.011888 -0.086579 -75.000000 64.810000
0.967396 2.542209 54.454227 0.102287 -0.016948 -0.171322 -75.000000 65.030000
0.976464 2.561682 53.336672 0.095612 -0.019787 -0.088659 -75.000000 65.250000
0.982661 2.583010 50.900793 0.093003 -0.039280 -0.193246 -75.000000 65.470000
0.991804 2.605321 48.565726 0.103530 -0.035956 -0.185248 -75.000000 65.690000
1.004805 2.625748 46.226776 0.113071 -0.022587 -0.194392 -75.000000 65.900000
1.016808 2.644203 45.036069 0.093649 -0.019778 -0.090355 -75.000000 66.130000
1.027850 2.662624 41.998608 0.097772 -0.030004 -0.252446 -75.000000 66.340000
1.039884 2.681981 41.956981 0.099499 -0.028862 -0.003302 -75.000000 66.560000
1.054844 2.701391 37.796155 0.107809 -0.028044 -0.330091 -75.000000 66.780000
1.070680 2.716018 35.253459 0.097156 -0.012747 -0.201720 -75.000000 67.000000
1.086594 2.734438 33.922984 0.106747 -0.029106 -0.105551 -75.000000 67.220000
1.100575 2.752780 32.870470 0.098629 -0.035534 -0.083499 -75.000000 67.440000
1.119312 2.766467 30.775809 0.110006 -0.010345 -0.174089 -75.000000 67.650000
1.138016 2.778234 29.050893 0.100296 -0.005470 -0.136843 -75.000000 67.870000
1.153004 2.797483 26.930924 0.100366 -0.047152 -0.168184 -75.000000 68.090000
1.168912 2.813882 24.084085 0.096432 -0.038546 -0.225849 -75.000000 68.310000
1.185718 2.827442 23.839639 0.094785 -0.025502 -0.019393 -75.000000 68.530000
1.206412 2.840125 20.821309 0.108412 -0.020447 -0.239454 -75.000000 68.750000
1.228047 2.851871 19.808166 0.110617 -0.016911 -0.080376 -75.000000 68.970000
1.248702 2.862637 18.129764 0.104456 -0.017290 -0.133153 -75.000000 69.190000
1.266478 2.874262 14.826602 0.095991 -0.031853 -0.274529 -75.000000 69.400000
1.290008 2.882235 12.755399 0.107436 -0.011220 -0.157171 -75.000000 69.630000
1.312595 2.890155 9.371567 0.107157 -0.018804 -0.268450 -75.000000 69.850000
1.333204 2.898049 9.412229 0.094013 -0.019205 0.003086 -75.000000 70.080000
1.351829 2.903072 7.894929 0.068350 -0.008634 -0.094578 -75.000000 70.360000
1.372266 2.900609 9.324805 0.070601 0.020506 0.089129 -75.000000 70.640000
1.394743 2.902869 11.619166 0.080254 0.008262 0.143015 -75.000000 70.920000
1.423086 2.902350 11.766761 0.081298 0.018496 0.007577 -75.000000 71.260000
1.673128 2.881066 27.312383 0.040151 0.025263 0.051290 -75.000000 76.550000
1.696757 2.881195 27.838148 0.037420 0.019500 0.016386 -75.000000 77.110000
1.705614 2.880283 29.199661 0.026024 0.018276 0.084867 -75.000000 77.390000
1.735157 2.879455 29.698994 0.030062 0.018281 0.010375 -75.000000 78.230000
1.745009 2.879495 29.694407 0.034310 0.019383 -0.000320 -75.000000 78.480000
1.751897 2.877602 31.641972 0.015222 0.016330 0.106223 -75.000000 78.800000
1.763717 2.876682 32.145310 0.033994 0.025241 0.031375 -75.000000 79.080000
1.773574 2.877675 31.002458 0.020365 0.009605 -0.045333 -75.000000 79.520000
1.786390 2.878678 30.799260 0.031140 0.015407 -0.009585 -75.000000 79.890000
1.796243 2.877746 31.949711 0.017879 0.013647 0.045634 -75.000000 80.330000
