-0.981283 -0.119347 -0.878420 0.000000
-0.983167 -0.136691 -0.855510 0.020000
-1.756400 -0.153548 -0.829758 0.040000
-2.656452 -0.170015 -0.816385 0.060000
-2.285637 -0.186360 -0.817587 0.080000
-2.311660 -0.202624 -0.808291 0.100000
-1.516346 -0.218677 -0.796462 0.120000
-1.221442 -0.234309 -0.766359 0.140000
-0.427516 -0.249258 -0.728186 0.160000
0.014754 -0.263270 -0.672748 0.180000
0.677461 -0.276074 -0.607423 0.200000
1.332597 -0.287434 -0.528528 0.220000
1.999756 -0.297088 -0.436854 0.240000
2.913845 -0.304783 -0.332833 0.260000
2.649934 -0.310234 -0.212479 0.280000
2.639609 -0.313344 -0.098769 0.300000
2.318628 -0.314199 0.012828 0.320000
2.557487 -0.312906 0.116130 0.340000
3.512546 -0.309525 0.221491 0.360000
2.705412 -0.303885 0.342032 0.380000
3.193825 -0.296021 0.443802 0.400000
2.778824 -0.286063 0.551307 0.420000
2.376174 -0.274074 0.646934 0.440000
2.881121 -0.260290 0.730759 0.460000
1.918449 -0.244775 0.820035 0.480000
1.965924 -0.227706 0.886161 0.500000
2.694795 -0.209349 0.948698 0.520000
2.472481 -0.189647 1.020686 0.540000
1.896865 -0.168599 1.083235 0.560000
1.847226 -0.146465 1.129330 0.580000
1.976571 -0.123470 1.169328 0.600000
1.675430 -0.099701 1.206681 0.620000
2.627247 -0.075298 1.232793 0.640000
1.702887 -0.050236 1.272477 0.660000
2.291426 -0.024620 1.288233 0.680000
2.007191 0.001375 1.310348 0.700000
2.503119 0.027701 1.321315 0.720000
3.332138 0.054291 1.336716 0.740000
3.077463 0.081297 1.362929 0.760000
4.007230 0.108718 1.378191 0.780000
3.170001 0.136569 1.405911 0.800000
2.254903 0.164748 1.410998 0.820000
1.848495 0.192792 1.392474 0.840000
1.575903 0.220333 1.360907 0.860000
1.556413 0.247143 1.319348 0.880000
1.893450 0.273075 1.273075 0.900000
2.240280 0.298104 1.229149 0.920000
2.384481 0.322280 1.187800 0.940000
1.545665 0.345617 1.145260 0.960000
2.342328 0.367909 1.083463 0.980000
1.419105 0.389083 1.033378 1.000000
1.983494 0.409055 0.963379 1.020000
1.056807 0.427706 0.901325 1.040000
0.591174 0.444926 0.820407 1.060000
0.001622 0.460429 0.729784 1.080000
-0.480589 0.474007 0.627927 1.100000
0.384641 0.485460 0.517453 1.120000
-0.599109 0.494860 0.422543 1.140000
-0.792162 0.502193 0.310941 1.160000
-0.003958 0.507272 0.197184 1.180000
-0.595540 0.510228 0.098662 1.200000
-1.551988 0.511127 -0.008456 1.220000
-1.157654 0.509738 -0.129939 1.240000
-1.775607 0.506016 -0.241797 1.260000
-1.682741 0.499979 -0.361387 1.280000
-1.476291 0.491600 -0.475882 1.300000
-0.498703 0.481005 -0.583020 1.320000
-1.313811 0.468478 -0.668982 1.340000
-2.185236 0.454127 -0.765428 1.360000
-1.209332 0.437735 -0.873028 1.380000
-1.305116 0.419415 -0.958182 1.400000
-0.597294 0.399423 -1.040179 1.420000
-0.794404 0.377971 -1.104081 1.440000
-1.017991 0.355257 -1.166473 1.460000
-0.249176 0.331306 -1.227680 1.480000
0.054770 0.306332 -1.268884 1.500000
0.608368 0.280645 -1.298858 1.520000
-0.198973 0.254520 -1.312824 1.540000
0.733351 0.228012 -1.337018 1.560000
0.377880 0.201256 -1.337677 1.580000
-0.035784 0.174470 -1.340071 1.600000
0.367476 0.147607 -1.345342 1.620000
0.084031 0.120771 -1.337442 1.640000
-0.599627 0.094087 -1.330100 1.660000
-1.583166 0.067465 -1.331245 1.680000
-0.923176 0.040677 -1.346671 1.700000
-0.670285 0.013766 -1.343549 1.720000
0.072591 -0.012981 -1.330281 1.740000
0.324406 -0.039265 -1.297415 1.760000
-0.414319 -0.064798 -1.255195 1.780000
-0.509459 -0.089593 -1.223537 1.800000
-1.120709 -0.113731 -1.189633 1.820000
-0.230983 -0.137272 -1.163788 1.840000
-0.395022 -0.160081 -1.116499 1.860000
-1.237092 -0.181942 -1.069054 1.880000
-0.504323 -0.202986 -1.034793 1.900000
-0.131326 -0.223169 -0.983004 1.920000
-1.091803 -0.242216 -0.921297 1.940000
-1.942880 -0.260191 -0.875739 1.960000
-2.892207 -0.277392 -0.843938 1.980000
-2.994389 -0.294111 -0.827464 2.000000
-2.975205 -0.310490 -0.809899 2.020000
-2.426205 -0.326484 -0.789035 2.040000
-2.856577 -0.341930 -0.755126 2.060000
-3.699867 -0.356754 -0.726886 2.080000
-2.868763 -0.371146 -0.711869 2.100000
-2.582801 -0.385058 -0.678915 2.120000
-1.948440 -0.398236 -0.638652 2.140000
-1.675153 -0.410476 -0.585110 2.160000
-1.132582 -0.421583 -0.525419 2.180000
-1.722153 -0.431389 -0.455134 2.200000
-1.225841 -0.439893 -0.395127 2.220000
-1.894401 -0.447103 -0.325936 2.240000
-2.337936 -0.453051 -0.268818 2.260000
-2.568671 -0.457936 -0.219687 2.280000
-3.066497 -0.461880 -0.174766 2.300000
-3.584002 -0.465016 -0.138859 2.320000
-2.901066 -0.467527 -0.112254 2.340000
-3.859203 -0.469386 -0.073657 2.360000
-3.069366 -0.470646 -0.052435 2.380000
-3.197107 -0.471345 -0.017488 2.400000
-3.665147 -0.471373 0.014584 2.420000
-2.854659 -0.470849 0.037710 2.440000
-2.735028 -0.469725 0.074520 2.460000
-3.516965 -0.467854 0.112416 2.480000
-3.113938 -0.465375 0.135299 2.500000
-2.468516 -0.462377 0.164307 2.520000
-1.991503 -0.458696 0.203520 2.540000
-1.015715 -0.454161 0.249634 2.560000
-1.697354 -0.448549 0.311253 2.580000
-0.721195 -0.441849 0.358335 2.600000
-0.268625 -0.434055 0.420618 2.620000
-0.068437 -0.424961 0.488279 2.640000
-0.751708 -0.414508 0.556470 2.660000
-1.605039 -0.402849 0.608920 2.680000
-2.169860 -0.390330 0.642512 2.700000
-2.561296 -0.377273 0.662614 2.720000
-1.947245 -0.363917 0.672498 2.740000
-2.217118 -0.350278 0.690890 2.760000
-1.479595 -0.336353 0.701189 2.780000
-2.273771 -0.322112 0.722322 2.800000
-2.312669 -0.307631 0.725302 2.820000
-2.804809 -0.293127 0.724609 2.840000
-2.890841 -0.278760 0.711703 2.860000
-2.955768 -0.264693 0.694540 2.880000
-3.299355 -0.251007 0.673666 2.900000
-4.291105 -0.237828 0.643881 2.920000
-5.112952 -0.225457 0.592960 2.940000
-5.608247 -0.214278 0.524708 2.960000
-5.217629 -0.204570 0.446006 2.980000
-5.259462 -0.196364 0.374541 3.000000
-4.298230 -0.189598 0.302102 3.020000
-5.105424 -0.184092 0.248518 3.040000
-5.899223 -0.179815 0.179260 3.060000
-5.641378 -0.177072 0.095166 3.080000
-4.765892 -0.175949 0.017358 3.100000
-4.120441 -0.176197 -0.041927 3.120000
-3.280818 -0.177491 -0.087291 3.140000
-3.828990 -0.179516 -0.115048 3.160000
-3.021371 -0.182193 -0.152460 3.180000
-3.576171 -0.185448 -0.172796 3.200000
-3.673651 -0.189206 -0.202818 3.220000
-3.209536 -0.193570 -0.233313 3.240000
-3.998110 -0.198438 -0.253242 3.260000
-3.839465 -0.203844 -0.287040 3.280000
-3.987140 -0.209876 -0.315913 3.300000
-4.826622 -0.216496 -0.345772 3.320000
-5.228356 -0.223856 -0.389823 3.340000
-5.496137 -0.232150 -0.439105 3.360000
-5.682956 -0.241453 -0.490695 3.380000
-4.848884 -0.251793 -0.542744 3.400000
-3.848987 -0.262980 -0.575459 3.420000
-4.361142 -0.274599 -0.586008 3.440000
-3.435808 -0.286501 -0.603656 3.460000
-2.973761 -0.298550 -0.600882 3.480000
-3.421333 -0.310433 -0.586972 3.500000
-3.731959 -0.322100 -0.579375 3.520000
-3.144196 -0.333651 -0.575367 3.540000
-2.489132 -0.344989 -0.558084 3.560000
-1.615159 -0.355839 -0.526696 3.580000
-1.392503 -0.365884 -0.477654 3.600000
-1.457256 -0.374898 -0.423636 3.620000
-1.663214 -0.382838 -0.370263 3.640000
-1.451584 -0.389745 -0.320310 3.660000
-0.955639 -0.395610 -0.266247 3.680000
0.040781 -0.400304 -0.203196 3.700000
-0.810477 -0.403559 -0.122491 3.720000
-1.448314 -0.405367 -0.058434 3.740000
-1.960806 -0.406020 -0.007027 3.760000
-1.100215 -0.405748 0.034071 3.780000
-0.285448 -0.404506 0.089874 3.800000
0.297605 -0.402014 0.159066 3.820000
0.371905 -0.398050 0.236939 3.840000
0.955007 -0.392539 0.313791 3.860000
0.160983 -0.385409 0.398690 3.880000
0.356085 -0.376758 0.465945 3.900000
-0.161693 -0.366755 0.533795 3.920000
-1.085739 -0.355524 0.588809 3.940000
-0.253226 -0.343397 0.623399 3.960000
-1.062129 -0.330452 0.670484 3.980000
-0.734072 -0.316752 0.698978 4.000000
-1.094708 -0.302452 0.730422 4.020000
-0.724358 -0.287626 0.751646 4.040000
-0.686593 -0.272338 0.776605 4.060000
0.217701 -0.256578 0.798829 4.080000
0.226401 -0.240234 0.834905 4.100000
-0.343160 -0.223206 0.867305 4.120000
0.656377 -0.205678 0.884786 4.140000
0.106110 -0.187644 0.917934 4.160000
0.467549 -0.169096 0.936255 4.180000
-0.057477 -0.150150 0.957700 4.200000
0.937475 -0.130918 0.964787 4.220000
0.362457 -0.111388 0.987563 4.240000
0.495932 -0.091557 0.994801 4.260000
1.111932 -0.071596 1.000698 4.280000
1.399343 -0.051434 1.014786 4.300000
0.655590 -0.030975 1.030368 4.320000
-0.209492 -0.010395 1.026950 4.340000
0.590185 0.009905 1.002500 4.360000
-0.331383 0.029841 0.990467 4.380000
0.646531 0.049317 0.956602 4.400000
0.258165 0.068278 0.939025 4.420000
0.694851 0.086779 0.910483 4.440000
0.842298 0.104764 0.887581 4.460000
0.504613 0.122291 0.864581 4.480000
0.590981 0.139262 0.832046 4.500000
1.527216 0.155573 0.798627 4.520000
1.952949 0.171374 0.781058 4.540000
1.258498 0.186880 0.769061 4.560000
2.123660 0.201983 0.740776 4.580000
2.540437 0.216664 0.726908 4.600000
3.336005 0.231122 0.718470 4.620000
3.035015 0.245538 0.722618 4.640000
3.125689 0.259949 0.717965 4.660000
3.527913 0.274255 0.712222 4.680000
3.583382 0.288496 0.711340 4.700000
2.800350 0.302700 0.708597 4.720000
2.290380 0.316673 0.688227 4.740000
2.951685 0.330117 0.655918 4.760000
3.048904 0.343020 0.634000 4.780000
2.163423 0.355481 0.611759 4.800000
2.026860 0.367312 0.571086 4.820000
1.543958 0.378290 0.526458 4.840000
2.192733 0.388274 0.471798 4.860000
2.032959 0.397276 0.428277 4.880000
2.638304 0.405370 0.381032 4.900000
3.480984 0.412624 0.344232 4.920000
4.013924 0.419288 0.322047 4.940000
4.022838 0.425597 0.308597 4.960000
4.810488 0.431627 0.294281 4.980000
5.415911 0.437504 0.293153 5.000000
4.790348 0.443454 0.301616 5.020000
4.152144 0.449446 0.297412 5.040000
3.878727 0.455228 0.280650 5.060000
4.178697 0.460618 0.258186 5.080000
4.432795 0.465605 0.240403 5.100000
4.997428 0.470274 0.226449 5.120000
5.511723 0.474758 0.221755 5.140000
5.270222 0.479230 0.225229 5.160000
4.710173 0.483717 0.223397 5.180000
5.587830 0.488061 0.210818 5.200000
5.359189 0.492300 0.212904 5.220000
5.231689 0.496530 0.210015 5.240000
4.926231 0.500672 0.204039 5.260000
5.693570 0.504634 0.191988 5.280000
6.112520 0.508481 0.192618 5.300000
6.467510 0.512405 0.199606 5.320000
6.267114 0.516520 0.211657 5.340000
6.982570 0.520829 0.219045 5.360000
6.282019 0.525397 0.237542 5.380000
6.731293 0.530200 0.242572 5.400000
7.553323 0.535169 0.254043 5.420000
8.000000 0.540493 0.278062 5.440000
7.611222 0.546355 0.307818 5.460000
7.611974 0.552725 0.328898 5.480000
6.953186 0.559497 0.347967 5.500000
6.517210 0.566519 0.353935 5.520000
6.774109 0.573570 0.350842 5.540000
6.425922 0.580585 0.350435 5.560000
5.623128 0.587519 0.342638 5.580000
4.715425 0.594149 0.320214 5.600000
3.915907 0.600171 0.281955 5.620000
4.257819 0.605293 0.230221 5.640000
5.123423 0.609437 0.184130 5.660000
5.454578 0.612800 0.152216 5.680000
4.474295 0.615579 0.125627 5.700000
4.625590 0.617666 0.083187 5.720000
3.685848 0.618934 0.043678 5.740000
2.848313 0.619265 -0.010375 5.760000
3.239349 0.618391 -0.076816 5.780000
2.255637 0.616267 -0.135338 5.800000
1.718914 0.612829 -0.208076 5.820000
1.097614 0.607871 -0.287309 5.840000
0.921285 0.601253 -0.374061 5.860000
1.530326 0.592900 -0.460691 5.880000
1.547614 0.582948 -0.534002 5.900000
2.277036 0.571565 -0.603665 5.920000
1.756339 0.558947 -0.657591 5.940000
1.108423 0.545197 -0.716743 5.960000
1.519839 0.530192 -0.783100 5.980000
1.440539 0.513971 -0.838290 6.000000
0.922727 0.496675 -0.890680 6.020000
1.565863 0.478282 -0.947806 6.040000
2.264817 0.458906 -0.989021 6.060000
3.133642 0.438876 -1.013247 6.080000
2.169861 0.418563 -1.017412 6.100000
2.743716 0.398033 -1.034878 6.120000
2.033572 0.377302 -1.037440 6.140000
1.979451 0.356431 -1.048911 6.160000
2.947672 0.335365 -1.057054 6.180000
3.094286 0.314360 -1.042734 6.200000
3.816180 0.293709 -1.021705 6.220000
4.036838 0.273654 -0.983223 6.240000
4.676840 0.254445 -0.937213 6.260000
5.592699 0.236309 -0.875934 6.280000
6.209213 0.219601 -0.794531 6.300000
5.915807 0.204659 -0.699421 6.320000
6.148150 0.191574 -0.608880 6.340000
6.957901 0.180355 -0.513022 6.360000
6.656868 0.171214 -0.401104 6.380000
7.300049 0.164248 -0.295553 6.400000
6.452084 0.159512 -0.178273 6.420000
6.672219 0.156941 -0.079120 6.440000
6.595235 0.156380 0.022708 6.460000
6.699612 0.157820 0.120918 6.480000
6.602662 0.161220 0.218710 6.500000
5.721584 0.166530 0.311742 6.520000
6.663217 0.173496 0.384420 6.540000
6.695247 0.182071 0.472379 6.560000
7.023871 0.192373 0.557191 6.580000
7.668995 0.204395 0.644294 6.600000
8.000000 0.218240 0.739341 6.620000
8.000000 0.233998 0.835602 6.640000
7.992018 0.251626 0.926189 6.660000
8.000000 0.271004 1.010619 6.680000
7.273732 0.292010 1.088894 6.700000
7.842281 0.314378 1.146866 6.720000
7.472953 0.337949 1.209093 6.740000
7.166981 0.362627 1.257555 6.760000
7.671107 0.388149 1.293543 6.780000
8.000000 0.414416 1.331967 6.800000
7.147368 0.441440 1.369191 6.820000
7.686484 0.468982 1.383873 6.840000
7.176975 0.496844 1.401151 6.860000
7.573260 0.524892 1.402484 6.880000
7.897280 0.552967 1.403815 6.900000
8.000000 0.581053 1.403682 6.920000
7.805912 0.609084 1.398275 6.940000
7.886566 0.636907 1.382874 6.960000
7.935495 0.664369 1.362194 6.980000
8.000000 0.691360 1.335896 7.000000
8.000000 0.717773 1.304422 7.020000
7.825376 0.743497 1.267043 7.040000
8.000000 0.768392 1.221557 7.060000
8.000000 0.792350 1.173389 7.080000
7.310896 0.815295 1.120334 7.100000
6.603950 0.837040 1.053528 7.120000
5.626249 0.857319 0.973784 7.140000
6.307319 0.875847 0.878700 7.160000
6.814592 0.892541 0.790353 7.180000
6.486510 0.907512 0.706532 7.200000
5.783606 0.920752 0.617219 7.220000
6.717766 0.932111 0.518611 7.240000
6.364953 0.941605 0.430749 7.260000
5.984799 0.949299 0.338631 7.280000
5.806422 0.955109 0.242517 7.300000
5.776171 0.958985 0.145261 7.320000
5.281084 0.960925 0.048991 7.340000
4.976676 0.960899 -0.051184 7.360000
4.355502 0.958857 -0.152628 7.380000
3.679248 0.954741 -0.258557 7.400000
3.126027 0.948457 -0.369210 7.420000
2.735733 0.939931 -0.482818 7.440000
2.456211 0.929124 -0.597176 7.460000
1.917319 0.916038 -0.710703 7.480000
2.565292 0.900661 -0.826312 7.500000
3.023078 0.883098 -0.929096 7.520000
3.675830 0.863589 -1.021009 7.540000
3.939969 0.842378 -1.099103 7.560000
4.121798 0.819697 -1.168093 7.580000
3.887149 0.795718 -1.228806 7.600000
3.621710 0.770551 -1.286838 7.620000
3.794060 0.744247 -1.342575 7.640000
2.840121 0.716915 -1.389533 7.660000
3.584174 0.688564 -1.444528 7.680000
3.293646 0.659292 -1.481570 7.700000
2.995730 0.629299 -1.516644 7.720000
3.112401 0.598622 -1.549921 7.740000
2.734460 0.567366 -1.574607 7.760000
2.412724 0.535619 -1.598981 7.780000
2.812826 0.503396 -1.622180 7.800000
1.964984 0.470846 -1.631663 7.820000
1.912478 0.438023 -1.649567 7.840000
2.573820 0.404899 -1.661725 7.860000
2.900707 0.371720 -1.655109 7.880000
3.626570 0.338798 -1.635964 7.900000
3.939228 0.306459 -1.596966 7.920000
4.732297 0.275018 -1.546215 7.940000
4.538011 0.244799 -1.474875 7.960000
4.837394 0.216018 -1.402470 7.980000
4.694262 0.188788 -1.319840 8.000000
4.724143 0.163222 -1.236131 8.020000
3.863153 0.139371 -1.148389 8.040000
3.063283 0.117136 -1.074571 8.060000
3.336291 0.096250 -1.013619 8.080000
2.455660 0.076665 -0.944460 8.100000
3.349740 0.058313 -0.890307 8.120000
3.711973 0.041246 -0.816057 8.140000
4.021218 0.025754 -0.732905 8.160000
4.770344 0.011999 -0.642411 8.180000
4.713281 0.000211 -0.536380 8.200000
4.625893 -0.009467 -0.431496 8.220000
3.981433 -0.017069 -0.328751 8.240000
3.324447 -0.022751 -0.239526 8.260000
3.523384 -0.026786 -0.164143 8.280000
2.538052 -0.029283 -0.085687 8.300000
2.322319 -0.030417 -0.027946 8.320000
1.351270 -0.030450 0.024493 8.340000
2.270389 -0.029638 0.056592 8.360000
2.941779 -0.028010 0.106018 8.380000
3.354692 -0.025273 0.167337 8.400000
2.666420 -0.021247 0.234966 8.420000
2.439760 -0.016026 0.286734 8.440000
1.833993 -0.009836 0.331885 8.460000
1.097568 -0.002886 0.362870 8.480000
1.514907 0.004519 0.377262 8.500000
2.306452 0.012276 0.398162 8.520000
2.981745 0.020589 0.432763 8.540000
2.850070 0.029705 0.478349 8.560000
2.699684 0.039679 0.518558 8.580000
2.613078 0.050398 0.552963 8.600000
2.520352 0.061761 0.582804 8.620000
1.832315 0.073673 0.607929 8.640000
1.891530 0.085923 0.616588 8.660000
1.488164 0.098331 0.623821 8.680000
0.824393 0.110778 0.620518 8.700000
0.115397 0.123005 0.601802 8.720000
0.058657 0.134698 0.567202 8.740000
-0.552664 0.145672 0.529991 8.760000
-0.748297 0.155769 0.479521 8.780000
-0.703810 0.164809 0.424407 8.800000
0.106025 0.172750 0.369648 8.820000
-0.293498 0.179751 0.330356 8.840000
0.525198 0.185883 0.282804 8.860000
0.671848 0.191222 0.251034 8.880000
-0.294833 0.195951 0.221776 8.900000
0.378783 0.199903 0.173486 8.920000
0.947699 0.203023 0.138557 8.940000
0.090732 0.205557 0.114812 8.960000
0.018310 0.207449 0.074495 8.980000
-0.512567 0.208526 0.033291 9.000000
-0.118151 0.208683 -0.017501 9.020000
-0.090509 0.207910 -0.059585 9.040000
-0.385137 0.206312 -0.100075 9.060000
0.116251 0.203858 -0.145092 9.080000
0.724508 0.200615 -0.178952 9.100000
0.891912 0.196827 -0.199659 9.120000
0.824741 0.192669 -0.215935 9.140000
1.139893 0.188184 -0.232357 9.160000
0.154032 0.183445 -0.241425 9.180000
0.072337 0.178342 -0.268563 9.200000
-0.889548 0.172696 -0.295727 9.220000
-0.471176 0.166336 -0.339983 9.240000
0.136588 0.159193 -0.373912 9.260000
0.770965 0.151513 -0.393865 9.280000
0.139638 0.143576 -0.399493 9.300000
1.045019 0.135420 -0.415829 9.320000
1.446798 0.127134 -0.412478 9.340000
2.030032 0.119010 -0.399694 9.360000
1.595742 0.111270 -0.374131 9.380000
0.931470 0.103966 -0.356143 9.400000
0.866948 0.096900 -0.350192 9.420000
1.817333 0.089953 -0.344265 9.440000
1.060768 0.083326 -0.318379 9.460000
0.390223 0.077073 -0.306678 9.480000
1.005289 0.070932 -0.307245 9.500000
0.273332 0.064914 -0.294465 9.520000
1.120564 0.059014 -0.295247 9.540000
1.931680 0.053279 -0.278130 9.560000
2.307845 0.048055 -0.244237 9.580000
2.311811 0.043586 -0.202624 9.600000
1.627658 0.039951 -0.160963 9.620000
1.711978 0.037011 -0.133025 9.640000
0.838228 0.034646 -0.103454 9.660000
1.593705 0.032698 -0.091345 9.680000
0.804828 0.031143 -0.064179 9.700000
1.101757 0.029972 -0.052904 9.720000
1.159822 0.029086 -0.035773 9.740000
0.863256 0.028552 -0.017694 9.760000
1.406987 0.028317 -0.005770 9.780000
1.566837 0.028427 0.016696 9.800000
2.125438 0.029013 0.041813 9.820000
2.512671 0.030206 0.077319 9.840000
2.937256 0.032176 0.119480 9.860000
2.550133 0.035061 0.168735 9.880000
1.837125 0.038838 0.208699 9.900000
2.181747 0.043257 0.232956 9.920000
1.959159 0.048215 0.262636 9.940000
2.677726 0.053707 0.286300 9.960000
2.189667 0.059799 0.322570 9.980000
2.136119 0.066500 0.347215 10.000000
1.144118 0.073665 0.368950 10.020000
1.163138 0.081049 0.369232 10.040000
0.681670 0.088428 0.368443 10.060000
0.046440 0.095682 0.356744 10.080000
-0.486719 0.102565 0.331381 10.100000
-1.160203 0.108827 0.294749 10.120000
-0.490315 0.114219 0.244468 10.140000
0.094964 0.118738 0.207419 10.160000
-0.427191 0.122631 0.181806 10.180000
-1.274606 0.125906 0.145747 10.200000
-1.488548 0.128295 0.093211 10.220000
-0.655466 0.129597 0.037164 10.240000
-0.295413 0.129952 -0.001567 10.260000
0.196088 0.129611 -0.032460 10.280000
-0.153868 0.128755 -0.052972 10.300000
-0.277193 0.127427 -0.079742 10.320000
0.209820 0.125547 -0.108096 10.340000
-0.413828 0.123206 -0.125911 10.360000
-1.131178 0.120393 -0.155137 10.380000
-0.487555 0.116866 -0.197285 10.400000
-0.086417 0.112639 -0.225196 10.420000
-0.529735 0.107947 -0.243802 10.440000
0.452516 0.102808 -0.269823 10.460000
1.164026 0.097359 -0.274954 10.480000
1.844021 0.091959 -0.264900 10.500000
1.358391 0.086903 -0.240608 10.520000
1.133300 0.082241 -0.225427 10.540000
1.836256 0.077845 -0.214105 10.560000
0.976829 0.073820 -0.188301 10.580000
1.123644 0.070144 -0.179233 10.600000
1.212344 0.066684 -0.166746 10.620000
1.893021 0.063495 -0.152105 10.640000
0.978028 0.060736 -0.123717 10.660000
1.515502 0.058364 -0.113481 10.680000
2.487887 0.056305 -0.092386 10.700000
2.275057 0.054861 -0.052136 10.720000
1.478751 0.054174 -0.016684 10.740000
1.146488 0.054031 0.002397 10.760000
0.771112 0.054201 0.014526 10.780000
-0.027696 0.054536 0.018941 10.800000
-0.414748 0.054799 0.007412 10.820000
-0.380440 0.054757 -0.011566 10.840000
-0.112439 0.054346 -0.029445 10.860000
-0.934203 0.053636 -0.041561 10.880000
-1.899528 0.052524 -0.069515 10.900000
-2.860541 0.050669 -0.115723 10.920000
-2.186158 0.047713 -0.179567 10.940000
-1.955844 0.043633 -0.228129 10.960000
-1.330005 0.038646 -0.270300 10.980000
-1.005944 0.032958 -0.298220 11.000000
-0.055810 0.026793 -0.318026 11.020000
0.826563 0.020436 -0.317413 11.040000
-0.027615 0.014279 -0.298124 11.060000
0.294939 0.008347 -0.294959 11.080000
0.777992 0.002552 -0.284331 11.100000
0.763089 -0.002925 -0.263251 11.120000
1.356011 -0.007977 -0.241862 11.140000
0.882971 -0.012478 -0.208226 11.160000
-0.110806 -0.016399 -0.183810 11.180000
-0.112120 -0.020026 -0.178828 11.200000
-0.705769 -0.023548 -0.173276 11.220000
-0.229442 -0.027071 -0.178905 11.240000
0.284200 -0.030604 -0.174306 11.260000
-0.693340 -0.033938 -0.158963 11.280000
-1.399664 -0.037155 -0.162639 11.300000
-2.016426 -0.040579 -0.179577 11.320000
-2.627840 -0.044453 -0.207673 11.340000
-3.600723 -0.048998 -0.246486 11.360000
-3.730274 -0.054494 -0.302789 11.380000
-4.695476 -0.061120 -0.359339 11.400000
-5.333200 -0.069042 -0.432405 11.420000
-5.261641 -0.078521 -0.514879 11.440000
-4.690295 -0.089598 -0.592233 11.460000
-5.082740 -0.102071 -0.654401 11.480000
-6.060636 -0.115826 -0.720409 11.500000
-6.108872 -0.131052 -0.801368 11.520000
-5.506804 -0.147857 -0.878335 11.540000
-5.675687 -0.166032 -0.938328 11.560000
-5.520530 -0.185389 -0.996494 11.580000
-6.060439 -0.205826 -1.046283 11.600000
-6.736007 -0.227309 -1.101080 11.620000
-7.665436 -0.249961 -1.163022 11.640000
-7.911786 -0.273966 -1.236361 11.660000
-8.000000 -0.299415 -1.307290 11.680000
-7.139512 -0.326225 -1.372420 11.700000
-6.946167 -0.354099 -1.413775 11.720000
-7.299365 -0.382691 -1.444212 11.740000
-7.759622 -0.411884 -1.473810 11.760000
-7.173053 -0.441677 -1.504167 11.780000
-8.000000 -0.471893 -1.516257 11.800000
-7.686590 -0.502423 -1.535370 11.820000
-6.735538 -0.533201 -1.541155 11.840000
-7.558350 -0.563856 -1.523238 11.860000
-8.000000 -0.594222 -1.512137 11.880000
-8.000000 -0.624366 -1.501028 11.900000
-7.780921 -0.654215 -1.482635 11.920000
-7.673479 -0.683590 -1.453786 11.940000
-6.702164 -0.712306 -1.416679 11.960000
-7.329917 -0.740071 -1.358969 11.980000
-6.897013 -0.766721 -1.305135 12.000000
-6.371206 -0.792180 -1.240002 12.020000
-5.441775 -0.816219 -1.163154 12.040000
-5.218537 -0.838557 -1.070156 12.060000
-4.605451 -0.858978 -0.971591 12.080000
-5.211306 -0.877328 -0.863156 12.100000
-5.116719 -0.893572 -0.761103 12.120000
-4.327382 -0.907753 -0.656834 12.140000
-3.969277 -0.919746 -0.542475 12.160000
-3.464850 -0.929411 -0.424099 12.180000
-3.561394 -0.936656 -0.300606 12.200000
-3.469915 -0.941456 -0.179662 12.220000
-3.687037 -0.943843 -0.059435 12.240000
-3.583974 -0.943873 0.056093 12.260000
-4.398157 -0.941604 0.170338 12.280000
-4.390189 -0.937174 0.272227 12.300000
-3.968817 -0.930734 0.371184 12.320000
-3.766398 -0.922299 0.471812 12.340000
-4.700433 -0.911862 0.571185 12.360000
-5.249818 -0.899592 0.655155 12.380000
-4.753502 -0.885752 0.728107 12.400000
-5.419611 -0.870434 0.802926 12.420000
-5.119749 -0.853752 0.864521 12.440000
-4.601463 -0.835846 0.925234 12.460000
-4.459224 -0.816706 0.987894 12.480000
-3.608103 -0.796346 1.047325 12.500000
-3.652787 -0.774730 1.113321 12.520000
-3.984415 -0.751856 1.173173 12.540000
-4.044319 -0.727889 1.222509 12.560000
-3.798085 -0.703003 1.265149 12.580000
-4.529904 -0.677285 1.305648 12.600000
-4.011024 -0.650931 1.328763 12.620000
-4.331316 -0.624092 1.354127 12.640000
-4.843959 -0.596858 1.368275 12.660000
-5.796887 -0.569486 1.367967 12.680000
-6.565954 -0.542339 1.345765 12.700000
-7.100339 -0.515824 1.304799 12.720000
-7.843239 -0.490275 1.249306 12.740000
-8.000000 -0.466015 1.175930 12.760000
-7.505547 -0.443294 1.095505 12.780000
-7.414387 -0.422130 1.020227 12.800000
-7.826033 -0.402491 0.943239 12.820000
-8.000000 -0.384496 0.855801 12.840000
-8.000000 -0.368306 0.762821 12.860000
-8.000000 -0.353995 0.668051 12.880000
-7.967573 -0.341593 0.571992 12.900000
-7.821414 -0.331114 0.475743 12.920000
-8.000000 -0.322538 0.381906 12.940000
-7.608349 -0.315871 0.284791 12.960000
-7.717993 -0.311068 0.195640 12.980000
-8.000000 -0.308061 0.105285 13.000000
-8.000000 -0.306901 0.010914 13.020000
-8.000000 -0.307612 -0.081639 13.040000
-8.000000 -0.310152 -0.171979 13.060000
-7.808149 -0.314474 -0.259729 13.080000
-8.000000 -0.320486 -0.340922 13.100000
-7.007434 -0.328126 -0.422518 13.120000
-6.518340 -0.337176 -0.481952 13.140000
-7.014004 -0.347290 -0.528887 13.160000
-6.573538 -0.358402 -0.581701 13.180000
-7.170144 -0.370451 -0.622647 13.200000
-6.447858 -0.383393 -0.670920 13.220000
-5.485080 -0.397128 -0.701893 13.240000
-6.415379 -0.411268 -0.711535 13.260000
-7.143685 -0.425736 -0.734657 13.280000
-7.232385 -0.440760 -0.767034 13.300000
-7.588959 -0.456405 -0.796734 13.320000
-6.906869 -0.472664 -0.828374 13.340000
-7.569471 -0.489389 -0.843429 13.360000
-8.000000 -0.506488 -0.865732 13.380000
-8.000000 -0.524062 -0.890809 13.400000
-7.399544 -0.542088 -0.910987 13.420000
-8.000000 -0.560367 -0.916129 13.440000
-7.827333 -0.578803 -0.926737 13.460000
-7.080346 -0.597375 -0.929678 13.480000
-7.297764 -0.615837 -0.915816 13.500000
-7.937061 -0.634016 -0.901335 13.520000
-8.000000 -0.651965 -0.892903 13.540000
-7.367384 -0.669713 -0.881166 13.560000
-7.565843 -0.687086 -0.855505 13.580000
-8.000000 -0.703939 -0.829218 13.600000
-7.214204 -0.720297 -0.805894 13.620000
-6.623379 -0.736035 -0.767395 13.640000
-6.974262 -0.750887 -0.717377 13.660000
-6.499164 -0.764765 -0.670074 13.680000
-7.189031 -0.777607 -0.613810 13.700000
-7.129788 -0.789403 -0.565525 13.720000
-6.932699 -0.800208 -0.514687 13.740000
-7.166613 -0.809954 -0.459720 13.760000
-7.783124 -0.818622 -0.406874 13.780000
-7.783944 -0.826307 -0.361453 13.800000
-7.574667 -0.833074 -0.315172 13.820000
-8.000000 -0.838882 -0.265491 13.840000
-8.000000 -0.843748 -0.221121 13.860000
-8.000000 -0.847725 -0.176537 13.880000
-7.465633 -0.850810 -0.131963 13.900000
-7.181306 -0.852935 -0.080657 13.920000
-8.000000 -0.854003 -0.026285 13.940000
-8.000000 -0.854100 0.016494 13.960000
-7.508615 -0.853350 0.058344 13.980000
-7.879981 -0.851709 0.105475 14.000000
-7.471389 -0.849189 0.146320 14.020000
-7.020451 -0.845813 0.190989 14.040000
-6.497987 -0.841502 0.239790 14.060000
-6.670763 -0.836166 0.293416 14.080000
-5.770411 -0.829804 0.342357 14.100000
-6.705745 -0.822367 0.400838 14.120000
-5.726315 -0.813917 0.443782 14.140000
-6.457248 -0.804501 0.497208 14.160000
-7.164275 -0.794151 0.537343 14.180000
-7.309094 -0.783128 0.564384 14.200000
-6.672284 -0.771617 0.586165 14.220000
-7.310382 -0.759612 0.613786 14.240000
-7.357839 -0.747181 0.628809 14.260000
-6.919299 -0.734489 0.639815 14.280000
-7.301237 -0.721545 0.653988 14.300000
-8.000000 -0.708409 0.659087 14.320000
-7.241617 -0.695309 0.650346 14.340000
-6.656872 -0.682300 0.650105 14.360000
-7.224149 -0.669235 0.655763 14.380000
-7.633155 -0.656179 0.649393 14.400000
-6.801358 -0.643344 0.633577 14.420000
-6.651264 -0.630722 0.628188 14.440000
-7.072946 -0.618212 0.622350 14.460000
-6.289692 -0.605915 0.606881 14.480000
-5.586912 -0.593826 0.601607 14.500000
-5.860397 -0.581752 0.605237 14.520000
-5.622841 -0.569680 0.601558 14.540000
-6.466868 -0.557668 0.599207 14.560000
-6.256670 -0.545872 0.580003 14.580000
-5.531618 -0.534447 0.562051 14.600000
-4.689646 -0.523280 0.554256 14.620000
-3.851537 -0.512147 0.558622 14.640000
-4.085746 -0.500807 0.575006 14.660000
-4.768675 -0.489206 0.584610 14.680000
-5.031593 -0.477560 0.579612 14.700000
-4.660073 -0.466084 0.567579 14.720000
-5.626155 -0.454806 0.559894 14.740000
-6.446816 -0.443876 0.532738 14.760000
-6.478141 -0.433656 0.489043 14.780000
-7.014388 -0.424329 0.443404 14.800000
-6.518123 -0.416024 0.386944 14.820000
-6.899230 -0.408766 0.338792 14.840000
-6.207076 -0.402546 0.283110 14.860000
-5.685570 -0.397316 0.239832 14.880000
-6.540221 -0.392859 0.205849 14.900000
-6.940068 -0.389241 0.155989 14.920000
-6.959914 -0.386691 0.099079 14.940000
-5.983447 -0.385277 0.042474 14.960000
-5.760991 -0.384806 0.004699 14.980000
-6.548813 -0.385043 -0.028269 15.000000
-7.447134 -0.386077 -0.074903 15.020000
-8.000000 -0.388196 -0.136731 15.040000
-7.122747 -0.391635 -0.206809 15.060000
-8.000000 -0.396292 -0.258481 15.080000
-7.752936 -0.402120 -0.323915 15.100000
-6.869990 -0.409184 -0.382004 15.120000
-7.138005 -0.417220 -0.421117 15.140000
-7.654322 -0.426059 -0.462337 15.160000
-7.472386 -0.435786 -0.509849 15.180000
-6.970547 -0.446398 -0.550719 15.200000
-7.669607 -0.457703 -0.579218 15.220000
-8.000000 -0.469669 -0.616802 15.240000
-7.472588 -0.482408 -0.656470 15.260000
-7.548269 -0.495808 -0.682921 15.280000
-6.669798 -0.509713 -0.706868 15.300000
-7.068889 -0.523905 -0.711807 15.320000
-6.731128 -0.538231 -0.720125 15.340000
-6.255033 -0.552629 -0.719134 15.360000
-5.791436 -0.566893 -0.706800 15.380000
-5.098415 -0.580803 -0.683754 15.400000
-4.137224 -0.594111 -0.646674 15.420000
-3.817120 -0.606499 -0.591826 15.440000
-3.277786 -0.617723 -0.530441 15.460000
-4.133052 -0.627623 -0.459462 15.480000
-5.045299 -0.636236 -0.401750 15.500000
-6.040904 -0.643835 -0.358013 15.520000
-5.688982 -0.650710 -0.329317 15.540000
-5.810478 -0.656946 -0.294169 15.560000
-5.113990 -0.662492 -0.260308 15.580000
-5.419451 -0.667246 -0.215107 15.600000
-5.653523 -0.671144 -0.174617 15.620000
-6.199229 -0.674268 -0.137788 15.640000
-7.081928 -0.676741 -0.109504 15.660000
-6.997948 -0.678785 -0.094885 15.680000
-7.912278 -0.680522 -0.078810 15.700000
-7.976703 -0.682078 -0.076729 15.720000
-7.515897 -0.683599 -0.075296 15.740000
-8.000000 -0.685017 -0.066451 15.760000
-8.000000 -0.686330 -0.064870 15.780000
-7.840952 -0.687609 -0.062994 15.800000
-7.351555 -0.688824 -0.058410 15.820000
-7.389987 -0.689869 -0.046156 15.840000
-6.776687 -0.690676 -0.034506 15.860000
-5.903095 -0.691156 -0.013569 15.880000
-5.268951 -0.691087 0.020336 15.900000
-4.509845 -0.690251 0.063149 15.920000
-3.832951 -0.688453 0.116431 15.940000
-4.431220 -0.685500 0.178533 15.960000
-4.055685 -0.681416 0.229518 15.980000
-3.703658 -0.676274 0.284331 16.000000
-3.996472 -0.670003 0.342359 16.020000
-4.080140 -0.662642 0.393330 16.040000
-3.336164 -0.654301 0.440396 16.060000
-2.532649 -0.644927 0.496464 16.080000
-2.278319 -0.634334 0.562244 16.100000
-3.204642 -0.622419 0.628702 16.120000
-2.378570 -0.609360 0.676568 16.140000
-1.426750 -0.595245 0.734312 16.160000
-1.176145 -0.579857 0.803842 16.180000
-1.980282 -0.563078 0.873307 16.200000
-1.201337 -0.545090 0.924782 16.220000
-1.541923 -0.525984 0.985050 16.240000
-1.900698 -0.505778 1.034720 16.260000
-1.365091 -0.484689 1.073343 16.280000
-1.843647 -0.462782 1.116570 16.300000
-1.719998 -0.440145 1.146275 16.320000
-0.946118 -0.416942 1.173237 16.340000
-0.052231 -0.393108 1.209254 16.360000
-0.001820 -0.368442 1.256472 16.380000
0.608251 -0.342877 1.299132 16.400000
1.419244 -0.316400 1.347623 16.420000
0.913264 -0.288857 1.405604 16.440000
1.521594 -0.260313 1.447796 16.460000
0.731012 -0.230869 1.495537 16.480000
0.169787 -0.200687 1.521607 16.500000
-0.562005 -0.170156 1.530549 16.520000
-1.030009 -0.139649 1.519172 16.540000
-1.571055 -0.109519 1.492948 16.560000
-1.437855 -0.080073 1.450761 16.580000
-2.325440 -0.051494 1.406357 16.600000
-2.160510 -0.024026 1.339792 16.620000
-2.472347 0.002104 1.272581 16.640000
-1.550804 0.026792 1.195597 16.660000
-2.001474 0.050091 1.133753 16.680000
-2.753937 0.072031 1.059874 16.700000
-3.284909 0.092319 0.968577 16.720000
-2.296044 0.110657 0.864990 16.740000
-1.810664 0.127106 0.779672 16.760000
-2.467143 0.141932 0.702651 16.780000
-2.611917 0.155076 0.611679 16.800000
-2.289208 0.166367 0.517428 16.820000
-1.947746 0.175836 0.429444 16.840000
-2.665729 0.183613 0.348278 16.860000
-2.243150 0.189629 0.253479 16.880000
-2.234583 0.193841 0.167850 16.900000
-2.469367 0.196352 0.083472 16.920000
-3.152631 0.197143 -0.004095 16.940000
-2.230516 0.196067 -0.103173 16.960000
-1.326645 0.193212 -0.182018 16.980000
-1.488996 0.188977 -0.241079 17.000000
-0.566789 0.183550 -0.301233 17.020000
-0.899924 0.177123 -0.341125 17.040000
-1.875434 0.169854 -0.385432 17.060000
-1.776762 0.161531 -0.446449 17.080000
-1.404875 0.152035 -0.502674 17.100000
-1.849625 0.141517 -0.548630 17.120000
-2.513131 0.130022 -0.600333 17.140000
-3.229618 0.117395 -0.661788 17.160000
-3.256229 0.103433 -0.733645 17.180000
-4.191150 0.088071 -0.801868 17.200000
-4.205278 0.071203 -0.884174 17.220000
-4.666687 0.052734 -0.961811 17.240000
-5.599666 0.032673 -1.043391 17.260000
-6.038511 0.010851 -1.137828 17.280000
-6.628155 -0.012885 -1.234692 17.300000
-6.477253 -0.038609 -1.336472 17.320000
-6.631027 -0.066265 -1.427936 17.340000
-6.980911 -0.095706 -1.514851 17.360000
-7.330980 -0.126876 -1.600694 17.380000
-6.935720 -0.159747 -1.684971 17.400000
-6.111431 -0.194138 -1.752648 17.420000
-5.270253 -0.229633 -1.795440 17.440000
-5.864142 -0.265736 -1.813478 17.460000
-6.568150 -0.302231 -1.834657 17.480000
-6.388893 -0.339198 -1.860573 17.500000
-6.356942 -0.376561 -1.874238 17.520000
-6.486467 -0.414103 -1.878544 17.540000
-6.442843 -0.451669 -1.876519 17.560000
-7.383348 -0.489099 -1.865112 17.580000
-6.561007 -0.526381 -1.861569 17.600000
-5.630089 -0.563362 -1.835207 17.620000
-5.687699 -0.599580 -1.785413 17.640000
-6.341057 -0.634742 -1.729572 17.660000
-6.974696 -0.668823 -1.677400 17.680000
-6.159978 -0.701891 -1.628250 17.700000
-6.368177 -0.733786 -1.560208 17.720000
-5.659128 -0.764292 -1.489487 17.740000
-4.975578 -0.793229 -1.403413 17.760000
-5.756519 -0.820305 -1.303627 17.780000
-6.703358 -0.845456 -1.210883 17.800000
-7.392523 -0.868842 -1.127055 17.820000
-7.547400 -0.890603 -1.048468 17.840000
-7.960747 -0.910777 -0.968396 17.860000
-7.098154 -0.929369 -0.890273 17.880000
-7.971399 -0.946268 -0.799289 17.900000
-7.325234 -0.961429 -0.716465 17.920000
-6.730211 -0.974841 -0.624591 17.940000
-6.622310 -0.986339 -0.525127 17.960000
-7.145305 -0.995832 -0.424171 17.980000
-7.502633 -1.003364 -0.328979 18.000000
-8.000000 -1.009032 -0.237984 18.020000
-7.939452 -1.012940 -0.152924 18.040000
-7.254937 -1.015149 -0.068191 18.060000
-7.610298 -1.015605 0.022325 18.080000
-6.817263 -1.014306 0.107240 18.100000
-6.858675 -1.011247 0.198286 18.120000
-7.550764 -1.006397 0.286231 18.140000
-8.000000 -0.999891 0.363822 18.160000
-7.954308 -0.991914 0.433366 18.180000
-8.000000 -0.982575 0.499962 18.200000
-7.704004 -0.971945 0.562347 18.220000
-6.883936 -0.960074 0.624126 18.240000
-6.429508 -0.946914 0.691124 18.260000
-6.326600 -0.932405 0.759005 18.280000
-6.468857 -0.916572 0.823462 18.300000
-5.730940 -0.899516 0.881329 18.320000
-5.666300 -0.881261 0.943341 18.340000
-4.966012 -0.861809 1.000968 18.360000
-5.470763 -0.841167 1.062350 18.380000
-5.244635 -0.819419 1.111474 18.400000
-5.141949 -0.796715 1.158013 18.420000
-5.057602 -0.773123 1.200208 18.440000
-5.789102 -0.748734 1.237737 18.460000
-5.776384 -0.723760 1.258593 18.480000
-4.779484 -0.698428 1.273657 18.500000
-3.781056 -0.672701 1.298035 18.520000
-3.923065 -0.646390 1.332073 18.540000
-4.756053 -0.619481 1.357845 18.560000
-4.711062 -0.592252 1.364044 18.580000
-4.863334 -0.564951 1.365041 18.600000
-5.081863 -0.537715 1.357617 18.620000
-4.612470 -0.510722 1.340733 18.640000
-5.448865 -0.484041 1.326491 18.660000
-4.523881 -0.457846 1.292100 18.680000
-4.428671 -0.432225 1.269182 18.700000
-4.585048 -0.407095 1.243015 18.720000
-5.400935 -0.382565 1.209219 18.740000
-5.043534 -0.358907 1.155873 18.760000
-5.906461 -0.336290 1.105166 18.780000
-5.149797 -0.314887 1.034509 18.800000
-5.951728 -0.294787 0.974967 18.820000
-5.357309 -0.276061 0.897182 18.840000
-5.974220 -0.258802 0.828355 18.860000
-5.964919 -0.243060 0.745509 18.880000
-5.341073 -0.228991 0.661251 18.900000
-5.162565 -0.216498 0.587848 18.920000
-4.493868 -0.205449 0.516857 18.940000
-4.475700 -0.195698 0.458060 18.960000
-3.859484 -0.187128 0.398878 18.980000
-4.144967 -0.179626 0.351205 19.000000
-3.501243 -0.173139 0.297478 19.020000
-3.132723 -0.167602 0.256148 19.040000
-3.500798 -0.162822 0.221789 19.060000
-2.774231 -0.158804 0.180028 19.080000
-3.657260 -0.155478 0.152565 19.100000
-4.003651 -0.152875 0.107768 19.120000
-3.695570 -0.151232 0.056646 19.140000
-2.964329 -0.150544 0.012333 19.160000
-3.404049 -0.150590 -0.016847 19.180000
-3.090994 -0.151300 -0.053984 19.200000
-3.399948 -0.152681 -0.084044 19.220000
-2.411736 -0.154716 -0.119212 19.240000
-3.080897 -0.157248 -0.133885 19.260000
-3.217476 -0.160197 -0.160810 19.280000
-4.096957 -0.163699 -0.189221 19.300000
-4.609369 -0.167929 -0.233471 19.320000
-4.225675 -0.173126 -0.285881 19.340000
-4.578154 -0.179275 -0.328595 19.360000
-4.309969 -0.186324 -0.375970 19.380000
-5.179431 -0.194244 -0.415636 19.400000
-4.577242 -0.203102 -0.469664 19.420000
-3.810009 -0.212894 -0.508984 19.440000
-2.997324 -0.223294 -0.530578 19.460000
-2.481307 -0.233942 -0.533897 19.480000
-2.835130 -0.244535 -0.525069 19.500000
-3.001542 -0.255000 -0.521099 19.520000
-2.085732 -0.265397 -0.518285 19.540000
-1.311054 -0.275543 -0.495963 19.560000
-0.430937 -0.285078 -0.457389 19.580000
-0.341437 -0.293664 -0.401117 19.600000
-0.054895 -0.301103 -0.342757 19.620000
0.831146 -0.307319 -0.278859 19.640000
-0.021075 -0.312091 -0.198493 19.660000
-0.790303 -0.315426 -0.135048 19.680000
-1.219146 -0.317643 -0.086826 19.700000
-0.400895 -0.318984 -0.047289 19.720000
-0.043343 -0.319385 0.007019 19.740000
-0.056723 -0.318643 0.066944 19.760000
-0.413182 -0.316719 0.125184 19.780000
0.164854 -0.313713 0.175102 19.800000
-0.048339 -0.309617 0.234264 19.820000
-0.136191 -0.304397 0.287372 19.840000
0.226995 -0.298152 0.336702 19.860000
0.079861 -0.290875 0.390679 19.880000
0.229590 -0.282570 0.439353 19.900000
0.399618 -0.273289 0.488278 19.920000
0.129482 -0.263025 0.537667 19.940000
0.832941 -0.251854 0.578916 19.960000
-0.153664 -0.239753 0.630682 19.980000
