-0.892035 0.178207 0.964056 0.000000
-0.906496 0.196765 0.891415 0.020000
-1.473417 0.213848 0.816602 0.040000
-1.688787 0.229309 0.729292 0.060000
-2.186294 0.242972 0.636909 0.080000
-3.169787 0.254686 0.534516 0.100000
-2.321112 0.264165 0.413450 0.120000
-2.680849 0.271394 0.309563 0.140000
-2.275402 0.276485 0.199799 0.160000
-1.945230 0.279473 0.099236 0.180000
-1.400718 0.280528 0.006598 0.200000
-1.776005 0.279853 -0.073874 0.220000
-2.487755 0.277514 -0.159629 0.240000
-3.132926 0.273347 -0.256674 0.260000
-2.336042 0.267143 -0.363210 0.280000
-3.208996 0.258993 -0.451168 0.300000
-2.546573 0.248950 -0.552520 0.320000
-3.447189 0.237046 -0.637237 0.340000
-3.937702 0.223313 -0.735374 0.360000
-4.452122 0.207566 -0.838490 0.380000
-4.545643 0.189706 -0.946629 0.400000
-4.352946 0.169719 -1.051153 0.420000
-3.844543 0.147736 -1.146141 0.440000
-3.757452 0.124013 -1.225172 0.460000
-4.625210 0.098787 -1.296438 0.480000
-4.049249 0.072026 -1.378585 0.500000
-3.399990 0.043803 -1.442574 0.520000
-3.612623 0.014497 -1.486963 0.540000
-3.344324 -0.015674 -1.528941 0.560000
-4.195351 -0.046562 -1.558815 0.580000
-4.116190 -0.078150 -1.598768 0.600000
-4.068061 -0.110450 -1.629979 0.620000
-4.825132 -0.143292 -1.653050 0.640000
-4.317143 -0.176672 -1.683724 0.660000
-3.633933 -0.210491 -1.696933 0.680000
-3.468226 -0.244368 -1.689665 0.700000
-2.567686 -0.278000 -1.672427 0.720000
-1.946666 -0.311051 -1.631610 0.740000
-2.322202 -0.343110 -1.573431 0.760000
-1.452902 -0.374024 -1.517206 0.780000
-2.080662 -0.403605 -1.440189 0.800000
-1.585326 -0.431720 -1.370587 0.820000
-1.016798 -0.458314 -1.288214 0.840000
-0.177713 -0.483126 -1.192607 0.860000
-0.795326 -0.505855 -1.079958 0.880000
-0.781923 -0.526422 -0.976465 0.900000
0.195534 -0.544902 -0.871363 0.920000
-0.619359 -0.561104 -0.748852 0.940000
0.104736 -0.574993 -0.639930 0.960000
0.129926 -0.586581 -0.519016 0.980000
0.184651 -0.595754 -0.398417 1.000000
-0.454145 -0.602516 -0.278043 1.020000
0.290858 -0.606990 -0.169573 1.040000
1.176055 -0.609188 -0.050595 1.060000
0.808939 -0.608884 0.080553 1.080000
1.097015 -0.606045 0.202903 1.100000
0.872645 -0.600741 0.326914 1.120000
0.465836 -0.593028 0.443831 1.140000
-0.222209 -0.583080 0.550391 1.160000
0.232150 -0.571152 0.641704 1.180000
0.861076 -0.557362 0.736679 1.200000
1.624034 -0.541607 0.837998 1.220000
1.756920 -0.523742 0.947676 1.240000
0.815093 -0.503711 1.054592 1.260000
-0.063543 -0.481759 1.139739 1.280000
0.712348 -0.458313 1.203949 1.300000
1.347611 -0.433499 1.276537 1.320000
2.045828 -0.407175 1.354819 1.340000
2.273465 -0.379219 1.439773 1.360000
1.540155 -0.349585 1.522494 1.380000
2.160457 -0.318501 1.584787 1.400000
1.637412 -0.286121 1.652026 1.420000
1.972322 -0.252567 1.702207 1.440000
2.561729 -0.218016 1.751718 1.460000
3.166221 -0.182433 1.805340 1.480000
3.275175 -0.145735 1.863145 1.500000
3.642504 -0.107938 1.915130 1.520000
3.674875 -0.069111 1.966206 1.540000
4.475660 -0.029340 2.009496 1.560000
3.670121 0.011371 2.060066 1.580000
4.587958 0.052843 2.085671 1.600000
3.739396 0.094921 2.120639 1.620000
3.784477 0.137439 2.129684 1.640000
4.147699 0.180059 2.130815 1.660000
4.684905 0.222684 2.130262 1.680000
3.909625 0.265314 2.131201 1.700000
3.162825 0.307724 2.108394 1.720000
3.077160 0.349454 2.063271 1.740000
3.867117 0.390189 2.009056 1.760000
4.683251 0.429913 1.962110 1.780000
4.870348 0.468772 1.922467 1.800000
5.252878 0.506795 1.878616 1.820000
4.860118 0.543934 1.834051 1.840000
5.303285 0.580043 1.775732 1.860000
4.855959 0.614993 1.718182 1.880000
3.861858 0.648655 1.647105 1.900000
4.545038 0.680684 1.554951 1.920000
3.935858 0.710929 1.468810 1.940000
4.042427 0.739316 1.369313 1.960000
4.624035 0.765694 1.267962 1.980000
3.733227 0.790098 1.171861 2.000000
3.197428 0.812426 1.060676 2.020000
3.101178 0.832440 0.940511 2.040000
2.691220 0.850028 0.818119 2.060000
2.031845 0.865109 0.689994 2.080000
2.961214 0.877545 0.553709 2.100000
2.288568 0.887381 0.430088 2.120000
1.730677 0.894671 0.299105 2.140000
1.312431 0.899287 0.162889 2.160000
1.670553 0.901149 0.023747 2.180000
1.392947 0.900299 -0.108306 2.200000
0.939728 0.896802 -0.240847 2.220000
0.869057 0.890631 -0.375695 2.240000
0.809952 0.881790 -0.507731 2.260000
1.310832 0.870341 -0.636512 2.280000
1.647637 0.856423 -0.754553 2.300000
1.992019 0.840233 -0.863635 2.320000
2.447072 0.821956 -0.963307 2.340000
2.238825 0.801797 -1.051706 2.360000
2.810927 0.779894 -1.137683 2.380000
3.407966 0.756408 -1.209966 2.400000
3.400344 0.731621 -1.267787 2.420000
3.225886 0.705735 -1.319773 2.440000
2.585777 0.678844 -1.368337 2.460000
2.124675 0.650943 -1.420678 2.480000
2.223716 0.621985 -1.474054 2.500000
2.965218 0.592040 -1.519392 2.520000
2.027266 0.561376 -1.545895 2.540000
1.126337 0.530089 -1.581693 2.560000
1.722096 0.497997 -1.626370 2.580000
2.328964 0.465184 -1.653823 2.600000
2.137032 0.431998 -1.663672 2.620000
2.270428 0.398647 -1.670298 2.640000
2.826361 0.365255 -1.667822 2.660000
3.612256 0.332081 -1.648478 2.680000
4.518610 0.299506 -1.608088 2.700000
4.315529 0.267969 -1.544641 2.720000
3.595176 0.237716 -1.479831 2.740000
3.295247 0.208669 -1.424029 2.760000
3.606663 0.180728 -1.369330 2.780000
4.343822 0.153987 -1.304092 2.800000
4.999409 0.128736 -1.220418 2.820000
5.708023 0.105321 -1.120552 2.840000
6.473888 0.084071 -1.004147 2.860000
7.432814 0.065319 -0.870861 2.880000
6.677159 0.049432 -0.717752 2.900000
7.279505 0.036458 -0.579727 2.920000
6.840356 0.026360 -0.430216 2.940000
7.354899 0.019154 -0.290652 2.960000
7.173606 0.014825 -0.142528 2.980000
7.745781 0.013401 -0.000365 3.000000
7.799621 0.014906 0.150306 3.020000
7.767175 0.019400 0.298469 3.040000
7.683830 0.026810 0.441879 3.060000
6.992646 0.037028 0.579050 3.080000
6.133370 0.049802 0.697530 3.100000
6.472208 0.064724 0.793888 3.120000
6.182305 0.081590 0.891826 3.140000
7.009688 0.100303 0.978476 3.160000
6.421354 0.120855 1.075664 3.180000
7.155208 0.143171 1.154884 3.200000
6.731969 0.167151 1.242028 3.220000
6.648766 0.192722 1.313868 3.240000
5.681106 0.219642 1.377001 3.260000
6.602510 0.247566 1.414253 3.280000
7.381031 0.276344 1.462278 3.300000
7.257583 0.306156 1.517607 3.320000
6.292577 0.336971 1.562571 3.340000
6.293720 0.368425 1.581523 3.360000
6.342986 0.400182 1.592978 3.380000
6.813376 0.432103 1.597861 3.400000
7.531429 0.464132 1.603725 3.420000
7.708249 0.496328 1.614573 3.440000
8.000000 0.528692 1.620456 3.460000
7.682080 0.561143 1.623236 3.480000
7.997370 0.593514 1.612624 3.500000
8.000000 0.625648 1.599409 3.520000
8.000000 0.657440 1.578503 3.540000
7.020470 0.688738 1.550109 3.560000
6.489723 0.719247 1.499745 3.580000
6.381747 0.748608 1.435460 3.600000
6.018185 0.776614 1.364314 3.620000
6.943050 0.803098 1.283322 3.640000
6.421863 0.828047 1.210817 3.660000
5.910286 0.851433 1.127237 3.680000
6.865549 0.873047 1.033688 3.700000
7.467293 0.892884 0.949558 3.720000
7.868066 0.911086 0.870155 3.740000
8.000000 0.927722 0.793028 3.760000
7.013614 0.942808 0.715156 3.780000
7.536000 0.956201 0.624006 3.800000
6.874271 0.967821 0.537758 3.820000
6.625622 0.977632 0.443344 3.840000
6.047102 0.985526 0.346103 3.860000
6.164288 0.991416 0.242996 3.880000
6.802972 0.995266 0.142192 3.900000
5.993526 0.997182 0.049660 3.920000
5.452705 0.997176 -0.049947 3.940000
5.925142 0.995140 -0.153191 3.960000
5.855235 0.991117 -0.248686 3.980000
5.267056 0.985204 -0.342035 4.000000
4.369105 0.977392 -0.438609 4.020000
4.707029 0.967584 -0.541567 4.040000
4.646654 0.955795 -0.636697 4.060000
4.775718 0.942138 -0.728244 4.080000
5.136607 0.926710 -0.813715 4.100000
4.771051 0.909665 -0.890031 4.120000
4.108248 0.891098 -0.965780 4.140000
4.878669 0.870985 -1.044600 4.160000
5.661146 0.849450 -1.108005 4.180000
5.042088 0.826806 -1.155352 4.200000
4.832698 0.803191 -1.205222 4.220000
5.081520 0.778608 -1.252039 4.240000
5.674058 0.753185 -1.289240 4.260000
6.175278 0.727166 -1.311625 4.280000
6.032580 0.700836 -1.320312 4.300000
6.707925 0.674373 -1.325013 4.320000
6.267325 0.647982 -1.313082 4.340000
6.496271 0.621819 -1.302242 4.360000
7.138172 0.595968 -1.281911 4.380000
7.823801 0.570686 -1.245417 4.400000
8.000000 0.546301 -1.192173 4.420000
8.000000 0.523061 -1.131114 4.440000
7.797619 0.501086 -1.065673 4.460000
8.000000 0.480425 -0.999813 4.480000
8.000000 0.461153 -0.926822 4.500000
7.016486 0.443373 -0.850750 4.520000
6.866756 0.426964 -0.789693 4.540000
6.724717 0.411774 -0.728853 4.560000
6.504029 0.397798 -0.668418 4.580000
5.565247 0.385010 -0.610136 4.600000
4.873321 0.373231 -0.567480 4.620000
5.017754 0.362194 -0.535939 4.640000
4.901746 0.351831 -0.500034 4.660000
5.552938 0.342180 -0.464835 4.680000
5.340766 0.333368 -0.416174 4.700000
4.835111 0.325499 -0.370624 4.720000
5.064937 0.318453 -0.333855 4.740000
5.791254 0.312193 -0.292059 4.760000
6.562706 0.306911 -0.236144 4.780000
5.727530 0.302893 -0.165739 4.800000
5.520636 0.300119 -0.111765 4.820000
6.346848 0.298379 -0.062283 4.840000
5.638448 0.297779 0.002118 4.860000
4.875812 0.298321 0.051835 4.880000
4.440107 0.299700 0.085921 4.900000
4.588182 0.301668 0.110729 4.920000
4.713612 0.304151 0.137376 4.940000
5.203632 0.307179 0.165278 4.960000
5.449356 0.310846 0.201160 4.980000
4.725263 0.315262 0.240087 5.000000
4.829151 0.320301 0.263588 5.020000
4.339149 0.325814 0.287446 5.040000
3.846181 0.331695 0.300424 5.060000
3.424979 0.337728 0.302661 5.080000
4.164559 0.343714 0.295737 5.100000
3.490514 0.349689 0.301500 5.120000
4.355823 0.355639 0.293362 5.140000
4.070481 0.361577 0.300211 5.160000
3.633043 0.367585 0.300376 5.180000
3.456507 0.373503 0.291209 5.200000
4.099284 0.379194 0.277769 5.220000
3.463459 0.384727 0.275257 5.240000
3.533592 0.390080 0.259987 5.260000
4.366204 0.395134 0.245234 5.280000
4.014357 0.400037 0.244953 5.300000
3.264763 0.404861 0.237232 5.320000
2.953074 0.409384 0.215049 5.340000
2.918336 0.413403 0.186777 5.360000
2.413537 0.416848 0.157684 5.380000
3.321443 0.419618 0.119406 5.400000
3.310279 0.421791 0.097816 5.420000
2.380181 0.423529 0.076053 5.440000
2.748062 0.424665 0.037637 5.460000
2.753470 0.425105 0.006466 5.480000
1.772264 0.424929 -0.024015 5.500000
1.947645 0.423972 -0.071490 5.520000
1.514822 0.422109 -0.114587 5.540000
2.399849 0.419318 -0.164207 5.560000
1.990749 0.415712 -0.196213 5.580000
1.491387 0.411405 -0.234227 5.600000
1.848571 0.406263 -0.279647 5.620000
2.279676 0.400297 -0.316606 5.640000
1.720253 0.393691 -0.343744 5.660000
2.606955 0.386457 -0.379232 5.680000
1.868381 0.378699 -0.396279 5.700000
1.601038 0.370483 -0.425010 5.720000
1.199903 0.361664 -0.456461 5.740000
0.384205 0.352165 -0.492968 5.760000
0.134447 0.341810 -0.542055 5.780000
0.749083 0.330456 -0.592826 5.800000
0.260309 0.318234 -0.628877 5.820000
1.012720 0.305230 -0.671045 5.840000
1.592335 0.291557 -0.695642 5.860000
1.152912 0.277535 -0.706079 5.880000
1.215491 0.263250 -0.721931 5.900000
1.576734 0.248691 -0.733482 5.920000
2.170816 0.234001 -0.735018 5.940000
1.565778 0.219424 -0.722188 5.960000
0.908883 0.205013 -0.718446 5.980000
0.258891 0.190577 -0.724703 6.000000
0.387037 0.175918 -0.740674 6.020000
-0.546330 0.160996 -0.750986 6.040000
-1.224010 0.145716 -0.776452 6.060000
-0.553307 0.129828 -0.811740 6.080000
0.192314 0.113404 -0.830084 6.100000
0.110261 0.096795 -0.830212 6.120000
0.462631 0.080200 -0.828743 6.140000
0.660955 0.063736 -0.817140 6.160000
0.843051 0.047574 -0.798676 6.180000
1.047713 0.031844 -0.773871 6.200000
1.593159 0.016676 -0.742499 6.220000
2.049008 0.002267 -0.698071 6.240000
2.771860 -0.011144 -0.642792 6.260000
3.577787 -0.023292 -0.571819 6.280000
3.480407 -0.033851 -0.484105 6.300000
2.611626 -0.042674 -0.398200 6.320000
1.878089 -0.049953 -0.329649 6.340000
1.481807 -0.056006 -0.275689 6.360000
0.875346 -0.061059 -0.229571 6.380000
1.337239 -0.065310 -0.195461 6.400000
0.875891 -0.068786 -0.152155 6.420000
1.076553 -0.071489 -0.118230 6.440000
1.053348 -0.073476 -0.080562 6.460000
0.387776 -0.074719 -0.043788 6.480000
-0.569821 -0.075364 -0.020709 6.500000
-1.283625 -0.075740 -0.016901 6.520000
-1.995977 -0.076181 -0.027188 6.540000
-1.815850 -0.076966 -0.051219 6.560000
-1.344182 -0.078190 -0.071020 6.580000
-0.888274 -0.079709 -0.080846 6.600000
-0.559840 -0.081330 -0.081168 6.620000
-1.354147 -0.082889 -0.074691 6.640000
-1.456668 -0.084474 -0.083715 6.660000
-1.587637 -0.086254 -0.094254 6.680000
-2.567556 -0.088266 -0.106797 6.700000
-1.683971 -0.090715 -0.137987 6.720000
-2.186566 -0.093603 -0.150603 6.740000
-1.510885 -0.096833 -0.172278 6.760000
-0.602180 -0.100353 -0.179539 6.780000
-0.832370 -0.103830 -0.168064 6.800000
-0.106619 -0.107118 -0.160693 6.820000
-0.654049 -0.110111 -0.138567 6.840000
-1.234688 -0.112768 -0.127109 6.860000
-1.296042 -0.115308 -0.126799 6.880000
-1.348551 -0.117849 -0.127205 6.900000
-2.301599 -0.120403 -0.128138 6.920000
-2.816506 -0.123159 -0.147269 6.940000
-3.276613 -0.126389 -0.175549 6.960000
-2.314336 -0.130263 -0.211597 6.980000
-2.575096 -0.134653 -0.227208 7.000000
-2.234898 -0.139395 -0.246719 7.020000
-2.120600 -0.144446 -0.258197 7.040000
-3.087426 -0.149692 -0.266187 7.060000
-4.002919 -0.155275 -0.291873 7.080000
-3.690931 -0.161535 -0.333766 7.100000
-3.339375 -0.168550 -0.367376 7.120000
-2.386670 -0.176147 -0.391972 7.140000
-2.305079 -0.184029 -0.395946 7.160000
-3.249112 -0.191958 -0.396677 7.180000
-2.560733 -0.200069 -0.414136 7.200000
-2.108216 -0.208376 -0.416231 7.220000
-2.804697 -0.216619 -0.407863 7.240000
-3.031642 -0.224816 -0.411491 7.260000
-2.551944 -0.233111 -0.417762 7.280000
-1.748929 -0.241421 -0.412990 7.300000
-2.101911 -0.249466 -0.391244 7.320000
-2.456262 -0.257132 -0.375152 7.340000
-1.520503 -0.264532 -0.364666 7.360000
-0.746974 -0.271531 -0.335075 7.380000
-0.157772 -0.277782 -0.290030 7.400000
-0.868953 -0.283018 -0.233568 7.420000
-0.604793 -0.287262 -0.190854 7.440000
-1.170005 -0.290603 -0.143247 7.460000
-1.069656 -0.293102 -0.106751 7.480000
-1.518805 -0.294856 -0.068668 7.500000
-1.447708 -0.295938 -0.039577 7.520000
-1.491875 -0.296428 -0.009563 7.540000
-1.618290 -0.296332 0.019057 7.560000
-0.980985 -0.295694 0.044644 7.580000
-1.581621 -0.294430 0.081617 7.600000
-1.756949 -0.292551 0.106168 7.620000
-1.088603 -0.290223 0.126496 7.640000
-0.997139 -0.287370 0.158603 7.660000
-1.296420 -0.283869 0.191202 7.680000
-0.758647 -0.279788 0.216733 7.700000
0.222059 -0.275106 0.251155 7.720000
0.521922 -0.269565 0.302627 7.740000
-0.284361 -0.262958 0.357681 7.760000
0.427036 -0.255429 0.394901 7.780000
-0.337136 -0.247040 0.443525 7.800000
-1.133468 -0.237852 0.474857 7.820000
-1.447254 -0.228216 0.488431 7.840000
-2.134693 -0.218390 0.493785 7.860000
-2.163418 -0.208611 0.483807 7.880000
-1.934821 -0.199055 0.471550 7.900000
-2.499885 -0.189716 0.462100 7.920000
-1.879963 -0.180692 0.440019 7.940000
-1.935504 -0.172002 0.428695 7.960000
-1.637199 -0.163565 0.414817 7.980000
-1.507537 -0.155360 0.405404 8.000000
-1.089653 -0.147333 0.397118 8.020000
-0.931256 -0.139403 0.395622 8.040000
-0.939032 -0.131487 0.395718 8.060000
-1.690180 -0.123586 0.394117 8.080000
-2.588051 -0.115880 0.376256 8.100000
-2.083763 -0.108720 0.339614 8.120000
-1.410706 -0.102200 0.312273 8.140000
-1.191606 -0.096101 0.297495 8.160000
-1.585789 -0.090263 0.286161 8.180000
-1.682114 -0.084739 0.266164 8.200000
-0.977521 -0.079640 0.243620 8.220000
-0.892672 -0.074858 0.234469 8.240000
-0.536094 -0.070249 0.226259 8.260000
-0.087832 -0.065741 0.224370 8.280000
-0.257919 -0.061191 0.230500 8.300000
0.001444 -0.056562 0.232255 8.320000
0.917856 -0.051856 0.238199 8.340000
1.689912 -0.046859 0.261215 8.360000
0.728801 -0.041264 0.298030 8.380000
0.136748 -0.035141 0.313964 8.400000
0.560168 -0.028833 0.316658 8.420000
0.026191 -0.022399 0.326448 8.440000
-0.384408 -0.015891 0.324214 8.460000
-1.072032 -0.009520 0.312643 8.480000
-1.107952 -0.003528 0.286481 8.500000
-1.204358 0.001928 0.259014 8.520000
-1.685574 0.006810 0.229178 8.540000
-0.989540 0.010997 0.189523 8.560000
-0.374305 0.014530 0.163691 8.580000
-0.782958 0.017666 0.149910 8.600000
-1.234220 0.020443 0.127735 8.620000
-1.481711 0.022686 0.096578 8.640000
-1.690078 0.024259 0.060767 8.660000
-0.871971 0.025078 0.021309 8.680000
-1.766451 0.025278 -0.001267 8.700000
-1.303926 0.024853 -0.041085 8.720000
-1.663917 0.023733 -0.070806 8.740000
-0.996933 0.021955 -0.106787 8.760000
-0.113675 0.019601 -0.128447 8.780000
-1.022640 0.016999 -0.131705 8.800000
-2.000557 0.014156 -0.152373 8.820000
-1.544941 0.010716 -0.191391 8.840000
-0.867228 0.006601 -0.219880 8.860000
-0.473537 0.002065 -0.233542 8.880000
-0.608672 -0.002654 -0.238237 8.900000
-0.596809 -0.007484 -0.244589 8.920000
0.270355 -0.012428 -0.249631 8.940000
-0.204694 -0.017290 -0.236446 8.960000
0.381847 -0.021976 -0.232004 8.980000
0.111551 -0.026449 -0.215146 9.000000
-0.694464 -0.030632 -0.203135 9.020000
0.204973 -0.034730 -0.206516 9.040000
-0.324002 -0.038709 -0.191240 9.060000
-0.523941 -0.042482 -0.185985 9.080000
0.197309 -0.046184 -0.184065 9.100000
-0.725056 -0.049697 -0.167212 9.120000
-0.618358 -0.053053 -0.168273 9.140000
-1.534490 -0.056402 -0.166551 9.160000
-1.359613 -0.059893 -0.182313 9.180000
-2.162312 -0.063653 -0.193597 9.200000
-2.955556 -0.067789 -0.219751 9.220000
-3.510363 -0.072591 -0.260181 9.240000
-3.190188 -0.078294 -0.309730 9.260000
-4.003626 -0.084902 -0.350751 9.280000
-3.664586 -0.092470 -0.405600 9.300000
-2.970641 -0.101041 -0.451058 9.320000
-1.978504 -0.110357 -0.480155 9.340000
-1.820856 -0.120035 -0.487259 9.360000
-2.744070 -0.129803 -0.489204 9.380000
-2.414972 -0.139772 -0.507286 9.400000
-2.629545 -0.150014 -0.516541 9.420000
-2.533800 -0.160461 -0.527752 9.440000
-2.238534 -0.171090 -0.534763 9.460000
-1.645693 -0.181778 -0.533748 9.480000
-1.827471 -0.192310 -0.519104 9.500000
-1.486652 -0.202566 -0.506236 9.520000
-2.252806 -0.212481 -0.485026 9.540000
-2.913100 -0.222106 -0.477140 9.560000
-3.610357 -0.231683 -0.480241 9.580000
-3.941674 -0.241437 -0.494754 9.600000
-4.093541 -0.251522 -0.513304 9.620000
-3.514538 -0.261982 -0.532266 9.640000
-3.183619 -0.272684 -0.537584 9.660000
-3.257759 -0.283406 -0.534290 9.680000
-3.248897 -0.294056 -0.530289 9.700000
-3.337054 -0.304602 -0.524033 9.720000
-2.668155 -0.315020 -0.517420 9.740000
-1.839780 -0.325160 -0.496254 9.760000
-2.219880 -0.334704 -0.458008 9.780000
-2.104586 -0.343544 -0.425825 9.800000
-1.806550 -0.351709 -0.390452 9.820000
-1.787387 -0.359101 -0.348717 9.840000
-2.375585 -0.365650 -0.306099 9.860000
-2.113984 -0.371452 -0.273996 9.880000
-1.166140 -0.376559 -0.236626 9.900000
-1.407200 -0.380741 -0.181642 9.920000
-0.637209 -0.383872 -0.131488 9.940000
-1.501173 -0.385862 -0.067704 9.960000
-1.218740 -0.386745 -0.020770 9.980000
-0.352193 -0.386647 0.030490 10.000000
0.209123 -0.385374 0.096505 10.020000
-0.536820 -0.382694 0.171159 10.040000
-0.091588 -0.378679 0.230020 10.060000
-0.577389 -0.373424 0.295063 10.080000
0.242291 -0.366982 0.348786 10.100000
1.096411 -0.359337 0.415315 10.120000
1.906347 -0.350229 0.494881 10.140000
2.714803 -0.339412 0.586225 10.160000
2.426783 -0.326654 0.688883 10.180000
2.616670 -0.311940 0.781801 10.200000
2.946804 -0.295376 0.873808 10.220000
3.159825 -0.276957 0.967279 10.240000
2.536475 -0.256678 1.059664 10.260000
1.737377 -0.234727 1.134613 10.280000
0.904479 -0.211485 1.188639 10.300000
1.517586 -0.187379 1.221103 10.320000
1.494671 -0.162556 1.260298 10.340000
1.282150 -0.137008 1.293565 10.360000
0.685630 -0.110892 1.317134 10.380000
0.183441 -0.084477 1.323483 10.400000
-0.668057 -0.058087 1.314708 10.420000
-1.110144 -0.032091 1.284189 10.440000
-1.776339 -0.006836 1.240537 10.460000
-1.078455 0.017372 1.179751 10.480000
-1.281103 0.040470 1.129409 10.500000
-2.144748 0.062486 1.071702 10.520000
-1.729196 0.083147 0.993976 10.540000
-2.543093 0.102312 0.922204 10.560000
-3.537051 0.119861 0.832352 10.580000
-3.301059 0.135402 0.721664 10.600000
-3.430320 0.148771 0.615152 10.620000
-4.320266 0.159982 0.505980 10.640000
-3.764438 0.168838 0.379768 10.660000
-2.886746 0.175289 0.265547 10.680000
-3.239832 0.179640 0.169738 10.700000
-3.151482 0.182018 0.068340 10.720000
-3.977596 0.182402 -0.029576 10.740000
-4.973577 0.180687 -0.141527 10.760000
-5.247297 0.176565 -0.270155 10.780000
-5.377679 0.169851 -0.400634 10.800000
-5.021619 0.160540 -0.529682 10.820000
-5.417880 0.148763 -0.647363 10.840000
-4.832246 0.134599 -0.768182 10.860000
-4.931341 0.118185 -0.872379 10.880000
-4.396325 0.099719 -0.973297 10.900000
-3.869698 0.079396 -1.058103 10.920000
-4.391484 0.057537 -1.126885 10.940000
-3.728905 0.034254 -1.200354 10.960000
-2.993713 0.009694 -1.254676 10.980000
-2.338156 -0.015747 -1.288525 11.000000
-1.984530 -0.041679 -1.303714 11.020000
-2.681484 -0.067789 -1.306512 11.040000
-2.005950 -0.094042 -1.317874 11.060000
-1.470754 -0.120335 -1.310499 11.080000
-2.125818 -0.146324 -1.287601 11.100000
-1.904375 -0.171937 -1.272904 11.120000
-1.788987 -0.197165 -1.249142 11.140000
-1.728471 -0.221850 -1.218680 11.160000
-1.070271 -0.245872 -1.182855 11.180000
-0.989283 -0.269011 -1.130496 11.200000
-0.991945 -0.291054 -1.073278 11.220000
-1.126269 -0.311923 -1.013134 11.240000
-0.855751 -0.331587 -0.952839 11.260000
-1.766457 -0.349970 -0.885059 11.280000
-2.451694 -0.367146 -0.832168 11.300000
-1.710836 -0.383369 -0.789716 11.320000
-1.458625 -0.398583 -0.731424 11.340000
-1.530894 -0.412569 -0.666893 11.360000
-1.751742 -0.425264 -0.602421 11.380000
-0.874472 -0.436699 -0.540917 11.400000
-0.031289 -0.446737 -0.462876 11.420000
-0.992267 -0.455062 -0.369676 11.440000
-0.594471 -0.461699 -0.294083 11.460000
0.182922 -0.466757 -0.211875 11.480000
0.034325 -0.470042 -0.116813 11.500000
-0.227929 -0.471466 -0.025853 11.520000
0.595076 -0.471134 0.058771 11.540000
0.073046 -0.468982 0.156033 11.560000
0.094119 -0.465002 0.241621 11.580000
-0.901676 -0.459330 0.325053 11.600000
-1.667658 -0.452196 0.388014 11.620000
-0.894017 -0.443965 0.434651 11.640000
0.087711 -0.434688 0.492574 11.660000
0.710612 -0.424104 0.565206 11.680000
0.787989 -0.411989 0.645673 11.700000
1.066305 -0.398289 0.723731 11.720000
0.719459 -0.383016 0.802835 11.740000
1.459801 -0.366268 0.871222 11.760000
1.658550 -0.348059 0.948913 11.780000
1.205846 -0.328307 1.025500 11.800000
1.543235 -0.307158 1.088512 11.820000
1.544022 -0.284736 1.152793 11.840000
0.827721 -0.261082 1.211721 11.860000
0.191676 -0.236442 1.251392 11.880000
0.668483 -0.211185 1.273381 11.900000
0.499747 -0.185449 1.299375 11.920000
0.646806 -0.159279 1.316673 11.940000
0.814557 -0.132789 1.331505 11.960000
1.526045 -0.106022 1.344265 11.980000
1.649179 -0.078913 1.365650 12.000000
1.888829 -0.051409 1.383826 12.020000
2.667920 -0.023551 1.401066 12.040000
2.654810 0.004750 1.427971 12.060000
3.570513 0.033525 1.448537 12.080000
2.834132 0.062833 1.481126 12.100000
1.935694 0.092581 1.492676 12.120000
1.552300 0.122321 1.480402 12.140000
1.477598 0.151684 1.455017 12.160000
1.953204 0.180472 1.422962 12.180000
1.687898 0.208663 1.395194 12.200000
0.721988 0.236196 1.357338 12.220000
0.926186 0.262739 1.296378 12.240000
1.578196 0.288065 1.235560 12.260000
1.108449 0.312262 1.183547 12.280000
0.212934 0.335294 1.119154 12.300000
-0.475457 0.356841 1.035106 12.320000
-0.483693 0.376557 0.936212 12.340000
-0.327996 0.394279 0.835811 12.360000
0.623228 0.410011 0.737301 12.380000
0.434468 0.423940 0.655365 12.400000
0.269049 0.436187 0.569273 12.420000
-0.203630 0.446678 0.479882 12.440000
-0.383503 0.455298 0.382141 12.460000
-0.269746 0.461936 0.281826 12.480000
-0.315016 0.466598 0.184550 12.500000
-1.201556 0.469319 0.087770 12.520000
-2.035907 0.469963 -0.023037 12.540000
-1.979609 0.468265 -0.146301 12.560000
-1.535156 0.464140 -0.265676 12.580000
-2.511781 0.457738 -0.373980 12.600000
-2.878991 0.449029 -0.496312 12.620000
-3.795934 0.437846 -0.621265 12.640000
-2.859186 0.424042 -0.758345 12.660000
-3.429063 0.407715 -0.873539 12.680000
-3.476348 0.389030 -0.994125 12.700000
-2.822605 0.367978 -1.110135 12.720000
-3.270033 0.344784 -1.208252 12.740000
-3.526337 0.319603 -1.308839 12.760000
-3.508421 0.292424 -1.407981 12.780000
-2.708052 0.263331 -1.500152 12.800000
-3.418281 0.232618 -1.570066 12.820000
-3.443272 0.200437 -1.646781 12.840000
-2.691968 0.166791 -1.716645 12.860000
-3.485012 0.131969 -1.764244 12.880000
-3.248199 0.096114 -1.819953 12.900000
-2.737600 0.059271 -1.863099 12.920000
-3.172772 0.021745 -1.888221 12.940000
-3.169345 -0.016293 -1.914178 12.960000
-2.354567 -0.054769 -1.932089 12.980000
-3.032232 -0.093362 -1.925951 13.000000
-2.097580 -0.131891 -1.925652 13.020000
-1.531862 -0.170153 -1.899366 13.040000
-1.565157 -0.207708 -1.855078 13.060000
-1.259071 -0.244320 -1.805035 13.080000
-1.401014 -0.279810 -1.743069 13.100000
-2.120015 -0.314033 -1.678276 13.120000
-1.825655 -0.347042 -1.621742 13.140000
-2.541533 -0.378813 -1.554503 13.160000
-2.283379 -0.409322 -1.495655 13.180000
-2.353836 -0.438560 -1.427396 13.200000
-1.354904 -0.466403 -1.356179 13.220000
-0.424231 -0.492605 -1.263570 13.240000
-0.000520 -0.516765 -1.152034 13.260000
-0.634154 -0.538602 -1.031481 13.280000
0.221729 -0.558125 -0.920579 13.300000
-0.657761 -0.575275 -0.794431 13.320000
-0.819906 -0.590048 -0.682764 13.340000
-1.744226 -0.602612 -0.573661 13.360000
-2.151292 -0.613146 -0.479793 13.380000
-1.844072 -0.621870 -0.392637 13.400000
-1.112659 -0.628804 -0.300846 13.420000
-2.005406 -0.633792 -0.198115 13.440000
-1.202474 -0.636881 -0.110966 13.460000
-0.393038 -0.638111 -0.012377 13.480000
0.428394 -0.637259 0.097171 13.500000
-0.000145 -0.634110 0.217317 13.520000
0.443253 -0.628656 0.327581 13.540000
1.143838 -0.620957 0.441749 13.560000
1.292918 -0.610896 0.563623 13.580000
2.031643 -0.598414 0.683865 13.600000
1.418283 -0.583449 0.811869 13.620000
0.447344 -0.566074 0.924880 13.640000
1.141794 -0.546651 1.016586 13.660000
0.887516 -0.525326 1.115013 13.680000
0.689700 -0.502130 1.203618 13.700000
1.056775 -0.477253 1.283123 13.720000
1.477189 -0.450779 1.363287 13.740000
1.793765 -0.422687 1.444889 13.760000
1.299840 -0.392969 1.525858 13.780000
1.837232 -0.361788 1.591083 13.800000
1.756192 -0.329270 1.659538 13.820000
0.834904 -0.295469 1.719407 13.840000
0.448956 -0.260718 1.754526 13.860000
0.053654 -0.225410 1.775110 13.880000
-0.335591 -0.189837 1.780989 13.900000
-0.366166 -0.154292 1.772386 13.920000
-0.665338 -0.118992 1.756523 13.940000
0.020526 -0.084134 1.728289 13.960000
-0.304588 -0.049766 1.707436 13.980000
0.318443 -0.015942 1.673951 14.000000
1.310361 0.017277 1.646961 14.020000
2.284895 0.050094 1.633729 14.040000
2.322640 0.082779 1.633629 14.060000
2.740375 0.115404 1.627835 14.080000
2.670191 0.147932 1.623905 14.100000
2.681604 0.180304 1.612192 14.120000
1.767660 0.212381 1.594474 14.140000
2.381242 0.243865 1.553088 14.160000
2.323961 0.274587 1.518147 14.180000
2.909294 0.304545 1.476755 14.200000
3.238731 0.333734 1.441307 14.220000
4.051305 0.362224 1.406861 14.240000
3.544857 0.390125 1.382309 14.260000
3.291637 0.417389 1.343225 14.280000
2.412032 0.443777 1.294834 14.300000
3.367162 0.468996 1.226518 14.320000
2.817511 0.492983 1.171535 14.340000
2.683444 0.515737 1.103376 14.360000
2.500845 0.537075 1.029942 14.380000
2.879142 0.556887 0.950883 14.400000
3.502209 0.575160 0.876078 14.420000
3.797253 0.592021 0.809646 14.440000
2.919960 0.607582 0.746115 14.460000
3.373344 0.621711 0.666644 14.480000
3.359932 0.634314 0.593454 14.500000
3.415995 0.645441 0.519176 14.520000
3.222125 0.655086 0.445227 14.540000
3.995685 0.663218 0.367973 14.560000
4.551239 0.669927 0.302864 14.580000
5.290632 0.675419 0.246424 14.600000
4.990844 0.679899 0.201475 14.620000
4.271219 0.683432 0.151937 14.640000
3.950089 0.685868 0.091703 14.660000
3.162825 0.687057 0.027374 14.680000
4.037645 0.686849 -0.047834 14.700000
4.706876 0.685289 -0.107978 14.720000
5.537108 0.682644 -0.156234 14.740000
6.183695 0.679178 -0.190116 14.760000
5.712091 0.675150 -0.212521 14.780000
6.328833 0.670614 -0.240811 14.800000
6.761024 0.665624 -0.257891 14.820000
5.874923 0.660376 -0.266707 14.840000
5.794261 0.654826 -0.287969 14.860000
4.829074 0.648856 -0.308785 14.880000
5.146637 0.642334 -0.343059 14.900000
6.015989 0.635198 -0.370152 14.920000
5.900212 0.627681 -0.381220 14.940000
6.229892 0.619944 -0.392198 14.960000
6.882257 0.612060 -0.395863 14.980000
6.148989 0.604228 -0.387045 15.000000
5.580665 0.596469 -0.388538 15.020000
5.862097 0.588605 -0.397550 15.040000
6.549866 0.580627 -0.399970 15.060000
6.029225 0.572733 -0.389128 15.080000
6.171675 0.564985 -0.385364 15.100000
5.661583 0.557354 -0.377533 15.120000
5.186576 0.549808 -0.376711 15.140000
6.154508 0.542216 -0.382251 15.160000
5.267080 0.534695 -0.369563 15.180000
4.940781 0.527291 -0.370575 15.200000
5.545358 0.519827 -0.375528 15.220000
5.798125 0.512386 -0.368348 15.240000
6.313529 0.505147 -0.355300 15.260000
5.331297 0.498272 -0.331969 15.280000
5.384336 0.491704 -0.324674 15.300000
5.739255 0.485303 -0.315162 15.320000
6.206903 0.479168 -0.298222 15.340000
5.913695 0.473463 -0.272055 15.360000
6.088266 0.468238 -0.250333 15.380000
6.497728 0.463486 -0.224823 15.400000
7.119104 0.459322 -0.191541 15.420000
6.363949 0.455936 -0.147004 15.440000
6.274416 0.453306 -0.116078 15.460000
6.250934 0.451277 -0.086825 15.480000
5.938285 0.449827 -0.058173 15.500000
5.672165 0.448892 -0.035394 15.520000
6.530911 0.448362 -0.017650 15.540000
5.868006 0.448338 0.015133 15.560000
5.673404 0.448844 0.035379 15.580000
5.790712 0.449714 0.051596 15.600000
5.417432 0.450925 0.069351 15.620000
6.297688 0.452417 0.079798 15.640000
5.551990 0.454270 0.105343 15.660000
5.436318 0.456491 0.116648 15.680000
5.253645 0.458911 0.125158 15.700000
4.816195 0.461460 0.129705 15.720000
4.249377 0.464017 0.125847 15.740000
4.503769 0.466390 0.111498 15.760000
4.560524 0.468520 0.101455 15.780000
5.282172 0.470457 0.092180 15.800000
5.509911 0.472334 0.095417 15.820000
5.099266 0.474311 0.102179 15.840000
5.237543 0.476345 0.101129 15.860000
5.959959 0.478378 0.102088 15.880000
6.629711 0.480552 0.115261 15.900000
7.369190 0.483101 0.139394 15.920000
6.413299 0.486251 0.175347 15.940000
5.945778 0.489936 0.193044 15.960000
5.559933 0.493882 0.201345 15.980000
5.345731 0.497916 0.201854 16.000000
4.987587 0.501913 0.197733 16.020000
5.595342 0.505757 0.186615 16.040000
5.213311 0.509479 0.185413 16.060000
4.266093 0.513102 0.176815 16.080000
4.334179 0.516384 0.151298 16.100000
3.572347 0.519165 0.126819 16.120000
4.268881 0.521325 0.089211 16.140000
4.887067 0.522856 0.063930 16.160000
4.419703 0.523990 0.049476 16.180000
3.821392 0.524755 0.027089 16.200000
3.326758 0.524973 -0.005215 16.220000
3.457272 0.524466 -0.045328 16.240000
2.533459 0.523189 -0.082228 16.260000
2.046256 0.521025 -0.133909 16.280000
2.544160 0.517759 -0.192419 16.300000
2.056808 0.513427 -0.240472 16.320000
1.547728 0.508068 -0.295055 16.340000
0.759656 0.501551 -0.356257 16.360000
0.786758 0.493697 -0.428632 16.380000
1.346528 0.484430 -0.497576 16.400000
1.053748 0.473914 -0.553544 16.420000
1.335083 0.462257 -0.611528 16.440000
1.050862 0.449525 -0.661128 16.460000
1.676679 0.435784 -0.712365 16.480000
2.441533 0.421168 -0.748693 16.500000
2.874989 0.405999 -0.767588 16.520000
2.442819 0.390566 -0.775174 16.540000
3.268571 0.374935 -0.787426 16.560000
3.443912 0.359245 -0.781062 16.580000
3.489675 0.343745 -0.768374 16.600000
4.196563 0.328538 -0.751923 16.620000
4.102122 0.313820 -0.719429 16.640000
4.383535 0.299758 -0.686336 16.660000
4.390590 0.286435 -0.645695 16.680000
4.131128 0.273945 -0.603004 16.700000
5.075692 0.262276 -0.563573 16.720000
5.353875 0.251594 -0.504495 16.740000
5.471970 0.242156 -0.439101 16.760000
5.154288 0.234056 -0.370854 16.780000
5.321024 0.227262 -0.308492 16.800000
5.567392 0.221749 -0.242840 16.820000
4.764546 0.217595 -0.172698 16.840000
4.127596 0.214681 -0.118726 16.860000
3.157181 0.212718 -0.077642 16.880000
2.577621 0.211384 -0.055822 16.900000
2.000473 0.210372 -0.045422 16.920000
2.613629 0.209455 -0.046216 16.940000
1.708711 0.208643 -0.034942 16.960000
2.408138 0.207881 -0.041271 16.980000
1.521474 0.207130 -0.033768 17.000000
1.300138 0.206358 -0.043451 17.020000
0.381668 0.205352 -0.057059 17.040000
1.281992 0.203900 -0.087970 17.060000
0.317206 0.202014 -0.100482 17.080000
0.434621 0.199697 -0.131062 17.100000
1.368618 0.196802 -0.158256 17.120000
0.930872 0.193557 -0.166173 17.140000
1.056059 0.190075 -0.181787 17.160000
1.698142 0.186316 -0.193953 17.180000
0.908592 0.182449 -0.192633 17.200000
1.259674 0.178462 -0.205950 17.220000
0.500081 0.174287 -0.211365 17.240000
0.231230 0.169865 -0.230656 17.260000
-0.053367 0.165016 -0.253920 17.280000
0.208979 0.159661 -0.281307 17.300000
1.138371 0.153826 -0.301946 17.320000
1.227500 0.147777 -0.302833 17.340000
0.823619 0.141739 -0.300774 17.360000
0.921649 0.135674 -0.305496 17.380000
1.537636 0.129547 -0.307014 17.400000
1.176832 0.123523 -0.295214 17.420000
0.340608 0.117673 -0.289576 17.440000
-0.011815 0.111781 -0.299358 17.460000
-0.232575 0.105638 -0.314720 17.480000
-0.079469 0.099159 -0.332909 17.500000
-1.010694 0.092363 -0.346440 17.520000
-0.299444 0.085128 -0.376720 17.540000
-0.739828 0.077449 -0.390929 17.560000
-1.448784 0.069416 -0.412039 17.580000
-1.100930 0.060840 -0.445145 17.600000
-1.108223 0.051695 -0.469013 17.620000
-1.120374 0.042093 -0.490747 17.640000
-1.033874 0.032078 -0.510397 17.660000
-1.690320 0.021710 -0.525975 17.680000
-0.913562 0.010924 -0.552197 17.700000
-0.353901 -0.000206 -0.560391 17.720000
-0.584916 -0.011365 -0.555174 17.740000
-0.180557 -0.022445 -0.552477 17.760000
-0.810265 -0.033370 -0.539688 17.780000
-0.079444 -0.044145 -0.537511 17.800000
0.235799 -0.054712 -0.518841 17.820000
-0.357470 -0.064825 -0.492304 17.840000
-0.083953 -0.074512 -0.476100 17.860000
0.604751 -0.083805 -0.452974 17.880000
0.351947 -0.092486 -0.414979 17.900000
-0.553700 -0.100449 -0.381121 17.920000
-0.415351 -0.107905 -0.364292 17.940000
-0.417320 -0.114986 -0.343661 17.960000
-1.254072 -0.121645 -0.322147 17.980000
-0.349732 -0.128031 -0.316241 18.000000
0.438427 -0.134109 -0.291473 18.020000
0.485161 -0.139531 -0.250619 18.040000
0.618558 -0.144124 -0.208701 18.060000
-0.336491 -0.147853 -0.164206 18.080000
-0.842353 -0.150881 -0.138657 18.100000
-0.372827 -0.153498 -0.122973 18.120000
-1.247662 -0.155707 -0.097942 18.140000
-1.931677 -0.157588 -0.090129 18.160000
-2.164544 -0.159445 -0.095484 18.180000
-2.767360 -0.161450 -0.104904 18.200000
-3.036257 -0.163755 -0.125493 18.220000
-2.162158 -0.166516 -0.150419 18.240000
-1.322692 -0.169594 -0.157194 18.260000
-1.598963 -0.172635 -0.146842 18.280000
-1.878387 -0.175519 -0.141505 18.300000
-1.895167 -0.178347 -0.141161 18.320000
-2.472908 -0.181165 -0.140592 18.340000
-2.823432 -0.184079 -0.150721 18.360000
-2.398938 -0.187257 -0.166865 18.380000
-2.620591 -0.190665 -0.173768 18.400000
-3.142348 -0.194245 -0.184147 18.420000
-2.262955 -0.198126 -0.203708 18.440000
-2.431596 -0.202214 -0.205003 18.460000
-2.108412 -0.206353 -0.208725 18.480000
-2.058158 -0.210495 -0.205282 18.500000
-2.813565 -0.214550 -0.200121 18.520000
-3.076537 -0.218641 -0.208867 18.540000
-3.751375 -0.222949 -0.221676 18.560000
-3.016747 -0.227631 -0.246349 18.580000
-2.605466 -0.232651 -0.255367 18.600000
-3.456317 -0.237758 -0.255257 18.620000
-3.725349 -0.243018 -0.270478 18.640000
-2.878617 -0.248620 -0.289453 18.660000
-3.224442 -0.254423 -0.290631 18.680000
-2.638778 -0.260304 -0.297229 18.700000
-2.691173 -0.266191 -0.291295 18.720000
-3.579864 -0.271959 -0.285307 18.740000
-2.701585 -0.277766 -0.295216 18.760000
-3.178509 -0.283590 -0.287013 18.780000
-4.141172 -0.289331 -0.286870 18.800000
-3.468173 -0.295240 -0.303802 18.820000
-3.858146 -0.301344 -0.306397 18.840000
-3.356858 -0.307561 -0.315042 18.860000
-2.758748 -0.313841 -0.312761 18.880000
-1.964509 -0.319951 -0.297997 18.900000
-2.483187 -0.325606 -0.267422 18.920000
-1.870868 -0.330742 -0.246118 18.940000
-1.975516 -0.335332 -0.212803 18.960000
-1.082076 -0.339273 -0.181271 18.980000
-1.990906 -0.342415 -0.132991 19.000000
-2.108138 -0.344765 -0.102095 19.020000
-1.956656 -0.346522 -0.073593 19.040000
-2.940194 -0.347683 -0.042547 19.060000
-3.830552 -0.348410 -0.030245 19.080000
-4.748866 -0.349059 -0.034622 19.100000
-4.872588 -0.349965 -0.055841 19.120000
-4.178504 -0.351312 -0.078699 19.140000
-5.130788 -0.352978 -0.087875 19.160000
-5.267392 -0.355000 -0.114174 19.180000
-4.385007 -0.357564 -0.141989 19.200000
-3.921546 -0.360508 -0.152288 19.220000
-4.227714 -0.363564 -0.153160 19.240000
-3.310207 -0.366687 -0.159034 19.260000
-2.485880 -0.369750 -0.147183 19.280000
-2.298741 -0.372419 -0.119763 19.300000
-1.827752 -0.374506 -0.088963 19.320000
-2.498638 -0.375892 -0.049750 19.340000
-2.687620 -0.376624 -0.023468 19.360000
-2.407959 -0.376869 -0.001090 19.380000
-1.470534 -0.376619 0.025994 19.400000
-1.572400 -0.375660 0.069692 19.420000
-0.690166 -0.373857 0.110383 19.440000
-1.462147 -0.371090 0.166104 19.460000
-1.898273 -0.367368 0.205859 19.480000
-1.085102 -0.362947 0.235976 19.500000
-0.991697 -0.357788 0.279636 19.520000
-1.351772 -0.351757 0.323106 19.540000
-0.409127 -0.344945 0.357797 19.560000
-0.996424 -0.337282 0.408009 19.580000
-1.201266 -0.328751 0.444727 19.600000
-0.919770 -0.319548 0.475186 19.620000
-0.573634 -0.309707 0.508517 19.640000
-0.697577 -0.299159 0.545788 19.660000
0.233349 -0.287917 0.577912 19.680000
-0.623983 -0.275884 0.624899 19.700000
-0.869085 -0.263107 0.652286 19.720000
-1.067267 -0.249860 0.671953 19.740000
-0.272144 -0.236287 0.684841 19.760000
0.318101 -0.222332 0.710145 19.780000
-0.557751 -0.207788 0.743654 19.800000
-1.097408 -0.192779 0.756711 19.820000
-0.975076 -0.177646 0.756099 19.840000
-0.826811 -0.162531 0.754940 19.860000
-0.660873 -0.147439 0.753765 19.880000
-0.908259 -0.132367 0.752936 19.900000
-0.221596 -0.117389 0.744345 19.920000
-0.427168 -0.102476 0.746530 19.940000
-0.127521 -0.087588 0.741734 19.960000
-1.004835 -0.072765 0.740066 19.980000
