-0.538533 -0.036779 -0.972038 0.000000
-0.701082 -0.056049 -0.954427 0.020000
-0.322168 -0.074966 -0.936666 0.040000
-1.174579 -0.093419 -0.908142 0.060000
-1.886633 -0.111440 -0.893443 0.080000
-2.375034 -0.129276 -0.889532 0.100000
-1.955597 -0.147095 -0.891763 0.120000
-2.857282 -0.164840 -0.882206 0.140000
-2.707073 -0.182538 -0.886924 0.160000
-1.935083 -0.200264 -0.885064 0.180000
-1.202924 -0.217767 -0.864744 0.200000
-0.400495 -0.234691 -0.827289 0.220000
-0.957593 -0.250687 -0.771950 0.240000
-1.509597 -0.265664 -0.725433 0.260000
-1.385498 -0.279798 -0.687568 0.280000
-1.633704 -0.293130 -0.645421 0.300000
-0.677175 -0.305650 -0.606301 0.320000
-0.202696 -0.317191 -0.547577 0.340000
-0.656139 -0.327458 -0.479047 0.360000
-1.053222 -0.336435 -0.418584 0.380000
-1.770683 -0.344273 -0.365156 0.400000
-0.774342 -0.351173 -0.324749 0.420000
-1.656278 -0.357075 -0.265388 0.440000
-2.023654 -0.361954 -0.222546 0.460000
-1.158374 -0.366044 -0.186486 0.480000
-2.048906 -0.369253 -0.134433 0.500000
-2.081690 -0.371590 -0.099330 0.520000
-2.126421 -0.373234 -0.065137 0.540000
-1.645993 -0.374207 -0.032191 0.560000
-0.759887 -0.374437 0.009078 0.580000
-1.668584 -0.373686 0.065816 0.600000
-1.305668 -0.371981 0.104439 0.620000
-1.164247 -0.369449 0.148589 0.640000
-0.288472 -0.366021 0.193910 0.660000
-0.629979 -0.361541 0.253795 0.680000
0.275307 -0.355947 0.305235 0.700000
-0.366384 -0.349177 0.371332 0.720000
-0.019095 -0.341231 0.422830 0.740000
-0.256934 -0.332216 0.478229 0.760000
-0.783771 -0.322166 0.526319 0.780000
-0.144167 -0.311282 0.561596 0.800000
0.150707 -0.299600 0.606117 0.820000
0.628547 -0.287002 0.653086 0.840000
-0.093224 -0.273407 0.705791 0.860000
-0.816378 -0.258933 0.741084 0.880000
-0.357704 -0.243926 0.759032 0.900000
-0.875871 -0.228505 0.782531 0.920000
-0.759962 -0.212748 0.792577 0.940000
-1.218432 -0.196801 0.801607 0.960000
-0.675376 -0.180795 0.798449 0.980000
-0.786517 -0.164777 0.802824 1.000000
-0.227549 -0.148725 0.801832 1.020000
0.692717 -0.132614 0.808697 1.040000
0.814620 -0.116218 0.830377 1.060000
1.241576 -0.099399 0.850852 1.080000
1.878632 -0.082124 0.876078 1.100000
1.872060 -0.064256 0.910025 1.120000
2.030107 -0.045752 0.939690 1.140000
1.754811 -0.026665 0.968282 1.160000
1.001535 -0.007104 0.987127 1.180000
0.534016 0.012643 0.986868 1.200000
1.386796 0.032253 0.973532 1.220000
0.822909 0.051730 0.973538 1.240000
0.050519 0.071057 0.958607 1.260000
-0.299701 0.089898 0.925006 1.280000
0.285990 0.107969 0.881598 1.300000
0.891720 0.125261 0.847171 1.320000
1.126008 0.141958 0.822032 1.340000
1.821534 0.158170 0.798777 1.360000
1.138977 0.174027 0.786439 1.380000
2.070286 0.189475 0.757958 1.400000
1.892612 0.204511 0.745162 1.420000
1.267883 0.219229 0.726227 1.440000
0.878895 0.233423 0.692751 1.460000
0.251729 0.246851 0.649767 1.480000
0.078759 0.259282 0.593120 1.500000
0.119721 0.270535 0.532051 1.520000
-0.309265 0.280566 0.470977 1.540000
0.362510 0.289289 0.401205 1.560000
0.830111 0.296742 0.344062 1.580000
-0.085997 0.303139 0.295600 1.600000
-0.157211 0.308391 0.229686 1.620000
0.481193 0.312316 0.162890 1.640000
-0.046598 0.315032 0.108834 1.660000
-0.673627 0.316574 0.045513 1.680000
-0.521270 0.316741 -0.028513 1.700000
-1.517422 0.315473 -0.098104 1.720000
-1.849655 0.312641 -0.184710 1.740000
-1.886696 0.308037 -0.275214 1.760000
-2.444693 0.301643 -0.363668 1.780000
-2.665128 0.293405 -0.459660 1.800000
-3.632663 0.283238 -0.556355 1.820000
-2.810461 0.270991 -0.667642 1.840000
-2.136897 0.256720 -0.758777 1.860000
-2.018067 0.240799 -0.832556 1.880000
-2.986481 0.223470 -0.899616 1.900000
-2.613819 0.204657 -0.980829 1.920000
-1.954418 0.184343 -1.049707 1.940000
-1.447911 0.162832 -1.100564 1.960000
-2.111366 0.140454 -1.136430 1.980000
-2.786352 0.117278 -1.180331 2.000000
-2.922870 0.093143 -1.232213 2.020000
-3.413712 0.068000 -1.281126 2.040000
-3.958296 0.041839 -1.333911 2.060000
-3.036382 0.014576 -1.391326 2.080000
-2.681425 -0.013587 -1.423996 2.100000
-3.648217 -0.042272 -1.443450 2.120000
-3.133430 -0.071477 -1.475959 2.140000
-3.924146 -0.101165 -1.491812 2.160000
-3.894117 -0.131263 -1.516946 2.180000
-4.415103 -0.161792 -1.534853 2.200000
-4.207445 -0.192715 -1.556293 2.220000
-3.634003 -0.223958 -1.566843 2.240000
-4.597109 -0.255234 -1.559655 2.260000
-4.204958 -0.286487 -1.564550 2.280000
-5.162992 -0.317696 -1.555314 2.300000
-5.093591 -0.348837 -1.557633 2.320000
-4.300466 -0.379943 -1.551856 2.340000
-3.574892 -0.410722 -1.524961 2.360000
-3.570447 -0.440771 -1.479064 2.380000
-3.414067 -0.469849 -1.427914 2.400000
-4.252363 -0.497827 -1.369185 2.420000
-3.707105 -0.524733 -1.320533 2.440000
-3.199735 -0.550525 -1.258031 2.460000
-2.837983 -0.574942 -1.183150 2.480000
-2.081489 -0.597770 -1.099123 2.500000
-1.844837 -0.618767 -1.000256 2.520000
-2.487979 -0.637731 -0.895919 2.540000
-2.131971 -0.654698 -0.800624 2.560000
-2.041628 -0.669693 -0.698717 2.580000
-2.884896 -0.682630 -0.594941 2.600000
-2.724208 -0.693620 -0.504013 2.620000
-1.805545 -0.702765 -0.410579 2.640000
-1.566814 -0.709906 -0.303665 2.660000
-0.955683 -0.714883 -0.194257 2.680000
-0.761264 -0.717595 -0.077247 2.700000
-1.032006 -0.717958 0.040589 2.720000
-0.869564 -0.716028 0.151927 2.740000
-0.562294 -0.711874 0.263004 2.760000
-0.288789 -0.705482 0.375666 2.780000
-0.721151 -0.696829 0.489068 2.800000
-1.205945 -0.686010 0.592142 2.820000
-0.640959 -0.673244 0.683827 2.840000
-1.616692 -0.658597 0.780210 2.860000
-2.336318 -0.642219 0.856801 2.880000
-2.130413 -0.624469 0.917407 2.900000
-2.469411 -0.605520 0.976756 2.920000
-1.609391 -0.585487 1.025792 2.940000
-0.934021 -0.564378 1.084267 2.960000
-1.723389 -0.542036 1.149030 2.980000
-2.322478 -0.518587 1.194997 3.000000
-3.135039 -0.494375 1.225256 3.020000
-2.455898 -0.469755 1.235951 3.040000
-2.585986 -0.444851 1.253521 3.060000
-2.307161 -0.419672 1.263491 3.080000
-2.973196 -0.394295 1.273327 3.100000
-2.411354 -0.368896 1.265729 3.120000
-3.039979 -0.343595 1.263584 3.140000
-2.333726 -0.318504 1.244695 3.160000
-1.651198 -0.293705 1.234451 3.180000
-2.304361 -0.269027 1.232470 3.200000
-1.692380 -0.244563 1.213204 3.220000
-0.916441 -0.220411 1.201268 3.240000
-0.873336 -0.196392 1.199868 3.260000
-0.486773 -0.172438 1.194683 3.280000
0.341490 -0.148559 1.192514 3.300000
-0.648778 -0.124605 1.202016 3.320000
0.262976 -0.100705 1.187252 3.340000
0.179099 -0.076964 1.186137 3.360000
-0.638679 -0.053307 1.178809 3.380000
0.333810 -0.030003 1.150896 3.400000
-0.255355 -0.007104 1.138304 3.420000
-0.096238 0.015384 1.109888 3.440000
-0.658440 0.037298 1.080878 3.460000
-1.083284 0.058484 1.037142 3.480000
-0.116959 0.078679 0.981884 3.500000
-0.192879 0.097932 0.943002 3.520000
-1.084991 0.116365 0.899760 3.540000
-1.705052 0.133730 0.836399 3.560000
-1.160463 0.149686 0.758978 3.580000
-1.847787 0.164187 0.690899 3.600000
-1.807623 0.177179 0.608171 3.620000
-2.053182 0.188518 0.525618 3.640000
-2.455937 0.198154 0.437999 3.660000
-3.173873 0.205960 0.342710 3.680000
-3.660126 0.211727 0.234177 3.700000
-3.039538 0.215242 0.117561 3.720000
-3.816127 0.216563 0.014842 3.740000
-4.029587 0.215698 -0.100907 3.760000
-4.047947 0.212503 -0.218141 3.780000
-3.765509 0.206989 -0.332655 3.800000
-2.998204 0.199274 -0.438273 3.820000
-2.396102 0.189632 -0.525364 3.840000
-3.106113 0.178401 -0.597131 3.860000
-3.466904 0.165632 -0.679141 3.880000
-4.203259 0.151192 -0.764115 3.900000
-3.893843 0.134952 -0.859056 3.920000
-4.746032 0.116924 -0.942931 3.940000
-5.160939 0.097101 -1.038447 3.960000
-5.349405 0.075342 -1.136430 3.980000
-5.817515 0.051647 -1.231972 4.000000
-5.449515 0.026014 -1.330238 4.020000
-4.478170 -0.001442 -1.414196 4.040000
-3.676948 -0.030313 -1.471781 4.060000
-4.036783 -0.060108 -1.506601 4.080000
-4.266140 -0.090604 -1.541865 4.100000
-4.578660 -0.121782 -1.574763 4.120000
-4.372916 -0.153609 -1.606747 4.140000
-4.234353 -0.185964 -1.627480 4.160000
-3.825440 -0.218634 -1.638391 4.180000
-3.316207 -0.251373 -1.634417 4.200000
-2.561956 -0.283869 -1.614047 4.220000
-3.417324 -0.315751 -1.573219 4.240000
-2.915015 -0.346922 -1.542906 4.260000
-2.205790 -0.377335 -1.497561 4.280000
-2.323483 -0.406659 -1.434108 4.300000
-1.454235 -0.434692 -1.368431 4.320000
-1.281439 -0.461214 -1.283208 4.340000
-1.218933 -0.485969 -1.191841 4.360000
-2.008276 -0.508859 -1.096825 4.380000
-2.284053 -0.529964 -1.013275 4.400000
-2.797312 -0.549423 -0.932260 4.420000
-2.088401 -0.567329 -0.857937 4.440000
-2.559092 -0.583610 -0.770001 4.460000
-2.740004 -0.598199 -0.688696 4.480000
-2.263980 -0.611181 -0.609345 4.500000
-2.747011 -0.622491 -0.521566 4.520000
-2.446695 -0.632120 -0.441346 4.540000
-2.798752 -0.640096 -0.356270 4.560000
-2.090165 -0.646429 -0.277137 4.580000
-2.091507 -0.651073 -0.187355 4.600000
-1.180627 -0.653931 -0.098701 4.620000
-1.489222 -0.654887 0.002852 4.640000
-1.883440 -0.653879 0.097540 4.660000
-1.854780 -0.651062 0.183819 4.680000
-1.190107 -0.646538 0.268191 4.700000
-2.086949 -0.640246 0.360465 4.720000
-2.377554 -0.632282 0.435415 4.740000
-1.560213 -0.622897 0.502650 4.760000
-1.695341 -0.612066 0.579880 4.780000
-2.547285 -0.599747 0.651335 4.800000
-3.250687 -0.586177 0.705062 4.820000
-4.048571 -0.571686 0.743401 4.840000
-4.316451 -0.556600 0.764696 4.860000
-4.526740 -0.541168 0.777881 4.880000
-3.622077 -0.525544 0.783950 4.900000
-2.990943 -0.509677 0.802119 4.920000
-3.985935 -0.493373 0.827601 4.940000
-3.093642 -0.476773 0.831869 4.960000
-3.226100 -0.459964 0.848337 4.980000
-3.267134 -0.442888 0.858710 5.000000
-2.538724 -0.425648 0.864661 5.020000
-2.508529 -0.408194 0.880155 5.040000
-2.781142 -0.390462 0.892408 5.060000
-2.053812 -0.372573 0.895873 5.080000
-1.899277 -0.354516 0.909125 5.100000
-2.561155 -0.336204 0.921427 5.120000
-1.665854 -0.317809 0.917478 5.140000
-1.578731 -0.299360 0.926816 5.160000
-2.303227 -0.280745 0.934004 5.180000
-1.399142 -0.262163 0.923595 5.200000
-0.859497 -0.243651 0.927033 5.220000
-0.355316 -0.225002 0.937177 5.240000
-0.472321 -0.206091 0.953249 5.260000
0.209342 -0.186922 0.963085 5.280000
0.638725 -0.167461 0.982300 5.300000
0.607629 -0.147573 1.005781 5.320000
-0.047620 -0.127264 1.024365 5.340000
0.802052 -0.106756 1.025792 5.360000
1.378368 -0.086091 1.039968 5.380000
1.435231 -0.065072 1.061243 5.400000
0.976525 -0.043660 1.079149 5.420000
0.421080 -0.022027 1.083473 5.440000
1.343737 -0.000460 1.072527 5.460000
2.312479 0.021031 1.075894 5.480000
1.824558 0.042740 1.094168 5.500000
2.494867 0.064670 1.098156 5.520000
2.586255 0.086769 1.110988 5.540000
3.236084 0.109097 1.120976 5.560000
2.359374 0.131706 1.139084 5.580000
2.511285 0.154455 1.135090 5.600000
2.090759 0.177109 1.129626 5.620000
2.778351 0.199528 1.111584 5.640000
2.726100 0.221679 1.102795 5.660000
3.137450 0.243602 1.088733 5.680000
3.709498 0.265281 1.078445 5.700000
4.525132 0.286821 1.074863 5.720000
4.735883 0.308401 1.082335 5.740000
4.061681 0.330123 1.089029 5.760000
4.732051 0.351804 1.078359 5.780000
4.727500 0.373353 1.075778 5.800000
4.552435 0.394804 1.068544 5.820000
5.468087 0.416033 1.053674 5.840000
5.129874 0.437088 1.051086 5.860000
5.450905 0.457985 1.037860 5.880000
6.015724 0.478631 1.026019 5.900000
6.147594 0.499096 1.019727 5.920000
6.265745 0.519413 1.011202 5.940000
5.729963 0.539535 1.000236 5.960000
6.016617 0.559303 0.975843 5.980000
6.540918 0.578591 0.952328 6.000000
7.057392 0.597457 0.933576 6.020000
6.185023 0.615992 0.919236 6.040000
5.791689 0.634058 0.886789 6.060000
6.314018 0.651378 0.844698 6.080000
6.222775 0.667908 0.807826 6.100000
6.543453 0.683657 0.766564 6.120000
6.963413 0.698602 0.727510 6.140000
7.588380 0.712804 0.692180 6.160000
7.096620 0.726366 0.663569 6.180000
7.428749 0.739256 0.625046 6.200000
7.087116 0.751401 0.589138 6.220000
6.425591 0.762758 0.546177 6.240000
7.250192 0.773142 0.492061 6.260000
7.732883 0.782549 0.448399 6.280000
7.775743 0.791137 0.410203 6.300000
7.706881 0.798955 0.371346 6.320000
6.955886 0.805975 0.330487 6.340000
7.528558 0.812066 0.278568 6.360000
7.393115 0.817194 0.234150 6.380000
6.572939 0.821412 0.187652 6.400000
7.193954 0.824589 0.130143 6.420000
6.216855 0.826705 0.081512 6.440000
5.583402 0.827722 0.020374 6.460000
5.717699 0.827442 -0.048124 6.480000
5.524683 0.825826 -0.113261 6.500000
4.631727 0.822898 -0.179215 6.520000
5.136715 0.818550 -0.255146 6.540000
5.772456 0.812777 -0.321707 6.560000
6.100382 0.805786 -0.376937 6.580000
5.801894 0.797763 -0.424928 6.600000
5.624810 0.788767 -0.474225 6.620000
5.397529 0.778790 -0.522958 6.640000
5.704099 0.767838 -0.571682 6.660000
5.958555 0.755989 -0.612608 6.680000
5.285863 0.743394 -0.646361 6.700000
5.254530 0.730060 -0.686425 6.720000
5.502095 0.715957 -0.723218 6.740000
5.376214 0.701194 -0.752459 6.760000
5.127070 0.685865 -0.779749 6.780000
5.788892 0.669991 -0.806945 6.800000
5.440669 0.653717 -0.819801 6.820000
5.200125 0.637170 -0.834240 6.840000
5.383779 0.620336 -0.848572 6.860000
5.635312 0.603284 -0.855951 6.880000
6.031272 0.586165 -0.855292 6.900000
5.622742 0.569163 -0.844262 6.920000
4.802267 0.552350 -0.836451 6.940000
3.854494 0.535590 -0.838947 6.960000
4.825450 0.518654 -0.853988 6.980000
5.582486 0.501624 -0.848441 7.000000
5.175878 0.484872 -0.826144 7.020000
5.716622 0.468528 -0.807751 7.040000
6.116557 0.452680 -0.776593 7.060000
5.955011 0.437555 -0.735432 7.080000
6.373339 0.423250 -0.694653 7.100000
6.481815 0.409860 -0.643981 7.120000
6.770364 0.397524 -0.589400 7.140000
6.516733 0.386348 -0.527929 7.160000
5.741624 0.376368 -0.469902 7.180000
5.988294 0.367415 -0.425173 7.200000
5.843625 0.359413 -0.374880 7.220000
6.670384 0.352398 -0.326592 7.240000
5.788651 0.346507 -0.262440 7.260000
4.925565 0.341735 -0.214788 7.280000
5.083925 0.337754 -0.183232 7.300000
4.855358 0.334436 -0.148554 7.320000
4.521649 0.331769 -0.118193 7.340000
5.085675 0.329645 -0.094172 7.360000
4.354830 0.328107 -0.059663 7.380000
4.456984 0.327118 -0.039272 7.400000
4.174360 0.326554 -0.017205 7.420000
4.966308 0.326375 -0.000798 7.440000
5.918252 0.326669 0.030129 7.460000
6.882334 0.327754 0.078152 7.480000
7.868897 0.329968 0.142932 7.500000
7.115992 0.333644 0.224235 7.520000
6.592140 0.338778 0.288814 7.540000
7.188526 0.345081 0.341022 7.560000
8.000000 0.352513 0.401740 7.580000
7.609012 0.361281 0.474442 7.600000
6.610176 0.371394 0.536229 7.620000
7.610047 0.382521 0.575893 7.640000
8.000000 0.394591 0.630445 7.660000
8.000000 0.407783 0.688031 7.680000
8.000000 0.422082 0.741162 7.700000
7.583509 0.437398 0.789657 7.720000
6.603550 0.453562 0.825921 7.740000
7.052703 0.470229 0.840143 7.760000
7.988199 0.487219 0.858071 7.780000
7.054629 0.504686 0.887859 7.800000
7.127953 0.522538 0.896598 7.820000
8.000000 0.540533 0.902151 7.840000
7.434286 0.558743 0.917996 7.860000
7.224841 0.577126 0.919531 7.880000
8.000000 0.595460 0.913118 7.900000
8.000000 0.613749 0.915051 7.920000
7.903903 0.632031 0.912376 7.940000
8.000000 0.650199 0.903668 7.960000
7.571595 0.668164 0.892132 7.980000
8.000000 0.685789 0.869752 8.000000
7.785248 0.702994 0.850066 8.020000
8.000000 0.719734 0.823296 8.040000
7.250306 0.735934 0.796153 8.060000
7.120548 0.751447 0.754651 8.080000
6.504225 0.766083 0.708489 8.100000
7.415076 0.779682 0.651148 8.120000
7.057261 0.792245 0.604702 8.140000
7.023412 0.803808 0.551322 8.160000
7.310958 0.814283 0.495944 8.180000
7.301889 0.823676 0.443225 8.200000
6.960029 0.832003 0.389318 8.220000
7.183820 0.839198 0.330093 8.240000
6.601310 0.845234 0.273456 8.260000
6.469036 0.850059 0.209029 8.280000
7.204218 0.853580 0.143209 8.300000
6.285683 0.855887 0.087598 8.320000
6.160500 0.856969 0.020772 8.340000
5.619366 0.856710 -0.046444 8.360000
4.712687 0.855051 -0.119145 8.380000
5.257929 0.851839 -0.201694 8.400000
5.040246 0.847071 -0.274686 8.420000
5.819692 0.840840 -0.347960 8.440000
6.719932 0.833275 -0.408038 8.460000
7.276094 0.824659 -0.453132 8.480000
7.188618 0.815245 -0.487747 8.500000
7.714626 0.805157 -0.520550 8.520000
7.805665 0.794517 -0.542983 8.540000
7.661224 0.783471 -0.561044 8.560000
6.927595 0.772075 -0.578018 8.580000
7.910690 0.760267 -0.602285 8.600000
8.000000 0.748148 -0.609064 8.620000
8.000000 0.735938 -0.611377 8.640000
7.860005 0.723714 -0.610586 8.660000
7.183602 0.711514 -0.608843 8.680000
7.744855 0.699278 -0.614297 8.700000
7.587215 0.687048 -0.608152 8.720000
7.156862 0.674946 -0.601546 8.740000
7.846787 0.662938 -0.598799 8.760000
8.000000 0.651122 -0.582423 8.780000
8.000000 0.639683 -0.561056 8.800000
8.000000 0.628695 -0.537305 8.820000
7.162663 0.618205 -0.511338 8.840000
8.000000 0.608120 -0.496878 8.860000
7.986391 0.598481 -0.466676 8.880000
8.000000 0.589462 -0.434966 8.900000
8.000000 0.581095 -0.401492 8.920000
8.000000 0.573411 -0.366681 8.940000
8.000000 0.566435 -0.330735 8.960000
7.226386 0.560188 -0.293855 8.980000
7.815128 0.554556 -0.269235 9.000000
7.659317 0.549523 -0.233891 9.020000
7.871076 0.545177 -0.200727 9.040000
6.883863 0.541532 -0.163652 9.060000
6.250710 0.538463 -0.143258 9.080000
5.416688 0.535696 -0.133353 9.100000
4.820018 0.532989 -0.137233 9.120000
4.229763 0.530109 -0.150605 9.140000
4.073962 0.526870 -0.173149 9.160000
4.099478 0.523164 -0.197187 9.180000
4.290542 0.518995 -0.219490 9.200000
4.889459 0.514427 -0.237148 9.220000
5.050538 0.509622 -0.243126 9.240000
6.008789 0.504737 -0.245147 9.260000
5.486210 0.499990 -0.229440 9.280000
4.664611 0.495473 -0.222086 9.300000
5.227365 0.490969 -0.228210 9.320000
5.572560 0.486451 -0.223401 9.340000
5.275135 0.482099 -0.211660 9.360000
4.863276 0.477937 -0.204428 9.380000
4.964015 0.473854 -0.203682 9.400000
5.290731 0.469813 -0.200293 9.420000
5.948648 0.465906 -0.190330 9.440000
6.273330 0.462321 -0.168084 9.460000
6.156154 0.459242 -0.139765 9.480000
6.929385 0.456710 -0.113446 9.500000
7.052870 0.454842 -0.073393 9.520000
6.542805 0.453794 -0.031593 9.540000
6.063161 0.453483 0.000456 9.560000
5.080656 0.453722 0.023338 9.580000
5.215055 0.454238 0.028190 9.600000
6.112136 0.454872 0.035212 9.620000
5.560458 0.455804 0.057882 9.640000
5.714726 0.457084 0.070042 9.660000
6.434062 0.458630 0.084387 9.680000
7.006972 0.460583 0.110826 9.700000
7.013307 0.463158 0.146380 9.720000
8.000000 0.466430 0.180652 9.740000
8.000000 0.470548 0.230813 9.760000
7.520906 0.475649 0.278851 9.780000
8.000000 0.481603 0.316158 9.800000
8.000000 0.488364 0.359590 9.820000
8.000000 0.495969 0.400395 9.840000
7.524044 0.504362 0.438422 9.860000
6.996961 0.513403 0.465313 9.880000
6.123539 0.522864 0.480359 9.900000
5.500981 0.532451 0.477897 9.920000
6.129111 0.541860 0.462715 9.940000
5.942592 0.551054 0.456395 9.960000
5.027559 0.560071 0.444976 9.980000
4.181272 0.568688 0.416468 10.000000
4.255067 0.576580 0.372644 10.020000
5.248823 0.583601 0.329360 10.040000
4.510839 0.589915 0.301935 10.060000
5.330814 0.595552 0.261621 10.080000
5.479530 0.600513 0.234410 10.100000
5.338106 0.604949 0.209133 10.120000
5.500443 0.608852 0.181133 10.140000
5.577349 0.612219 0.155523 10.160000
5.707158 0.615085 0.130976 10.180000
6.592921 0.617479 0.108429 10.200000
7.303673 0.619565 0.100122 10.220000
7.082173 0.621596 0.102953 10.240000
7.614551 0.623643 0.101670 10.260000
6.987913 0.625746 0.108469 10.280000
6.306764 0.627877 0.104560 10.300000
6.292358 0.629816 0.089332 10.320000
6.176203 0.631447 0.073764 10.340000
7.148470 0.632748 0.056310 10.360000
6.933314 0.633856 0.054451 10.380000
7.903316 0.634890 0.048939 10.400000
8.000000 0.635968 0.058749 10.420000
8.000000 0.637252 0.069611 10.440000
8.000000 0.638748 0.079910 10.460000
8.000000 0.640445 0.089605 10.480000
8.000000 0.642328 0.098659 10.500000
7.517140 0.644386 0.107041 10.520000
8.000000 0.646529 0.107090 10.540000
8.000000 0.648743 0.114233 10.560000
7.883338 0.651093 0.120663 10.580000
8.000000 0.653546 0.124528 10.600000
8.000000 0.656088 0.129527 10.620000
8.000000 0.658722 0.133779 10.640000
7.995356 0.661434 0.137276 10.660000
8.000000 0.664208 0.139945 10.680000
8.000000 0.667028 0.141933 10.700000
7.285002 0.669880 0.143171 10.720000
7.658973 0.672638 0.132590 10.740000
8.000000 0.675239 0.127360 10.760000
8.000000 0.677782 0.126868 10.780000
8.000000 0.680309 0.125750 10.800000
7.898931 0.682808 0.124024 10.820000
8.000000 0.685251 0.120162 10.840000
7.564932 0.687626 0.117324 10.860000
8.000000 0.689873 0.107309 10.880000
8.000000 0.691983 0.103601 10.900000
8.000000 0.694014 0.099448 10.920000
7.603356 0.695958 0.094878 10.940000
7.428830 0.697747 0.083906 10.960000
6.483287 0.699287 0.070096 10.980000
6.360810 0.700406 0.041908 11.000000
5.455540 0.700947 0.012233 11.020000
6.176960 0.700762 -0.030600 11.040000
6.896656 0.699839 -0.061537 11.060000
7.414393 0.698416 -0.080682 11.080000
8.000000 0.696696 -0.091216 11.100000
8.000000 0.694861 -0.092205 11.120000
8.000000 0.693011 -0.092713 11.140000
7.541916 0.691155 -0.092747 11.160000
7.236514 0.689234 -0.099304 11.180000
7.561654 0.687140 -0.109912 11.200000
7.764186 0.684892 -0.114804 11.220000
7.404340 0.682584 -0.115930 11.240000
6.540078 0.680203 -0.121989 11.260000
6.942500 0.677575 -0.140644 11.280000
7.607157 0.674647 -0.152065 11.300000
7.849500 0.671602 -0.152256 11.320000
8.000000 0.668599 -0.147937 11.340000
7.172726 0.665713 -0.140630 11.360000
6.240128 0.662849 -0.145650 11.380000
5.661746 0.659746 -0.164432 11.400000
5.287355 0.656188 -0.191145 11.420000
4.331319 0.652050 -0.222357 11.440000
4.928947 0.647153 -0.267047 11.460000
4.481678 0.641477 -0.300295 11.480000
4.274480 0.635083 -0.338708 11.500000
4.561428 0.627909 -0.378255 11.520000
3.724968 0.620015 -0.410847 11.540000
2.725052 0.611356 -0.454577 11.560000
3.366755 0.601686 -0.511868 11.580000
3.416331 0.591007 -0.555569 11.600000
2.734674 0.579492 -0.595384 11.620000
2.039237 0.567099 -0.643368 11.640000
1.055361 0.553664 -0.699579 11.660000
0.209450 0.538974 -0.768705 11.680000
0.764664 0.522798 -0.848173 11.700000
1.655203 0.505173 -0.913612 11.720000
1.467218 0.486439 -0.959019 11.740000
0.735376 0.466809 -1.003249 11.760000
-0.147316 0.446210 -1.055863 11.780000
0.053553 0.424448 -1.119445 11.800000
0.477173 0.401503 -1.174196 11.820000
1.198737 0.377593 -1.215904 11.840000
0.239931 0.353036 -1.238980 11.860000
0.190560 0.327889 -1.274768 11.880000
0.560459 0.302072 -1.306056 11.900000
1.390740 0.275754 -1.324840 11.920000
2.281061 0.249273 -1.322360 11.940000
1.806716 0.223065 -1.297649 11.960000
2.206928 0.197306 -1.277438 11.980000
1.517527 0.172077 -1.244804 12.000000
1.202226 0.147408 -1.221340 12.020000
1.849166 0.123190 -1.199727 12.040000
1.377220 0.099575 -1.161132 12.060000
1.475667 0.076677 -1.128036 12.080000
2.366912 0.054498 -1.089240 12.100000
2.920868 0.033307 -1.029340 12.120000
3.477721 0.013453 -0.955643 12.140000
3.461323 -0.004793 -0.868665 12.160000
2.826047 -0.021286 -0.780368 12.180000
2.103363 -0.036125 -0.703381 12.200000
1.438948 -0.049557 -0.639506 12.220000
1.664347 -0.061830 -0.587572 12.240000
0.855662 -0.073007 -0.529962 12.260000
1.412743 -0.083182 -0.487420 12.280000
0.572340 -0.092386 -0.432869 12.300000
1.098404 -0.100659 -0.394301 12.320000
0.435411 -0.108049 -0.344630 12.340000
0.701127 -0.114573 -0.307668 12.360000
1.066661 -0.120301 -0.265037 12.380000
1.348654 -0.125102 -0.215058 12.400000
1.846515 -0.128849 -0.159717 12.420000
1.256420 -0.131395 -0.095100 12.440000
0.394137 -0.132775 -0.042981 12.460000
0.398228 -0.133290 -0.008644 12.480000
0.548891 -0.133124 0.025127 12.500000
1.444388 -0.132261 0.061087 12.520000
2.340009 -0.130511 0.113671 12.540000
2.937363 -0.127547 0.182359 12.560000
2.722568 -0.123112 0.260736 12.580000
3.687147 -0.117177 0.332373 12.600000
3.750697 -0.109645 0.420318 12.620000
4.165813 -0.100374 0.506218 12.640000
3.602311 -0.089338 0.596716 12.660000
4.024663 -0.076643 0.672090 12.680000
4.660463 -0.062397 0.751783 12.700000
5.605905 -0.046475 0.839623 12.720000
6.315763 -0.028658 0.941236 12.740000
6.005936 -0.008722 1.051291 12.760000
6.071276 0.013291 1.148978 12.780000
5.715911 0.037207 1.241528 12.800000
4.759154 0.062837 1.320297 12.820000
4.465136 0.089784 1.373329 12.840000
4.713736 0.117668 1.413986 12.860000
4.552114 0.146348 1.452972 12.880000
5.391653 0.175710 1.482058 12.900000
5.897687 0.205750 1.520750 12.920000
6.087466 0.236590 1.562006 12.940000
5.944747 0.268216 1.599335 12.960000
5.755928 0.300485 1.626210 12.980000
6.731235 0.333178 1.641844 13.000000
5.744055 0.366290 1.668055 13.020000
5.378391 0.399663 1.667997 13.040000
5.218438 0.432894 1.653887 13.060000
4.515567 0.465743 1.629905 13.080000
5.254850 0.497922 1.586914 13.100000
5.607270 0.529309 1.550750 13.120000
5.357536 0.559971 1.514444 13.140000
4.711414 0.589804 1.467947 13.160000
4.641085 0.618546 1.405387 13.180000
4.661278 0.645977 1.336981 13.200000
4.552277 0.672000 1.264625 13.220000
4.091353 0.696520 1.186738 13.240000
4.526066 0.719377 1.098562 13.260000
3.786271 0.740509 1.014162 13.280000
4.386441 0.759820 0.916595 13.300000
5.348067 0.777248 0.825972 13.320000
5.419883 0.792984 0.747309 13.340000
5.652892 0.807140 0.668032 13.360000
5.998319 0.819729 0.590664 13.380000
6.673043 0.830806 0.516933 13.400000
6.633071 0.840491 0.451356 13.420000
7.311090 0.848850 0.384496 13.440000
6.406649 0.855956 0.326044 13.460000
6.182607 0.861772 0.255520 13.480000
6.462061 0.866150 0.182376 13.500000
7.372322 0.869107 0.113457 13.520000
6.709245 0.870811 0.057009 13.540000
7.332376 0.871308 -0.007038 13.560000
7.421550 0.870617 -0.061844 13.580000
7.595508 0.868855 -0.114136 13.600000
8.000000 0.866085 -0.162624 13.620000
7.062115 0.862414 -0.204176 13.640000
7.277765 0.857809 -0.256003 13.660000
6.582809 0.852217 -0.302812 13.680000
6.126259 0.845621 -0.356350 13.700000
7.101625 0.837920 -0.413232 13.720000
6.789827 0.829241 -0.454198 13.740000
6.077509 0.819730 -0.496409 13.760000
5.902861 0.809309 -0.545165 13.780000
5.159486 0.797922 -0.592946 13.800000
5.992432 0.785511 -0.647516 13.820000
6.422381 0.772164 -0.686564 13.840000
5.620247 0.758135 -0.715658 13.860000
4.951096 0.743447 -0.752512 13.880000
4.018426 0.727963 -0.795170 13.900000
4.197936 0.711529 -0.847520 13.920000
4.658805 0.694119 -0.892752 13.940000
3.954586 0.675920 -0.926414 13.960000
4.081291 0.656983 -0.966490 13.980000
4.613298 0.637312 -0.999878 14.000000
4.682621 0.617105 -1.020003 14.020000
4.190674 0.596554 -1.034297 14.040000
4.982420 0.575683 -1.052021 14.060000
5.225897 0.554637 -1.051789 14.080000
4.585650 0.533683 -1.042879 14.100000
4.895438 0.512841 -1.040538 14.120000
4.541064 0.492145 -1.028427 14.140000
4.603175 0.471670 -1.018311 14.160000
4.009291 0.451451 -1.002944 14.180000
3.214816 0.431473 -0.994207 14.200000
2.497785 0.411565 -0.995825 14.220000
2.430327 0.391536 -1.006422 14.240000
2.393264 0.371324 -1.014060 14.260000
3.038719 0.350994 -1.018212 14.280000
2.616873 0.330744 -1.006203 14.300000
3.158222 0.310692 -0.998269 14.320000
2.280783 0.290941 -0.976257 14.340000
2.583558 0.271499 -0.967383 14.360000
2.215505 0.252328 -0.949048 14.380000
2.006261 0.233489 -0.934337 14.400000
1.083769 0.214937 -0.920238 14.420000
1.196813 0.196522 -0.920644 14.440000
1.752568 0.178157 -0.915264 14.460000
2.309092 0.160044 -0.895579 14.480000
3.273006 0.142464 -0.861867 14.500000
3.118273 0.125777 -0.806497 14.520000
3.937636 0.110188 -0.752030 14.540000
4.162560 0.095870 -0.679511 14.560000
4.511832 0.083061 -0.601269 14.580000
4.987141 0.071895 -0.515279 14.600000
4.550182 0.062546 -0.419546 14.620000
3.794090 0.055025 -0.332665 14.640000
3.909055 0.049087 -0.261123 14.660000
3.461254 0.044600 -0.187694 14.680000
3.456120 0.041486 -0.123831 14.700000
3.770601 0.039640 -0.060848 14.720000
3.949068 0.039108 0.007346 14.740000
4.847640 0.039961 0.077689 14.760000
4.883951 0.042382 0.164100 14.780000
4.252383 0.046516 0.248868 14.800000
3.286308 0.052194 0.318487 14.820000
2.337479 0.059046 0.366379 14.840000
2.142859 0.066645 0.393137 14.860000
2.935143 0.074719 0.413978 14.880000
2.110951 0.083347 0.448406 14.900000
1.824199 0.092476 0.464130 14.920000
1.986468 0.101841 0.472066 14.940000
2.550054 0.111377 0.481181 14.960000
3.194393 0.121186 0.499295 14.980000
3.294217 0.131461 0.527715 15.000000
3.390621 0.142296 0.555412 15.020000
2.609046 0.153677 0.582212 15.040000
2.025993 0.165412 0.590859 15.060000
1.303589 0.177181 0.585606 15.080000
2.277548 0.188681 0.564081 15.100000
2.043875 0.199922 0.559688 15.120000
3.027332 0.211009 0.548627 15.140000
3.447406 0.222045 0.554617 15.160000
2.883563 0.233259 0.566341 15.180000
2.865098 0.244573 0.564676 15.200000
3.700981 0.255827 0.560409 15.220000
3.759209 0.267135 0.569939 15.240000
3.531455 0.278619 0.578038 15.260000
2.820706 0.290196 0.579257 15.280000
2.052581 0.301638 0.564615 15.300000
1.090078 0.312622 0.533497 15.320000
0.152749 0.322787 0.482799 15.340000
0.680651 0.331752 0.413699 15.360000
1.403442 0.339432 0.354305 15.380000
0.436140 0.346058 0.308230 15.400000
0.159278 0.351579 0.243896 15.420000
-0.083394 0.355765 0.174794 15.440000
-0.365170 0.358531 0.101921 15.460000
-0.200634 0.359797 0.024902 15.480000
0.079436 0.359567 -0.047633 15.500000
0.335642 0.357954 -0.113372 15.520000
0.392687 0.355091 -0.172644 15.540000
1.119066 0.351071 -0.229047 15.560000
1.300832 0.346078 -0.269977 15.580000
1.914199 0.340318 -0.305683 15.600000
2.522390 0.333978 -0.328058 15.620000
3.120190 0.327322 -0.337323 15.640000
3.105397 0.320608 -0.333842 15.660000
3.596450 0.313974 -0.329350 15.680000
2.955577 0.307535 -0.314354 15.700000
2.058202 0.301285 -0.310456 15.720000
1.145565 0.294954 -0.322351 15.740000
1.981258 0.288227 -0.350034 15.760000
2.196278 0.281125 -0.359950 15.780000
2.318116 0.273881 -0.364158 15.800000
1.359987 0.266592 -0.364513 15.820000
0.484387 0.259127 -0.381717 15.840000
-0.267801 0.251167 -0.413862 15.860000
0.557903 0.242442 -0.458229 15.880000
0.384352 0.233015 -0.484122 15.900000
0.479021 0.223059 -0.510996 15.920000
0.874354 0.212610 -0.533559 15.940000
1.764481 0.201811 -0.545973 15.960000
0.851864 0.190960 -0.538754 15.980000
1.175750 0.180095 -0.547302 16.000000
2.104748 0.169146 -0.547248 16.020000
2.788165 0.158402 -0.526921 16.040000
3.130636 0.148215 -0.491544 16.060000
3.657386 0.138816 -0.448194 16.080000
4.296870 0.130397 -0.393574 16.100000
4.228626 0.123202 -0.325895 16.120000
3.538485 0.117348 -0.259573 16.140000
4.353497 0.112681 -0.207080 16.160000
4.817481 0.109224 -0.138767 16.180000
4.751942 0.107217 -0.062118 16.200000
5.557944 0.106718 0.011976 16.220000
6.422975 0.107845 0.100413 16.240000
7.058878 0.110891 0.203701 16.260000
7.475059 0.116099 0.316604 16.280000
7.867152 0.123613 0.434125 16.300000
7.473206 0.133514 0.555182 16.320000
7.474195 0.145711 0.663758 16.340000
7.833309 0.160031 0.767369 16.360000
7.937992 0.176441 0.872632 16.380000
8.000000 0.194918 0.974037 16.400000
8.000000 0.215372 1.070335 16.420000
8.000000 0.237686 1.159943 16.440000
7.541647 0.261723 1.242538 16.460000
7.911648 0.287251 1.309093 16.480000
8.000000 0.314108 1.375343 16.500000
8.000000 0.342230 1.435531 16.520000
7.674884 0.371477 1.487755 16.540000
7.785308 0.401626 1.525898 16.560000
8.000000 0.432479 1.558022 16.580000
7.850681 0.463932 1.585839 16.600000
8.000000 0.495831 1.602735 16.620000
8.000000 0.528013 1.614034 16.640000
8.000000 0.560338 1.617126 16.660000
8.000000 0.592644 1.612121 16.680000
8.000000 0.624770 1.599176 16.700000
7.297643 0.656559 1.578495 16.720000
7.595380 0.687750 1.539450 16.740000
7.687615 0.718138 1.498235 16.760000
7.116972 0.747650 1.451851 16.780000
6.122261 0.776088 1.391084 16.800000
5.125252 0.803117 1.311070 16.820000
5.113109 0.828367 1.213304 16.840000
4.398973 0.851627 1.112317 16.860000
3.863365 0.872750 0.999598 16.880000
2.865657 0.891533 0.878551 16.900000
1.903589 0.907763 0.744438 16.920000
2.397485 0.921195 0.598922 16.940000
3.288636 0.931786 0.460391 16.960000
3.069683 0.939725 0.333645 16.980000
2.259434 0.945116 0.205747 17.000000
3.051761 0.947873 0.070341 17.020000
3.895314 0.948038 -0.053449 17.040000
4.267268 0.945850 -0.164864 17.060000
3.482307 0.941505 -0.269174 17.080000
2.672464 0.935011 -0.379618 17.100000
2.509144 0.926248 -0.496149 17.120000
1.754136 0.915172 -0.610752 17.140000
2.274247 0.901754 -0.730345 17.160000
3.222056 0.886053 -0.838967 17.180000
2.261011 0.868347 -0.930804 17.200000
3.226860 0.848730 -1.030008 17.220000
3.854665 0.827310 -1.111130 17.240000
4.261736 0.804407 -1.178168 17.260000
3.860419 0.780278 -1.233758 17.280000
3.996287 0.755039 -1.289093 17.300000
4.080946 0.728775 -1.336358 17.320000
4.937815 0.701639 -1.376147 17.340000
5.093653 0.673902 -1.396534 17.360000
4.165607 0.645844 -1.408144 17.380000
4.701748 0.617470 -1.428272 17.400000
4.057707 0.588843 -1.433384 17.420000
4.022874 0.560069 -1.442986 17.440000
3.417909 0.531158 -1.447013 17.460000
3.170416 0.502124 -1.455361 17.480000
4.049688 0.472941 -1.461973 17.500000
4.085522 0.443842 -1.446967 17.520000
4.275624 0.415107 -1.425548 17.540000
5.104490 0.386892 -1.395099 17.560000
5.940031 0.359492 -1.344078 17.580000
5.402446 0.333317 -1.272679 17.600000
5.867164 0.308512 -1.207143 17.620000
6.822904 0.285145 -1.128866 17.640000
6.953430 0.263562 -1.028993 17.660000
6.524619 0.244028 -0.924019 17.680000
6.854105 0.226532 -0.825281 17.700000
6.866157 0.211092 -0.718534 17.720000
7.685524 0.197800 -0.610533 17.740000
7.108972 0.186833 -0.486107 17.760000
7.236698 0.178241 -0.373235 17.780000
6.489243 0.171925 -0.258497 17.800000
6.158873 0.167747 -0.159494 17.820000
5.952318 0.165472 -0.068220 17.840000
5.397215 0.164967 0.017505 17.860000
5.315214 0.166051 0.090623 17.880000
5.593221 0.168564 0.160316 17.900000
4.774555 0.172505 0.233379 17.920000
4.804972 0.177723 0.288064 17.940000
3.864452 0.184018 0.341061 17.960000
4.626405 0.191165 0.373306 17.980000
5.448358 0.199084 0.418172 18.000000
5.994158 0.208035 0.476337 18.020000
5.446273 0.218223 0.541885 18.040000
4.530812 0.229580 0.593234 18.060000
3.787329 0.241752 0.623420 18.080000
4.022117 0.254352 0.636131 18.100000
3.149246 0.267223 0.650451 18.120000
2.390894 0.280183 0.645150 18.140000
2.554082 0.292867 0.622933 18.160000
2.540015 0.305118 0.601758 18.180000
2.588000 0.316922 0.578327 18.200000
1.708195 0.328248 0.553948 18.220000
1.897627 0.338903 0.511384 18.240000
1.851928 0.348731 0.471207 18.260000
1.547580 0.357736 0.429137 18.280000
0.771887 0.365834 0.380598 18.300000
-0.201967 0.372813 0.317244 18.320000
-0.611180 0.378344 0.236035 18.340000
-0.747220 0.382184 0.148071 18.360000
-0.754219 0.384250 0.058832 18.380000
-1.053243 0.384546 -0.028973 18.400000
-0.862514 0.383049 -0.120426 18.420000
-1.810175 0.379779 -0.206150 18.440000
-1.240389 0.374644 -0.306894 18.460000
-0.837685 0.367629 -0.394107 18.480000
-1.339326 0.358975 -0.470786 18.500000
-1.716904 0.348725 -0.553604 18.520000
-1.457185 0.336784 -0.639899 18.540000
-1.878748 0.323204 -0.717424 18.560000
-1.970794 0.308034 -0.798836 18.580000
-2.073104 0.291262 -0.877601 18.600000
-2.044000 0.272941 -0.953686 18.620000
-2.206069 0.253153 -1.024356 18.640000
-1.786479 0.231970 -1.093098 18.660000
-1.200563 0.209545 -1.148470 18.680000
-1.992054 0.186180 -1.187187 18.700000
-2.594296 0.161938 -1.236140 18.720000
-3.235309 0.136653 -1.291333 18.740000
-3.842742 0.110197 -1.353237 18.760000
-4.059480 0.082445 -1.420852 18.780000
-4.043102 0.053365 -1.486090 18.800000
-4.741796 0.023051 -1.544082 18.820000
-5.097072 -0.008490 -1.608818 18.840000
-4.152172 -0.041322 -1.673032 18.860000
-4.736141 -0.075172 -1.710684 18.880000
-4.179337 -0.109814 -1.752267 18.900000
-5.136423 -0.145100 -1.774982 18.920000
-4.180883 -0.180950 -1.808694 18.940000
-3.416862 -0.217206 -1.815642 18.960000
-3.517036 -0.253377 -1.800226 18.980000
-4.301595 -0.289187 -1.779655 19.000000
-4.913045 -0.324666 -1.766965 19.020000
-4.057612 -0.359933 -1.758465 19.040000
-3.243592 -0.394797 -1.726812 19.060000
-2.957004 -0.428812 -1.673776 19.080000
-3.927372 -0.461658 -1.609873 19.100000
-3.949691 -0.493344 -1.557857 19.120000
-4.263179 -0.523940 -1.500786 19.140000
-4.894644 -0.553396 -1.443954 19.160000
-5.884031 -0.581771 -1.392735 19.180000
-6.699444 -0.609235 -1.352739 19.200000
-6.665346 -0.635977 -1.320534 19.220000
-6.327440 -0.662014 -1.282227 19.240000
-6.933012 -0.687179 -1.233455 19.260000
-6.328466 -0.711413 -1.189159 19.280000
-7.250298 -0.734623 -1.131147 19.300000
-6.446428 -0.756767 -1.082525 19.320000
-6.788030 -0.777781 -1.018232 19.340000
-7.738071 -0.797522 -0.955343 19.360000
-7.769336 -0.816104 -0.902275 19.380000
-7.228353 -0.833595 -0.846266 19.400000
-7.441909 -0.849863 -0.780104 19.420000
-7.774388 -0.864811 -0.714341 19.440000
-8.000000 -0.878465 -0.650714 19.460000
-8.000000 -0.890855 -0.588021 19.480000
-7.952268 -0.901975 -0.523687 19.500000
-7.599791 -0.911789 -0.457484 19.520000
-7.321056 -0.920226 -0.386121 19.540000
-7.111961 -0.927197 -0.311014 19.560000
-7.927310 -0.932642 -0.233477 19.580000
-8.000000 -0.936636 -0.165990 19.600000
-7.002343 -0.939293 -0.099888 19.620000
-7.677727 -0.940520 -0.022970 19.640000
-6.766889 -0.940301 0.044652 19.660000
-6.003899 -0.938637 0.121359 19.680000
-6.797790 -0.935370 0.204945 19.700000
-7.103134 -0.930550 0.276660 19.720000
-8.000000 -0.924358 0.342092 19.740000
-8.000000 -0.916993 0.393921 19.760000
-7.031471 -0.908621 0.442804 19.780000
-6.533054 -0.899183 0.500409 19.800000
-6.952300 -0.888566 0.560751 19.820000
-6.906370 -0.876830 0.612132 19.840000
-6.812664 -0.864100 0.660268 19.860000
-7.610282 -0.850434 0.705628 19.880000
-7.516932 -0.836007 0.736358 19.900000
-7.770905 -0.820995 0.764167 19.920000
-6.907415 -0.805504 0.784287 19.940000
-7.606513 -0.789532 0.812095 19.960000
-6.723869 -0.773147 0.825736 19.980000
