-0.219133 -0.247367 -0.220557 0.000000
0.604127 -0.251297 -0.172495 0.020000
0.939884 -0.254110 -0.108959 0.040000
0.920038 -0.255596 -0.039848 0.060000
0.601924 -0.255716 0.027659 0.080000
0.405305 -0.254561 0.087638 0.100000
1.396728 -0.252258 0.142338 0.120000
2.249806 -0.248687 0.214433 0.140000
2.438525 -0.243532 0.300695 0.160000
2.250726 -0.236642 0.387809 0.180000
2.455747 -0.228076 0.468206 0.200000
2.972745 -0.217895 0.549292 0.220000
3.690380 -0.206028 0.636808 0.240000
4.580603 -0.192310 0.734247 0.260000
4.574815 -0.176515 0.844481 0.280000
4.007593 -0.158566 0.949462 0.300000
4.709347 -0.138684 1.037896 0.320000
3.838798 -0.116949 1.134591 0.340000
4.291472 -0.093512 1.208113 0.360000
3.340396 -0.068575 1.284612 0.380000
3.105252 -0.042359 1.335981 0.400000
3.326152 -0.015223 1.376578 0.420000
3.157736 0.012708 1.415427 0.440000
3.648546 0.041319 1.444661 0.460000
4.441876 0.070550 1.477339 0.480000
4.397275 0.100526 1.519142 0.500000
4.144099 0.131260 1.553108 0.520000
3.802804 0.162554 1.575118 0.540000
3.550488 0.194152 1.583599 0.560000
3.732506 0.225805 1.580540 0.580000
3.033785 0.257366 1.574566 0.600000
2.972037 0.288611 1.548898 0.620000
3.876114 0.319272 1.516282 0.640000
3.658621 0.349395 1.495066 0.660000
3.046499 0.378995 1.464013 0.680000
2.518580 0.407807 1.416328 0.700000
2.213629 0.435521 1.354336 0.720000
2.676652 0.461898 1.282801 0.740000
2.183426 0.486891 1.215875 0.760000
1.269858 0.510424 1.136933 0.780000
1.510870 0.532192 1.039549 0.800000
0.965556 0.552035 0.944437 0.820000
0.496194 0.569868 0.838656 0.840000
0.410455 0.585498 0.724276 0.860000
0.887671 0.598824 0.608331 0.880000
0.280467 0.609911 0.500447 0.900000
-0.693075 0.618746 0.383188 0.920000
-1.089320 0.625089 0.251358 0.940000
-1.285447 0.628749 0.115037 0.960000
-0.964148 0.629674 -0.022054 0.980000
-0.233946 0.627937 -0.151226 1.000000
0.211311 0.623763 -0.265688 1.020000
0.895408 0.617402 -0.369893 1.040000
1.507483 0.609100 -0.459775 1.060000
2.286443 0.599133 -0.536352 1.080000
2.132148 0.587797 -0.596735 1.100000
1.224060 0.575261 -0.656247 1.120000
1.336404 0.561419 -0.727287 1.140000
0.899727 0.546215 -0.792452 1.160000
0.284129 0.529674 -0.860903 1.180000
0.443314 0.511702 -0.935527 1.200000
0.905811 0.492312 -1.002695 1.220000
1.825868 0.471708 -1.056912 1.240000
1.598864 0.450232 -1.089924 1.260000
1.022703 0.428102 -1.122197 1.280000
0.127078 0.405272 -1.160001 1.300000
-0.051481 0.381572 -1.209104 1.320000
-0.726562 0.356910 -1.256153 1.340000
-1.456912 0.331236 -1.310288 1.360000
-1.219503 0.304400 -1.372395 1.380000
-0.395639 0.276426 -1.423927 1.400000
-0.199988 0.247641 -1.453565 1.420000
0.332095 0.218361 -1.473438 1.440000
1.158882 0.188847 -1.477050 1.460000
0.737520 0.159479 -1.458812 1.480000
1.697221 0.130447 -1.443492 1.500000
2.583930 0.101964 -1.404006 1.520000
3.007183 0.074494 -1.342309 1.540000
2.632743 0.048383 -1.268179 1.560000
3.061377 0.023716 -1.197934 1.580000
2.441843 0.000572 -1.115922 1.600000
2.734635 -0.021026 -1.043462 1.620000
2.390523 -0.041091 -0.962619 1.640000
3.319345 -0.059585 -0.886489 1.660000
2.738413 -0.076354 -0.790145 1.680000
2.798916 -0.091299 -0.704187 1.700000
2.137333 -0.104503 -0.616087 1.720000
1.684819 -0.116069 -0.540438 1.740000
1.723286 -0.126206 -0.473146 1.760000
0.822029 -0.134985 -0.404650 1.780000
0.621729 -0.142568 -0.353654 1.800000
-0.299318 -0.149168 -0.306248 1.820000
0.694384 -0.154998 -0.276633 1.840000
1.097283 -0.160035 -0.227118 1.860000
1.576608 -0.164004 -0.169856 1.880000
1.700209 -0.166739 -0.103733 1.900000
1.959658 -0.168136 -0.036122 1.920000
1.063161 -0.168141 0.035346 1.940000
1.925394 -0.166908 0.087776 1.960000
2.262962 -0.164470 0.155667 1.980000
1.891385 -0.160627 0.228229 2.000000
1.508403 -0.155429 0.291251 2.020000
0.722361 -0.149068 0.344452 2.040000
0.577393 -0.141821 0.379917 2.060000
1.283022 -0.133914 0.410395 2.080000
0.845141 -0.125281 0.452550 2.100000
1.307268 -0.115916 0.483555 2.120000
0.741342 -0.105864 0.521189 2.140000
0.974953 -0.095198 0.544954 2.160000
1.136393 -0.084036 0.570763 2.180000
0.282687 -0.072353 0.597057 2.200000
0.723990 -0.060342 0.603684 2.220000
0.997503 -0.048135 0.616565 2.240000
1.276639 -0.035643 0.632218 2.260000
2.145181 -0.022809 0.650640 2.280000
2.675342 -0.009464 0.683365 2.300000
3.524457 0.004609 0.723288 2.320000
4.386437 0.019612 0.776411 2.340000
4.241587 0.035809 0.842500 2.360000
3.264648 0.053253 0.901097 2.380000
4.197264 0.071628 0.935668 2.400000
3.294985 0.090835 0.984241 2.420000
3.238937 0.110786 1.010138 2.440000
3.427742 0.131199 1.030379 2.460000
2.784608 0.152008 1.049783 2.480000
2.687548 0.173033 1.052002 2.500000
2.789313 0.194041 1.048070 2.520000
2.418221 0.214948 1.041982 2.540000
2.804626 0.235621 1.024662 2.560000
2.892828 0.255984 1.011007 2.580000
2.119683 0.276053 0.995227 2.600000
2.808037 0.295621 0.961057 2.620000
2.695697 0.314605 0.936753 2.640000
3.469369 0.333048 0.907045 2.660000
3.696147 0.351011 0.888706 2.680000
3.984838 0.368617 0.871272 2.700000
4.482032 0.385894 0.855881 2.720000
4.745733 0.402921 0.846293 2.740000
5.618508 0.419771 0.838068 2.760000
4.693203 0.436579 0.842106 2.780000
4.098474 0.453264 0.825786 2.800000
3.179636 0.469483 0.795700 2.820000
3.228876 0.484911 0.746723 2.840000
2.890935 0.499347 0.696574 2.860000
2.679601 0.512703 0.638769 2.880000
2.409296 0.524852 0.575960 2.900000
3.302333 0.535689 0.507540 2.920000
3.244570 0.545302 0.453687 2.940000
2.310246 0.553821 0.398112 2.960000
2.882735 0.561066 0.326367 2.980000
3.282740 0.566973 0.264385 3.000000
2.744518 0.571710 0.209270 3.020000
2.578523 0.575256 0.145469 3.040000
1.598544 0.577505 0.079619 3.060000
1.287461 0.578284 -0.001472 3.080000
1.900991 0.577406 -0.086109 3.100000
1.388920 0.574955 -0.158586 3.120000
1.741640 0.570990 -0.237560 3.140000
2.045954 0.565528 -0.308242 3.160000
1.513932 0.558728 -0.371305 3.180000
1.898067 0.550604 -0.440687 3.200000
2.519530 0.541186 -0.500603 3.220000
1.983415 0.530706 -0.546901 3.240000
1.188055 0.519238 -0.599356 3.260000
0.444332 0.506616 -0.662232 3.280000
0.987274 0.492643 -0.734384 3.300000
0.677115 0.477363 -0.793029 3.320000
0.216758 0.460894 -0.853112 3.340000
-0.241536 0.443184 -0.917134 3.360000
-0.598023 0.424157 -0.984868 3.380000
-0.141279 0.403757 -1.054275 3.400000
0.262360 0.382103 -1.110294 3.420000
0.701607 0.359454 -1.153785 3.440000
0.857080 0.336067 -1.184011 3.460000
1.502909 0.312156 -1.206276 3.480000
1.932115 0.287972 -1.211312 3.500000
2.269920 0.263818 -1.203365 3.520000
2.438656 0.239933 -1.184355 3.540000
2.457875 0.216505 -1.157754 3.560000
2.079425 0.193654 -1.126679 3.580000
3.065274 0.171390 -1.099084 3.600000
2.975214 0.149909 -1.048423 3.620000
3.336661 0.129456 -0.996318 3.640000
2.980928 0.110147 -0.934158 3.660000
3.186736 0.092037 -0.876495 3.680000
2.616264 0.075144 -0.812434 3.700000
2.444577 0.059439 -0.757684 3.720000
2.662825 0.044815 -0.704430 3.740000
1.825945 0.031317 -0.645153 3.760000
1.980510 0.018852 -0.601083 3.780000
2.365681 0.007314 -0.552486 3.800000
1.783201 -0.003163 -0.495084 3.820000
1.748316 -0.012600 -0.448425 3.840000
1.481335 -0.021102 -0.401644 3.860000
1.030317 -0.028714 -0.359518 3.880000
1.718335 -0.035568 -0.325759 3.900000
2.551980 -0.041604 -0.277806 3.920000
2.030681 -0.046514 -0.213252 3.940000
2.781441 -0.050241 -0.159464 3.960000
1.832149 -0.052747 -0.091292 3.980000
0.939016 -0.054088 -0.042881 4.000000
1.261822 -0.054645 -0.012911 4.020000
0.902337 -0.054544 0.022894 4.040000
1.193216 -0.053805 0.050798 4.060000
0.461293 -0.052459 0.083702 4.080000
-0.061194 -0.050609 0.101168 4.100000
-0.204637 -0.048521 0.107570 4.120000
-0.768971 -0.046338 0.110593 4.140000
-0.309487 -0.044212 0.101971 4.160000
0.355126 -0.042170 0.102208 4.180000
-0.617142 -0.039995 0.115183 4.200000
-0.406189 -0.037760 0.108231 4.220000
-0.980060 -0.035626 0.105167 4.240000
-1.347361 -0.033670 0.090407 4.260000
-0.520173 -0.032083 0.068322 4.280000
-0.058915 -0.030771 0.062770 4.300000
-0.866399 -0.029481 0.066207 4.320000
-0.821493 -0.028286 0.053347 4.340000
-1.161768 -0.027338 0.041422 4.360000
-0.813064 -0.026696 0.022841 4.380000
0.163282 -0.026353 0.011438 4.400000
0.857579 -0.026043 0.019529 4.420000
1.100713 -0.025436 0.041119 4.440000
0.202393 -0.024354 0.066932 4.460000
-0.621296 -0.022942 0.074204 4.480000
-0.957473 -0.021552 0.064748 4.500000
-0.533374 -0.020419 0.048578 4.520000
-1.501638 -0.019524 0.040929 4.540000
-1.070159 -0.018974 0.014116 4.560000
-1.376303 -0.018871 -0.003684 4.580000
-2.306726 -0.019180 -0.027175 4.600000
-2.944765 -0.020139 -0.068503 4.620000
-3.026354 -0.022040 -0.121368 4.640000
-2.916483 -0.024999 -0.174327 4.660000
-2.827638 -0.028979 -0.223382 4.680000
-2.799548 -0.033905 -0.268835 4.700000
-2.478165 -0.039714 -0.311779 4.720000
-1.934898 -0.046298 -0.346297 4.740000
-1.529030 -0.053445 -0.368037 4.760000
-0.831563 -0.060927 -0.379887 4.780000
-1.074468 -0.068491 -0.376245 4.800000
-1.108483 -0.076016 -0.376004 4.820000
-1.172412 -0.083528 -0.374972 4.840000
-0.417360 -0.091017 -0.373757 4.860000
0.434098 -0.098319 -0.356232 4.880000
-0.111533 -0.105092 -0.320911 4.900000
0.392623 -0.111260 -0.295791 4.920000
-0.220115 -0.116819 -0.260115 4.940000
-0.818940 -0.121783 -0.236187 4.960000
-0.939272 -0.126382 -0.223579 4.980000
-0.287666 -0.130746 -0.212713 5.000000
0.382904 -0.134758 -0.188453 5.020000
0.687965 -0.138151 -0.150799 5.040000
1.143726 -0.140731 -0.107337 5.060000
2.017127 -0.142357 -0.055398 5.080000
1.782331 -0.142781 0.012829 5.100000
2.436724 -0.141900 0.075058 5.120000
2.761012 -0.139660 0.148595 5.140000
2.935467 -0.135906 0.226482 5.160000
1.998006 -0.130582 0.305411 5.180000
2.224314 -0.123892 0.363247 5.200000
2.343743 -0.116025 0.423020 5.220000
1.694398 -0.106966 0.482372 5.240000
0.787088 -0.096878 0.525952 5.260000
1.005757 -0.086126 0.548793 5.280000
1.630099 -0.074900 0.573388 5.300000
2.297529 -0.063085 0.607620 5.320000
3.151313 -0.050483 0.652032 5.340000
3.084247 -0.036857 0.709946 5.360000
2.623633 -0.022124 0.762668 5.380000
3.005756 -0.006468 0.802293 5.400000
3.043052 0.010018 0.845588 5.420000
3.588250 0.027335 0.885473 5.440000
4.228804 0.045516 0.931886 5.460000
3.599570 0.064707 0.986363 5.480000
3.900178 0.084813 1.023420 5.500000
4.267341 0.105671 1.061584 5.520000
3.646582 0.127315 1.101940 5.540000
3.468342 0.149592 1.124854 5.560000
2.622684 0.172241 1.139276 5.580000
2.774819 0.194965 1.132337 5.600000
2.022319 0.217535 1.123945 5.620000
2.742404 0.239748 1.096693 5.640000
2.043067 0.261516 1.079442 5.660000
2.039372 0.282765 1.044856 5.680000
2.731131 0.303286 1.006756 5.700000
2.450558 0.323144 0.978462 5.720000
2.786995 0.342350 0.941546 5.740000
3.337722 0.360849 0.907863 5.760000
2.598909 0.378747 0.881359 5.780000
3.578818 0.395947 0.838236 5.800000
4.215526 0.412439 0.810462 5.820000
3.222230 0.428462 0.791397 5.840000
3.875999 0.443896 0.751555 5.860000
4.029477 0.458626 0.721098 5.880000
3.536754 0.472751 0.690959 5.900000
4.338472 0.486163 0.649879 5.920000
4.944951 0.498874 0.620936 5.940000
4.552827 0.511092 0.600442 5.960000
3.909132 0.522810 0.571003 5.980000
3.513584 0.533809 0.528713 6.000000
3.923186 0.543882 0.478362 6.020000
4.835079 0.553007 0.433991 6.040000
5.777492 0.561389 0.404025 6.060000
5.184085 0.569318 0.388660 6.080000
5.681585 0.576827 0.361985 6.100000
5.357011 0.583873 0.342488 6.120000
4.563222 0.590465 0.316497 6.140000
4.980695 0.596397 0.276607 6.160000
5.553766 0.601595 0.243161 6.180000
4.785093 0.606214 0.218660 6.200000
5.360594 0.610213 0.181193 6.220000
5.781279 0.613555 0.153016 6.240000
5.630631 0.616401 0.131523 6.260000
5.303923 0.618791 0.107435 6.280000
5.760072 0.620646 0.078084 6.300000
6.652519 0.621989 0.056311 6.320000
7.040498 0.623043 0.049062 6.340000
6.205899 0.624014 0.047959 6.360000
5.451022 0.624826 0.033252 6.380000
6.280113 0.625223 0.006571 6.400000
5.752142 0.625225 -0.006308 6.420000
5.465813 0.624888 -0.027375 6.440000
6.199782 0.624088 -0.052498 6.460000
6.333642 0.622911 -0.065102 6.480000
7.308310 0.621509 -0.075006 6.500000
7.110441 0.620072 -0.068680 6.520000
7.147097 0.618731 -0.065336 6.540000
6.862497 0.617466 -0.061153 6.560000
6.813700 0.616241 -0.061353 6.580000
7.681688 0.615006 -0.062046 6.600000
8.000000 0.613902 -0.048400 6.620000
8.000000 0.613121 -0.029637 6.640000
7.316629 0.612715 -0.011097 6.660000
7.312013 0.612565 -0.003930 6.680000
7.850515 0.612556 0.003039 6.700000
7.560431 0.612773 0.018573 6.720000
7.350975 0.613249 0.029012 6.740000
8.000000 0.613897 0.035714 6.760000
7.639007 0.614781 0.052604 6.780000
7.637921 0.615938 0.063064 6.800000
7.583859 0.617300 0.072990 6.820000
8.000000 0.618846 0.081489 6.840000
7.714504 0.620623 0.096123 6.860000
6.927411 0.622639 0.105395 6.880000
7.570767 0.624707 0.101322 6.900000
6.783786 0.626793 0.107166 6.920000
6.466964 0.628863 0.099768 6.940000
6.398233 0.630731 0.086980 6.960000
6.119136 0.632330 0.072944 6.980000
5.534844 0.633603 0.054396 7.000000
6.455774 0.634413 0.026654 7.020000
6.592848 0.634820 0.014017 7.040000
6.586155 0.634997 0.003749 7.060000
5.666200 0.634970 -0.006440 7.080000
6.083273 0.634594 -0.031054 7.100000
5.190184 0.633799 -0.048393 7.120000
4.782652 0.632519 -0.079415 7.140000
5.560455 0.630563 -0.115985 7.160000
5.338851 0.628013 -0.138896 7.180000
5.238560 0.624979 -0.164289 7.200000
4.768594 0.621433 -0.190071 7.220000
3.893604 0.617309 -0.222085 7.240000
4.636064 0.612418 -0.266662 7.260000
4.479745 0.606776 -0.297228 7.280000
3.774217 0.600516 -0.328476 7.300000
3.272162 0.593535 -0.369271 7.320000
2.370691 0.585678 -0.416018 7.340000
2.928519 0.576762 -0.475105 7.360000
2.786602 0.566786 -0.521951 7.380000
3.638090 0.555880 -0.568213 7.400000
4.615485 0.544223 -0.596992 7.420000
5.377880 0.532186 -0.606167 7.440000
5.328830 0.520125 -0.599527 7.460000
5.572966 0.508214 -0.591211 7.480000
5.680854 0.496535 -0.576216 7.500000
5.492393 0.485199 -0.557063 7.520000
4.641705 0.474234 -0.539102 7.540000
3.680096 0.463498 -0.534116 7.560000
4.084188 0.452713 -0.544002 7.580000
4.418745 0.441826 -0.544238 7.600000
3.418816 0.431019 -0.536185 7.620000
3.149828 0.420212 -0.544030 7.640000
2.915002 0.409224 -0.554364 7.660000
3.552957 0.398011 -0.566518 7.680000
2.843059 0.386697 -0.564487 7.700000
1.926935 0.375316 -0.573209 7.720000
1.244551 0.363616 -0.596357 7.740000
0.727499 0.351354 -0.629372 7.760000
1.461534 0.338365 -0.668963 7.780000
0.767589 0.324755 -0.691523 7.800000
0.491649 0.310594 -0.724010 7.820000
0.185641 0.295765 -0.758324 7.840000
0.847795 0.280226 -0.794907 7.860000
-0.018765 0.264120 -0.815164 7.880000
0.321684 0.247477 -0.848486 7.900000
-0.009698 0.230272 -0.871412 7.920000
-0.408491 0.212581 -0.896964 7.940000
-1.036603 0.194342 -0.926338 7.960000
-2.020084 0.175432 -0.963851 7.980000
-2.978834 0.155624 -1.016202 8.000000
-3.803449 0.134628 -1.082521 8.020000
-3.029611 0.112196 -1.159728 8.040000
-2.818065 0.088430 -1.215895 8.060000
-3.149540 0.063640 -1.262204 8.080000
-3.164010 0.037915 -1.309350 8.100000
-3.131942 0.011303 -1.350833 8.120000
-3.001749 -0.016072 -1.385639 8.140000
-3.536116 -0.044056 -1.411778 8.160000
-4.358617 -0.072609 -1.442409 8.180000
-3.698914 -0.101873 -1.482919 8.200000
-4.640392 -0.131750 -1.503678 8.220000
-5.448808 -0.162162 -1.536383 8.240000
-5.133948 -0.193317 -1.577845 8.260000
-5.515367 -0.225165 -1.605731 8.280000
-4.928491 -0.257571 -1.633593 8.300000
-4.436119 -0.290346 -1.642686 8.320000
-5.137823 -0.323137 -1.635290 8.340000
-4.592447 -0.355844 -1.634203 8.360000
-3.690641 -0.388357 -1.615986 8.380000
-4.273744 -0.420275 -1.574812 8.400000
-4.662716 -0.451416 -1.538394 8.420000
-4.030573 -0.481841 -1.503066 8.440000
-3.188210 -0.511390 -1.450988 8.460000
-2.743800 -0.539702 -1.379483 8.480000
-3.160728 -0.566467 -1.296425 8.500000
-2.788258 -0.591606 -1.216916 8.520000
-2.997534 -0.615061 -1.128145 8.540000
-3.625112 -0.636749 -1.040194 8.560000
-2.839198 -0.656754 -0.959914 8.580000
-3.604098 -0.675008 -0.865206 8.600000
-3.425452 -0.691471 -0.780881 8.620000
-2.880634 -0.706206 -0.692475 8.640000
-2.557349 -0.719082 -0.595009 8.660000
-2.222040 -0.729957 -0.492500 8.680000
-3.200805 -0.738734 -0.385338 8.700000
-3.363739 -0.745519 -0.293239 8.720000
-2.866674 -0.750492 -0.204238 8.740000
-3.804504 -0.753623 -0.109052 8.760000
-3.634990 -0.755000 -0.028881 8.780000
-4.014492 -0.754764 0.052257 8.800000
-4.126517 -0.752977 0.126115 8.820000
-3.158070 -0.749748 0.196396 8.840000
-2.986429 -0.744995 0.278564 8.860000
-2.359357 -0.738598 0.360578 8.880000
-3.213230 -0.730499 0.448855 8.900000
-3.199422 -0.720793 0.521166 8.920000
-2.683829 -0.709673 0.590296 8.940000
-3.207272 -0.697127 0.663611 8.960000
-3.589960 -0.683234 0.725061 8.980000
-2.761467 -0.668211 0.776623 9.000000
-3.566703 -0.652067 0.837063 9.020000
-3.292024 -0.634885 0.880423 9.040000
-2.915773 -0.616835 0.923841 9.060000
-2.952410 -0.597900 0.968892 9.080000
-2.685044 -0.578116 1.008712 9.100000
-2.174318 -0.557538 1.048281 9.120000
-1.589474 -0.536130 1.091658 9.140000
-2.482166 -0.513804 1.140069 9.160000
-3.264027 -0.490717 1.167833 9.180000
-3.939110 -0.467262 1.176780 9.200000
-3.367608 -0.443799 1.168793 9.220000
-4.122904 -0.420439 1.166355 9.240000
-4.018817 -0.397313 1.145486 9.260000
-4.239225 -0.374630 1.122117 9.280000
-3.291821 -0.352498 1.090430 9.300000
-4.230050 -0.330862 1.072432 9.320000
-4.710433 -0.309804 1.032780 9.340000
-5.500111 -0.289666 0.980487 9.360000
-4.654548 -0.270756 0.910046 9.380000
-3.776507 -0.253119 0.853228 9.400000
-2.888516 -0.236474 0.810793 9.420000
-2.353694 -0.220532 0.782971 9.440000
-2.008640 -0.205069 0.762884 9.460000
-2.487478 -0.189967 0.746848 9.480000
-2.499884 -0.175306 0.718853 9.500000
-3.290450 -0.161231 0.688302 9.520000
-2.844023 -0.147944 0.640152 9.540000
-2.093489 -0.135548 0.599122 9.560000
-1.683377 -0.123841 0.571238 9.580000
-1.155689 -0.112629 0.549706 9.600000
-0.947527 -0.101761 0.536822 9.620000
-1.917588 -0.091127 0.526196 9.640000
-1.114561 -0.080917 0.494605 9.660000
-1.871777 -0.071193 0.477541 9.680000
-1.833830 -0.061975 0.444001 9.700000
-1.483524 -0.053432 0.410135 9.720000
-1.094891 -0.045507 0.382258 9.740000
-1.460286 -0.038071 0.361125 9.760000
-1.667663 -0.031141 0.331779 9.780000
-0.818339 -0.024846 0.297618 9.800000
-0.020319 -0.019071 0.279778 9.820000
-0.097204 -0.013501 0.276993 9.840000
-0.315340 -0.008013 0.271668 9.860000
0.465019 -0.002684 0.261077 9.880000
1.017175 0.002580 0.265125 9.900000
1.283961 0.008023 0.278990 9.920000
1.175651 0.013783 0.296777 9.940000
0.636128 0.019863 0.310915 9.960000
0.756776 0.026103 0.312890 9.980000
-0.083527 0.032394 0.315997 10.000000
0.558330 0.038567 0.301197 10.020000
1.011502 0.044563 0.298212 10.040000
1.284394 0.050578 0.303086 10.060000
2.079446 0.056732 0.312074 10.080000
3.058769 0.063210 0.335371 10.100000
3.752744 0.070329 0.376227 10.120000
3.484384 0.078381 0.428480 10.140000
4.216554 0.087397 0.472699 10.160000
3.549462 0.097415 0.528585 10.180000
2.627664 0.108387 0.568107 10.200000
2.255933 0.119937 0.586447 10.220000
2.953371 0.131754 0.594794 10.240000
2.339658 0.143849 0.614289 10.260000
2.953138 0.156186 0.618928 10.280000
2.628150 0.168710 0.632994 10.300000
2.542579 0.181423 0.637904 10.320000
1.592813 0.194192 0.638499 10.340000
2.395304 0.206761 0.618110 10.360000
2.742028 0.219058 0.611219 10.380000
3.383311 0.231262 0.608712 10.400000
2.910239 0.243515 0.616137 10.420000
2.811602 0.255798 0.611826 10.440000
2.554546 0.267953 0.603241 10.460000
3.217298 0.279864 0.587494 10.480000
3.909054 0.291565 0.582286 10.500000
3.681160 0.303272 0.587892 10.520000
4.044201 0.315021 0.586643 10.540000
3.277308 0.326790 0.589807 10.560000
3.476641 0.338452 0.576095 10.580000
3.879882 0.349857 0.564011 10.600000
4.869099 0.361074 0.557325 10.620000
3.953578 0.372319 0.566719 10.640000
4.888102 0.383556 0.556644 10.660000
5.578834 0.394742 0.561550 10.680000
5.821759 0.406128 0.576515 10.700000
5.088750 0.417828 0.593031 10.720000
4.210237 0.429696 0.593342 10.740000
4.396047 0.441386 0.575297 10.760000
4.205575 0.452728 0.558496 10.780000
3.494160 0.463679 0.536275 10.800000
3.300985 0.474040 0.499676 10.820000
2.553755 0.483623 0.458369 10.840000
2.238151 0.492237 0.402967 10.860000
1.772339 0.499683 0.341599 10.880000
1.207078 0.505819 0.272061 10.900000
1.497014 0.510470 0.193113 10.920000
0.807334 0.513600 0.120030 10.940000
0.883494 0.515159 0.036073 10.960000
0.404625 0.515066 -0.045038 10.980000
0.565610 0.513286 -0.132633 11.000000
0.125503 0.509803 -0.215258 11.020000
1.117464 0.504615 -0.303106 11.040000
0.687731 0.497870 -0.370962 11.060000
1.085840 0.489720 -0.443620 11.080000
0.934633 0.480215 -0.506293 11.100000
0.271446 0.469462 -0.568544 11.120000
0.263688 0.457378 -0.639238 11.140000
0.148789 0.443915 -0.706415 11.160000
0.448401 0.429126 -0.771815 11.180000
0.397864 0.413124 -0.827766 11.200000
-0.003582 0.396034 -0.880529 11.220000
-0.191149 0.377857 -0.936397 11.240000
-0.106623 0.358573 -0.991245 11.260000
0.856065 0.338254 -1.039860 11.280000
1.713336 0.317191 -1.065685 11.300000
0.950522 0.295819 -1.070783 11.320000
0.484913 0.274243 -1.086081 11.340000
1.373862 0.252317 -1.105804 11.360000
1.711287 0.230213 -1.103848 11.380000
1.762079 0.208256 -1.091108 11.400000
0.943823 0.186605 -1.073339 11.420000
1.437076 0.165189 -1.067634 11.440000
1.797979 0.144024 -1.048246 11.460000
0.949990 0.123355 -1.018053 11.480000
0.810210 0.103157 -1.001123 11.500000
0.409852 0.083306 -0.983379 11.520000
1.344996 0.063766 -0.970059 11.540000
1.222268 0.044712 -0.934760 11.560000
0.467309 0.026371 -0.898941 11.580000
0.196273 0.008623 -0.875271 11.600000
-0.275965 -0.008675 -0.854036 11.620000
-0.154496 -0.025612 -0.839251 11.640000
0.658760 -0.042201 -0.819100 11.660000
0.165243 -0.058197 -0.780099 11.680000
1.041841 -0.073488 -0.748604 11.700000
0.193937 -0.087952 -0.697550 11.720000
-0.603867 -0.101546 -0.661540 11.740000
-0.826885 -0.114559 -0.639390 11.760000
-0.448839 -0.127152 -0.619578 11.780000
-1.376167 -0.139254 -0.590333 11.800000
-2.025020 -0.150936 -0.577541 11.820000
-1.401529 -0.162470 -0.575423 11.840000
-2.392652 -0.173816 -0.558905 11.860000
-3.263159 -0.185007 -0.559823 11.880000
-3.877452 -0.196364 -0.575404 11.900000
-4.785275 -0.208126 -0.600249 11.920000
-5.189790 -0.220531 -0.639686 11.940000
-5.404018 -0.233768 -0.683453 11.960000
-5.550898 -0.247885 -0.727566 11.980000
-5.781408 -0.262872 -0.770499 12.000000
-4.830916 -0.278721 -0.813650 12.020000
-4.477409 -0.295208 -0.834362 12.040000
-4.687319 -0.312002 -0.844427 12.060000
-4.879193 -0.329000 -0.854657 12.080000
-5.391750 -0.346199 -0.864617 12.100000
-6.272919 -0.363654 -0.880167 12.120000
-5.511435 -0.381541 -0.907789 12.140000
-6.178903 -0.399794 -0.916824 12.160000
-5.407766 -0.418307 -0.933743 12.180000
-5.644506 -0.436974 -0.932205 12.200000
-6.472863 -0.455611 -0.930802 12.220000
-6.671515 -0.474326 -0.939919 12.240000
-7.620074 -0.493213 -0.947990 12.260000
-7.394102 -0.512380 -0.967922 12.280000
-7.313853 -0.531856 -0.978880 12.300000
-7.757494 -0.551489 -0.983535 12.320000
-8.000000 -0.571240 -0.990786 12.340000
-7.756649 -0.591127 -0.997025 12.360000
-7.617895 -0.611047 -0.994199 12.380000
-8.000000 -0.630840 -0.984286 12.400000
-7.315441 -0.650449 -0.975795 12.420000
-7.073898 -0.669733 -0.951891 12.440000
-7.036371 -0.688460 -0.920136 12.460000
-6.310388 -0.706508 -0.884047 12.480000
-5.553691 -0.723689 -0.833621 12.500000
-4.775322 -0.739722 -0.769253 12.520000
-4.863763 -0.754332 -0.691517 12.540000
-5.499873 -0.767386 -0.613736 12.560000
-5.532001 -0.778965 -0.543968 12.580000
-6.141821 -0.789143 -0.473698 12.600000
-5.142689 -0.797994 -0.411249 12.620000
-5.872979 -0.805451 -0.334460 12.640000
-5.723744 -0.811473 -0.267780 12.660000
-6.036852 -0.816143 -0.199226 12.680000
-5.198362 -0.819488 -0.135407 12.700000
-4.718317 -0.821450 -0.060945 12.720000
-5.579338 -0.821869 0.018764 12.740000
-4.800009 -0.820827 0.085213 12.760000
-5.103596 -0.818366 0.160507 12.780000
-4.317944 -0.814462 0.229548 12.800000
-4.298227 -0.809093 0.306971 12.820000
-4.825819 -0.802199 0.381930 12.840000
-5.077998 -0.793908 0.446619 12.860000
-5.188950 -0.784390 0.504689 12.880000
-5.962255 -0.773758 0.557943 12.900000
-6.613589 -0.762205 0.596788 12.920000
-7.375503 -0.750003 0.622841 12.940000
-6.663261 -0.737425 0.634403 12.960000
-6.014679 -0.724544 0.653161 12.980000
-5.033285 -0.711225 0.678173 13.000000
-4.825258 -0.697293 0.714441 13.020000
-3.934816 -0.682641 0.750126 13.040000
-3.246641 -0.667176 0.795699 13.060000
-2.782952 -0.650732 0.847942 13.080000
-3.000682 -0.633213 0.903222 13.100000
-3.952756 -0.614668 0.950496 13.120000
-4.392418 -0.595379 0.977674 13.140000
-4.080549 -0.575664 0.993066 13.160000
-3.900990 -0.555634 1.009190 13.180000
-4.787934 -0.535296 1.023847 13.200000
-4.454619 -0.514862 1.018804 13.220000
-4.948207 -0.494515 1.015242 13.240000
-5.773878 -0.474367 0.998792 13.260000
-6.285547 -0.454736 0.963721 13.280000
-5.441347 -0.435934 0.915880 13.300000
-5.632339 -0.417970 0.880008 13.320000
-5.538757 -0.400790 0.837490 13.340000
-4.751018 -0.384472 0.793805 13.360000
-3.971669 -0.368910 0.761970 13.380000
-4.333981 -0.353867 0.741918 13.400000
-5.234140 -0.339319 0.712415 13.420000
-4.341074 -0.325555 0.663646 13.440000
-4.016027 -0.312618 0.629743 13.460000
-3.743561 -0.300317 0.599986 13.480000
-2.898027 -0.288579 0.573471 13.500000
-3.694656 -0.277229 0.561173 13.520000
-3.273378 -0.266298 0.531663 13.540000
-3.174770 -0.255893 0.508596 13.560000
-2.341258 -0.245946 0.485801 13.580000
-1.413387 -0.236310 0.477496 13.600000
-1.064557 -0.226679 0.485322 13.620000
-0.226092 -0.216843 0.497831 13.640000
-1.211466 -0.206617 0.524382 13.660000
-2.189317 -0.196077 0.529301 13.680000
-2.684661 -0.185650 0.513060 13.700000
-2.427682 -0.175663 0.485460 13.720000
-2.236814 -0.166191 0.461473 13.740000
-1.445260 -0.157175 0.439850 13.760000
-0.544221 -0.148450 0.432389 13.780000
-0.243783 -0.139713 0.441025 13.800000
-0.832906 -0.130763 0.453674 13.820000
-0.978309 -0.121695 0.452756 13.840000
-0.274783 -0.112693 0.447237 13.860000
-0.630760 -0.103678 0.453924 13.880000
0.008633 -0.094619 0.451712 13.900000
0.243112 -0.085494 0.460389 13.920000
0.722439 -0.076170 0.471740 13.940000
0.765354 -0.066543 0.490506 13.960000
-0.115802 -0.056556 0.507858 13.980000
-0.640239 -0.046419 0.505495 14.000000
0.045174 -0.036453 0.490849 14.020000
0.755702 -0.026660 0.488143 14.040000
1.250797 -0.016798 0.497653 14.060000
0.958786 -0.006670 0.514844 14.080000
0.385355 0.003722 0.523920 14.100000
0.328264 0.014159 0.519436 14.120000
0.650669 0.024475 0.511895 14.140000
0.576949 0.034686 0.508894 14.160000
0.042505 0.044803 0.502517 14.180000
0.576151 0.054669 0.483750 14.200000
0.229550 0.064249 0.474022 14.220000
0.242917 0.073550 0.455802 14.240000
0.464915 0.082475 0.436440 14.260000
1.334195 0.091043 0.420146 14.280000
1.117604 0.099444 0.419669 14.300000
1.456963 0.107776 0.413295 14.320000
0.804785 0.116032 0.412108 14.340000
1.546632 0.124121 0.396516 14.360000
0.937244 0.132031 0.394250 14.380000
1.175653 0.139761 0.378533 14.400000
0.300096 0.147211 0.366323 14.420000
-0.129577 0.154234 0.335795 14.440000
-0.888474 0.160554 0.296180 14.460000
-1.726337 0.165930 0.241400 14.480000
-0.847973 0.170047 0.170449 14.500000
-1.291717 0.172925 0.117397 14.520000
-1.032125 0.174661 0.056305 14.540000
-0.975362 0.175235 0.001271 14.560000
-0.014543 0.174730 -0.051572 14.580000
0.578493 0.173368 -0.084449 14.600000
0.660491 0.171474 -0.104791 14.620000
1.285361 0.169198 -0.122726 14.640000
0.344442 0.166693 -0.127641 14.660000
-0.136689 0.163912 -0.150324 14.680000
0.454208 0.160593 -0.181375 14.700000
1.199514 0.156781 -0.199571 14.720000
1.175728 0.152764 -0.202065 14.740000
0.309838 0.148700 -0.204186 14.760000
0.164892 0.144432 -0.222418 14.780000
-0.106917 0.139783 -0.242270 14.800000
-0.834353 0.134696 -0.266124 14.820000
-1.368787 0.129004 -0.302754 14.840000
-1.201039 0.122493 -0.347999 14.860000
-1.730616 0.115132 -0.387734 14.880000
-1.733630 0.106895 -0.435625 14.900000
-2.552448 0.097724 -0.480977 14.920000
-2.625389 0.087512 -0.539741 14.940000
-3.509350 0.076141 -0.596740 14.960000
-3.708793 0.063490 -0.667799 14.980000
-4.634826 0.049416 -0.738865 15.000000
-4.930868 0.033779 -0.824021 15.020000
-5.701083 0.016429 -0.910203 15.040000
-6.626517 -0.002747 -1.006417 15.060000
-6.746530 -0.023973 -1.115124 15.080000
-6.406579 -0.047332 -1.219656 15.100000
-6.407939 -0.072646 -1.310520 15.120000
-6.989426 -0.099706 -1.394299 15.140000
-7.750950 -0.128483 -1.482114 15.160000
-7.466143 -0.159087 -1.576874 15.180000
-7.652845 -0.191444 -1.657400 15.200000
-7.734644 -0.225360 -1.732700 15.220000
-7.006174 -0.260707 -1.800354 15.240000
-7.759623 -0.297172 -1.844643 15.260000
-7.969653 -0.334573 -1.893883 15.280000
-7.126214 -0.372901 -1.937197 15.300000
-6.263860 -0.411839 -1.955009 15.320000
-6.704783 -0.450882 -1.947814 15.340000
-6.328766 -0.489771 -1.939632 15.360000
-6.875769 -0.528342 -1.916056 15.380000
-7.754780 -0.566451 -1.893348 15.400000
-6.992657 -0.604166 -1.876622 15.420000
-6.307036 -0.641333 -1.838718 15.440000
-6.747274 -0.677553 -1.782086 15.460000
-6.134464 -0.712637 -1.725088 15.480000
-5.341934 -0.746419 -1.652106 15.500000
-5.865060 -0.778567 -1.561803 15.520000
-5.866843 -0.808932 -1.473911 15.540000
-6.645366 -0.837492 -1.381360 15.560000
-6.292473 -0.864261 -1.294824 15.580000
-6.887584 -0.889212 -1.199684 15.600000
-6.661173 -0.912300 -1.108485 15.620000
-6.168017 -0.933503 -1.011367 15.640000
-6.522862 -0.952680 -0.905964 15.660000
-7.215539 -0.969770 -0.802826 15.680000
-7.125392 -0.984861 -0.705922 15.700000
-6.574745 -0.997989 -0.606765 15.720000
-6.731082 -1.009067 -0.501005 15.740000
-6.143257 -1.018045 -0.396835 15.760000
-6.911370 -1.024882 -0.286947 15.780000
-7.578443 -1.029609 -0.185920 15.800000
-6.927015 -1.032395 -0.092867 15.820000
-6.801627 -1.033267 0.005370 15.840000
-6.490398 -1.032180 0.102910 15.860000
-5.689721 -1.029134 0.201241 15.880000
-5.973863 -1.024067 0.304980 15.900000
-5.621451 -1.016986 0.402522 15.920000
-5.844007 -1.007953 0.500196 15.940000
-5.089284 -0.997028 0.591588 15.960000
-4.834137 -0.984236 0.686959 15.980000
-3.930542 -0.969552 0.780638 16.000000
-3.206578 -0.952940 0.879751 16.020000
-3.555110 -0.934312 0.982213 16.040000
-4.085580 -0.913728 1.075221 16.060000
-4.174116 -0.891405 1.156137 16.080000
-5.050060 -0.867533 1.230059 16.100000
-5.889639 -0.842357 1.286506 16.120000
-5.739496 -0.816227 1.325373 16.140000
-5.953712 -0.789365 1.359760 16.160000
-5.698369 -0.761911 1.384531 16.180000
-5.955286 -0.733991 1.406377 16.200000
-4.969595 -0.705738 1.417792 16.220000
-4.864728 -0.677173 1.437649 16.240000
-4.856518 -0.648259 1.452631 16.260000
-4.273854 -0.619109 1.461266 16.280000
-4.235619 -0.589756 1.472969 16.300000
-4.514388 -0.560227 1.478940 16.320000
-4.498849 -0.530688 1.473899 16.340000
-5.391522 -0.501309 1.462960 16.360000
-4.875465 -0.472366 1.430398 16.380000
-4.254213 -0.444039 1.401308 16.400000
-4.276132 -0.416238 1.377896 16.420000
-4.799419 -0.388963 1.348721 16.440000
-4.798919 -0.362420 1.304785 16.460000
-4.869715 -0.336804 1.256115 16.480000
-4.985159 -0.312218 1.201694 16.500000
-5.902642 -0.288785 1.141020 16.520000
-5.942036 -0.266777 1.059204 16.540000
-6.529820 -0.246444 0.973636 16.560000
-6.123911 -0.227962 0.874236 16.580000
-5.821180 -0.211408 0.780828 16.600000
-6.727523 -0.196680 0.691776 16.620000
-6.474618 -0.183922 0.583932 16.640000
-6.932398 -0.173276 0.480636 16.660000
-6.114865 -0.164786 0.368407 16.680000
-5.570293 -0.158375 0.272790 16.700000
-6.153380 -0.153763 0.188561 16.720000
-6.672399 -0.150941 0.093810 16.740000
-7.327138 -0.150102 -0.009614 16.760000
-7.615132 -0.151440 -0.123758 16.780000
-7.108727 -0.155091 -0.240744 16.800000
-6.130020 -0.160948 -0.344484 16.820000
-5.373076 -0.168655 -0.425591 16.840000
-5.975266 -0.177801 -0.488536 16.860000
-6.907663 -0.188292 -0.559902 16.880000
-7.067611 -0.200354 -0.645576 16.900000
-7.403534 -0.214116 -0.729844 16.920000
-6.706520 -0.229580 -0.815726 16.940000
-7.066960 -0.246575 -0.882879 16.960000
-7.000877 -0.264930 -0.951708 16.980000
-6.536513 -0.284593 -1.013654 17.000000
-6.433463 -0.305349 -1.061019 17.020000
-5.568208 -0.326976 -1.100757 17.040000
-6.319472 -0.349179 -1.118612 17.060000
-5.885049 -0.371826 -1.145102 17.080000
-6.371443 -0.394865 -1.157916 17.100000
-7.112894 -0.418195 -1.174131 17.120000
-7.810350 -0.441926 -1.197995 17.140000
-6.953880 -0.466199 -1.228143 17.160000
-7.482702 -0.490857 -1.236690 17.180000
-8.000000 -0.515718 -1.248397 17.200000
-7.437364 -0.540840 -1.262675 17.220000
-6.487548 -0.566086 -1.260943 17.240000
-6.329693 -0.591079 -1.237394 17.260000
-5.435622 -0.615521 -1.205982 17.280000
-5.245970 -0.639141 -1.155308 17.300000
-5.133139 -0.661676 -1.097571 17.320000
-5.466116 -0.683002 -1.034471 17.340000
-4.989151 -0.703085 -0.973248 17.360000
-4.206797 -0.721840 -0.901854 17.380000
-4.578114 -0.739027 -0.816541 17.400000
-4.818723 -0.754545 -0.735051 17.420000
-4.763812 -0.768454 -0.655630 17.440000
-3.991569 -0.780755 -0.574306 17.460000
-3.921517 -0.791313 -0.481451 17.480000
-3.800699 -0.800004 -0.387609 17.500000
-4.277435 -0.806803 -0.292487 17.520000
-3.729075 -0.811774 -0.204654 17.540000
-3.628582 -0.814921 -0.110308 17.560000
-4.406628 -0.816182 -0.016055 17.580000
-4.384372 -0.815681 0.065843 17.600000
-3.714419 -0.813558 0.146163 17.620000
-3.962360 -0.809758 0.233442 17.640000
-3.359975 -0.804271 0.314726 17.660000
-3.672781 -0.797104 0.401496 17.680000
-3.805312 -0.788276 0.480732 17.700000
-4.757472 -0.777916 0.554730 17.720000
-4.547717 -0.766246 0.611643 17.740000
-4.876044 -0.753444 0.667930 17.760000
-3.979903 -0.739602 0.715621 17.780000
-4.551160 -0.724714 0.772572 17.800000
-3.560411 -0.708813 0.816822 17.820000
-4.478330 -0.691919 0.871820 17.840000
-3.892341 -0.674111 0.908252 17.860000
-3.654126 -0.655527 0.949330 17.880000
-3.521769 -0.636131 0.989546 17.900000
-2.919459 -0.615956 1.027150 17.920000
-3.095682 -0.594979 1.069729 17.940000
-3.025813 -0.573229 1.104425 17.960000
-3.360138 -0.550823 1.135270 17.980000
-2.856400 -0.527909 1.155363 18.000000
-2.620960 -0.504556 1.179081 18.020000
-3.197982 -0.480738 1.201784 18.040000
-3.274359 -0.456621 1.209141 18.060000
-3.919276 -0.432420 1.210101 18.080000
-4.751006 -0.408366 1.194473 18.100000
-4.417660 -0.384824 1.158985 18.120000
-4.689893 -0.361974 1.125355 18.140000
-4.679476 -0.339888 1.082552 18.160000
-4.753255 -0.318695 1.036163 18.180000
-4.112204 -0.298479 0.984882 18.200000
-4.829427 -0.279199 0.942579 18.220000
-5.274679 -0.260934 0.883498 18.240000
-6.238845 -0.243962 0.813307 18.260000
-6.372458 -0.228601 0.722486 18.280000
-7.192780 -0.215097 0.627748 18.300000
-6.407057 -0.203656 0.516292 18.320000
-7.066858 -0.194293 0.420023 18.340000
-7.098944 -0.186983 0.311037 18.360000
-7.601340 -0.181852 0.202236 18.380000
-6.938668 -0.178984 0.084935 18.400000
-7.796740 -0.178312 -0.017509 18.420000
-6.953452 -0.179838 -0.134556 18.440000
-7.050506 -0.183511 -0.232286 18.460000
-6.057008 -0.189128 -0.328966 18.480000
-6.345438 -0.196453 -0.403010 18.500000
-6.664012 -0.205284 -0.479458 18.520000
-6.276571 -0.215670 -0.558490 18.540000
-6.148281 -0.227522 -0.626046 18.560000
-5.647183 -0.240660 -0.687078 18.580000
-6.640180 -0.254880 -0.734301 18.600000
-6.731190 -0.270195 -0.796393 18.620000
-6.199217 -0.286721 -0.855451 18.640000
-6.427473 -0.304278 -0.899441 18.660000
-5.988953 -0.322710 -0.942866 18.680000
-4.989940 -0.341877 -0.972999 18.700000
-4.134179 -0.361411 -0.979649 18.720000
-4.806240 -0.380875 -0.966148 18.740000
-5.695553 -0.400155 -0.961144 18.760000
-4.821629 -0.419456 -0.968231 18.780000
-4.729339 -0.438696 -0.955135 18.800000
-5.486060 -0.457619 -0.936524 18.820000
-5.024462 -0.476267 -0.927617 18.840000
-4.630199 -0.494616 -0.906686 18.860000
-5.118094 -0.512442 -0.875385 18.880000
-4.372171 -0.529695 -0.849330 18.900000
-3.726045 -0.546267 -0.807404 18.920000
-3.785139 -0.561865 -0.752035 18.940000
-4.548849 -0.576345 -0.695686 18.960000
-4.521051 -0.589808 -0.650236 18.980000
-5.407841 -0.602338 -0.602483 19.000000
-4.415689 -0.614041 -0.567539 19.020000
-4.960347 -0.624866 -0.514804 19.040000
-4.019924 -0.634713 -0.469676 19.060000
-4.773491 -0.643496 -0.408494 19.080000
-3.970851 -0.651170 -0.358758 19.100000
-4.256898 -0.657716 -0.295890 19.120000
-4.545103 -0.663050 -0.237544 19.140000
-4.908112 -0.667264 -0.183867 19.160000
-4.758322 -0.670464 -0.136123 19.180000
-4.418243 -0.672688 -0.086426 19.200000
-4.401009 -0.673872 -0.032089 19.220000
-3.598383 -0.673975 0.021571 19.240000
-4.335630 -0.672892 0.086494 19.260000
-3.434541 -0.670641 0.138373 19.280000
-2.461434 -0.667228 0.202643 19.300000
-2.623982 -0.662397 0.280007 19.320000
-2.858884 -0.656070 0.352271 19.340000
-3.069669 -0.648362 0.418104 19.360000
-3.565607 -0.639398 0.477718 19.380000
-2.658807 -0.629352 0.526414 19.400000
-2.748797 -0.618216 0.586621 19.420000
-2.480046 -0.605925 0.641966 19.440000
-2.615162 -0.592517 0.698160 19.460000
-3.105677 -0.578045 0.748383 19.480000
-2.389155 -0.562689 0.786587 19.500000
-2.436271 -0.546487 0.832990 19.520000
-2.792254 -0.529405 0.874502 19.540000
-3.176854 -0.511596 0.905727 19.560000
-2.727376 -0.493271 0.926109 19.580000
-2.371859 -0.474500 0.950244 19.600000
-2.277900 -0.455226 0.976441 19.620000
-1.428772 -0.435454 0.999992 19.640000
-0.864030 -0.415102 1.034484 19.660000
-0.244435 -0.394003 1.074658 19.680000
-0.745018 -0.372034 1.121417 19.700000
-1.404019 -0.349272 1.153888 19.720000
-1.073737 -0.326035 1.169089 19.740000
-1.881125 -0.302478 1.185700 19.760000
-2.202558 -0.278792 1.182134 19.780000
-1.847044 -0.255285 1.167851 19.800000
-1.753288 -0.232039 1.156038 19.820000
-2.673919 -0.209054 1.141709 19.840000
-2.926326 -0.186578 1.105305 19.860000
-2.927956 -0.164916 1.060273 19.880000
-2.501272 -0.144190 1.011841 19.900000
-2.544820 -0.124379 0.968682 19.920000
-2.612167 -0.105471 0.921674 19.940000
-2.586734 -0.087544 0.870616 19.960000
-3.091191 -0.070657 0.817627 19.980000
