0.240023 0.312294 -0.447161 0.000000
1.066181 0.302892 -0.492541 0.020000
1.713740 0.292767 -0.519555 0.040000
1.043470 0.282250 -0.531752 0.060000
1.256788 0.271384 -0.554385 0.080000
0.850124 0.260133 -0.570363 0.100000
0.741800 0.248509 -0.591601 0.120000
0.171147 0.236466 -0.612226 0.140000
-0.681774 0.223928 -0.641085 0.160000
-0.349163 0.210677 -0.683419 0.180000
0.260753 0.196678 -0.715915 0.200000
1.070635 0.182182 -0.733208 0.220000
0.525863 0.167529 -0.731566 0.240000
0.837581 0.152831 -0.737749 0.260000
0.843749 0.138100 -0.734853 0.280000
1.329764 0.123457 -0.729036 0.300000
0.419756 0.109053 -0.710945 0.320000
0.412475 0.094855 -0.708344 0.340000
1.173754 0.080736 -0.703190 0.360000
1.158865 0.066896 -0.680387 0.380000
1.471834 0.053532 -0.655674 0.400000
2.122235 0.040745 -0.622708 0.420000
2.837461 0.028764 -0.575104 0.440000
3.089749 0.017891 -0.512048 0.460000
2.370118 0.008338 -0.443253 0.480000
1.662138 0.000021 -0.388336 0.500000
0.983096 -0.007334 -0.347009 0.520000
0.347939 -0.013991 -0.318592 0.540000
-0.621693 -0.020199 -0.302070 0.560000
-0.595126 -0.026261 -0.303887 0.580000
-0.609094 -0.032341 -0.303962 0.600000
-0.117605 -0.038414 -0.303130 0.620000
0.445160 -0.044361 -0.291420 0.640000
0.695628 -0.049953 -0.267687 0.660000
0.124040 -0.055015 -0.238440 0.680000
-0.171707 -0.059602 -0.220145 0.700000
0.374833 -0.063876 -0.207200 0.720000
0.121549 -0.067778 -0.182918 0.740000
0.423114 -0.071242 -0.163410 0.760000
1.164252 -0.074253 -0.137704 0.780000
1.431613 -0.076603 -0.097353 0.800000
2.100675 -0.078097 -0.052152 0.820000
1.687874 -0.078561 0.005552 0.840000
0.875434 -0.077964 0.053949 0.860000
1.289196 -0.076572 0.085152 0.880000
0.412098 -0.074482 0.123575 0.900000
0.161432 -0.071811 0.143454 0.920000
0.673407 -0.068800 0.157437 0.940000
0.647660 -0.065418 0.180643 0.960000
0.248198 -0.061587 0.202185 0.980000
0.694441 -0.057417 0.214630 1.000000
-0.180977 -0.052921 0.234815 1.020000
0.594504 -0.048207 0.236394 1.040000
0.893291 -0.043318 0.252353 1.060000
0.437566 -0.038062 0.272929 1.080000
1.302392 -0.032501 0.283030 1.100000
1.407596 -0.026578 0.308941 1.120000
1.513666 -0.020133 0.335227 1.140000
2.077729 -0.013160 0.361794 1.160000
2.815631 -0.005563 0.397595 1.180000
2.649771 0.002875 0.445749 1.200000
3.065542 0.012217 0.487936 1.220000
3.272890 0.022457 0.535615 1.240000
3.978117 0.033662 0.584359 1.260000
3.215524 0.045950 0.643790 1.280000
2.643786 0.059238 0.684433 1.300000
1.884436 0.073190 0.710280 1.320000
2.797091 0.087476 0.717835 1.340000
2.695297 0.102064 0.740398 1.360000
2.369368 0.117050 0.757570 1.380000
2.394201 0.132281 0.764990 1.400000
3.386058 0.147633 0.769713 1.420000
3.991908 0.163243 0.790671 1.440000
4.311651 0.179354 0.819829 1.460000
4.328339 0.196072 0.851263 1.480000
4.852192 0.213381 0.878876 1.500000
3.890047 0.231301 0.912402 1.520000
3.231230 0.249661 0.922926 1.540000
4.194470 0.268064 0.916819 1.560000
4.340625 0.286494 0.925425 1.580000
4.419618 0.305082 0.932748 1.600000
3.515582 0.323791 0.937480 1.620000
3.262138 0.342384 0.921243 1.640000
2.656954 0.360571 0.896823 1.660000
1.952413 0.378124 0.858055 1.680000
2.741164 0.394745 0.803715 1.700000
2.751605 0.410403 0.761693 1.720000
2.708535 0.425200 0.717653 1.740000
2.191658 0.439088 0.670852 1.760000
1.442100 0.451930 0.613086 1.780000
1.193832 0.463470 0.540788 1.800000
1.909919 0.473514 0.463522 1.820000
1.588032 0.482136 0.398669 1.840000
0.826462 0.489402 0.327957 1.860000
0.479457 0.495122 0.244145 1.880000
0.327319 0.499113 0.155086 1.900000
1.081054 0.501307 0.064606 1.920000
1.170214 0.501839 -0.011229 1.940000
0.189210 0.500884 -0.083974 1.960000
0.349464 0.498320 -0.172013 1.980000
1.167426 0.494047 -0.254928 2.000000
1.641103 0.488283 -0.321040 2.020000
2.164482 0.481305 -0.376380 2.040000
1.347858 0.473337 -0.420018 2.060000
0.954628 0.464376 -0.475592 2.080000
0.462809 0.454263 -0.535277 2.100000
-0.467117 0.442898 -0.600594 2.120000
-1.110501 0.430095 -0.679141 2.140000
-1.298882 0.415642 -0.765400 2.160000
-0.449228 0.399473 -0.850792 2.180000
-0.279503 0.381797 -0.916074 2.200000
-1.258222 0.362891 -0.973696 2.220000
-0.331357 0.342698 -1.044859 2.240000
0.328096 0.321305 -1.093628 2.260000
0.937701 0.299110 -1.125024 2.280000
1.386743 0.276452 -1.140016 2.300000
0.427922 0.253626 -1.141766 2.320000
1.133444 0.230626 -1.157456 2.340000
1.857918 0.207496 -1.154791 2.360000
0.961014 0.184605 -1.133627 2.380000
1.217865 0.162003 -1.125887 2.400000
1.626928 0.139648 -1.108896 2.420000
0.698628 0.117754 -1.079879 2.440000
1.684580 0.096294 -1.065458 2.460000
2.424776 0.075357 -1.027742 2.480000
2.424234 0.055353 -0.972129 2.500000
3.313041 0.036490 -0.913810 2.520000
3.867731 0.018993 -0.835491 2.540000
4.023208 0.003192 -0.744484 2.560000
4.031444 -0.010748 -0.649310 2.580000
3.540128 -0.022775 -0.553350 2.600000
2.605273 -0.032978 -0.466881 2.620000
2.370807 -0.041635 -0.398822 2.640000
1.846601 -0.048976 -0.335217 2.660000
2.561622 -0.055148 -0.281946 2.680000
3.319953 -0.060112 -0.214524 2.700000
4.063344 -0.063582 -0.132642 2.720000
3.474647 -0.065278 -0.037198 2.740000
3.494691 -0.065198 0.044871 2.760000
3.281457 -0.063491 0.125542 2.780000
3.272672 -0.060233 0.199928 2.800000
2.631606 -0.055510 0.271909 2.820000
2.308627 -0.049500 0.328763 2.840000
2.834978 -0.042440 0.376849 2.860000
2.548881 -0.034337 0.432944 2.880000
3.196543 -0.025197 0.480608 2.900000
3.117447 -0.015003 0.538290 2.920000
2.655436 -0.003703 0.591186 2.940000
2.246049 0.008530 0.631601 2.960000
2.951590 0.021458 0.660659 2.980000
2.124586 0.035076 0.700523 3.000000
2.890889 0.049291 0.720502 3.020000
2.561864 0.064026 0.752403 3.040000
2.839416 0.079298 0.774210 3.060000
3.030769 0.095027 0.798000 3.080000
3.649445 0.111232 0.821918 3.100000
3.021636 0.128000 0.854239 3.120000
3.021947 0.145251 0.870167 3.140000
2.359953 0.162782 0.882296 3.160000
1.393536 0.180388 0.877728 3.180000
1.125925 0.197680 0.850971 3.200000
0.166932 0.214356 0.816232 3.220000
-0.191737 0.230126 0.760499 3.240000
-0.622676 0.244695 0.696087 3.260000
-0.385956 0.257878 0.622083 3.280000
0.563784 0.269618 0.551772 3.300000
0.084294 0.280126 0.498901 3.320000
-0.684380 0.289477 0.436079 3.340000
-0.954148 0.297421 0.358315 3.360000
-0.238860 0.303760 0.275691 3.380000
-0.619729 0.308588 0.207210 3.400000
0.114185 0.311980 0.132148 3.420000
-0.188028 0.314019 0.071911 3.440000
-1.079448 0.314806 0.006914 3.460000
-2.076873 0.314136 -0.073596 3.480000
-1.310403 0.311686 -0.171029 3.500000
-1.679068 0.307457 -0.251497 3.520000
-0.963963 0.301573 -0.336441 3.540000
-1.630536 0.294154 -0.404995 3.560000
-0.942298 0.285265 -0.483373 3.580000
-1.060477 0.274972 -0.545398 3.600000
-0.182065 0.263448 -0.606468 3.620000
0.201839 0.250905 -0.647312 3.640000
0.922167 0.237651 -0.677554 3.660000
0.919123 0.223963 -0.690753 3.680000
0.299915 0.210039 -0.701081 3.700000
0.868806 0.195819 -0.720492 3.720000
0.702555 0.181352 -0.725703 3.740000
0.362949 0.166777 -0.731236 3.760000
-0.151567 0.152055 -0.740463 3.780000
-0.982295 0.137078 -0.756727 3.800000
-0.581713 0.121644 -0.786068 3.820000
0.226338 0.105738 -0.803962 3.840000
0.243390 0.089668 -0.802506 3.860000
0.449095 0.073662 -0.797635 3.880000
-0.171333 0.057823 -0.785706 3.900000
0.525981 0.042129 -0.783225 3.920000
0.056053 0.026653 -0.763968 3.940000
-0.426131 0.011494 -0.751423 3.960000
-0.855093 -0.003482 -0.745752 3.980000
-0.456799 -0.018402 -0.745788 4.000000
0.442927 -0.033215 -0.735046 4.020000
0.058008 -0.047608 -0.703874 4.040000
0.632824 -0.061433 -0.678202 4.060000
1.271965 -0.074608 -0.639065 4.080000
1.666322 -0.086857 -0.585636 4.100000
1.545264 -0.097948 -0.523256 4.120000
1.530880 -0.107807 -0.462508 4.140000
0.852845 -0.116447 -0.401492 4.160000
1.220934 -0.123998 -0.353485 4.180000
1.687152 -0.130512 -0.297858 4.200000
1.113979 -0.135820 -0.233061 4.220000
0.991970 -0.139949 -0.179907 4.240000
0.340979 -0.143043 -0.129516 4.260000
0.273681 -0.145261 -0.092380 4.280000
1.111833 -0.146754 -0.056945 4.300000
1.706006 -0.147378 -0.005587 4.320000
1.259246 -0.146867 0.056405 4.340000
0.855671 -0.145219 0.108213 4.360000
0.872179 -0.142628 0.150684 4.380000
0.968526 -0.139198 0.192065 4.400000
1.538773 -0.134937 0.233787 4.420000
2.149713 -0.129745 0.284982 4.440000
2.964149 -0.123431 0.346082 4.460000
2.309100 -0.115758 0.420676 4.480000
2.693514 -0.106753 0.479347 4.500000
3.192453 -0.096528 0.542622 4.520000
4.146019 -0.084972 0.612436 4.540000
4.994972 -0.071867 0.697377 4.560000
4.890729 -0.056937 0.794783 4.580000
5.614743 -0.040129 0.885210 4.600000
6.584216 -0.021419 0.984804 4.620000
6.188010 -0.000582 1.097834 4.640000
6.960013 0.022372 1.196526 4.660000
6.161371 0.047388 1.303824 4.680000
5.948880 0.074318 1.387999 4.700000
6.027931 0.102817 1.460696 4.720000
5.629103 0.132712 1.527516 4.740000
5.082037 0.163788 1.578851 4.760000
4.315474 0.195708 1.611902 4.780000
3.641247 0.228065 1.622706 4.800000
3.077149 0.260439 1.613592 4.820000
2.392377 0.292458 1.587274 4.840000
2.724841 0.323761 1.542112 4.860000
3.472465 0.354170 1.497912 4.880000
2.979853 0.383782 1.462374 4.900000
2.114000 0.412539 1.412542 4.920000
1.163766 0.440095 1.342410 4.940000
2.011693 0.466040 1.251571 4.960000
2.837429 0.490289 1.172830 4.980000
1.878212 0.513078 1.105519 5.000000
0.948525 0.534325 1.018758 5.020000
1.217782 0.553656 0.914188 5.040000
1.652864 0.570930 0.812998 5.060000
1.961121 0.586243 0.718153 5.080000
2.138720 0.599702 0.627663 5.100000
1.683084 0.611375 0.539568 5.120000
1.997268 0.621210 0.443883 5.140000
1.962815 0.629184 0.353562 5.160000
2.197006 0.635350 0.263205 5.180000
1.658802 0.639755 0.177417 5.200000
1.343845 0.642368 0.084148 5.220000
1.257813 0.643081 -0.012557 5.240000
1.858209 0.641865 -0.108667 5.260000
2.672465 0.638845 -0.192976 5.280000
2.238679 0.634292 -0.261974 5.300000
2.137263 0.628312 -0.335552 5.320000
1.525434 0.620871 -0.408072 5.340000
0.558641 0.611910 -0.487546 5.360000
-0.347690 0.601234 -0.579446 5.380000
-0.563660 0.588608 -0.682453 5.400000
0.255738 0.573928 -0.784841 5.420000
0.325706 0.557382 -0.869049 5.440000
0.189906 0.539208 -0.947499 5.460000
0.146836 0.519490 -1.023497 5.480000
1.098094 0.498294 -1.095249 5.500000
1.450618 0.475881 -1.145181 5.520000
0.650830 0.452584 -1.183708 5.540000
0.401474 0.428424 -1.231361 5.560000
-0.104528 0.403320 -1.278106 5.580000
0.064217 0.377244 -1.328544 5.600000
0.894545 0.350248 -1.370091 5.620000
1.438824 0.322635 -1.390300 5.640000
1.500492 0.294777 -1.394577 5.660000
1.836910 0.266900 -1.392188 5.680000
0.885131 0.239190 -1.377973 5.700000
1.393288 0.211632 -1.376966 5.720000
1.885217 0.184245 -1.360796 5.740000
2.636204 0.157329 -1.330026 5.760000
3.076347 0.131223 -1.279907 5.780000
3.716872 0.106247 -1.217035 5.800000
3.051772 0.082692 -1.137937 5.820000
2.481525 0.060618 -1.068994 5.840000
2.474121 0.039838 -1.008468 5.860000
2.829956 0.020296 -0.945338 5.880000
2.057229 0.002112 -0.872731 5.900000
1.403326 -0.014754 -0.813464 5.920000
0.514998 -0.030544 -0.765160 5.940000
1.206868 -0.045523 -0.732425 5.960000
0.878722 -0.059689 -0.683834 5.980000
0.978034 -0.072931 -0.640055 6.000000
0.827220 -0.085261 -0.592724 6.020000
0.964616 -0.096660 -0.547030 6.040000
1.428133 -0.107107 -0.497441 6.060000
1.270866 -0.116460 -0.437820 6.080000
2.087151 -0.124647 -0.380811 6.100000
2.849500 -0.131530 -0.307467 6.120000
2.291774 -0.136798 -0.219477 6.140000
2.211421 -0.140425 -0.143349 6.160000
2.054119 -0.142554 -0.069771 6.180000
2.390872 -0.143255 -0.000471 6.200000
2.400747 -0.142516 0.074054 6.220000
3.013848 -0.140302 0.147022 6.240000
2.693835 -0.136528 0.230017 6.260000
2.800652 -0.131181 0.304245 6.280000
2.821977 -0.124354 0.377972 6.300000
3.266108 -0.116077 0.449255 6.320000
3.304847 -0.106317 0.526187 6.340000
2.558406 -0.095045 0.600401 6.360000
2.076104 -0.082474 0.656187 6.380000
2.043747 -0.068917 0.698869 6.400000
1.250993 -0.054549 0.737402 6.420000
1.537865 -0.039602 0.756677 6.440000
0.838874 -0.024247 0.778325 6.460000
-0.102815 -0.008631 0.782708 6.480000
0.795680 0.006854 0.765335 6.500000
0.606113 0.022143 0.763115 6.520000
-0.228557 0.037321 0.754225 6.540000
-1.104689 0.052128 0.726079 6.560000
-0.698000 0.066176 0.678374 6.580000
0.054390 0.079333 0.637034 6.600000
0.444191 0.091795 0.608896 6.620000
0.434624 0.103754 0.586638 6.640000
0.153359 0.115247 0.562359 6.660000
0.327181 0.126181 0.530856 6.680000
-0.010507 0.136506 0.501340 6.700000
-0.337973 0.146160 0.463857 6.720000
-0.893901 0.154989 0.418930 6.740000
-0.605478 0.162803 0.362432 6.760000
-0.753630 0.169541 0.311315 6.780000
-1.737141 0.175225 0.257144 6.800000
-1.525054 0.179635 0.183921 6.820000
-1.000753 0.182629 0.115595 6.840000
-1.632814 0.184367 0.058396 6.860000
-2.269372 0.184847 -0.010185 6.880000
-3.168810 0.183845 -0.089753 6.900000
-3.070541 0.181094 -0.184921 6.920000
-2.421777 0.176484 -0.275627 6.940000
-3.245010 0.170215 -0.350896 6.960000
-2.443572 0.162306 -0.439457 6.980000
-3.085148 0.152816 -0.509008 7.000000
-2.281174 0.141841 -0.587864 7.020000
-3.010493 0.129484 -0.647238 7.040000
-2.688270 0.115832 -0.717345 7.060000
-3.513044 0.100881 -0.777059 7.080000
-3.350667 0.084614 -0.848925 7.100000
-2.747271 0.066987 -0.912981 7.120000
-3.320878 0.048246 -0.960394 7.140000
-3.355408 0.028488 -1.014540 7.160000
-3.558036 0.007690 -1.064399 7.180000
-2.706752 -0.014094 -1.113162 7.200000
-2.233917 -0.036632 -1.139779 7.220000
-2.076220 -0.059558 -1.152060 7.240000
-2.695840 -0.082651 -1.156463 7.260000
-2.508524 -0.105908 -1.168435 7.280000
-2.277545 -0.129319 -1.171849 7.300000
-1.767963 -0.152705 -1.166012 7.320000
-1.208272 -0.175830 -1.145713 7.340000
-1.057311 -0.198397 -1.110417 7.360000
-1.009165 -0.220193 -1.068570 7.380000
-1.385592 -0.241109 -1.022481 7.400000
-2.330953 -0.261144 -0.980569 7.420000
-2.571613 -0.280492 -0.953698 7.440000
-2.250738 -0.299316 -0.928123 7.460000
-1.746961 -0.317535 -0.893286 7.480000
-1.197868 -0.334934 -0.846155 7.500000
-0.666850 -0.351263 -0.786432 7.520000
-1.489118 -0.366280 -0.715061 7.540000
-2.244373 -0.380009 -0.657595 7.560000
-1.351127 -0.392714 -0.612598 7.580000
-1.395863 -0.404339 -0.549798 7.600000
-0.559056 -0.414708 -0.486976 7.620000
0.002304 -0.423663 -0.408436 7.640000
-0.108635 -0.430945 -0.319860 7.660000
-0.864261 -0.436481 -0.233902 7.680000
-1.439748 -0.440443 -0.162357 7.700000
-1.233084 -0.443084 -0.101930 7.720000
-0.501335 -0.444488 -0.038624 7.740000
-1.419453 -0.444505 0.036644 7.760000
-0.757911 -0.443198 0.093883 7.780000
-0.651622 -0.440641 0.161469 7.800000
-1.513906 -0.436733 0.229034 7.820000
-2.289975 -0.431650 0.278951 7.840000
-2.428900 -0.425728 0.312859 7.860000
-1.659524 -0.419173 0.342365 7.880000
-2.281291 -0.411907 0.383868 7.900000
-1.816375 -0.403947 0.411790 7.920000
-2.282026 -0.395365 0.446018 7.940000
-1.709490 -0.386208 0.469328 7.960000
-1.967859 -0.376502 0.500846 7.980000
-1.023553 -0.366239 0.525043 8.000000
-1.900174 -0.355341 0.564196 8.020000
-1.066569 -0.343854 0.584143 8.040000
-1.938959 -0.331837 0.616977 8.060000
-2.150263 -0.319359 0.630457 8.080000
-2.378723 -0.306677 0.637216 8.100000
-2.662962 -0.293931 0.637003 8.120000
-1.731316 -0.281268 0.628862 8.140000
-1.030442 -0.268614 0.636096 8.160000
-0.674440 -0.255708 0.654088 8.180000
-0.942839 -0.242401 0.676027 8.200000
-0.491750 -0.228738 0.689778 8.220000
-1.169114 -0.214742 0.709300 8.240000
-1.233834 -0.200519 0.712601 8.260000
-1.400857 -0.186270 0.711805 8.280000
-1.028107 -0.172097 0.704994 8.300000
-0.704247 -0.158015 0.702832 8.320000
-0.368228 -0.143939 0.704310 8.340000
-0.666146 -0.129795 0.709615 8.360000
-0.808314 -0.115632 0.706219 8.380000
0.075009 -0.101592 0.697351 8.400000
-0.292275 -0.087580 0.703346 8.420000
-0.113149 -0.073549 0.699261 8.440000
0.615957 -0.059591 0.696082 8.460000
0.029846 -0.045579 0.704677 8.480000
-0.323601 -0.031540 0.698788 8.500000
-1.177476 -0.017715 0.683314 8.520000
-0.255542 -0.004393 0.648599 8.540000
0.592988 0.008400 0.630297 8.560000
0.025067 0.020974 0.626702 8.580000
0.248322 0.033339 0.609510 8.600000
-0.500169 0.045385 0.594709 8.620000
-1.413477 0.056966 0.563101 8.640000
-2.194117 0.067718 0.511908 8.660000
-1.393091 0.077281 0.444358 8.680000
-1.415822 0.085648 0.392256 8.700000
-0.619493 0.092964 0.339239 8.720000
-1.606138 0.099374 0.301664 8.740000
-1.484190 0.104833 0.244254 8.760000
-1.846048 0.109169 0.189454 8.780000
-2.093369 0.112342 0.127903 8.800000
-1.937727 0.114242 0.062226 8.820000
-1.981278 0.114869 0.000675 8.840000
-2.085153 0.114268 -0.060516 8.860000
-1.510222 0.112437 -0.122310 8.880000
-1.238833 0.109500 -0.171112 8.900000
-1.736084 0.105657 -0.212961 8.920000
-2.694400 0.100895 -0.262957 8.940000
-2.321881 0.094963 -0.329839 8.960000
-2.270010 0.087792 -0.386815 8.980000
-1.643349 0.079518 -0.440176 9.000000
-2.044793 0.070327 -0.478444 9.020000
-1.834071 0.060318 -0.522051 9.040000
-0.841484 0.049506 -0.558634 9.060000
-0.277882 0.038188 -0.572726 9.080000
-0.849695 0.026725 -0.573178 9.100000
-0.329748 0.015162 -0.582713 9.120000
0.334707 0.003536 -0.579513 9.140000
-0.428358 -0.007872 -0.560980 9.160000
0.351151 -0.019042 -0.555737 9.180000
-0.518801 -0.029933 -0.533019 9.200000
-0.749202 -0.040525 -0.525891 9.220000
0.186677 -0.051001 -0.521415 9.240000
-0.734508 -0.061183 -0.496509 9.260000
0.048530 -0.071035 -0.488365 9.280000
-0.233509 -0.080551 -0.463031 9.300000
-0.526696 -0.089603 -0.441970 9.320000
0.281205 -0.098279 -0.425391 9.340000
0.268528 -0.106450 -0.391586 9.360000
0.971519 -0.113939 -0.357193 9.380000
0.492627 -0.120595 -0.308294 9.400000
0.407073 -0.126364 -0.268593 9.420000
-0.011853 -0.131354 -0.230331 9.440000
0.047459 -0.135659 -0.200161 9.460000
-0.138910 -0.139347 -0.168657 9.480000
-0.029941 -0.142442 -0.140780 9.500000
0.686484 -0.144957 -0.110779 9.520000
-0.239643 -0.146733 -0.066921 9.540000
-0.983236 -0.147820 -0.041805 9.560000
-0.811100 -0.148554 -0.031578 9.580000
-1.024738 -0.149050 -0.018063 9.600000
-1.990554 -0.149320 -0.008926 9.620000
-2.126388 -0.149598 -0.018833 9.640000
-1.619394 -0.150098 -0.031128 9.660000
-1.558430 -0.150741 -0.033137 9.680000
-1.918874 -0.151410 -0.033783 9.700000
-2.014313 -0.152162 -0.041334 9.720000
-2.544578 -0.153080 -0.050439 9.740000
-2.893901 -0.154281 -0.069533 9.760000
-2.033524 -0.155926 -0.094802 9.780000
-1.733300 -0.157898 -0.102374 9.800000
-1.069504 -0.159958 -0.103524 9.820000
-0.583111 -0.161906 -0.091279 9.840000
-0.735715 -0.163513 -0.069423 9.860000
-1.104293 -0.164714 -0.050710 9.880000
-0.545673 -0.165615 -0.039366 9.900000
-0.478059 -0.166180 -0.017190 9.920000
-1.470297 -0.166292 0.005932 9.940000
-2.039767 -0.166140 0.009210 9.960000
-2.482103 -0.166036 0.001272 9.980000
-3.144463 -0.166175 -0.015146 10.000000
-3.312439 -0.166769 -0.044104 10.020000
-3.549778 -0.167967 -0.075588 10.040000
-3.449352 -0.169832 -0.110773 10.060000
-4.438991 -0.172371 -0.142853 10.080000
-5.300896 -0.175732 -0.193005 10.100000
-5.813798 -0.180247 -0.258154 10.120000
-5.253682 -0.186143 -0.330909 10.140000
-4.870703 -0.193356 -0.389936 10.160000
-5.317893 -0.201647 -0.438723 10.180000
-4.338791 -0.210973 -0.493369 10.200000
-4.986946 -0.221170 -0.525919 10.220000
-4.385129 -0.232116 -0.568133 10.240000
-5.118935 -0.243758 -0.595536 10.260000
-5.250677 -0.256059 -0.633973 10.280000
-5.408124 -0.269119 -0.671462 10.300000
-5.108032 -0.282923 -0.708323 10.320000
-5.061262 -0.297369 -0.735703 10.340000
-5.364449 -0.312318 -0.758493 10.360000
-4.494563 -0.327742 -0.783258 10.380000
-3.805525 -0.343459 -0.787869 10.400000
-4.270847 -0.359105 -0.776238 10.420000
-4.408932 -0.374575 -0.770201 10.440000
-5.026333 -0.389917 -0.763561 10.460000
-4.104486 -0.405209 -0.765070 10.480000
-4.469336 -0.420330 -0.746513 10.500000
-5.093052 -0.435118 -0.731754 10.520000
-6.047208 -0.449693 -0.725319 10.540000
-5.115202 -0.464280 -0.732784 10.560000
-5.799983 -0.478817 -0.720346 10.580000
-6.304905 -0.493195 -0.716983 10.600000
-5.682193 -0.507563 -0.719222 10.620000
-6.289938 -0.521834 -0.707381 10.640000
-5.700924 -0.535943 -0.702985 10.660000
-6.625303 -0.549832 -0.685458 10.680000
-6.842306 -0.563499 -0.680732 10.700000
-7.786412 -0.577077 -0.676526 10.720000
-6.812336 -0.590696 -0.684789 10.740000
-7.296251 -0.604285 -0.673575 10.760000
-6.983938 -0.617698 -0.667242 10.780000
-6.555408 -0.630903 -0.652794 10.800000
-5.800156 -0.643723 -0.628709 10.820000
-5.206567 -0.655916 -0.590274 10.840000
-4.764245 -0.667228 -0.540693 10.860000
-4.107093 -0.677466 -0.482909 10.880000
-3.534025 -0.686437 -0.414144 10.900000
-2.884780 -0.693941 -0.336328 10.920000
-2.713207 -0.699793 -0.248897 10.940000
-2.500285 -0.703877 -0.159684 10.960000
-3.275320 -0.706156 -0.068445 10.980000
-3.313092 -0.706742 0.009569 11.000000
-3.063625 -0.705789 0.085432 11.020000
-2.672980 -0.703299 0.163229 11.040000
-1.839754 -0.699215 0.244780 11.060000
-0.866701 -0.693398 0.336472 11.080000
-1.740569 -0.685627 0.440042 11.100000
-2.197828 -0.675954 0.526707 11.120000
-1.552418 -0.664654 0.602743 11.140000
-1.917714 -0.651767 0.685212 11.160000
-0.979494 -0.637330 0.757900 11.180000
-1.610196 -0.621329 0.841451 11.200000
-1.038454 -0.603804 0.910291 11.220000
-0.185734 -0.584854 0.983904 11.240000
-1.175287 -0.564338 1.066817 11.260000
-0.454002 -0.542383 1.127887 11.280000
-0.674215 -0.519134 1.196039 11.300000
-1.642787 -0.494616 1.254894 11.320000
-1.226234 -0.469146 1.291156 11.340000
-0.240600 -0.442933 1.329252 11.360000
0.754587 -0.415836 1.379390 11.380000
0.017793 -0.387615 1.441711 11.400000
0.261295 -0.358346 1.484205 11.420000
0.911913 -0.328243 1.525004 11.440000
-0.049885 -0.297265 1.571696 11.460000
-0.507164 -0.265602 1.593515 11.480000
0.366281 -0.233655 1.600161 11.500000
-0.259968 -0.201468 1.617437 11.520000
-0.748377 -0.169123 1.616089 11.540000
-1.279471 -0.136962 1.599009 11.560000
-0.669579 -0.105306 1.565624 11.580000
-1.481524 -0.074252 1.538797 11.600000
-1.309327 -0.043951 1.490480 11.620000
-1.784749 -0.014631 1.440709 11.640000
-2.358119 0.013552 1.376917 11.660000
-1.412714 0.040304 1.297718 11.680000
-1.939826 0.065625 1.233786 11.700000
-2.000549 0.089528 1.155990 11.720000
-1.777733 0.111834 1.074151 11.740000
-0.994046 0.132522 0.994262 11.760000
-0.097026 0.151744 0.927574 11.780000
-0.254252 0.169786 0.876226 11.800000
-0.486264 0.186747 0.819488 11.820000
0.185624 0.202507 0.756259 11.840000
0.531219 0.217117 0.704442 11.860000
0.651418 0.230741 0.657639 11.880000
1.263294 0.243436 0.611558 11.900000
0.491174 0.255312 0.575783 11.920000
0.860818 0.266308 0.523719 11.940000
0.238485 0.276325 0.477747 11.960000
0.307377 0.285293 0.419025 11.980000
1.204026 0.293096 0.361201 12.000000
0.260485 0.299910 0.320136 12.020000
0.998116 0.305720 0.260832 12.040000
1.407686 0.310485 0.215638 12.060000
2.397346 0.314423 0.178228 12.080000
3.030111 0.317801 0.159484 12.100000
4.010868 0.320920 0.152364 12.120000
4.731953 0.324077 0.163174 12.140000
4.848353 0.327577 0.186604 12.160000
4.890501 0.331555 0.210951 12.180000
5.138754 0.336014 0.234699 12.200000
5.285884 0.340979 0.261601 12.220000
5.147452 0.346494 0.289576 12.240000
5.633961 0.352525 0.313162 12.260000
5.042678 0.359099 0.343943 12.280000
5.997515 0.366158 0.361658 12.300000
5.134341 0.373729 0.395068 12.320000
4.950982 0.381785 0.410172 12.340000
4.495515 0.390089 0.419829 12.360000
3.605592 0.398482 0.419155 12.380000
3.289144 0.406680 0.400504 12.400000
3.037260 0.414435 0.374829 12.420000
2.746460 0.421621 0.343579 12.440000
1.846541 0.428121 0.306321 12.460000
2.779062 0.433708 0.252401 12.480000
3.256693 0.438386 0.215310 12.500000
3.927930 0.442406 0.186645 12.520000
3.925853 0.445970 0.169783 12.540000
3.524490 0.449194 0.152510 12.560000
4.206751 0.451997 0.127794 12.580000
4.552975 0.454427 0.115181 12.600000
4.115617 0.456665 0.108484 12.620000
4.557347 0.458687 0.093692 12.640000
5.465804 0.460490 0.086633 12.660000
6.425000 0.462312 0.095440 12.680000
7.300756 0.464474 0.120627 12.700000
7.505198 0.467285 0.160240 12.720000
7.026454 0.470910 0.201914 12.740000
7.063150 0.475265 0.233360 12.760000
6.799806 0.480239 0.263727 12.780000
6.825445 0.485756 0.287629 12.800000
6.637895 0.491737 0.310158 12.820000
6.704593 0.498117 0.327519 12.840000
6.029913 0.504837 0.344166 12.860000
5.683884 0.511753 0.347211 12.880000
6.207584 0.518654 0.342658 12.900000
6.297305 0.525540 0.345640 12.920000
5.797369 0.532484 0.348510 12.940000
5.481213 0.539384 0.341212 12.960000
4.905597 0.546070 0.327163 12.980000
5.872570 0.552365 0.302226 13.000000
5.211651 0.558317 0.292734 13.020000
5.830558 0.563956 0.271035 13.040000
5.414183 0.569257 0.258910 13.060000
5.780635 0.574236 0.238929 13.080000
5.058154 0.578871 0.224366 13.100000
4.938627 0.583086 0.197132 13.120000
4.023833 0.586734 0.167610 13.140000
3.717326 0.589638 0.122891 13.160000
4.243794 0.591602 0.073516 13.180000
4.466017 0.592670 0.033464 13.200000
4.231264 0.592981 -0.002286 13.220000
4.578635 0.592545 -0.041172 13.240000
5.349141 0.591398 -0.073413 13.260000
5.687132 0.589742 -0.092041 13.280000
6.090614 0.587777 -0.104334 13.300000
5.916305 0.585640 -0.109268 13.320000
5.356561 0.583381 -0.116481 13.340000
4.400833 0.580892 -0.132275 13.360000
5.329110 0.577938 -0.162997 13.380000
4.621704 0.574536 -0.177024 13.400000
4.140021 0.570746 -0.201758 13.420000
4.183669 0.566394 -0.233175 13.440000
4.152368 0.561437 -0.262272 13.460000
4.357868 0.555909 -0.290225 13.480000
3.373568 0.549874 -0.312956 13.500000
4.364828 0.543235 -0.350558 13.520000
5.029435 0.536035 -0.369182 13.540000
5.766907 0.528595 -0.374549 13.560000
5.131802 0.521191 -0.365550 13.580000
5.529788 0.513873 -0.366006 13.600000
5.174922 0.506631 -0.357978 13.620000
5.341182 0.499502 -0.354666 13.640000
6.214491 0.492483 -0.346971 13.660000
7.126134 0.485785 -0.322641 13.680000
6.215748 0.479744 -0.281338 13.700000
7.108581 0.474374 -0.255520 13.720000
6.854552 0.469686 -0.213310 13.740000
6.061797 0.465798 -0.175413 13.760000
6.825952 0.462529 -0.151470 13.780000
7.778131 0.459877 -0.113773 13.800000
7.623636 0.458146 -0.059400 13.820000
8.000000 0.457468 -0.008558 13.840000
7.966330 0.457864 0.047999 13.860000
8.000000 0.459373 0.102605 13.880000
8.000000 0.461964 0.156225 13.900000
8.000000 0.465610 0.208021 13.920000
7.555567 0.470271 0.257774 13.940000
8.000000 0.475827 0.297453 13.960000
7.022012 0.482233 0.342716 13.980000
6.969155 0.489347 0.368291 14.000000
7.442557 0.496940 0.390696 14.020000
6.475257 0.505042 0.419027 14.040000
5.930950 0.513516 0.428067 14.060000
5.372152 0.522056 0.425584 14.080000
5.389381 0.530431 0.411662 14.100000
4.799499 0.538515 0.396487 14.120000
3.867871 0.546180 0.369863 14.140000
3.813254 0.553145 0.326456 14.160000
3.175516 0.559226 0.281651 14.180000
3.080534 0.564302 0.225901 14.200000
3.353640 0.568248 0.168778 14.220000
3.191367 0.571102 0.116673 14.240000
2.270919 0.572891 0.062435 14.260000
3.178856 0.573451 -0.006277 14.280000
3.801476 0.572801 -0.058509 14.300000
3.870884 0.571223 -0.099118 14.320000
4.388574 0.568856 -0.137363 14.340000
3.395459 0.565824 -0.165648 14.360000
2.671848 0.562072 -0.209285 14.380000
3.168625 0.557342 -0.263353 14.400000
4.034922 0.551635 -0.306979 14.420000
4.909802 0.545223 -0.333897 14.440000
5.046817 0.538441 -0.344066 14.460000
5.786738 0.531495 -0.350212 14.480000
5.593015 0.524570 -0.342064 14.500000
5.222368 0.517789 -0.335861 14.520000
5.905421 0.511081 -0.334664 14.540000
5.493276 0.504530 -0.320210 14.560000
5.931036 0.498209 -0.311744 14.580000
5.710105 0.492145 -0.294438 14.600000
6.041035 0.486399 -0.280000 14.620000
6.165141 0.481010 -0.258795 14.640000
7.137522 0.476074 -0.234654 14.660000
7.860479 0.471799 -0.192799 14.680000
7.870815 0.468491 -0.138106 14.700000
6.996863 0.466274 -0.083642 14.720000
6.545193 0.464986 -0.045300 14.740000
6.316167 0.464378 -0.015493 14.760000
6.734886 0.464322 0.009744 14.780000
5.736553 0.464839 0.041843 14.800000
5.449525 0.465813 0.055459 14.820000
5.775373 0.467003 0.063484 14.840000
6.379037 0.468407 0.076823 14.860000
7.374667 0.470179 0.100206 14.880000
7.358758 0.472585 0.140216 14.900000
6.518484 0.475775 0.178484 14.920000
7.407357 0.479566 0.200375 14.940000
7.083474 0.483937 0.236491 14.960000
7.747272 0.488956 0.265092 14.980000
6.749892 0.494645 0.303446 15.000000
6.118111 0.500905 0.322225 15.020000
5.382161 0.507411 0.328177 15.040000
5.086048 0.513893 0.319808 15.060000
5.328708 0.520144 0.305097 15.080000
5.844317 0.526132 0.293503 15.100000
4.969971 0.531966 0.289651 15.120000
4.239009 0.537561 0.269682 15.140000
3.983480 0.542623 0.236534 15.160000
3.074649 0.546976 0.198728 15.180000
2.603064 0.550418 0.145506 15.200000
1.875075 0.552720 0.084816 15.220000
2.183952 0.553693 0.012746 15.240000
1.536791 0.553291 -0.052744 15.260000
1.449079 0.551484 -0.127641 15.280000
1.720732 0.548184 -0.202072 15.300000
2.696783 0.543462 -0.269705 15.320000
3.680412 0.537577 -0.318447 15.340000
4.244482 0.530907 -0.348237 15.360000
4.944936 0.523758 -0.366369 15.380000
5.517878 0.516385 -0.370577 15.400000
5.211562 0.509045 -0.363213 15.420000
5.214844 0.501813 -0.359681 15.440000
5.405740 0.494668 -0.354582 15.460000
6.336431 0.487673 -0.344695 15.480000
6.781079 0.481053 -0.317179 15.500000
7.106144 0.475071 -0.280937 15.520000
6.300785 0.469877 -0.238372 15.540000
5.970380 0.465395 -0.209745 15.560000
6.219442 0.461431 -0.186571 15.580000
6.978168 0.457979 -0.158595 15.600000
7.338420 0.455224 -0.116974 15.620000
7.832337 0.453363 -0.069222 15.640000
7.894640 0.452539 -0.013298 15.660000
7.170588 0.452835 0.042691 15.680000
8.000000 0.454108 0.084486 15.700000
8.000000 0.456354 0.139793 15.720000
7.016236 0.459688 0.193323 15.740000
7.608590 0.463899 0.227424 15.760000
8.000000 0.468879 0.270247 15.780000
8.000000 0.474763 0.317817 15.800000
7.781624 0.481575 0.362888 15.820000
8.000000 0.489223 0.401465 15.840000
7.176200 0.497653 0.441127 15.860000
7.375903 0.506705 0.463547 15.880000
8.000000 0.516212 0.486757 15.900000
7.924660 0.526264 0.517872 15.920000
6.932095 0.536893 0.544524 15.940000
7.218509 0.547854 0.551141 15.960000
7.756072 0.558969 0.559835 15.980000
6.796544 0.570319 0.574652 16.000000
6.066382 0.581774 0.570426 16.020000
6.341638 0.592998 0.551567 16.040000
6.481867 0.603868 0.535066 16.060000
5.927802 0.614409 0.518695 16.080000
4.956593 0.624512 0.491313 16.100000
5.910598 0.633894 0.446716 16.120000
6.295351 0.642526 0.416248 16.140000
5.712261 0.650597 0.390582 16.160000
4.804782 0.658049 0.354475 16.180000
4.976838 0.664627 0.303336 16.200000
4.076685 0.670207 0.254602 16.220000
4.188577 0.674671 0.191813 16.240000
4.053539 0.677900 0.131220 16.260000
4.399203 0.679903 0.069215 16.280000
3.423173 0.680729 0.013475 16.300000
3.067639 0.680299 -0.056226 16.320000
2.614606 0.678435 -0.129802 16.340000
2.188910 0.675049 -0.208419 16.360000
1.995999 0.670048 -0.291302 16.380000
1.500914 0.663385 -0.374501 16.400000
1.306132 0.655010 -0.462468 16.420000
1.455929 0.644878 -0.550172 16.440000
1.674575 0.633051 -0.631882 16.460000
2.375966 0.619663 -0.706277 16.480000
2.737353 0.604940 -0.765337 16.500000
3.242642 0.589136 -0.814461 16.520000
3.768517 0.572473 -0.851136 16.540000
3.711673 0.555206 -0.874922 16.560000
4.687934 0.537493 -0.895626 16.580000
4.540855 0.519575 -0.895578 16.600000
5.445164 0.501670 -0.894230 16.620000
6.139222 0.483989 -0.873329 16.640000
5.441119 0.466883 -0.836756 16.660000
4.932978 0.450415 -0.809479 16.680000
4.824903 0.434433 -0.788242 16.700000
4.623729 0.418886 -0.765951 16.720000
4.278490 0.403777 -0.744440 16.740000
4.956511 0.389063 -0.726466 16.760000
4.326659 0.374861 -0.693323 16.780000
3.360372 0.361229 -0.669464 16.800000
3.888647 0.347919 -0.661173 16.820000
4.252681 0.334898 -0.640485 16.840000
5.023262 0.322383 -0.610717 16.860000
4.133890 0.310628 -0.564475 16.880000
3.619694 0.299646 -0.533506 16.900000
3.306964 0.289201 -0.510652 16.920000
4.062155 0.279171 -0.492083 16.940000
3.357344 0.269673 -0.457484 16.960000
3.076020 0.260745 -0.435122 16.980000
3.380878 0.252223 -0.416808 17.000000
2.778497 0.244140 -0.391316 17.020000
2.524107 0.236462 -0.376306 17.040000
2.406301 0.229047 -0.364976 17.060000
2.720904 0.221848 -0.354680 17.080000
3.080303 0.214928 -0.337094 17.100000
3.120463 0.208441 -0.311547 17.120000
2.689712 0.202479 -0.284468 17.140000
2.062275 0.196982 -0.265127 17.160000
2.982970 0.191757 -0.257287 17.180000
3.469863 0.186876 -0.230688 17.200000
4.391092 0.182627 -0.194216 17.220000
5.135432 0.179288 -0.139745 17.240000
5.372350 0.177179 -0.071279 17.260000
5.362293 0.176476 0.000743 17.280000
4.754156 0.177197 0.071140 17.300000
5.173386 0.179191 0.128002 17.320000
5.401840 0.182388 0.191367 17.340000
5.850515 0.186877 0.257119 17.360000
5.650870 0.192745 0.329206 17.380000
4.684040 0.199987 0.394591 17.400000
3.888711 0.208320 0.438272 17.420000
3.646290 0.217346 0.463873 17.440000
3.682512 0.226812 0.482377 17.460000
3.463001 0.236632 0.499233 17.480000
4.192761 0.246723 0.509483 17.500000
3.708832 0.257137 0.531428 17.520000
3.028047 0.267870 0.541472 17.540000
3.280735 0.278649 0.536110 17.560000
2.964779 0.289349 0.533477 17.580000
3.465323 0.299914 0.522733 17.600000
3.941570 0.310340 0.519529 17.620000
4.751488 0.320771 0.523211 17.640000
3.855828 0.331406 0.539817 17.660000
3.856763 0.342179 0.537058 17.680000
4.700454 0.352874 0.532132 17.700000
4.467387 0.363607 0.540720 17.720000
5.035083 0.374443 0.542519 17.740000
4.658174 0.385397 0.552404 17.760000
5.497400 0.396453 0.552799 17.780000
4.637154 0.407646 0.566095 17.800000
3.829726 0.418921 0.561035 17.820000
4.762406 0.429926 0.539110 17.840000
4.918278 0.440642 0.532111 17.860000
4.562759 0.451224 0.525738 17.880000
4.248659 0.461594 0.510895 17.900000
4.378987 0.471591 0.488609 17.920000
3.449856 0.481150 0.466995 17.940000
4.183977 0.490098 0.427569 17.960000
4.932720 0.498375 0.399973 17.980000
5.838209 0.506219 0.384229 18.000000
4.993703 0.513892 0.382766 18.020000
5.340521 0.521373 0.365083 18.040000
5.073321 0.528547 0.352101 18.060000
5.386402 0.535402 0.333265 18.080000
5.782622 0.541924 0.318665 18.100000
5.689868 0.548209 0.309649 18.120000
6.466552 0.554286 0.297854 18.140000
5.844227 0.560247 0.297998 18.160000
5.085200 0.566092 0.286344 18.180000
4.672846 0.571566 0.260975 18.200000
4.322415 0.576458 0.228121 18.220000
3.937841 0.580631 0.189140 18.240000
3.639793 0.583960 0.143785 18.260000
2.864769 0.586335 0.093822 18.280000
2.804001 0.587588 0.031703 18.300000
2.863292 0.587600 -0.030310 18.320000
2.511860 0.586395 -0.090001 18.340000
1.738062 0.583952 -0.153960 18.360000
2.276274 0.580120 -0.228859 18.380000
2.242872 0.574903 -0.292524 18.400000
2.760177 0.568430 -0.354387 18.420000
3.235218 0.560831 -0.405050 18.440000
3.317656 0.552325 -0.445163 18.460000
3.777316 0.543056 -0.481318 18.480000
4.157665 0.533168 -0.507022 18.500000
4.573843 0.522857 -0.523637 18.520000
4.843360 0.512311 -0.530576 18.540000
4.338577 0.501697 -0.530450 18.560000
3.738699 0.491020 -0.536815 18.580000
4.125320 0.480135 -0.551282 18.600000
4.509987 0.469054 -0.556383 18.620000
5.055991 0.457964 -0.552238 18.640000
4.319793 0.447077 -0.536101 18.660000
4.643484 0.436402 -0.531113 18.680000
4.199721 0.425906 -0.518154 18.700000
4.363130 0.415608 -0.511242 18.720000
4.320197 0.405499 -0.499345 18.740000
3.486978 0.395639 -0.486345 18.760000
3.452246 0.385904 -0.486785 18.780000
3.158752 0.376175 -0.485851 18.800000
2.568063 0.366429 -0.488351 18.820000
2.284398 0.356544 -0.499747 18.840000
2.857331 0.346401 -0.514192 18.860000
2.905579 0.336099 -0.515634 18.880000
2.008449 0.325799 -0.514063 18.900000
1.344674 0.315382 -0.527293 18.920000
1.685382 0.304597 -0.550694 18.940000
0.920665 0.293436 -0.565063 18.960000
0.678417 0.281866 -0.591450 18.980000
0.656459 0.269750 -0.619663 19.000000
0.299117 0.257095 -0.645375 19.020000
0.345397 0.243886 -0.674964 19.040000
0.759284 0.230126 -0.700517 19.060000
0.342486 0.215967 -0.714908 19.080000
1.008427 0.201469 -0.734327 19.100000
0.843609 0.186745 -0.737620 19.120000
-0.017067 0.171951 -0.741191 19.140000
0.082477 0.156948 -0.758617 19.160000
-0.114296 0.141648 -0.770843 19.180000
-0.141273 0.126097 -0.783722 19.200000
0.344698 0.110316 -0.793864 19.220000
1.021820 0.094460 -0.791182 19.240000
0.716096 0.078822 -0.772139 19.260000
0.993803 0.063531 -0.756496 19.280000
1.052524 0.048635 -0.732734 19.300000
0.230289 0.034250 -0.705428 19.320000
1.186846 0.020269 -0.692181 19.340000
0.606675 0.006768 -0.657584 19.360000
0.364923 -0.006137 -0.632599 19.380000
0.089785 -0.018570 -0.610439 19.400000
-0.805893 -0.030596 -0.591794 19.420000
-1.145017 -0.042407 -0.588937 19.440000
-1.532792 -0.054206 -0.590548 19.460000
-2.352409 -0.066090 -0.597484 19.480000
-2.748886 -0.078251 -0.618122 19.500000
-3.433644 -0.090875 -0.643734 19.520000
-3.544311 -0.104116 -0.679773 19.540000
-2.732296 -0.118065 -0.714555 19.560000
-3.074010 -0.132514 -0.729836 19.580000
-3.928581 -0.147304 -0.748599 19.600000
-3.747831 -0.162603 -0.780691 19.620000
-4.496816 -0.178471 -0.805437 19.640000
-5.000056 -0.194942 -0.840969 19.660000
-5.876941 -0.212180 -0.882058 19.680000
-5.584303 -0.230364 -0.935549 19.700000
-4.730219 -0.249511 -0.978326 19.720000
-4.387543 -0.269299 -0.999708 19.740000
-4.580385 -0.289403 -1.009914 19.760000
-4.616891 -0.309703 -1.019307 19.780000
-4.592736 -0.330152 -1.024870 19.800000
-5.177570 -0.350663 -1.025504 19.820000
-5.364403 -0.371252 -1.032574 19.840000
-5.364919 -0.391970 -1.038435 19.860000
-6.094468 -0.412758 -1.039624 19.880000
-6.982985 -0.433656 -1.049370 19.900000
-7.741820 -0.454859 -1.070039 19.920000
-8.000000 -0.476556 -1.098684 19.940000
-8.000000 -0.498813 -1.125943 19.960000
-7.040424 -0.521554 -1.147121 19.980000
