-0.643371 -0.294403 0.969351 0.000000
-0.619711 -0.274778 0.992413 0.020000
-1.227898 -0.254730 1.011695 0.040000
-2.092382 -0.234455 1.015058 0.060000
-1.280820 -0.214321 0.997732 0.080000
-1.927818 -0.194413 0.992515 0.100000
-1.160868 -0.174772 0.970941 0.120000
-0.254782 -0.155447 0.960926 0.140000
-0.601582 -0.136181 0.965098 0.160000
-0.317172 -0.116937 0.958656 0.180000
-1.024325 -0.097802 0.954216 0.200000
-1.755829 -0.078932 0.932230 0.220000
-2.112473 -0.060679 0.892604 0.240000
-1.848541 -0.043317 0.843221 0.260000
-1.708256 -0.026914 0.796735 0.280000
-1.941187 -0.011434 0.750840 0.300000
-1.127054 0.003060 0.698326 0.320000
-1.259901 0.016649 0.660254 0.340000
-0.365852 0.029432 0.617750 0.360000
0.284753 0.041526 0.591382 0.380000
0.977843 0.053205 0.576108 0.400000
1.695825 0.064695 0.572591 0.420000
1.234411 0.076236 0.581086 0.440000
1.793112 0.087831 0.578034 0.460000
1.804401 0.099453 0.583792 0.480000
1.447719 0.111169 0.587363 0.500000
0.709675 0.122862 0.581542 0.520000
0.240486 0.134271 0.559072 0.540000
1.133973 0.145121 0.525683 0.560000
0.547767 0.155465 0.508411 0.580000
0.746950 0.165331 0.478045 0.600000
0.595583 0.174617 0.450320 0.620000
1.549100 0.183306 0.418452 0.640000
2.486029 0.191535 0.404139 0.660000
2.983614 0.199646 0.406709 0.680000
2.292484 0.207889 0.417245 0.700000
1.619830 0.216189 0.412517 0.720000
1.296485 0.224249 0.393250 0.740000
0.980539 0.231849 0.366589 0.760000
1.930215 0.238845 0.332948 0.780000
1.754791 0.245346 0.316933 0.800000
2.700898 0.251482 0.296618 0.820000
3.087948 0.257387 0.293658 0.840000
3.443214 0.263296 0.296976 0.860000
3.996387 0.269326 0.305804 0.880000
3.269418 0.275624 0.323744 0.900000
2.954384 0.282125 0.326152 0.920000
3.050161 0.288601 0.321198 0.940000
2.950251 0.294983 0.316855 0.960000
3.581234 0.301248 0.309421 0.980000
2.806853 0.307472 0.312793 1.000000
3.725082 0.313604 0.300217 1.020000
4.406079 0.319648 0.303946 1.040000
4.953949 0.325881 0.319119 1.060000
3.994608 0.332505 0.342901 1.080000
4.611414 0.339405 0.346813 1.100000
4.527434 0.346483 0.360690 1.120000
5.115034 0.353804 0.371192 1.140000
4.526702 0.361428 0.390796 1.160000
5.102976 0.369313 0.397441 1.180000
4.247772 0.377420 0.412877 1.200000
3.392338 0.385657 0.410506 1.220000
2.552791 0.393672 0.390789 1.240000
1.705602 0.401126 0.354543 1.260000
2.629815 0.407694 0.302197 1.280000
2.106464 0.413382 0.266500 1.300000
2.017040 0.418257 0.220977 1.320000
2.205694 0.422205 0.173882 1.340000
2.495998 0.425248 0.130450 1.360000
3.105356 0.427478 0.092601 1.380000
2.780524 0.429064 0.066104 1.400000
2.142789 0.430065 0.034022 1.420000
3.136940 0.430313 -0.009030 1.440000
4.109955 0.429889 -0.033314 1.460000
4.966350 0.429161 -0.039477 1.480000
4.670265 0.428467 -0.029941 1.500000
4.182742 0.427909 -0.025793 1.520000
4.104987 0.427347 -0.030395 1.540000
3.592394 0.426681 -0.036177 1.560000
2.900288 0.425809 -0.050928 1.580000
1.910309 0.424522 -0.077653 1.600000
2.430653 0.422529 -0.121396 1.620000
2.792643 0.419769 -0.154408 1.640000
2.341673 0.416427 -0.179613 1.660000
3.236999 0.412511 -0.211769 1.680000
3.832823 0.408129 -0.226211 1.700000
3.583542 0.403579 -0.228614 1.720000
2.890115 0.398946 -0.234559 1.740000
2.579520 0.394077 -0.252074 1.760000
2.592877 0.388815 -0.273910 1.780000
1.921436 0.383133 -0.293979 1.800000
2.724909 0.376942 -0.324819 1.820000
3.194316 0.370301 -0.338982 1.840000
3.028906 0.363481 -0.342837 1.860000
2.898509 0.356567 -0.348280 1.880000
2.882021 0.349535 -0.354626 1.900000
3.091405 0.342389 -0.359720 1.920000
3.344503 0.335196 -0.359354 1.940000
4.040447 0.328072 -0.352798 1.960000
4.958195 0.321224 -0.331873 1.980000
4.965446 0.314977 -0.292725 2.000000
4.166958 0.309520 -0.252957 2.020000
5.100077 0.304710 -0.227951 2.040000
5.468623 0.300581 -0.184859 2.060000
5.387777 0.297385 -0.134855 2.080000
5.081043 0.295169 -0.086786 2.100000
5.160012 0.293851 -0.045101 2.120000
6.012016 0.293376 -0.002551 2.140000
5.535842 0.293906 0.055304 2.160000
5.260686 0.295488 0.102755 2.180000
5.591958 0.297954 0.143612 2.200000
5.210323 0.301286 0.189302 2.220000
5.772661 0.305442 0.226056 2.240000
5.954137 0.310423 0.271709 2.260000
6.310604 0.316331 0.318680 2.280000
6.915677 0.323222 0.370008 2.300000
6.389237 0.331227 0.430003 2.320000
6.097754 0.340303 0.477014 2.340000
5.954407 0.350233 0.515520 2.360000
5.888347 0.360876 0.548299 2.380000
5.357164 0.372132 0.576761 2.400000
4.945832 0.383828 0.592319 2.420000
5.271550 0.395730 0.597439 2.440000
5.957689 0.407767 0.605800 2.460000
5.107641 0.420068 0.623766 2.480000
4.338276 0.432543 0.623253 2.500000
4.248572 0.444842 0.606246 2.520000
3.999558 0.456762 0.585406 2.540000
4.612803 0.468200 0.558098 2.560000
5.522960 0.479182 0.539796 2.580000
4.886485 0.489939 0.535481 2.600000
4.776941 0.500475 0.517786 2.620000
3.788177 0.510618 0.496302 2.640000
2.937405 0.520144 0.456083 2.660000
2.653247 0.528708 0.400213 2.680000
2.250346 0.536101 0.339030 2.700000
2.945954 0.542200 0.270904 2.720000
2.502116 0.547058 0.214875 2.740000
2.406945 0.550722 0.151621 2.760000
1.982027 0.553111 0.087436 2.780000
1.440825 0.554153 0.017037 2.800000
0.459046 0.553710 -0.061138 2.820000
1.414225 0.551554 -0.154081 2.840000
2.357663 0.547724 -0.228541 2.860000
2.127426 0.542588 -0.284741 2.880000
1.267600 0.536310 -0.342653 2.900000
2.058570 0.528751 -0.412786 2.920000
1.610061 0.519953 -0.466493 2.940000
0.929636 0.510032 -0.525101 2.960000
1.144265 0.498852 -0.592394 2.980000
0.495222 0.486397 -0.652489 3.000000
0.639741 0.472662 -0.720413 3.020000
0.525268 0.457632 -0.781883 3.040000
0.078890 0.441393 -0.841366 3.060000
-0.278635 0.423925 -0.904664 3.080000
0.570781 0.405171 -0.969973 3.100000
-0.257580 0.385313 -1.015058 3.120000
-0.768297 0.364447 -1.070769 3.140000
0.058631 0.342420 -1.131014 3.160000
-0.150979 0.319396 -1.170573 3.180000
-0.816738 0.295592 -1.208981 3.200000
-0.133381 0.270945 -1.254811 3.220000
0.621726 0.245567 -1.282077 3.240000
0.071423 0.219843 -1.289455 3.260000
-0.405903 0.193916 -1.302392 3.280000
-0.602399 0.167689 -1.319400 3.300000
0.343562 0.141137 -1.334901 3.320000
1.311500 0.114515 -1.326447 3.340000
0.565598 0.088304 -1.293971 3.360000
0.708246 0.062638 -1.271797 3.380000
1.267133 0.037490 -1.242301 3.400000
0.935471 0.013085 -1.197503 3.420000
0.906386 -0.010451 -1.155502 3.440000
0.517543 -0.033116 -1.110430 3.460000
1.115121 -0.054923 -1.069645 3.480000
1.805669 -0.075761 -1.013736 3.500000
1.972816 -0.095317 -0.941432 3.520000
1.059193 -0.113371 -0.863697 3.540000
0.258213 -0.130033 -0.802194 3.560000
0.916882 -0.145605 -0.754565 3.580000
0.568745 -0.160074 -0.692113 3.600000
1.480444 -0.173348 -0.635079 3.620000
0.798456 -0.185290 -0.559021 3.640000
1.743667 -0.195838 -0.495649 3.660000
0.974306 -0.204928 -0.413345 3.680000
1.684602 -0.212522 -0.346053 3.700000
1.760257 -0.218633 -0.265079 3.720000
2.491014 -0.223115 -0.183282 3.740000
1.887147 -0.225829 -0.088341 3.760000
2.865396 -0.226776 -0.006611 3.780000
3.321811 -0.225915 0.092389 3.800000
3.934479 -0.223007 0.197908 3.820000
4.457792 -0.217898 0.312477 3.840000
4.558616 -0.210429 0.433817 3.860000
3.739572 -0.200552 0.553221 3.880000
3.528228 -0.188488 0.652453 3.900000
4.048082 -0.174523 0.743301 3.920000
4.491902 -0.158684 0.839833 3.940000
3.621470 -0.140876 0.940133 3.960000
3.542508 -0.121286 1.017992 3.980000
3.868507 -0.100207 1.089011 4.000000
4.563400 -0.077697 1.160998 4.020000
4.179016 -0.053668 1.240927 4.040000
4.925053 -0.028178 1.306986 4.060000
4.085174 -0.001282 1.381488 4.080000
4.320679 0.026869 1.432540 4.100000
4.579466 0.056022 1.481620 4.120000
4.192678 0.086139 1.528953 4.140000
4.392110 0.117056 1.561587 4.160000
5.115901 0.148596 1.591166 4.180000
6.080651 0.180797 1.627773 4.200000
5.297968 0.213844 1.675568 4.220000
4.660859 0.247614 1.700133 4.240000
5.124147 0.281676 1.704776 4.260000
5.870525 0.315845 1.710861 4.280000
5.410248 0.350200 1.723395 4.300000
5.216403 0.384642 1.719528 4.320000
6.211008 0.418896 1.704643 4.340000
5.886159 0.452960 1.700418 4.360000
5.946796 0.486804 1.682785 4.380000
5.814816 0.520233 1.658949 4.400000
6.529205 0.553092 1.625816 4.420000
6.469873 0.585341 1.597911 4.440000
6.756973 0.616953 1.562143 4.460000
6.501739 0.647830 1.524406 4.480000
6.338963 0.677846 1.476261 4.500000
5.668485 0.706816 1.419747 4.520000
6.144962 0.734500 1.347885 4.540000
5.222743 0.760771 1.278449 4.560000
5.976460 0.785477 1.191593 4.580000
6.735846 0.808518 1.111867 4.600000
7.546601 0.830033 1.039095 4.620000
7.492094 0.850167 0.973702 4.640000
7.317960 0.868952 0.904222 4.660000
6.748155 0.886294 0.829604 4.680000
7.074054 0.902049 0.745509 4.700000
7.230058 0.916143 0.663683 4.720000
8.000000 0.928605 0.582300 4.740000
7.804140 0.939519 0.508895 4.760000
8.000000 0.948932 0.432206 4.780000
8.000000 0.956826 0.357218 4.800000
8.000000 0.963219 0.281992 4.820000
7.226170 0.968107 0.206897 4.840000
7.940026 0.971411 0.123638 4.860000
7.541235 0.973140 0.049422 4.880000
8.000000 0.973351 -0.027999 4.900000
8.000000 0.972082 -0.098648 4.920000
8.000000 0.969418 -0.167423 4.940000
7.576103 0.965400 -0.234032 4.960000
6.817388 0.960025 -0.302986 4.980000
7.219456 0.953212 -0.377806 5.000000
7.936335 0.944980 -0.444832 5.020000
8.000000 0.935525 -0.500127 5.040000
7.570603 0.925006 -0.551158 5.060000
6.717772 0.913452 -0.603649 5.080000
6.903629 0.900782 -0.662631 5.100000
7.375043 0.886997 -0.715164 5.120000
8.000000 0.872264 -0.757443 5.140000
8.000000 0.856809 -0.787277 5.160000
7.304625 0.840803 -0.812636 5.180000
7.522917 0.824241 -0.842732 5.200000
6.839063 0.807154 -0.865263 5.220000
5.848979 0.789567 -0.892607 5.240000
5.789430 0.771341 -0.929175 5.260000
4.810980 0.752424 -0.961787 5.280000
4.237209 0.732760 -1.003785 5.300000
4.441835 0.712220 -1.049294 5.320000
3.594110 0.690853 -1.086577 5.340000
3.991926 0.668661 -1.131701 5.360000
3.314820 0.645683 -1.165255 5.380000
2.689840 0.621979 -1.204222 5.400000
3.542120 0.597449 -1.247837 5.420000
2.936086 0.572244 -1.271776 5.440000
3.075328 0.546514 -1.300292 5.460000
2.127400 0.520293 -1.320774 5.480000
1.728076 0.493556 -1.352004 5.500000
0.794121 0.466182 -1.384466 5.520000
0.064658 0.438050 -1.427685 5.540000
1.008465 0.408983 -1.478001 5.560000
1.501786 0.379144 -1.504799 5.580000
0.835689 0.348923 -1.516298 5.600000
0.186313 0.318408 -1.534186 5.620000
-0.241750 0.287474 -1.558173 5.640000
-0.781797 0.256042 -1.584015 5.660000
-1.187842 0.224052 -1.613819 5.680000
-0.801944 0.191454 -1.644901 5.700000
-1.443796 0.158376 -1.661729 5.720000
-0.598732 0.124903 -1.684516 5.740000
0.135109 0.091208 -1.683862 5.760000
0.806793 0.057737 -1.662271 5.780000
0.801202 0.024891 -1.621385 5.800000
0.703783 -0.007083 -1.575118 5.820000
0.955967 -0.038099 -1.525588 5.840000
1.846442 -0.068024 -1.466157 5.860000
2.822510 -0.096539 -1.384704 5.880000
2.416886 -0.123195 -1.280417 5.900000
1.635007 -0.147818 -1.181393 5.920000
2.505739 -0.170588 -1.095238 5.940000
1.829629 -0.191441 -0.989773 5.960000
1.081804 -0.210301 -0.895922 5.980000
1.932517 -0.227414 -0.815110 6.000000
1.255651 -0.242732 -0.716525 6.020000
1.867316 -0.256201 -0.630304 6.040000
2.184247 -0.267823 -0.531814 6.060000
3.091723 -0.277414 -0.427347 6.080000
2.136546 -0.284747 -0.306202 6.100000
2.175291 -0.289853 -0.204548 6.120000
1.906019 -0.292930 -0.103461 6.140000
2.387848 -0.294053 -0.009118 6.160000
3.114746 -0.293216 0.092516 6.180000
3.119975 -0.290230 0.205595 6.200000
3.629684 -0.285010 0.315842 6.220000
4.396715 -0.277521 0.432530 6.240000
4.795463 -0.267588 0.560082 6.260000
5.526495 -0.255070 0.690891 6.280000
5.957622 -0.239844 0.830872 6.300000
5.586870 -0.221788 0.973686 6.320000
5.007718 -0.201008 1.103315 6.340000
4.146480 -0.177811 1.215413 6.360000
3.799908 -0.152603 1.304263 6.380000
3.470241 -0.125751 1.379885 6.400000
3.143124 -0.097517 1.442475 6.420000
2.917514 -0.068161 1.491997 6.440000
3.036359 -0.037926 1.530431 6.460000
3.119544 -0.006964 1.564589 6.480000
3.831134 0.024630 1.593659 6.500000
4.242637 0.056878 1.629993 6.520000
3.259840 0.089863 1.667274 6.540000
2.511309 0.123325 1.677788 6.560000
1.610701 0.156781 1.666701 6.580000
1.840347 0.189774 1.631635 6.600000
2.135853 0.222053 1.595299 6.620000
1.781952 0.253606 1.559072 6.640000
2.743944 0.284312 1.510627 6.660000
2.448717 0.314181 1.475405 6.680000
1.463099 0.343237 1.429413 6.700000
1.312743 0.371142 1.360372 6.720000
0.386728 0.397599 1.284737 6.740000
-0.347847 0.422340 1.188940 6.760000
0.552176 0.445008 1.077568 6.780000
1.069386 0.465593 0.980686 6.800000
1.266839 0.484316 0.891326 6.820000
0.593402 0.501271 0.803942 6.840000
-0.115912 0.516349 0.703721 6.860000
0.682464 0.529295 0.590867 6.880000
1.652808 0.540122 0.491876 6.900000
1.505321 0.549136 0.409562 6.920000
2.294969 0.556481 0.324899 6.940000
3.023807 0.562269 0.253984 6.960000
3.227838 0.566765 0.195700 6.980000
3.974371 0.570134 0.141206 7.000000
4.648870 0.572542 0.099658 7.020000
4.888746 0.574235 0.069734 7.040000
5.464203 0.575373 0.044090 7.060000
6.463411 0.576097 0.028315 7.080000
5.899226 0.576673 0.029303 7.100000
5.008872 0.577174 0.020779 7.120000
4.893308 0.577357 -0.002431 7.140000
3.903779 0.577061 -0.027088 7.160000
4.037290 0.576112 -0.067553 7.180000
3.085839 0.574388 -0.104724 7.200000
3.610643 0.571773 -0.156545 7.220000
3.142961 0.568225 -0.197983 7.240000
3.729008 0.563786 -0.245611 7.260000
3.910466 0.558511 -0.281510 7.280000
3.004205 0.552568 -0.312500 7.300000
2.474463 0.545871 -0.356886 7.320000
2.933468 0.538218 -0.407968 7.340000
3.752316 0.529648 -0.448657 7.360000
4.416919 0.520429 -0.472753 7.380000
3.962215 0.510868 -0.482991 7.400000
4.656083 0.501046 -0.498849 7.420000
5.286588 0.491051 -0.500244 7.440000
5.483320 0.481161 -0.488434 7.460000
5.951909 0.471561 -0.471246 7.480000
6.304173 0.462406 -0.444026 7.500000
6.971450 0.453873 -0.409085 7.520000
7.544725 0.446170 -0.361073 7.540000
7.007110 0.439538 -0.302069 7.560000
7.830424 0.433992 -0.252428 7.580000
8.000000 0.429590 -0.187791 7.600000
8.000000 0.426509 -0.120477 7.620000
8.000000 0.424766 -0.053912 7.640000
7.658769 0.424345 0.011596 7.660000
8.000000 0.425159 0.069599 7.680000
8.000000 0.427181 0.132268 7.700000
7.448267 0.430438 0.193056 7.720000
7.116451 0.434789 0.241793 7.740000
6.158861 0.440035 0.282467 7.760000
6.341288 0.445902 0.303887 7.780000
7.087313 0.452212 0.326751 7.800000
6.386168 0.459092 0.360919 7.820000
6.500597 0.466508 0.380293 7.840000
6.373200 0.474310 0.399552 7.860000
6.532264 0.482453 0.414343 7.880000
7.144083 0.490897 0.429714 7.900000
6.210342 0.499733 0.453437 7.920000
6.610372 0.508854 0.458357 7.940000
6.380454 0.518122 0.467972 7.960000
6.400976 0.527518 0.471272 7.980000
6.071377 0.536961 0.472677 8.000000
6.465136 0.546354 0.466279 8.020000
6.264642 0.555666 0.464516 8.040000
7.111785 0.564887 0.457271 8.060000
7.055667 0.574085 0.462179 8.080000
7.507318 0.583349 0.463848 8.100000
6.911846 0.592699 0.470704 8.120000
6.393057 0.602063 0.465388 8.140000
5.981664 0.611216 0.449534 8.160000
5.397908 0.619966 0.425269 8.180000
5.480807 0.628122 0.390183 8.200000
5.115248 0.635580 0.355400 8.220000
4.493983 0.642274 0.313933 8.240000
5.385816 0.648035 0.262110 8.260000
5.863881 0.652899 0.224263 8.280000
5.379968 0.657079 0.193685 8.300000
5.041109 0.660569 0.155273 8.320000
4.501545 0.663238 0.111654 8.340000
3.776081 0.664953 0.060014 8.360000
4.313485 0.665530 -0.002147 8.380000
4.790314 0.664960 -0.054702 8.400000
5.124729 0.663425 -0.098563 8.420000
5.483521 0.661078 -0.135920 8.440000
5.681500 0.658053 -0.166342 8.460000
5.129604 0.654464 -0.192327 8.480000
5.350954 0.650282 -0.225619 8.500000
4.474866 0.645486 -0.253786 8.520000
5.384656 0.640003 -0.294160 8.540000
6.042287 0.633878 -0.318036 8.560000
6.034259 0.627399 -0.329534 8.580000
6.578787 0.620707 -0.339436 8.600000
7.093609 0.613921 -0.338813 8.620000
7.287388 0.607248 -0.328274 8.640000
6.319583 0.600831 -0.313216 8.660000
5.673010 0.594569 -0.312771 8.680000
6.628575 0.588223 -0.321513 8.700000
5.894680 0.581877 -0.312880 8.720000
5.057499 0.575595 -0.315108 8.740000
5.699342 0.569143 -0.329792 8.760000
5.797727 0.562522 -0.332030 8.780000
5.569091 0.555889 -0.331084 8.800000
4.667015 0.549250 -0.332516 8.820000
3.678798 0.542445 -0.347692 8.840000
4.230539 0.535186 -0.377863 8.860000
4.415495 0.527439 -0.396483 8.880000
5.246321 0.519372 -0.409900 8.900000
5.411575 0.511200 -0.407011 8.920000
5.992383 0.503132 -0.399530 8.940000
5.467267 0.495331 -0.380336 8.960000
4.570272 0.487835 -0.368955 8.980000
4.690393 0.480424 -0.371870 9.000000
4.077645 0.472993 -0.371025 9.020000
4.775409 0.465485 -0.379415 9.040000
4.497079 0.457952 -0.373688 9.060000
4.152027 0.450498 -0.371410 9.080000
3.486930 0.443044 -0.373750 9.100000
3.267481 0.435440 -0.386381 9.120000
3.146662 0.427561 -0.401122 9.140000
3.764929 0.419386 -0.416119 9.160000
3.102358 0.411042 -0.417939 9.180000
2.812090 0.402559 -0.430029 9.200000
1.960502 0.393801 -0.445431 9.220000
1.298651 0.384599 -0.474333 9.240000
0.938115 0.374722 -0.512983 9.260000
1.088884 0.364031 -0.555572 9.280000
1.704462 0.352547 -0.592435 9.300000
2.176980 0.340469 -0.614866 9.320000
2.949119 0.328059 -0.625633 9.340000
2.435326 0.315607 -0.619220 9.360000
2.051344 0.303209 -0.620110 9.380000
2.445683 0.290746 -0.625774 9.400000
2.606759 0.278271 -0.621364 9.420000
2.571661 0.265938 -0.611488 9.440000
2.631863 0.253819 -0.600024 9.460000
3.235168 0.241963 -0.585225 9.480000
3.157223 0.230541 -0.556762 9.500000
3.541355 0.219689 -0.528101 9.520000
3.182315 0.209502 -0.490437 9.540000
3.069343 0.200010 -0.458470 9.560000
3.958729 0.191149 -0.427471 9.580000
3.698018 0.183092 -0.378067 9.600000
4.376236 0.175979 -0.333168 9.620000
5.054563 0.169902 -0.274578 9.640000
5.715410 0.165129 -0.202784 9.660000
5.043189 0.161916 -0.118666 9.680000
4.764197 0.160242 -0.048845 9.700000
5.185714 0.159899 0.014346 9.720000
5.752140 0.160890 0.084460 9.740000
6.483941 0.163377 0.163896 9.760000
7.002086 0.167574 0.255353 9.780000
6.022543 0.173674 0.354018 9.800000
5.576969 0.181520 0.430128 9.820000
6.069411 0.190769 0.494240 9.840000
6.421832 0.201363 0.564550 9.860000
6.004909 0.213395 0.637874 9.880000
6.734727 0.226769 0.698933 9.900000
6.658845 0.241465 0.769815 9.920000
6.425169 0.257516 0.834446 9.940000
6.112023 0.274765 0.889646 9.960000
7.015821 0.293008 0.933869 9.980000
7.599734 0.312258 0.990164 10.000000
7.037092 0.332687 1.051803 10.020000
7.221181 0.354184 1.096848 10.040000
7.575519 0.376556 1.139351 10.060000
6.924285 0.399782 1.182195 10.080000
6.823983 0.423682 1.206777 10.100000
7.392424 0.447994 1.223446 10.120000
7.215656 0.472681 1.244151 10.140000
6.408809 0.497687 1.255398 10.160000
5.798270 0.522715 1.246501 10.180000
5.620263 0.547405 1.221621 10.200000
6.282083 0.571517 1.188742 10.220000
5.819871 0.595034 1.162134 10.240000
5.267665 0.617894 1.123186 10.260000
4.807696 0.639844 1.071124 10.280000
5.024105 0.660642 1.008182 10.300000
4.232467 0.680184 0.945575 10.320000
4.816702 0.698325 0.868086 10.340000
4.930482 0.714983 0.797408 10.360000
4.850635 0.730225 0.726484 10.380000
5.166386 0.744020 0.652749 10.400000
5.448578 0.756373 0.582332 10.420000
6.447396 0.767347 0.514889 10.440000
6.069437 0.777105 0.460728 10.460000
5.265657 0.785716 0.400232 10.480000
6.235427 0.792998 0.327956 10.500000
6.778448 0.798969 0.269154 10.520000
7.498173 0.803839 0.217787 10.540000
6.707170 0.807780 0.176290 10.560000
5.886935 0.810782 0.123966 10.580000
6.514421 0.812629 0.060940 10.600000
5.535612 0.813311 0.007429 10.620000
5.873769 0.812800 -0.058364 10.640000
5.903878 0.811033 -0.118003 10.660000
6.224247 0.808095 -0.175536 10.680000
7.048772 0.804069 -0.226774 10.700000
7.772507 0.799151 -0.264637 10.720000
7.169195 0.793597 -0.290492 10.740000
6.990003 0.787460 -0.322804 10.760000
6.962570 0.780674 -0.355454 10.780000
6.876816 0.773254 -0.386173 10.800000
7.005942 0.765231 -0.415686 10.820000
7.329867 0.756662 -0.440818 10.840000
7.626661 0.747662 -0.458689 10.860000
8.000000 0.738375 -0.469673 10.880000
7.333351 0.728947 -0.472650 10.900000
8.000000 0.719386 -0.483084 10.920000
7.375783 0.709741 -0.481014 10.940000
7.132566 0.700067 -0.485983 10.960000
6.938256 0.690281 -0.492193 10.980000
7.481871 0.680366 -0.498900 11.000000
8.000000 0.670426 -0.494712 11.020000
7.125877 0.660673 -0.480130 11.040000
7.702168 0.651097 -0.477139 11.060000
6.983572 0.641694 -0.462817 11.080000
6.901114 0.632483 -0.457923 11.100000
6.552394 0.623378 -0.452266 11.120000
6.736245 0.614350 -0.450195 11.140000
6.253562 0.605414 -0.443083 11.160000
6.202993 0.596560 -0.441903 11.180000
5.944719 0.587742 -0.439544 11.200000
4.974185 0.578949 -0.439479 11.220000
4.978360 0.570015 -0.453542 11.240000
4.167003 0.560823 -0.465294 11.260000
4.049640 0.551281 -0.488432 11.280000
4.504227 0.541282 -0.511060 11.300000
4.033292 0.530934 -0.523386 11.320000
3.725719 0.520282 -0.541304 11.340000
3.711142 0.509246 -0.561913 11.360000
3.017066 0.497822 -0.580059 11.380000
3.134905 0.485940 -0.607567 11.400000
2.473831 0.473559 -0.630038 11.420000
3.190089 0.460642 -0.661213 11.440000
3.993755 0.447260 -0.676446 11.460000
4.792365 0.433748 -0.674257 11.480000
4.611196 0.420452 -0.654906 11.500000
4.965998 0.407535 -0.636394 11.520000
4.404849 0.395077 -0.609059 11.540000
5.360226 0.383084 -0.589896 11.560000
4.517334 0.371672 -0.551032 11.580000
3.801459 0.360897 -0.526093 11.600000
3.602867 0.350506 -0.512684 11.620000
2.701503 0.340365 -0.501105 11.640000
3.312805 0.330306 -0.504526 11.660000
2.584357 0.320313 -0.494391 11.680000
2.474598 0.310405 -0.496136 11.700000
3.219093 0.300461 -0.497930 11.720000
2.883428 0.290642 -0.483604 11.740000
2.375330 0.281064 -0.473961 11.760000
3.300147 0.271598 -0.472265 11.780000
2.607249 0.262362 -0.451066 11.800000
3.513580 0.253432 -0.441702 11.820000
3.909877 0.244879 -0.413368 11.840000
3.841005 0.236981 -0.376285 11.860000
4.200582 0.229820 -0.339707 11.880000
5.180981 0.223467 -0.295518 11.900000
5.916705 0.218192 -0.232048 11.920000
5.989652 0.214326 -0.154634 11.940000
5.193647 0.212015 -0.076679 11.960000
6.110941 0.211096 -0.015338 11.980000
6.387732 0.211572 0.062601 12.000000
6.223741 0.213642 0.144081 12.020000
6.893704 0.217288 0.220154 12.040000
6.379938 0.222562 0.306707 12.060000
5.582418 0.229437 0.380293 12.080000
6.201444 0.237598 0.435414 12.100000
5.322397 0.246953 0.499467 12.120000
4.607986 0.257385 0.543228 12.140000
4.143417 0.268524 0.570144 12.160000
3.688252 0.280082 0.585269 12.180000
4.121949 0.291829 0.589006 12.200000
4.922503 0.303708 0.598438 12.220000
5.583732 0.315900 0.620262 12.240000
5.288169 0.328623 0.651401 12.260000
5.908498 0.341878 0.673544 12.280000
5.153739 0.355658 0.703849 12.300000
5.625390 0.369867 0.716459 12.320000
5.862098 0.384381 0.734376 12.340000
6.545954 0.399261 0.753013 12.360000
5.930479 0.414601 0.780335 12.380000
6.095824 0.430335 0.792425 12.400000
5.889808 0.446303 0.803667 12.420000
5.042005 0.462419 0.807374 12.440000
4.374105 0.478423 0.792412 12.460000
4.427465 0.493977 0.762606 12.480000
4.496529 0.508919 0.731086 12.500000
4.191793 0.523216 0.698276 12.520000
4.867224 0.536782 0.657946 12.540000
4.829477 0.549636 0.627104 12.560000
5.329752 0.561846 0.593531 12.580000
6.094624 0.573449 0.566417 12.600000
5.185391 0.584617 0.550011 12.620000
4.717836 0.595284 0.516471 12.640000
3.896480 0.605188 0.473707 12.660000
4.431282 0.614091 0.416452 12.680000
4.833932 0.621929 0.367264 12.700000
4.415325 0.628843 0.323976 12.720000
4.830849 0.634818 0.273480 12.740000
4.967079 0.639847 0.229454 12.760000
4.987691 0.644017 0.187482 12.780000
4.258925 0.647350 0.145864 12.800000
3.628211 0.649737 0.092953 12.820000
3.342823 0.650973 0.030777 12.840000
2.899747 0.650931 -0.034783 12.860000
2.374820 0.649521 -0.105887 12.880000
1.853217 0.646624 -0.183463 12.900000
1.930252 0.642115 -0.267082 12.920000
1.987430 0.635970 -0.346874 12.940000
1.249119 0.628267 -0.422934 12.960000
1.096544 0.618954 -0.507823 12.980000
0.860408 0.607953 -0.591749 13.000000
-0.003307 0.595270 -0.675834 13.020000
-0.656390 0.580803 -0.770173 13.040000
0.029175 0.564384 -0.871008 13.060000
0.329151 0.546110 -0.955583 13.080000
-0.115295 0.526244 -1.030205 13.100000
-0.927752 0.504859 -1.107476 13.120000
-1.197373 0.481838 -1.193641 13.140000
-0.268084 0.457103 -1.278955 13.160000
-0.886168 0.430885 -1.341787 13.180000
-1.576733 0.403359 -1.409886 13.200000
-1.604349 0.374405 -1.484444 13.220000
-1.074720 0.344019 -1.553015 13.240000
-1.538674 0.312428 -1.604966 13.260000
-1.908443 0.279777 -1.658953 13.280000
-2.861868 0.246046 -1.713030 13.300000
-3.788363 0.211120 -1.778280 13.320000
-3.078280 0.174785 -1.853907 13.340000
-3.313152 0.137157 -1.907555 13.360000
-2.960895 0.098490 -1.957742 13.380000
-3.936648 0.058972 -1.992680 13.400000
-4.769119 0.018645 -2.038639 13.420000
-4.466217 -0.022680 -2.092312 13.440000
-4.100285 -0.064926 -2.130729 13.460000
-4.012262 -0.107775 -2.152679 13.480000
-3.636557 -0.150955 -2.163788 13.500000
-3.451994 -0.194193 -2.158540 13.520000
-4.205850 -0.237203 -2.141012 13.540000
-4.537949 -0.279922 -2.129491 13.560000
-3.899579 -0.322388 -2.115555 13.580000
-4.511435 -0.364367 -2.081015 13.600000
-3.564642 -0.405688 -2.049690 13.620000
-2.655960 -0.446129 -1.993178 13.640000
-2.405867 -0.485206 -1.913532 13.660000
-2.187551 -0.522587 -1.823625 13.680000
-2.787392 -0.558079 -1.724796 13.700000
-3.152534 -0.591649 -1.631417 13.720000
-2.424716 -0.623366 -1.539560 13.740000
-1.979711 -0.653087 -1.431986 13.760000
-1.930564 -0.680555 -1.314374 13.780000
-2.875949 -0.705639 -1.193731 13.800000
-2.804215 -0.728435 -1.085457 13.820000
-3.540818 -0.749035 -0.974312 13.840000
-3.403808 -0.767505 -0.872443 13.860000
-4.101969 -0.783905 -0.767369 13.880000
-3.872129 -0.798292 -0.671249 13.900000
-4.263400 -0.810718 -0.571280 13.920000
-4.643457 -0.821196 -0.476433 13.940000
-4.527914 -0.829827 -0.386714 13.960000
-4.979344 -0.836650 -0.295698 13.980000
-4.935903 -0.841719 -0.211288 14.000000
-5.122152 -0.845102 -0.127121 14.020000
-4.653172 -0.846836 -0.046551 14.040000
-4.049101 -0.846911 0.038760 14.060000
-3.463287 -0.845219 0.130151 14.080000
-4.008075 -0.841643 0.226948 14.100000
-4.210484 -0.836231 0.313806 14.120000
-4.309932 -0.829137 0.395064 14.140000
-4.760125 -0.820463 0.471856 14.160000
-4.279059 -0.810347 0.539182 14.180000
-3.845182 -0.798853 0.609598 14.200000
-4.630599 -0.785928 0.682256 14.220000
-5.041453 -0.771700 0.739809 14.240000
-4.634135 -0.756422 0.787349 14.260000
-5.607605 -0.740175 0.836554 14.280000
-5.303877 -0.723132 0.867020 14.300000
-4.347275 -0.705478 0.897628 14.320000
-3.582406 -0.687112 0.938279 14.340000
-4.541029 -0.667860 0.986077 14.360000
-5.251045 -0.647851 1.014049 14.380000
-4.975879 -0.627443 1.025941 14.400000
-5.227736 -0.606800 1.037563 14.420000
-4.814258 -0.586013 1.040361 14.440000
-4.764051 -0.565148 1.045412 14.460000
-4.442659 -0.544219 1.046716 14.480000
-5.382415 -0.523255 1.048973 14.500000
-5.865084 -0.502452 1.030535 14.520000
-6.641093 -0.482145 0.999485 14.540000
-6.615921 -0.462636 0.950864 14.560000
-6.296513 -0.444129 0.899238 14.580000
-5.593144 -0.426630 0.850201 14.600000
-5.170679 -0.410013 0.810974 14.620000
-5.408708 -0.394133 0.776614 14.640000
-5.295764 -0.379010 0.735180 14.660000
-5.023297 -0.364721 0.693417 14.680000
-4.106188 -0.351238 0.654498 14.700000
-4.631338 -0.338383 0.630596 14.720000
-5.347190 -0.326127 0.594697 14.740000
-5.678537 -0.314742 0.543529 14.760000
-6.527912 -0.304457 0.484769 14.780000
-5.966005 -0.295519 0.408994 14.800000
-5.831197 -0.287993 0.343543 14.820000
-5.648019 -0.281753 0.280439 14.840000
-6.272752 -0.276740 0.220844 14.860000
-6.595223 -0.273037 0.149572 14.880000
-6.501189 -0.270814 0.072905 14.900000
-7.468861 -0.270095 -0.000773 14.920000
-6.873906 -0.271021 -0.091441 14.940000
-6.363242 -0.273624 -0.168560 14.960000
-6.183878 -0.277650 -0.233676 14.980000
-6.349634 -0.282921 -0.293058 15.000000
-7.275645 -0.289388 -0.353119 15.020000
-6.500248 -0.297204 -0.427965 15.040000
-7.413859 -0.306336 -0.484731 15.060000
-7.521525 -0.316744 -0.555411 15.080000
-7.465234 -0.328547 -0.624156 15.100000
-6.535158 -0.341671 -0.687596 15.120000
-6.855871 -0.355847 -0.729291 15.140000
-6.251875 -0.370875 -0.772782 15.160000
-6.762452 -0.386617 -0.800753 15.180000
-6.683006 -0.402971 -0.833872 15.200000
-7.506844 -0.419928 -0.861043 15.220000
-7.294798 -0.437532 -0.898522 15.240000
-7.308751 -0.455797 -0.927186 15.260000
-7.361908 -0.474588 -0.951120 15.280000
-6.611159 -0.493818 -0.970972 15.300000
-6.840934 -0.513263 -0.972763 15.320000
-7.075409 -0.532737 -0.973920 15.340000
-7.864712 -0.552229 -0.974433 15.360000
-8.000000 -0.571817 -0.983499 15.380000
-8.000000 -0.591558 -0.989757 15.400000
-7.543286 -0.611373 -0.990956 15.420000
-7.107123 -0.631089 -0.979835 15.440000
-6.683540 -0.650466 -0.957221 15.460000
-7.582908 -0.669283 -0.923849 15.480000
-6.896153 -0.687535 -0.900663 15.500000
-5.944087 -0.705179 -0.863098 15.520000
-6.593282 -0.721894 -0.807959 15.540000
-7.488774 -0.737577 -0.759876 15.560000
-8.000000 -0.752403 -0.722253 15.580000
-8.000000 -0.766522 -0.689201 15.600000
-7.129774 -0.779952 -0.653363 15.620000
-6.209611 -0.792517 -0.602815 15.640000
-6.113946 -0.803925 -0.537709 15.660000
-6.716216 -0.814005 -0.470186 15.680000
-6.552907 -0.822809 -0.410063 15.700000
-6.655331 -0.830381 -0.347060 15.720000
-6.673985 -0.836703 -0.285095 15.740000
-6.297112 -0.841787 -0.223304 15.760000
-5.654784 -0.845587 -0.156763 15.780000
-4.656058 -0.847977 -0.082426 15.800000
-5.579898 -0.848760 0.003853 15.820000
-6.271762 -0.847956 0.076322 15.840000
-5.882276 -0.845810 0.137968 15.860000
-5.266560 -0.842398 0.202901 15.880000
-5.700346 -0.837627 0.273803 15.900000
-6.491618 -0.831520 0.336402 15.920000
-5.886476 -0.824295 0.385731 15.940000
-6.830978 -0.816027 0.440506 15.960000
-6.974373 -0.806823 0.479412 15.980000
-6.215749 -0.796891 0.513352 16.000000
-6.943389 -0.786204 0.554762 16.020000
-6.115864 -0.774825 0.582635 16.040000
-6.966838 -0.762803 0.618988 16.060000
-6.729576 -0.750211 0.639605 16.080000
-6.628277 -0.737207 0.660250 16.100000
-6.121364 -0.723809 0.678901 16.120000
-6.770525 -0.709999 0.701590 16.140000
-5.787054 -0.695868 0.710858 16.160000
-6.330630 -0.681437 0.731628 16.180000
-6.590602 -0.666712 0.740323 16.200000
-6.488006 -0.651889 0.741376 16.220000
-6.418867 -0.637064 0.740571 16.240000
-5.652246 -0.622278 0.737447 16.260000
-6.478416 -0.607464 0.743358 16.280000
-7.366438 -0.592701 0.732343 16.300000
-7.710959 -0.578338 0.703497 16.320000
-7.078720 -0.564638 0.666081 16.340000
-6.558285 -0.551605 0.636747 16.360000
-6.077628 -0.539096 0.613758 16.380000
-6.421489 -0.526989 0.596554 16.400000
-6.223877 -0.515309 0.571067 16.420000
-5.475752 -0.504126 0.546855 16.440000
-4.507486 -0.493318 0.533614 16.460000
-5.457499 -0.482626 0.535187 16.480000
-5.542256 -0.472093 0.517749 16.500000
-6.007671 -0.461944 0.496861 16.520000
-5.800004 -0.452314 0.465912 16.540000
-6.233139 -0.443281 0.437169 16.560000
-7.215772 -0.434914 0.399275 16.580000
-6.330641 -0.427494 0.342649 16.600000
-6.242626 -0.421051 0.301488 16.620000
-6.737739 -0.415422 0.261358 16.640000
-6.768868 -0.410690 0.211861 16.660000
-6.869234 -0.406953 0.161800 16.680000
-6.068783 -0.404234 0.110157 16.700000
-6.337368 -0.402397 0.073593 16.720000
-6.270022 -0.401337 0.032531 16.740000
-6.100497 -0.401080 -0.006640 16.760000
-6.571542 -0.401566 -0.041918 16.780000
-5.884825 -0.402836 -0.084884 16.800000
-6.041759 -0.404828 -0.114115 16.820000
-5.629809 -0.407422 -0.145109 16.840000
-5.754125 -0.410549 -0.167355 16.860000
-5.359596 -0.414131 -0.190671 16.880000
-4.538255 -0.418095 -0.205532 16.900000
-4.677035 -0.422196 -0.204356 16.920000
-5.000201 -0.426289 -0.204831 16.940000
-4.492855 -0.430441 -0.210234 16.960000
-5.099916 -0.434600 -0.205500 16.980000
-5.842761 -0.438765 -0.210868 17.000000
-5.535525 -0.443161 -0.228501 17.020000
-6.396942 -0.447841 -0.239271 17.040000
-5.586696 -0.452878 -0.264110 17.060000
-5.372236 -0.458250 -0.272846 17.080000
-5.110226 -0.463744 -0.276392 17.100000
-4.955292 -0.469250 -0.274016 17.120000
-4.782678 -0.474670 -0.267758 17.140000
-5.470544 -0.479923 -0.257426 17.160000
-4.614246 -0.485082 -0.258244 17.180000
-5.058518 -0.490095 -0.242931 17.200000
-5.922773 -0.494872 -0.234626 17.220000
-5.005052 -0.499625 -0.240492 17.240000
-5.476158 -0.504324 -0.229234 17.260000
-5.368176 -0.508871 -0.225352 17.280000
-4.660384 -0.513313 -0.218682 17.300000
-3.719379 -0.517491 -0.198992 17.320000
-4.214557 -0.521107 -0.162674 17.340000
-4.708981 -0.524083 -0.134899 17.360000
-4.196751 -0.526588 -0.115573 17.380000
-4.715275 -0.528617 -0.087376 17.400000
-4.891893 -0.530173 -0.068227 17.420000
-5.792349 -0.531377 -0.052179 17.440000
-5.635123 -0.532415 -0.051578 17.460000
-5.501582 -0.533412 -0.048077 17.480000
-6.432445 -0.534314 -0.042156 17.500000
-5.985333 -0.535257 -0.052011 17.520000
-5.011052 -0.536316 -0.053823 17.540000
-5.974223 -0.537242 -0.038789 17.560000
-5.250067 -0.538032 -0.040254 17.580000
-5.575884 -0.538727 -0.029205 17.600000
-5.810236 -0.539257 -0.023779 17.620000
-5.919191 -0.539718 -0.022334 17.640000
-5.083963 -0.540168 -0.022665 17.660000
-4.564501 -0.540481 -0.008715 17.680000
-5.545414 -0.540430 0.013810 17.700000
-5.561552 -0.540100 0.019185 17.720000
-6.047284 -0.539666 0.024094 17.740000
-6.558684 -0.539220 0.020552 17.760000
-6.688913 -0.538932 0.008303 17.780000
-6.778947 -0.538909 -0.005953 17.800000
-6.193820 -0.539183 -0.021429 17.820000
-6.669351 -0.539663 -0.026563 17.840000
-6.359459 -0.540325 -0.039544 17.860000
-5.389936 -0.541189 -0.046827 17.880000
-4.416850 -0.542031 -0.037311 17.900000
-4.621889 -0.542516 -0.011328 17.920000
-4.350682 -0.542522 0.010715 17.940000
-4.251657 -0.542045 0.036871 17.960000
-5.003995 -0.541035 0.064034 17.980000
-5.577542 -0.539617 0.077624 18.000000
-4.761214 -0.538031 0.080867 18.020000
-5.561036 -0.536246 0.097563 18.040000
-6.342403 -0.534271 0.099895 18.060000
-5.454500 -0.532387 0.088423 18.080000
-5.742218 -0.530583 0.091914 18.100000
-4.748232 -0.528763 0.090015 18.120000
-4.291500 -0.526814 0.104740 18.140000
-4.393330 -0.524500 0.126540 18.160000
-5.239111 -0.521777 0.145630 18.180000
-5.358474 -0.518827 0.149206 18.200000
-5.978270 -0.515834 0.150001 18.220000
-6.948071 -0.512939 0.139441 18.240000
-6.872676 -0.510427 0.111725 18.260000
-5.938714 -0.508456 0.085332 18.280000
-5.335954 -0.506851 0.075209 18.300000
-4.470378 -0.505344 0.075376 18.320000
-5.090055 -0.503687 0.090199 18.340000
-5.412441 -0.501849 0.093601 18.360000
-5.904739 -0.500003 0.090932 18.380000
-4.933615 -0.498300 0.079360 18.400000
-5.325903 -0.496660 0.084543 18.420000
-4.710970 -0.494989 0.082430 18.440000
-4.802452 -0.493257 0.090706 18.460000
-4.127985 -0.491381 0.096834 18.480000
-4.083344 -0.489269 0.114194 18.500000
-3.100947 -0.486811 0.131513 18.520000
-3.776574 -0.483842 0.165132 18.540000
-3.790793 -0.480333 0.185579 18.560000
-3.923589 -0.476429 0.204604 18.580000
-3.536787 -0.472181 0.220068 18.600000
-4.302223 -0.467566 0.241135 18.620000
-4.015600 -0.462680 0.247260 18.640000
-3.453014 -0.457633 0.257299 18.660000
-2.585964 -0.452297 0.276063 18.680000
-3.216754 -0.446445 0.308780 18.700000
-3.838246 -0.440071 0.328356 18.720000
-3.598291 -0.433434 0.335070 18.740000
-4.553652 -0.426635 0.344574 18.760000
-4.198737 -0.419835 0.335233 18.780000
-4.701210 -0.413170 0.331065 18.800000
-5.637805 -0.406693 0.316463 18.820000
-6.165369 -0.400689 0.283747 18.840000
-7.011071 -0.395443 0.240795 18.860000
-7.399086 -0.391214 0.182149 18.880000
-7.236041 -0.388226 0.116717 18.900000
-6.256263 -0.386510 0.055018 18.920000
-5.850446 -0.385839 0.012243 18.940000
-5.428744 -0.385941 -0.022302 18.960000
-5.880130 -0.386648 -0.048333 18.980000
-6.640371 -0.387952 -0.081907 19.000000
-7.543893 -0.390057 -0.128368 19.020000
-7.086431 -0.393243 -0.189845 19.040000
-6.698788 -0.397553 -0.240853 19.060000
-7.424147 -0.402792 -0.282664 19.080000
-7.045474 -0.408978 -0.335531 19.100000
-6.321852 -0.416127 -0.378901 19.120000
-6.391317 -0.423985 -0.406567 19.140000
-6.780709 -0.432386 -0.433080 19.160000
-6.516549 -0.441362 -0.464064 19.180000
-7.476448 -0.450883 -0.487559 19.200000
-7.511152 -0.461017 -0.525391 19.220000
-8.000000 -0.471883 -0.560570 19.240000
-8.000000 -0.483504 -0.600946 19.260000
-8.000000 -0.495895 -0.637575 19.280000
-8.000000 -0.508981 -0.670342 19.300000
-7.565854 -0.522683 -0.699154 19.320000
-7.965034 -0.536846 -0.716529 19.340000
-7.522540 -0.551386 -0.736830 19.360000
-7.135522 -0.566218 -0.745655 19.380000
-6.661525 -0.581122 -0.744241 19.400000
-7.304602 -0.595885 -0.731488 19.420000
-7.360860 -0.610466 -0.726034 19.440000
-7.395444 -0.624913 -0.718084 19.460000
-7.266779 -0.639173 -0.707360 19.480000
-7.101110 -0.653165 -0.691378 19.500000
-6.141047 -0.666782 -0.669785 19.520000
-5.671421 -0.679789 -0.630565 19.540000
-5.776111 -0.691918 -0.582064 19.560000
-5.560434 -0.703077 -0.533539 19.580000
-5.886482 -0.713218 -0.480365 19.600000
-5.476809 -0.722333 -0.431002 19.620000
-4.812191 -0.730391 -0.374639 19.640000
-5.135186 -0.737217 -0.308002 19.660000
-4.995023 -0.742758 -0.246124 19.680000
-5.760233 -0.747043 -0.182391 19.700000
-5.582911 -0.750169 -0.130248 19.720000
-6.231081 -0.752230 -0.076002 19.740000
-6.446847 -0.753308 -0.031858 19.760000
-7.188038 -0.753541 0.008441 19.780000
-7.475873 -0.753083 0.037208 19.800000
-6.965326 -0.752099 0.061070 19.820000
-7.808569 -0.750571 0.091545 19.840000
-7.022753 -0.748567 0.108772 19.860000
-7.736764 -0.746112 0.136524 19.880000
-8.000000 -0.743218 0.152691 19.900000
-7.017180 -0.740050 0.163946 19.920000
-7.445255 -0.736523 0.188540 19.940000
-7.041211 -0.732581 0.205467 19.960000
-6.307625 -0.728253 0.227017 19.980000
