-0.903976 -0.055061 0.268087 0.000000
-0.834210 -0.049828 0.255070 0.020000
-1.808141 -0.044849 0.242696 0.040000
-1.790306 -0.040318 0.210368 0.060000
-0.904183 -0.036432 0.178212 0.080000
-1.201815 -0.033014 0.163521 0.100000
-2.126546 -0.029953 0.142598 0.120000
-1.930962 -0.027495 0.103243 0.140000
-2.028932 -0.025782 0.068133 0.160000
-2.923961 -0.024786 0.031515 0.180000
-2.355556 -0.024695 -0.022207 0.200000
-2.976845 -0.025554 -0.063534 0.220000
-2.281942 -0.027352 -0.116084 0.240000
-2.015745 -0.030049 -0.153395 0.260000
-1.596232 -0.033426 -0.184103 0.280000
-2.184622 -0.037321 -0.205188 0.300000
-2.901558 -0.041743 -0.236689 0.320000
-2.450157 -0.046921 -0.280813 0.340000
-3.427069 -0.052872 -0.314039 0.360000
-3.932252 -0.059664 -0.364675 0.380000
-3.752628 -0.067543 -0.422843 0.400000
-4.186723 -0.076523 -0.474632 0.420000
-4.805774 -0.086595 -0.532067 0.440000
-5.606213 -0.097906 -0.598430 0.460000
-6.063286 -0.110666 -0.676809 0.480000
-5.847599 -0.125040 -0.759841 0.500000
-5.671252 -0.140985 -0.833847 0.520000
-6.453279 -0.158326 -0.899462 0.540000
-6.738491 -0.177083 -0.975270 0.560000
-5.777135 -0.197355 -1.050957 0.580000
-5.932618 -0.218894 -1.101986 0.600000
-5.107744 -0.241426 -1.150279 0.620000
-4.829161 -0.264707 -1.176835 0.640000
-4.199595 -0.288409 -1.192533 0.660000
-3.463167 -0.312252 -1.190937 0.680000
-3.133022 -0.335875 -1.170555 0.700000
-2.990909 -0.358983 -1.139618 0.720000
-2.279869 -0.381406 -1.102037 0.740000
-3.186709 -0.402909 -1.047744 0.760000
-2.820696 -0.423461 -1.006850 0.780000
-2.145457 -0.443096 -0.956110 0.800000
-2.625333 -0.461566 -0.890548 0.820000
-2.544641 -0.478788 -0.831319 0.840000
-3.068162 -0.494791 -0.768591 0.860000
-3.136824 -0.509612 -0.713192 0.880000
-3.352553 -0.523319 -0.657234 0.900000
-2.358925 -0.535928 -0.603451 0.920000
-3.280774 -0.547278 -0.531464 0.940000
-3.366605 -0.557339 -0.474413 0.960000
-3.518704 -0.566264 -0.418040 0.980000
-4.438789 -0.574082 -0.363649 1.000000
-5.095605 -0.580961 -0.324128 1.020000
-6.062986 -0.587152 -0.294867 1.040000
-6.471042 -0.592911 -0.280809 1.060000
-6.634016 -0.598445 -0.272432 1.080000
-7.559560 -0.603827 -0.265614 1.100000
-8.000000 -0.609213 -0.272733 1.120000
-8.000000 -0.614798 -0.285509 1.140000
-7.751423 -0.620622 -0.296605 1.160000
-6.794226 -0.626611 -0.302007 1.180000
-6.010889 -0.632538 -0.290503 1.200000
-6.413410 -0.638098 -0.265382 1.220000
-5.810278 -0.643213 -0.245940 1.240000
-5.405075 -0.647835 -0.216212 1.260000
-6.015704 -0.651795 -0.179722 1.280000
-6.470243 -0.655120 -0.152759 1.300000
-7.330954 -0.657976 -0.132762 1.320000
-7.860541 -0.660564 -0.126006 1.340000
-8.000000 -0.663096 -0.127040 1.360000
-8.000000 -0.665663 -0.129594 1.380000
-7.335019 -0.668275 -0.131448 1.400000
-7.056250 -0.670813 -0.122291 1.420000
-7.125982 -0.673120 -0.108407 1.440000
-6.716433 -0.675158 -0.095359 1.460000
-7.032733 -0.676870 -0.075791 1.480000
-7.634873 -0.678239 -0.061130 1.500000
-8.000000 -0.679408 -0.055741 1.520000
-7.576074 -0.680524 -0.055802 1.540000
-7.264166 -0.681573 -0.049066 1.560000
-8.000000 -0.682438 -0.037433 1.580000
-7.384459 -0.683184 -0.037144 1.600000
-7.420999 -0.683828 -0.027232 1.620000
-7.632417 -0.684279 -0.017944 1.640000
-7.740416 -0.684579 -0.011994 1.660000
-7.401460 -0.684776 -0.007758 1.680000
-8.000000 -0.684837 0.001627 1.700000
-8.000000 -0.684804 0.001645 1.720000
-8.000000 -0.684771 0.001655 1.740000
-7.178230 -0.684738 0.001657 1.760000
-6.228559 -0.684579 0.014245 1.780000
-6.535061 -0.684024 0.041073 1.800000
-6.344964 -0.682988 0.062481 1.820000
-5.349753 -0.681501 0.086094 1.840000
-4.487925 -0.679396 0.124149 1.860000
-3.751019 -0.676410 0.174192 1.880000
-4.014270 -0.672326 0.233912 1.900000
-3.882030 -0.667109 0.287439 1.920000
-4.303927 -0.660822 0.340809 1.940000
-3.834237 -0.653559 0.385146 1.960000
-3.518952 -0.645359 0.434422 1.980000
-4.423503 -0.636150 0.485980 2.000000
-4.861825 -0.626084 0.520147 2.020000
-5.105911 -0.615434 0.544414 2.040000
-4.223505 -0.604366 0.561911 2.060000
-4.673237 -0.592831 0.591046 2.080000
-4.120236 -0.580818 0.609741 2.100000
-3.926725 -0.568369 0.634653 2.120000
-4.475905 -0.555420 0.659681 2.140000
-4.329347 -0.542096 0.672225 2.160000
-3.751925 -0.528527 0.684167 2.180000
-3.981160 -0.514651 0.702896 2.200000
-3.251434 -0.500473 0.714401 2.220000
-2.519434 -0.485969 0.735425 2.240000
-2.017074 -0.470949 0.765926 2.260000
-2.539066 -0.455267 0.801721 2.280000
-2.212158 -0.438999 0.824419 2.300000
-2.267135 -0.422256 0.849297 2.320000
-2.253248 -0.405062 0.869377 2.340000
-2.695879 -0.387503 0.885905 2.360000
-1.705576 -0.369733 0.890486 2.380000
-2.122173 -0.351724 0.909746 2.400000
-1.417818 -0.333447 0.917335 2.420000
-1.399948 -0.314924 0.934370 2.440000
-1.698699 -0.296095 0.947796 2.460000
-0.748244 -0.277095 0.951615 2.480000
0.139961 -0.257874 0.969771 2.500000
0.413147 -0.238160 1.000895 2.520000
0.565581 -0.217815 1.032907 2.540000
-0.388617 -0.196844 1.063361 2.560000
-0.877424 -0.175497 1.070656 2.580000
-0.897377 -0.154142 1.064147 2.600000
-0.601512 -0.132962 1.053239 2.620000
-1.002385 -0.111980 1.044259 2.640000
-1.772982 -0.091297 1.023511 2.660000
-2.519432 -0.071216 0.983984 2.680000
-2.432792 -0.052106 0.926640 2.700000
-2.291813 -0.034150 0.868506 2.720000
-3.158413 -0.017352 0.810915 2.740000
-2.301288 -0.001899 0.734159 2.760000
-2.587015 0.012175 0.673032 2.780000
-1.925019 0.024956 0.604860 2.800000
-1.466384 0.036495 0.548800 2.820000
-2.138784 0.046993 0.500805 2.840000
-1.163905 0.056387 0.438546 2.860000
-1.268119 0.064725 0.395097 2.880000
-0.614751 0.072166 0.348933 2.900000
0.133146 0.078809 0.315238 2.920000
0.744353 0.084920 0.295747 2.940000
1.704651 0.090754 0.287546 2.960000
2.618168 0.096605 0.297307 2.980000
2.632061 0.102818 0.323695 3.000000
3.412817 0.109544 0.348550 3.020000
3.531569 0.116902 0.386880 3.040000
3.208907 0.125027 0.425232 3.060000
2.478984 0.133831 0.454782 3.080000
3.296119 0.143058 0.467615 3.100000
3.509315 0.152682 0.494326 3.120000
2.704909 0.162857 0.522681 3.140000
1.863078 0.173414 0.532663 3.160000
2.686196 0.183983 0.523921 3.180000
2.427696 0.194519 0.529279 3.200000
2.801145 0.205089 0.527395 3.220000
3.730852 0.215673 0.530668 3.240000
4.519245 0.226481 0.549689 3.260000
5.029882 0.237796 0.581254 3.280000
4.519761 0.249809 0.619563 3.300000
4.389302 0.262458 0.644715 3.320000
4.000089 0.275552 0.664165 3.340000
4.738899 0.288929 0.673040 3.360000
4.133858 0.302594 0.692916 3.380000
3.318185 0.316509 0.698043 3.400000
4.006984 0.330342 0.684837 3.420000
3.617072 0.344014 0.681948 3.440000
3.843194 0.357528 0.669016 3.460000
4.626818 0.370800 0.657755 3.480000
4.054835 0.383966 0.658390 3.500000
3.427185 0.397012 0.645726 3.520000
2.861706 0.409664 0.619180 3.540000
3.020950 0.421663 0.580385 3.560000
3.630938 0.432898 0.542902 3.580000
2.966361 0.443479 0.514907 3.600000
2.748136 0.453365 0.473494 3.620000
1.811196 0.462373 0.427133 3.640000
2.036697 0.470279 0.363440 3.660000
1.514648 0.476949 0.303604 3.680000
1.855177 0.482331 0.234629 3.700000
1.746283 0.486398 0.172112 3.720000
2.706283 0.489200 0.108279 3.740000
2.528818 0.490903 0.062065 3.760000
3.221225 0.491656 0.013427 3.780000
3.967175 0.491567 -0.022223 3.800000
4.096546 0.490903 -0.044061 3.820000
4.605379 0.489831 -0.063026 3.840000
4.849399 0.488476 -0.072464 3.860000
5.832402 0.486979 -0.077139 3.880000
5.414391 0.485566 -0.064192 3.900000
4.456235 0.484338 -0.058529 3.920000
3.728035 0.483057 -0.069502 3.940000
3.621970 0.481433 -0.092728 3.960000
3.229132 0.479335 -0.116973 3.980000
2.597068 0.476692 -0.147159 4.000000
1.647874 0.473345 -0.187277 4.020000
1.962123 0.469043 -0.242600 4.040000
1.073271 0.463710 -0.290363 4.060000
1.471860 0.457284 -0.351828 4.080000
1.797855 0.449725 -0.403694 4.100000
1.044815 0.441211 -0.447199 4.120000
1.842706 0.431718 -0.501642 4.140000
1.871509 0.421309 -0.538778 4.160000
1.697528 0.410191 -0.572588 4.180000
0.832416 0.398393 -0.606688 4.200000
-0.042474 0.385785 -0.653605 4.220000
-0.137709 0.372110 -0.713245 4.240000
-1.056765 0.357262 -0.770892 4.260000
-0.404905 0.341129 -0.841699 4.280000
0.434480 0.323746 -0.895950 4.300000
0.826538 0.305479 -0.930081 4.320000
0.830540 0.286645 -0.952627 4.340000
0.277708 0.267401 -0.971016 4.360000
-0.586149 0.247725 -0.995902 4.380000
0.231653 0.227427 -1.033137 4.400000
-0.564835 0.206589 -1.049979 4.420000
-1.509434 0.185302 -1.077941 4.440000
-1.410041 0.163317 -1.119691 4.460000
-1.285490 0.140567 -1.154493 4.480000
-2.073624 0.117196 -1.181816 4.500000
-2.560289 0.093172 -1.219625 4.520000
-2.848408 0.068350 -1.261665 4.540000
-2.506916 0.042686 -1.303769 4.560000
-3.394423 0.016306 -1.333294 4.580000
-2.459385 -0.010784 -1.374645 4.600000
-2.244514 -0.038453 -1.391328 4.620000
-1.935494 -0.066356 -1.397989 4.640000
-2.004876 -0.094274 -1.392928 4.660000
-2.439301 -0.122051 -1.383853 4.680000
-3.141817 -0.149678 -1.378011 4.700000
-3.287030 -0.177273 -1.380516 4.720000
-2.399435 -0.204890 -1.380218 4.740000
-2.570045 -0.232272 -1.357173 4.760000
-2.413103 -0.259177 -1.332439 4.780000
-2.699470 -0.285507 -1.299859 4.800000
-2.669680 -0.311195 -1.268152 4.820000
-3.386513 -0.336198 -1.231415 4.840000
-2.689570 -0.360558 -1.203798 4.860000
-3.475761 -0.384191 -1.158944 4.880000
-3.324617 -0.407035 -1.124702 4.900000
-4.068130 -0.429126 -1.083785 4.920000
-4.423050 -0.450496 -1.052573 4.940000
-4.503017 -0.471267 -1.023855 4.960000
-3.813665 -0.491439 -0.992754 4.980000
-3.764248 -0.510832 -0.946077 5.000000
-4.015798 -0.529254 -0.895575 5.020000
-4.379492 -0.546681 -0.846674 5.040000
-4.666493 -0.563165 -0.801352 5.060000
-3.780113 -0.578766 -0.758334 5.080000
-2.819369 -0.593336 -0.698329 5.100000
-3.184321 -0.606531 -0.620991 5.120000
-3.614637 -0.618229 -0.548718 5.140000
-3.840362 -0.628544 -0.482654 5.160000
-4.387349 -0.637567 -0.419577 5.180000
-5.345614 -0.645411 -0.364733 5.200000
-4.351985 -0.652306 -0.324571 5.220000
-4.690910 -0.658234 -0.268199 5.240000
-4.923089 -0.663087 -0.217132 5.260000
-4.210461 -0.666956 -0.169779 5.280000
-3.516374 -0.669768 -0.111576 5.300000
-2.553211 -0.671316 -0.043310 5.320000
-3.386191 -0.671359 0.038694 5.340000
-3.261756 -0.669909 0.106020 5.360000
-4.084673 -0.667110 0.173535 5.380000
-4.404656 -0.663110 0.226232 5.400000
-3.829030 -0.658124 0.271969 5.420000
-4.293976 -0.652154 0.324708 5.440000
-3.321404 -0.645225 0.367771 5.460000
-2.830230 -0.637304 0.423885 5.480000
-3.278968 -0.628210 0.485073 5.500000
-4.085926 -0.617994 0.535995 5.520000
-3.800916 -0.606921 0.570746 5.540000
-4.068599 -0.595138 0.607114 5.560000
-3.488034 -0.582702 0.635895 5.580000
-3.711630 -0.569627 0.671116 5.600000
-2.839741 -0.555918 0.699205 5.620000
-3.564011 -0.541534 0.738610 5.640000
-3.663959 -0.526521 0.762015 5.660000
-2.943940 -0.511094 0.780142 5.680000
-2.591198 -0.495214 0.807199 5.700000
-3.412364 -0.478769 0.836686 5.720000
-3.834000 -0.461918 0.847827 5.740000
-4.678794 -0.444956 0.847793 5.760000
-4.047787 -0.428181 0.829088 5.780000
-4.042649 -0.411699 0.818590 5.800000
-3.716053 -0.395458 0.804959 5.820000
-3.174197 -0.379461 0.794203 5.840000
-3.904513 -0.363611 0.790355 5.860000
-3.838496 -0.348004 0.769818 5.880000
-3.315895 -0.332824 0.747706 5.900000
-3.523195 -0.318015 0.732717 5.920000
-3.290019 -0.303573 0.711119 5.940000
-3.797618 -0.289543 0.691431 5.960000
-3.029353 -0.276028 0.659660 5.980000
-3.607823 -0.263024 0.640439 6.000000
-3.339820 -0.250537 0.607928 6.020000
-3.461437 -0.238667 0.578706 6.040000
-2.973345 -0.227424 0.545358 6.060000
-3.726259 -0.216769 0.519863 6.080000
-2.976488 -0.206786 0.478204 6.100000
-3.174041 -0.197502 0.449944 6.120000
-3.166407 -0.188835 0.416592 6.140000
-3.779803 -0.180844 0.382362 6.160000
-4.742690 -0.173666 0.335317 6.180000
-5.536315 -0.167623 0.269059 6.200000
-4.602305 -0.163058 0.187509 6.220000
-4.246530 -0.159934 0.125030 6.240000
-4.786477 -0.157982 0.070225 6.260000
-3.982028 -0.157225 0.005665 6.280000
-4.368622 -0.157590 -0.041919 6.300000
-5.059138 -0.158971 -0.095943 6.320000
-5.447676 -0.161553 -0.161993 6.340000
-5.361143 -0.165513 -0.233648 6.360000
-5.283490 -0.170866 -0.301219 6.380000
-4.463204 -0.177529 -0.364678 6.400000
-3.825191 -0.185274 -0.409388 6.420000
-3.339809 -0.193763 -0.439119 6.440000
-3.357469 -0.202729 -0.457046 6.460000
-2.482997 -0.212034 -0.473101 6.480000
-2.265143 -0.221468 -0.470012 6.500000
-1.315993 -0.230780 -0.460903 6.520000
-2.132584 -0.239710 -0.431875 6.540000
-2.504928 -0.248205 -0.417421 6.560000
-1.934063 -0.256469 -0.408731 6.580000
-1.095805 -0.264435 -0.387661 6.600000
-0.206694 -0.271807 -0.349485 6.620000
-0.228848 -0.278240 -0.293786 6.640000
-0.001922 -0.283563 -0.238507 6.660000
0.788901 -0.287739 -0.179121 6.680000
0.551314 -0.290581 -0.105245 6.700000
0.620574 -0.292001 -0.036953 6.720000
1.412739 -0.292054 0.031435 6.740000
1.846216 -0.290603 0.113368 6.760000
2.520946 -0.287450 0.201498 6.780000
3.278486 -0.282431 0.299989 6.800000
2.674175 -0.275326 0.409906 6.820000
3.115087 -0.266174 0.504737 6.840000
2.557878 -0.255076 0.604371 6.860000
2.997168 -0.242133 0.689264 6.880000
2.703016 -0.227448 0.778500 6.900000
1.819526 -0.211080 0.857553 6.920000
1.932498 -0.193349 0.914852 6.940000
1.722873 -0.174494 0.969857 6.960000
1.179849 -0.154626 1.016103 6.980000
2.111764 -0.133988 1.047011 7.000000
1.272218 -0.112593 1.091648 7.020000
2.037673 -0.090521 1.114766 7.040000
1.388650 -0.067882 1.148270 7.060000
0.902467 -0.044752 1.163906 7.080000
1.735145 -0.021454 1.165134 7.100000
1.408197 0.001988 1.178304 7.120000
1.136591 0.025581 1.180171 7.140000
2.014533 0.049110 1.172037 7.160000
2.475395 0.072607 1.176836 7.180000
3.233702 0.096243 1.186006 7.200000
2.428202 0.120164 1.205219 7.220000
2.574968 0.144259 1.203426 7.240000
2.377030 0.168299 1.199750 7.260000
1.538259 0.192179 1.187500 7.280000
2.368117 0.215605 1.154504 7.300000
2.216688 0.238494 1.133635 7.320000
2.959073 0.260894 1.105752 7.340000
3.262714 0.282840 1.088175 7.360000
3.565639 0.304452 1.072288 7.380000
3.843167 0.325762 1.058030 7.400000
3.396755 0.346798 1.044872 7.420000
2.746268 0.367446 1.019346 7.440000
1.937815 0.387427 0.978178 7.460000
1.106467 0.406405 0.919156 7.480000
1.805280 0.424026 0.842696 7.500000
1.721408 0.440228 0.777175 7.520000
1.982054 0.455087 0.708491 7.540000
2.646464 0.468605 0.643102 7.560000
2.441286 0.480921 0.588247 7.580000
2.841190 0.492091 0.528581 7.600000
2.580171 0.502128 0.475002 7.620000
2.223847 0.511040 0.416095 7.640000
1.515537 0.518707 0.350603 7.660000
2.371445 0.524942 0.272922 7.680000
1.905766 0.529775 0.210417 7.700000
2.880262 0.533282 0.140402 7.720000
1.885830 0.535563 0.087845 7.740000
1.415650 0.536630 0.019068 7.760000
2.343998 0.536254 -0.056415 7.780000
2.085461 0.534544 -0.114400 7.800000
1.256236 0.531645 -0.175205 7.820000
1.311371 0.527406 -0.248309 7.840000
0.407621 0.521737 -0.318126 7.860000
-0.533984 0.514542 -0.400944 7.880000
-1.352001 0.505557 -0.496997 7.900000
-0.691079 0.494543 -0.603716 7.920000
-0.783825 0.481551 -0.694861 7.940000
-1.554104 0.466760 -0.783532 7.960000
-1.046863 0.450102 -0.881510 7.980000
-1.481351 0.431622 -0.965625 8.000000
-1.640422 0.411431 -1.052683 8.020000
-1.544696 0.389521 -1.137419 8.040000
-0.667242 0.365988 -1.214914 8.060000
-1.101599 0.341125 -1.270447 8.080000
-0.224842 0.315126 -1.328484 8.100000
-0.732217 0.288191 -1.364084 8.120000
-0.110460 0.260504 -1.403605 8.140000
0.870002 0.232206 -1.425253 8.160000
0.343511 0.203723 -1.422163 8.180000
-0.253553 0.175253 -1.423863 8.200000
0.032014 0.146688 -1.431719 8.220000
0.410305 0.118078 -1.428344 8.240000
0.868972 0.089665 -1.412085 8.260000
1.594794 0.061720 -1.381622 8.280000
2.509750 0.034576 -1.332037 8.300000
1.656087 0.008648 -1.260139 8.320000
1.596446 -0.015976 -1.201657 8.340000
2.257011 -0.039407 -1.140864 8.360000
1.759277 -0.061458 -1.063825 8.380000
1.047721 -0.082042 -0.994074 8.400000
0.219671 -0.101346 -0.935939 8.420000
0.422645 -0.119627 -0.891666 8.440000
0.718753 -0.136956 -0.840862 8.460000
1.266757 -0.153188 -0.782052 8.480000
0.999808 -0.168118 -0.710739 8.500000
1.272382 -0.181662 -0.643379 8.520000
1.544877 -0.193793 -0.569646 8.540000
1.552917 -0.204390 -0.489973 8.560000
2.348870 -0.213389 -0.409921 8.580000
2.042973 -0.220633 -0.314572 8.600000
2.614111 -0.226036 -0.225886 8.620000
1.794241 -0.229564 -0.127134 8.640000
1.003381 -0.231290 -0.045682 8.660000
0.997350 -0.231554 0.019090 8.680000
1.464869 -0.230537 0.082392 8.700000
0.916933 -0.228178 0.153147 8.720000
-0.055678 -0.224530 0.211375 8.740000
-0.563105 -0.219925 0.248894 8.760000
-1.160310 -0.214684 0.274922 8.780000
-1.585874 -0.209054 0.287825 8.800000
-1.417288 -0.203263 0.291111 8.820000
-1.894503 -0.197385 0.296457 8.840000
-1.945761 -0.191506 0.291272 8.860000
-1.103295 -0.185751 0.284042 8.880000
-1.019012 -0.179986 0.292225 8.900000
-0.785963 -0.174054 0.300749 8.920000
-0.723064 -0.167919 0.312478 8.940000
-0.770271 -0.161552 0.323992 8.960000
-0.292044 -0.154979 0.333099 8.980000
0.568210 -0.148144 0.350088 9.000000
0.662166 -0.140818 0.382238 9.020000
1.173020 -0.132850 0.414136 9.040000
0.952236 -0.124166 0.453850 9.060000
0.710489 -0.114757 0.486718 9.080000
0.441000 -0.104762 0.512326 9.100000
1.001859 -0.094333 0.530158 9.120000
1.434676 -0.083461 0.556653 9.140000
0.899861 -0.071999 0.589028 9.160000
0.502881 -0.060025 0.607947 9.180000
-0.041258 -0.047778 0.616305 9.200000
-0.532714 -0.035498 0.611357 9.220000
-1.215080 -0.023436 0.594415 9.240000
-1.363477 -0.011870 0.562000 9.260000
-2.157392 -0.000996 0.525107 9.280000
-1.399052 0.008968 0.471196 9.300000
-0.493687 0.017997 0.431533 9.320000
-0.268392 0.026403 0.408897 9.340000
-0.039035 0.034390 0.389582 9.360000
-0.804741 0.042025 0.373676 9.380000
-1.012721 0.049178 0.341499 9.400000
-0.603327 0.055639 0.304532 9.420000
-0.343696 0.061437 0.275212 9.440000
-1.125902 0.066696 0.250537 9.460000
-0.161283 0.071301 0.209942 9.480000
-1.046252 0.075284 0.188381 9.500000
-1.138486 0.078659 0.149060 9.520000
-0.292610 0.081230 0.108126 9.540000
-1.184892 0.083154 0.084271 9.560000
-1.995640 0.084425 0.042968 9.580000
-2.832731 0.084716 -0.013668 9.600000
-3.775530 0.083721 -0.085636 9.620000
-3.416512 0.081116 -0.174450 9.640000
-3.855490 0.076830 -0.253768 9.660000
-4.440337 0.070895 -0.339224 9.680000
-4.897626 0.063165 -0.433258 9.700000
-5.351399 0.053497 -0.532835 9.720000
-5.030882 0.041788 -0.637399 9.740000
-4.057565 0.028095 -0.731138 9.760000
-3.535663 0.012767 -0.800970 9.780000
-4.478031 -0.003810 -0.856001 9.800000
-3.992010 -0.021631 -0.925262 9.820000
-4.871078 -0.040691 -0.979914 9.840000
-4.144125 -0.060969 -1.046994 9.860000
-5.045548 -0.082390 -1.094220 9.880000
-4.635785 -0.104881 -1.153891 9.900000
-5.556077 -0.128426 -1.199634 9.920000
-5.173327 -0.153009 -1.257603 9.940000
-4.356667 -0.178612 -1.301710 9.960000
-4.017709 -0.204875 -1.323637 9.980000
-3.383679 -0.231452 -1.333091 10.000000
-2.593539 -0.258039 -1.324665 10.020000
-2.289294 -0.284253 -1.295921 10.040000
-2.121703 -0.309787 -1.256792 10.060000
-2.173659 -0.334465 -1.210300 10.080000
-1.198734 -0.358183 -1.160927 10.100000
-0.564422 -0.380697 -1.089975 10.120000
-0.310969 -0.401647 -1.004706 10.140000
-0.524344 -0.420826 -0.912852 10.160000
-0.338527 -0.438190 -0.823376 10.180000
0.395691 -0.453719 -0.729389 10.200000
-0.235505 -0.467230 -0.621662 10.220000
0.245773 -0.478698 -0.525076 10.240000
-0.474771 -0.488149 -0.420140 10.260000
-0.568111 -0.495634 -0.328428 10.280000
-1.522046 -0.501307 -0.239004 10.300000
-1.101592 -0.505366 -0.167047 10.320000
-1.786606 -0.507921 -0.088625 10.340000
-1.756571 -0.509038 -0.023276 10.360000
-1.604307 -0.508855 0.041385 10.380000
-0.689851 -0.507366 0.107243 10.400000
-0.514277 -0.504418 0.187229 10.420000
-0.257188 -0.499861 0.268016 10.440000
-0.792390 -0.493669 0.350736 10.460000
-1.546966 -0.485945 0.421257 10.480000
-0.884346 -0.476971 0.475641 10.500000
-1.794398 -0.466821 0.538852 10.520000
-1.063473 -0.455600 0.582733 10.540000
-1.851406 -0.443401 0.636560 10.560000
-0.896825 -0.430302 0.672846 10.580000
-1.873292 -0.416337 0.723058 10.600000
-1.134503 -0.401582 0.751876 10.620000
-1.130069 -0.386150 0.790720 10.640000
-0.792565 -0.369977 0.825900 10.660000
-0.900141 -0.353076 0.863510 10.680000
-1.546099 -0.335483 0.895134 10.700000
-1.686389 -0.317419 0.910639 10.720000
-2.458604 -0.299110 0.919662 10.740000
-2.327473 -0.280805 0.910273 10.760000
-1.776592 -0.262697 0.899930 10.780000
-1.726694 -0.244724 0.896757 10.800000
-1.805151 -0.226840 0.891079 10.820000
-0.855970 -0.209119 0.880492 10.840000
0.097787 -0.191457 0.885049 10.860000
0.661014 -0.173554 0.904648 10.880000
0.578795 -0.155187 0.931402 10.900000
1.376591 -0.136341 0.952485 10.920000
2.281784 -0.116957 0.985179 10.940000
1.572134 -0.096785 1.031302 10.960000
1.430025 -0.075878 1.058628 10.980000
2.323854 -0.054498 1.078562 11.000000
1.792433 -0.032588 1.111626 11.020000
0.868804 -0.010172 1.129245 11.040000
0.395998 0.012367 1.123866 11.060000
0.783588 0.034661 1.104875 11.080000
1.076153 0.056613 1.089632 11.100000
0.684829 0.078278 1.076227 11.120000
1.007308 0.099558 1.051176 11.140000
0.164711 0.120365 1.028878 11.160000
-0.657339 0.140523 0.986477 11.180000
0.059793 0.159642 0.925034 11.200000
-0.591580 0.177650 0.875292 11.220000
-0.218163 0.194511 0.810521 11.240000
0.524659 0.210132 0.751223 11.260000
-0.423403 0.224693 0.704615 11.280000
0.463282 0.238121 0.637972 11.300000
0.287650 0.250376 0.587294 11.320000
1.241101 0.261571 0.532023 11.340000
2.013315 0.271834 0.494036 11.360000
2.914801 0.281472 0.469590 11.380000
2.846412 0.290780 0.460886 11.400000
2.836897 0.299883 0.449195 11.420000
3.135401 0.308735 0.435741 11.440000
2.494207 0.317359 0.426414 11.460000
3.335048 0.325661 0.403498 11.480000
2.364526 0.333650 0.395167 11.500000
2.298340 0.341276 0.367260 11.520000
2.449014 0.348322 0.337216 11.540000
1.575231 0.354787 0.309232 11.560000
1.428706 0.360524 0.264376 11.580000
1.652465 0.365334 0.216680 11.600000
0.897364 0.369233 0.173232 11.620000
1.269671 0.372125 0.116050 11.640000
1.368543 0.373949 0.066426 11.660000
2.276459 0.374805 0.019354 11.680000
3.092641 0.374897 -0.010141 11.700000
3.580089 0.374555 -0.023983 11.720000
3.574946 0.374030 -0.028475 11.740000
4.044794 0.373416 -0.032856 11.760000
3.331646 0.372804 -0.028357 11.780000
3.851981 0.372150 -0.036971 11.800000
3.308515 0.371424 -0.035671 11.820000
3.648678 0.370624 -0.044270 11.840000
2.675947 0.369718 -0.046242 11.860000
1.992188 0.368595 -0.065935 11.880000
2.158459 0.366958 -0.097599 11.900000
1.812850 0.364729 -0.125183 11.920000
2.408074 0.361894 -0.158121 11.940000
2.159464 0.358523 -0.178771 11.960000
2.795557 0.354704 -0.202912 11.980000
2.762605 0.350534 -0.213964 12.000000
3.686820 0.346147 -0.224549 12.020000
3.485626 0.341732 -0.216805 12.040000
2.955798 0.337442 -0.212069 12.060000
2.731437 0.333155 -0.216453 12.080000
3.477871 0.328748 -0.224073 12.100000
3.434651 0.324339 -0.216652 12.120000
2.812636 0.320079 -0.209296 12.140000
2.233832 0.315855 -0.212918 12.160000
1.270606 0.311459 -0.226503 12.180000
1.672152 0.306620 -0.257078 12.200000
1.444696 0.301262 -0.278477 12.220000
1.191298 0.295448 -0.302667 12.240000
0.595966 0.289119 -0.330006 12.260000
1.334091 0.282147 -0.366835 12.280000
0.376873 0.274600 -0.387500 12.300000
0.121246 0.266476 -0.424505 12.320000
0.751653 0.257587 -0.464058 12.340000
0.858005 0.248052 -0.489003 12.360000
1.253827 0.238063 -0.509536 12.380000
1.410045 0.227763 -0.520079 12.400000
2.327083 0.217305 -0.525375 12.420000
3.092137 0.206940 -0.510772 12.440000
2.901618 0.197034 -0.479591 12.460000
2.971618 0.187728 -0.450788 12.480000
2.747701 0.179025 -0.419379 12.500000
2.649308 0.170916 -0.391266 12.520000
2.451070 0.163362 -0.364061 12.540000
1.488875 0.156321 -0.339812 12.560000
1.626187 0.149586 -0.333507 12.580000
1.278430 0.143016 -0.323329 12.600000
1.280625 0.136592 -0.318897 12.620000
0.906320 0.130268 -0.313262 12.640000
1.058518 0.123995 -0.313859 12.660000
2.005138 0.117752 -0.310233 12.680000
2.151665 0.111780 -0.286859 12.700000
2.493468 0.106311 -0.259934 12.720000
2.523006 0.101453 -0.225788 12.740000
2.745885 0.097287 -0.190844 12.760000
2.828193 0.093864 -0.151445 12.780000
2.100635 0.091244 -0.110604 12.800000
2.270156 0.089294 -0.084472 12.820000
2.991775 0.087897 -0.055183 12.840000
3.210712 0.087227 -0.012032 12.860000
4.199923 0.087454 0.034629 12.880000
3.855141 0.088800 0.099726 12.900000
4.846954 0.091364 0.156340 12.920000
4.042008 0.095238 0.230748 12.940000
3.783166 0.100418 0.286896 12.960000
4.781858 0.106648 0.335685 12.980000
5.202205 0.114028 0.401801 13.000000
5.205598 0.122783 0.473232 13.020000
5.714238 0.132935 0.541374 13.040000
6.505067 0.144514 0.615904 13.060000
7.123569 0.157700 0.701863 13.080000
8.000000 0.172679 0.795218 13.100000
7.645853 0.189645 0.900358 13.120000
8.000000 0.208584 0.992578 13.140000
8.000000 0.229375 1.085421 13.160000
7.813344 0.251956 1.171543 13.180000
8.000000 0.276154 1.247067 13.200000
8.000000 0.301826 1.318928 13.220000
7.605894 0.328861 1.383238 13.240000
8.000000 0.357030 1.432438 13.260000
7.339561 0.386180 1.481214 13.280000
6.883395 0.416104 1.509906 13.300000
7.430171 0.446442 1.522699 13.320000
8.000000 0.477060 1.537805 13.340000
8.000000 0.508004 1.555169 13.360000
8.000000 0.539214 1.564523 13.380000
7.424073 0.570532 1.565940 13.400000
7.188255 0.601704 1.550046 13.420000
7.445351 0.632447 1.523127 13.440000
6.909859 0.662624 1.493470 13.460000
6.355849 0.692058 1.448870 13.480000
5.599720 0.720455 1.389959 13.500000
5.227804 0.747510 1.314749 13.520000
5.415524 0.772963 1.229973 13.540000
4.991704 0.796712 1.144310 13.560000
4.095699 0.818656 1.049691 13.580000
5.065795 0.838563 0.940666 13.600000
4.161495 0.856401 0.842928 13.620000
4.317762 0.872153 0.732092 13.640000
4.917394 0.885701 0.622671 13.660000
4.434468 0.897133 0.520518 13.680000
3.639735 0.906462 0.412409 13.700000
3.072471 0.913537 0.295235 13.720000
3.023989 0.918211 0.172508 13.740000
3.512436 0.920444 0.051056 13.760000
2.990261 0.920327 -0.062307 13.780000
2.235013 0.917905 -0.179477 13.800000
1.752547 0.913076 -0.302841 13.820000
2.387280 0.905755 -0.428694 13.840000
2.382019 0.896032 -0.542996 13.860000
1.983033 0.884061 -0.653382 13.880000
2.237498 0.869874 -0.764546 13.900000
2.201601 0.853543 -0.867857 13.920000
2.629810 0.835188 -0.966801 13.940000
3.019307 0.814962 -1.054893 13.960000
2.871934 0.793081 -1.132287 13.980000
2.471541 0.769687 -1.206170 14.000000
2.368860 0.744815 -1.280032 14.020000
1.740579 0.718510 -1.349443 14.040000
1.416214 0.690784 -1.422175 14.060000
0.779363 0.661615 -1.493595 14.080000
0.474323 0.630983 -1.568574 14.100000
0.324168 0.598868 -1.641797 14.120000
0.810142 0.565332 -1.710617 14.140000
0.899356 0.530572 -1.764143 14.160000
0.055726 0.494830 -1.808879 14.180000
0.794570 0.458118 -1.861082 14.200000
1.375766 0.420569 -1.892525 14.220000
0.990542 0.382573 -1.905813 14.240000
0.784934 0.344315 -1.918717 14.260000
0.554458 0.305836 -1.927959 14.280000
-0.202126 0.267203 -1.934081 14.300000
-1.185697 0.228377 -1.947247 14.320000
-1.961549 0.189173 -1.971868 14.340000
-2.254734 0.149403 -2.003796 14.360000
-1.330638 0.109017 -2.033389 14.380000
-1.597972 0.068305 -2.036537 14.400000
-2.370057 0.027555 -2.037098 14.420000
-1.443963 -0.013280 -2.045061 14.440000
-1.037702 -0.054009 -2.026594 14.460000
-1.821414 -0.094213 -1.992564 14.480000
-1.188231 -0.133819 -1.966841 14.500000
-2.079009 -0.172714 -1.921495 14.520000
-2.358350 -0.210809 -1.886851 14.540000
-2.338731 -0.248197 -1.850793 14.560000
-3.114721 -0.284792 -1.807689 14.580000
-2.464868 -0.320609 -1.772895 14.600000
-2.755988 -0.355543 -1.719444 14.620000
-2.082490 -0.389402 -1.665579 14.640000
-2.703430 -0.422005 -1.593869 14.660000
-1.800407 -0.453237 -1.528527 14.680000
-1.966314 -0.482954 -1.442487 14.700000
-2.705437 -0.510941 -1.355602 14.720000
-1.801459 -0.537283 -1.277995 14.740000
-2.194620 -0.561885 -1.181712 14.760000
-3.124130 -0.584601 -1.089541 14.780000
-4.087509 -0.605605 -1.010378 14.800000
-3.150524 -0.625157 -0.944412 14.820000
-2.315104 -0.643214 -0.860953 14.840000
-2.034066 -0.659452 -0.762684 14.860000
-1.095885 -0.673672 -0.659223 14.880000
-1.118189 -0.685674 -0.541043 14.900000
-1.895182 -0.695321 -0.423768 14.920000
-2.338717 -0.702749 -0.319202 14.940000
-2.001045 -0.708162 -0.222287 14.960000
-2.628593 -0.711597 -0.121435 14.980000
-2.410180 -0.713125 -0.031558 15.000000
-2.694950 -0.712838 0.059923 15.020000
-3.109658 -0.710784 0.145112 15.040000
-3.870838 -0.707111 0.221858 15.060000
-3.247036 -0.702040 0.284778 15.080000
-4.015434 -0.695640 0.354775 15.100000
-4.624897 -0.687985 0.410328 15.120000
-3.890162 -0.679339 0.453788 15.140000
-3.763881 -0.669738 0.505849 15.160000
-4.292726 -0.659106 0.556824 15.180000
-3.595865 -0.647570 0.596265 15.200000
-3.959066 -0.635166 0.643516 15.220000
-3.039634 -0.621911 0.681465 15.240000
-3.304912 -0.607782 0.730752 15.260000
-2.707719 -0.592749 0.771902 15.280000
-1.802778 -0.576833 0.819042 15.300000
-1.632346 -0.559864 0.877197 15.320000
-1.300924 -0.541746 0.933858 15.340000
-1.071071 -0.522483 0.991633 15.360000
-1.200404 -0.502072 1.048639 15.380000
-2.116889 -0.480593 1.098478 15.400000
-1.657467 -0.458328 1.127136 15.420000
-1.106475 -0.435458 1.159085 15.440000
-0.423907 -0.411899 1.195942 15.460000
-0.884371 -0.387530 1.240050 15.480000
-1.296620 -0.362418 1.270272 15.500000
-0.591315 -0.336832 1.287466 15.520000
-1.451171 -0.310822 1.312617 15.540000
-2.354282 -0.284526 1.316061 15.560000
-2.154804 -0.258387 1.297108 15.580000
-1.974149 -0.232636 1.277185 15.600000
-2.044880 -0.207295 1.256072 15.620000
-2.026216 -0.182437 1.229034 15.640000
-1.678279 -0.158159 1.198025 15.660000
-2.142046 -0.134475 1.169700 15.680000
-1.142836 -0.111489 1.128228 15.700000
-0.188402 -0.089173 1.102793 15.720000
0.626204 -0.067214 1.092385 15.740000
-0.178376 -0.045343 1.094042 15.760000
0.116597 -0.023641 1.075528 15.780000
1.042593 -0.002288 1.059043 15.800000
0.720424 0.018880 1.057099 15.820000
-0.127059 0.039904 1.044712 15.840000
-0.143412 0.060475 1.011760 15.860000
0.041777 0.080350 0.975223 15.880000
0.976116 0.099500 0.939292 15.900000
0.165255 0.118087 0.918824 15.920000
0.496091 0.136072 0.879264 15.940000
0.637075 0.153305 0.843578 15.960000
-0.053007 0.169826 0.808092 15.980000
-0.220265 0.185477 0.756744 16.000000
-0.099121 0.200051 0.700281 16.020000
0.757250 0.213502 0.644632 16.040000
0.723099 0.225993 0.604184 16.060000
-0.054970 0.237653 0.561555 16.080000
-0.579593 0.248296 0.502670 16.100000
-1.389341 0.257654 0.433012 16.120000
-2.184538 0.265460 0.347656 16.140000
-2.954068 0.271411 0.247566 16.160000
-3.852977 0.275223 0.133927 16.180000
-2.913638 0.276608 0.004965 16.200000
-3.246241 0.275618 -0.103574 16.220000
-4.120816 0.272418 -0.215947 16.240000
-3.940244 0.266832 -0.342043 16.260000
-3.497091 0.258795 -0.461059 16.280000
-3.362657 0.248501 -0.567683 16.300000
-4.074616 0.236141 -0.667670 16.320000
-4.757533 0.221685 -0.777088 16.340000
-4.016811 0.204957 -0.894880 16.360000
-3.705755 0.186070 -0.992903 16.380000
-3.137674 0.165338 -1.079430 16.400000
-4.061394 0.143042 -1.149264 16.420000
-3.455026 0.119223 -1.231626 16.440000
-3.743044 0.093937 -1.295917 16.460000
-4.022705 0.067370 -1.359776 16.480000
-3.572056 0.039533 -1.422767 16.500000
-4.561840 0.010593 -1.470170 16.520000
-5.129717 -0.019426 -1.530538 16.540000
-4.779811 -0.050693 -1.594949 16.560000
-4.958177 -0.083104 -1.644832 16.580000
-4.238583 -0.116471 -1.690621 16.600000
-3.260160 -0.150535 -1.714491 16.620000
-2.417782 -0.184809 -1.711793 16.640000
-3.033860 -0.218796 -1.685886 16.660000
-3.024823 -0.252322 -1.665610 16.680000
-2.654259 -0.285377 -1.638807 16.700000
-3.360619 -0.317763 -1.598881 16.720000
-3.677881 -0.349427 -1.566535 16.740000
-4.153654 -0.380445 -1.534269 16.760000
-4.073259 -0.410847 -1.504972 16.780000
-3.288666 -0.440591 -1.468466 16.800000
-2.857038 -0.469409 -1.412577 16.820000
-3.531819 -0.496987 -1.344512 16.840000
-3.314186 -0.523281 -1.284136 16.860000
-2.434349 -0.548289 -1.216041 16.880000
-2.361466 -0.571751 -1.129687 16.900000
-3.278937 -0.593447 -1.039563 16.920000
-3.741009 -0.613469 -0.962283 16.940000
-3.084521 -0.631998 -0.890188 16.960000
-3.942642 -0.648958 -0.805540 16.980000
-3.688811 -0.664345 -0.732931 17.000000
-2.900837 -0.678226 -0.654884 17.020000
-2.962319 -0.690412 -0.563722 17.040000
-2.041648 -0.700782 -0.473201 17.060000
-2.071133 -0.709201 -0.368837 17.080000
-1.425402 -0.715545 -0.265701 17.100000
-2.028816 -0.719740 -0.154060 17.120000
-2.949232 -0.721809 -0.053093 17.140000
-3.423052 -0.722013 0.032388 17.160000
-2.560967 -0.720596 0.109016 17.180000
-1.569075 -0.717537 0.196546 17.200000
-2.213830 -0.712602 0.296456 17.220000
-1.717834 -0.705795 0.383715 17.240000
-1.274280 -0.697199 0.475391 17.260000
-0.630389 -0.686735 0.570388 17.280000
-0.813225 -0.674309 0.671512 17.300000
-1.663021 -0.659930 0.765651 17.320000
-2.469295 -0.643846 0.842059 17.340000
-2.266707 -0.626406 0.901164 17.360000
-2.196947 -0.607797 0.959019 17.380000
-1.695395 -0.588066 1.013322 17.400000
-1.132977 -0.567213 1.071105 17.420000
-1.751489 -0.545160 1.133303 17.440000
-2.539679 -0.522021 1.179708 17.460000
-1.807732 -0.498143 1.207207 17.480000
-2.787076 -0.473640 1.242275 17.500000
-2.606211 -0.448662 1.254597 17.520000
-3.070522 -0.423458 1.264934 17.540000
-3.682838 -0.398184 1.261633 17.560000
-3.049297 -0.373139 1.242064 17.580000
-2.183691 -0.348416 1.229464 17.600000
-1.784063 -0.323830 1.228294 17.620000
-2.401086 -0.299241 1.229819 17.640000
-3.155979 -0.274787 1.214788 17.660000
-2.484238 -0.250824 1.180781 17.680000
-2.535943 -0.227454 1.155557 17.700000
-3.227730 -0.204639 1.125209 17.720000
-2.461581 -0.182606 1.077525 17.740000
-2.737200 -0.161411 1.041361 17.760000
-2.177503 -0.141029 0.996370 17.780000
-2.767041 -0.121467 0.959272 17.800000
-3.152047 -0.102794 0.907521 17.820000
-3.167369 -0.085259 0.845605 17.840000
-3.666463 -0.068987 0.781255 17.860000
-4.428211 -0.054120 0.705229 17.880000
-3.922037 -0.040938 0.612865 17.900000
-3.008731 -0.029509 0.529919 17.920000
-2.403109 -0.019563 0.464603 17.940000
-3.092011 -0.010808 0.410751 17.960000
-2.094980 -0.003273 0.342735 17.980000
-2.764762 0.003099 0.294464 18.000000
-3.004874 0.008371 0.232754 18.020000
-2.909461 0.012364 0.166613 18.040000
-3.167164 0.015059 0.103026 18.060000
-2.186056 0.016440 0.035202 18.080000
-2.171347 0.016670 -0.012004 18.100000
-1.923577 0.015969 -0.057937 18.120000
-1.607111 0.014409 -0.097835 18.140000
-2.257257 0.012126 -0.130302 18.160000
-3.160998 0.009076 -0.174486 18.180000
-4.146767 0.004978 -0.235003 18.200000
-4.325826 -0.000506 -0.312919 18.220000
-5.286272 -0.007556 -0.391620 18.240000
-4.507606 -0.016341 -0.486242 18.260000
-5.002550 -0.026826 -0.561682 18.280000
-4.733207 -0.038882 -0.643212 18.300000
-4.158347 -0.052473 -0.715259 18.320000
-3.502937 -0.067350 -0.771683 18.340000
-4.435482 -0.083183 -0.810985 18.360000
-4.004651 -0.099947 -0.864654 18.380000
-3.968325 -0.117654 -0.905297 18.400000
-4.772096 -0.136122 -0.940766 18.420000
-5.141975 -0.155412 -0.987451 18.440000
-5.802384 -0.175659 -1.036357 18.460000
-6.000838 -0.196960 -1.092808 18.480000
-6.689021 -0.219372 -1.147334 18.500000
-6.250859 -0.242947 -1.209097 18.520000
-5.298889 -0.267608 -1.255925 18.540000
-5.901888 -0.292959 -1.278203 18.560000
-6.446465 -0.318810 -1.305897 18.580000
-6.489368 -0.345255 -1.337460 18.600000
-5.511408 -0.372272 -1.363156 18.620000
-4.638633 -0.399556 -1.364218 18.640000
-5.108397 -0.426642 -1.343409 18.660000
-4.850085 -0.453342 -1.325657 18.680000
-5.072360 -0.479586 -1.297894 18.700000
-5.842566 -0.505263 -1.268939 18.720000
-5.004206 -0.530443 -1.248258 18.740000
-4.286937 -0.555015 -1.208145 18.760000
-4.509650 -0.578619 -1.151610 18.780000
-5.107881 -0.601092 -1.095047 18.800000
-5.221262 -0.622495 -1.044684 18.820000
-5.613690 -0.642874 -0.992603 18.840000
-5.855701 -0.662239 -0.943410 18.860000
-6.591667 -0.680626 -0.894764 18.880000
-5.907477 -0.698123 -0.854313 18.900000
-5.581004 -0.714674 -0.800396 18.920000
-5.398923 -0.730073 -0.739128 18.940000
-6.267304 -0.744199 -0.673180 18.960000
-5.729371 -0.757116 -0.618205 18.980000
-5.828885 -0.768839 -0.553830 19.000000
-5.597091 -0.779276 -0.489719 19.020000
-5.018228 -0.788389 -0.421484 19.040000
-5.209058 -0.796051 -0.344743 19.060000
-5.142241 -0.802206 -0.270729 19.080000
-5.900814 -0.806873 -0.196132 19.100000
-5.648143 -0.810159 -0.132562 19.120000
-5.565745 -0.812146 -0.066229 19.140000
-5.647153 -0.812804 0.000196 19.160000
-6.084204 -0.812158 0.064197 19.180000
-6.999069 -0.810306 0.120701 19.200000
-6.779469 -0.807466 0.163058 19.220000
-7.535292 -0.803764 0.206821 19.240000
-7.983666 -0.799310 0.238359 19.260000
-8.000000 -0.794304 0.261918 19.280000
-7.328095 -0.788847 0.283480 19.300000
-6.377010 -0.782883 0.312599 19.320000
-6.791634 -0.776223 0.353025 19.340000
-7.486523 -0.768837 0.385173 19.360000
-7.068754 -0.760932 0.404972 19.380000
-6.407861 -0.752594 0.428422 19.400000
-5.668297 -0.743715 0.458960 19.420000
-6.498012 -0.734145 0.497610 19.440000
-7.042269 -0.723953 0.521069 19.460000
-6.196289 -0.713402 0.533557 19.480000
-5.575986 -0.702502 0.555974 19.500000
-6.222899 -0.691089 0.584832 19.520000
-5.714872 -0.679229 0.600636 19.540000
-4.812207 -0.667005 0.621244 19.560000
-4.593158 -0.654259 0.652783 19.580000
-5.402990 -0.640882 0.684388 19.600000
-6.232422 -0.627036 0.699584 19.620000
-6.938229 -0.613055 0.698046 19.640000
-6.177390 -0.599251 0.681856 19.660000
-6.692980 -0.585675 0.675233 19.680000
-6.402514 -0.572347 0.657107 19.700000
-6.967833 -0.559360 0.641106 19.720000
-7.848869 -0.546815 0.612933 19.740000
-7.268526 -0.535008 0.567464 19.760000
-7.714970 -0.524030 0.530012 19.780000
-7.335131 -0.513897 0.483088 19.800000
-6.966862 -0.504650 0.441298 19.820000
-6.790019 -0.496189 0.404610 19.840000
-7.457155 -0.488443 0.369820 19.860000
-8.000000 -0.481520 0.322307 19.880000
-8.000000 -0.475650 0.264653 19.900000
-8.000000 -0.470935 0.206843 19.920000
-8.000000 -0.467376 0.149166 19.940000
-7.529917 -0.464966 0.091901 19.960000
-8.000000 -0.463612 0.043638 19.980000
