-0.142625 0.153259 -0.157184 0.000000
-0.352933 0.149823 -0.186166 0.020000
-0.365231 0.145779 -0.217978 0.040000
-0.428109 0.141111 -0.248568 0.060000
0.226048 0.135835 -0.278836 0.080000
0.930824 0.130098 -0.294608 0.100000
1.772585 0.124199 -0.295096 0.120000
1.703942 0.118468 -0.277892 0.140000
2.547868 0.113075 -0.261283 0.160000
2.166432 0.108187 -0.227378 0.180000
3.149955 0.103906 -0.200748 0.200000
2.925634 0.100354 -0.154493 0.220000
3.372739 0.097680 -0.112954 0.240000
3.308336 0.095921 -0.062983 0.260000
3.591278 0.095143 -0.015019 0.280000
3.396280 0.095371 0.037628 0.300000
4.247144 0.096601 0.085242 0.320000
3.753697 0.098940 0.148330 0.340000
3.718826 0.102425 0.199856 0.360000
4.603136 0.106915 0.248873 0.380000
3.993182 0.112541 0.313315 0.400000
3.930102 0.119310 0.363219 0.420000
4.722653 0.127041 0.409429 0.440000
4.173338 0.135826 0.468616 0.460000
3.705346 0.145657 0.513948 0.480000
4.526302 0.156272 0.547130 0.500000
4.183634 0.167684 0.593467 0.520000
4.290601 0.179922 0.629759 0.540000
3.993557 0.192873 0.664823 0.560000
4.354406 0.206434 0.690683 0.580000
4.510673 0.220548 0.720162 0.600000
4.872959 0.235247 0.749072 0.620000
5.725769 0.250556 0.781230 0.640000
6.348425 0.266633 0.825754 0.660000
7.149932 0.283676 0.877671 0.680000
7.691090 0.301860 0.939857 0.700000
8.000000 0.321336 1.006730 0.720000
8.000000 0.342147 1.073385 0.740000
7.579816 0.364229 1.133655 0.760000
8.000000 0.387372 1.179610 0.780000
7.199644 0.411447 1.226740 0.800000
7.177950 0.436251 1.252587 0.820000
6.430388 0.461504 1.271623 0.840000
7.238863 0.486941 1.271098 0.860000
6.288284 0.512450 1.278752 0.880000
5.686269 0.537885 1.263861 0.900000
5.247300 0.562865 1.233292 0.920000
4.399660 0.587111 1.190512 0.940000
4.582397 0.610317 1.129511 0.960000
5.217677 0.632297 1.067939 0.980000
5.105891 0.653114 1.013160 1.000000
5.442497 0.672784 0.953329 1.020000
5.020742 0.691280 0.895760 1.040000
4.984488 0.708532 0.829040 1.060000
4.026202 0.724421 0.759585 1.080000
3.166383 0.738761 0.674198 1.100000
2.762755 0.751257 0.575339 1.120000
3.313741 0.761715 0.470505 1.140000
3.200637 0.770159 0.373929 1.160000
3.984582 0.776660 0.276280 1.180000
3.666697 0.781327 0.190592 1.200000
3.277848 0.784245 0.101406 1.220000
3.079450 0.785338 0.008159 1.240000
2.686795 0.784556 -0.086048 1.260000
2.042251 0.781855 -0.183585 1.280000
2.040225 0.777139 -0.287618 1.300000
2.683042 0.770370 -0.388661 1.320000
2.614848 0.761706 -0.477235 1.340000
2.566072 0.751294 -0.563346 1.360000
2.554521 0.739190 -0.646466 1.380000
2.853783 0.725460 -0.725813 1.400000
1.894923 0.710230 -0.796534 1.420000
1.849489 0.693483 -0.877413 1.440000
1.073581 0.675157 -0.954348 1.460000
1.007371 0.655220 -1.038512 1.480000
0.432646 0.633640 -1.118592 1.500000
-0.095844 0.610419 -1.202566 1.520000
-0.629642 0.585488 -1.289578 1.540000
-0.042213 0.558787 -1.379604 1.560000
0.136572 0.530445 -1.453547 1.580000
-0.610835 0.500718 -1.518095 1.600000
-0.961865 0.469633 -1.589240 1.620000
-1.043845 0.437130 -1.659896 1.640000
-1.025020 0.403269 -1.725066 1.660000
-1.727521 0.368179 -1.782723 1.680000
-2.539159 0.331878 -1.846104 1.700000
-1.784021 0.294233 -1.917149 1.720000
-2.642870 0.255389 -1.965844 1.740000
-2.981083 0.215486 -2.023071 1.760000
-3.256127 0.174456 -2.078516 1.780000
-3.664353 0.132349 -2.130725 1.800000
-3.801805 0.089206 -2.182096 1.820000
-4.169609 0.045099 -2.227013 1.840000
-4.590105 0.000115 -2.269837 1.860000
-3.741274 -0.045713 -2.311325 1.880000
-3.927524 -0.092103 -2.326087 1.900000
-3.476527 -0.138729 -2.334915 1.920000
-2.917938 -0.185347 -2.325290 1.940000
-2.385395 -0.231571 -2.295587 1.960000
-1.821200 -0.277010 -2.247000 1.980000
-1.436683 -0.321290 -2.179743 2.000000
-0.763124 -0.364080 -2.098133 2.020000
-0.356618 -0.405048 -1.997755 2.040000
-0.262182 -0.443881 -1.884674 2.060000
-0.836305 -0.480388 -1.765440 2.080000
-1.107561 -0.514573 -1.652390 2.100000
-1.769918 -0.546507 -1.540357 2.120000
-1.683387 -0.576278 -1.436178 2.140000
-1.137355 -0.603918 -1.327419 2.160000
-1.736198 -0.629268 -1.207256 2.180000
-2.242295 -0.652293 -1.094863 2.200000
-1.846895 -0.673132 -0.988756 2.220000
-2.607926 -0.691772 -0.875132 2.240000
-1.971906 -0.708248 -0.772251 2.260000
-1.828948 -0.722562 -0.659113 2.280000
-1.238783 -0.734591 -0.543846 2.300000
-1.613086 -0.744232 -0.420403 2.320000
-1.196929 -0.751469 -0.303494 2.340000
-0.408513 -0.756320 -0.181903 2.360000
-0.183188 -0.758643 -0.050814 2.380000
-0.404071 -0.758336 0.081066 2.400000
-1.252362 -0.755452 0.206924 2.420000
-2.074563 -0.750203 0.317432 2.440000
-2.938829 -0.742895 0.412801 2.460000
-2.265109 -0.733840 0.492224 2.480000
-2.888999 -0.723129 0.578220 2.500000
-1.979595 -0.710829 0.651181 2.520000
-2.579132 -0.696970 0.734014 2.540000
-1.983848 -0.681588 0.803498 2.560000
-2.015108 -0.664767 0.877877 2.580000
-2.080248 -0.646508 0.947187 2.600000
-3.027844 -0.626921 1.010699 2.620000
-2.170991 -0.606266 1.053990 2.640000
-1.564039 -0.584654 1.106380 2.660000
-2.326204 -0.561944 1.163718 2.680000
-2.525731 -0.538270 1.202859 2.700000
-2.173637 -0.513900 1.233235 2.720000
-1.591888 -0.488915 1.264347 2.740000
-0.610451 -0.463260 1.300232 2.760000
-0.889960 -0.436768 1.348015 2.780000
-0.386815 -0.409429 1.384930 2.800000
0.491909 -0.381318 1.425180 2.820000
1.164151 -0.352299 1.475650 2.840000
0.818475 -0.322208 1.532400 2.860000
0.605488 -0.291112 1.576088 2.880000
-0.382279 -0.259249 1.609143 2.900000
-0.550445 -0.226980 1.616637 2.920000
-1.156902 -0.194658 1.614563 2.940000
-0.680585 -0.162557 1.594506 2.960000
0.042087 -0.130823 1.577949 2.980000
-0.553146 -0.099335 1.569800 3.000000
-0.863359 -0.068188 1.544017 3.020000
-1.187233 -0.037673 1.506617 3.040000
-0.377899 -0.008022 1.457690 3.060000
0.082091 0.020764 1.420085 3.080000
-0.229107 0.048841 1.386818 3.100000
0.011833 0.076144 1.342688 3.120000
0.560637 0.102568 1.298996 3.140000
0.860201 0.128184 1.261942 3.160000
1.446812 0.153077 1.226600 3.180000
0.693744 0.177336 1.198640 3.200000
1.467833 0.200848 1.151900 3.220000
2.275041 0.223539 1.116617 3.240000
1.331436 0.245644 1.093199 3.260000
1.166999 0.267060 1.047831 3.280000
1.332393 0.287505 0.996165 3.300000
1.160454 0.306919 0.944814 3.320000
0.569417 0.325247 0.887602 3.340000
0.072883 0.342297 0.817079 3.360000
0.356524 0.357827 0.735675 3.380000
0.902616 0.371770 0.658444 3.400000
1.227423 0.384259 0.590373 3.420000
1.264720 0.395438 0.527391 3.440000
1.025120 0.405357 0.464349 3.460000
1.110419 0.413965 0.396458 3.480000
0.825741 0.421230 0.329982 3.500000
0.610966 0.427114 0.258461 3.520000
0.459049 0.431533 0.183543 3.540000
-0.303541 0.434434 0.106715 3.560000
-1.282234 0.435671 0.017340 3.580000
-1.566892 0.434962 -0.087886 3.600000
-2.042053 0.432121 -0.195849 3.620000
-2.977535 0.427061 -0.309584 3.640000
-3.597426 0.419590 -0.436955 3.660000
-3.563326 0.409496 -0.571692 3.680000
-4.292298 0.396757 -0.701429 3.700000
-4.074733 0.381336 -0.839816 3.720000
-4.424644 0.363240 -0.968957 3.740000
-4.028739 0.342550 -1.099077 3.760000
-3.698447 0.319391 -1.215840 3.780000
-4.608233 0.294020 -1.320188 3.800000
-5.118229 0.266452 -1.435427 3.820000
-5.356634 0.236551 -1.553473 3.840000
-5.694509 0.204317 -1.668661 3.860000
-5.709528 0.169792 -1.782513 3.880000
-5.574738 0.133070 -1.888265 3.900000
-6.026301 0.094346 -1.982576 3.920000
-5.926452 0.053738 -2.076682 3.940000
-6.802513 0.011363 -2.159170 3.960000
-7.055621 -0.032737 -2.249037 3.980000
-6.513700 -0.078577 -2.333204 4.000000
-6.271789 -0.125883 -2.395502 4.020000
-7.041079 -0.174275 -2.441837 4.040000
-7.255356 -0.223631 -2.491795 4.060000
-6.554663 -0.273908 -2.533907 4.080000
-7.283072 -0.324772 -2.550507 4.100000
-8.000000 -0.375986 -2.568826 4.120000
-8.000000 -0.427574 -2.587849 4.140000
-7.385856 -0.479414 -2.593964 4.160000
-7.253456 -0.531140 -2.576611 4.180000
-6.980371 -0.582376 -2.544947 4.200000
-6.745839 -0.632816 -2.497213 4.220000
-5.944971 -0.682154 -2.434861 4.240000
-6.277909 -0.730020 -2.350261 4.260000
-5.662034 -0.776154 -2.261659 4.280000
-4.861653 -0.820345 -2.156110 4.300000
-5.234052 -0.862244 -2.032861 4.320000
-4.759901 -0.901669 -1.908631 4.340000
-5.637815 -0.938497 -1.773483 4.360000
-6.281944 -0.972682 -1.644269 4.380000
-6.957931 -1.004312 -1.517994 4.400000
-6.930506 -1.033447 -1.394882 4.420000
-7.541603 -1.060080 -1.267865 4.440000
-7.389522 -1.084201 -1.143702 4.460000
-7.960842 -1.105797 -1.015526 4.480000
-8.000000 -1.124859 -0.890435 4.500000
-7.376075 -1.141407 -0.764127 4.520000
-6.702912 -1.155367 -0.631826 4.540000
-6.036902 -1.166626 -0.494162 4.560000
-6.166363 -1.175087 -0.352136 4.580000
-5.999575 -1.180732 -0.212598 4.600000
-6.099408 -1.183592 -0.073779 4.620000
-6.554396 -1.183707 0.061816 4.640000
-6.914222 -1.181173 0.191089 4.660000
-6.469372 -1.176112 0.314342 4.680000
-5.640025 -1.168589 0.437305 4.700000
-4.649077 -1.158583 0.562634 4.720000
-4.357763 -1.146035 0.691420 4.740000
-5.330966 -1.130934 0.817805 4.760000
-5.692798 -1.113440 0.930707 4.780000
-5.820537 -1.093775 1.034791 4.800000
-6.270083 -1.072100 1.131714 4.820000
-6.097455 -1.048592 1.217980 4.840000
-5.463696 -1.023408 1.299301 4.860000
-5.623581 -0.996600 1.380377 4.880000
-5.549385 -0.968257 1.452675 4.900000
-5.589155 -0.938533 1.518533 4.920000
-4.879271 -0.907570 1.576438 4.940000
-3.997271 -0.875438 1.635505 4.960000
-3.428425 -0.842087 1.698315 4.980000
-4.362076 -0.807480 1.761126 5.000000
-5.289844 -0.771823 1.803234 5.020000
-5.481625 -0.735538 1.823937 5.040000
-5.951019 -0.698949 1.833560 5.060000
-5.010752 -0.662322 1.827770 5.080000
-5.258962 -0.625744 1.828734 5.100000
-4.853602 -0.589266 1.817771 5.120000
-5.114263 -0.553017 1.805808 5.140000
-5.071671 -0.517128 1.781861 5.160000
-4.695986 -0.481784 1.751337 5.180000
-3.917512 -0.447055 1.720414 5.200000
-3.181148 -0.412873 1.696704 5.220000
-3.402689 -0.379096 1.679822 5.240000
-2.887261 -0.345764 1.652339 5.260000
-3.495843 -0.312948 1.628265 5.280000
-4.082094 -0.280790 1.586570 5.300000
-4.695421 -0.249635 1.527983 5.320000
-4.673743 -0.219823 1.452399 5.340000
-4.517692 -0.191566 1.372643 5.360000
-4.451170 -0.164915 1.291793 5.380000
-4.295338 -0.139906 1.208522 5.400000
-3.344534 -0.116565 1.125018 5.420000
-3.996545 -0.094737 1.057319 5.440000
-3.933141 -0.074420 0.973889 5.460000
-4.579772 -0.055783 0.889479 5.480000
-5.542059 -0.038982 0.790437 5.500000
-5.585981 -0.024365 0.671202 5.520000
-5.964005 -0.012144 0.550819 5.540000
-6.601972 -0.002405 0.423188 5.560000
-7.452447 0.004662 0.283815 5.580000
-8.000000 0.008789 0.129274 5.600000
-7.028544 0.009742 -0.033541 5.620000
-7.597509 0.007663 -0.173779 5.640000
-8.000000 0.002700 -0.321828 5.660000
-8.000000 -0.005262 -0.473663 5.680000
-8.000000 -0.016214 -0.620645 5.700000
-8.000000 -0.030052 -0.762276 5.720000
-7.186018 -0.046666 -0.898072 5.740000
-8.000000 -0.065772 -1.011483 5.760000
-8.000000 -0.087244 -1.134602 5.780000
-7.818612 -0.111108 -1.250582 5.800000
-8.000000 -0.137181 -1.355442 5.820000
-8.000000 -0.165309 -1.455989 5.840000
-7.731776 -0.195365 -1.548212 5.860000
-7.769946 -0.227128 -1.626576 5.880000
-7.121132 -0.260377 -1.696850 5.900000
-6.487862 -0.294817 -1.745682 5.920000
-7.072363 -0.330025 -1.773714 5.940000
-6.714126 -0.365818 -1.804076 5.960000
-6.195372 -0.402062 -1.818924 5.980000
-7.031848 -0.438423 -1.815722 6.000000
-6.967432 -0.474786 -1.819170 6.020000
-6.953240 -0.511120 -1.812837 6.040000
-7.514032 -0.547241 -1.797807 6.060000
-6.557550 -0.583072 -1.783914 6.080000
-5.732813 -0.618384 -1.745989 6.100000
-6.472464 -0.652730 -1.687540 6.120000
-6.724959 -0.685959 -1.634197 6.140000
-6.995776 -0.718093 -1.578166 6.160000
-7.273269 -0.749084 -1.519850 6.180000
-7.372043 -0.778887 -1.459468 6.200000
-7.456173 -0.807438 -1.394671 6.220000
-8.000000 -0.834649 -1.325610 6.240000
-8.000000 -0.860501 -1.258684 6.260000
-8.000000 -0.884964 -1.186877 6.280000
-7.104583 -0.907946 -1.110666 6.300000
-8.000000 -0.929256 -1.019791 6.320000
-7.188524 -0.948824 -0.936509 6.340000
-6.826201 -0.966604 -0.841114 6.360000
-6.795373 -0.982416 -0.739758 6.380000
-7.669401 -0.996183 -0.636819 6.400000
-8.000000 -1.007977 -0.542447 6.420000
-7.113599 -1.017911 -0.450890 6.440000
-6.732087 -1.025919 -0.349864 6.460000
-6.950094 -1.031870 -0.245400 6.480000
-6.699915 -1.035763 -0.144160 6.500000
-6.899018 -1.037620 -0.041780 6.520000
-6.540805 -1.037467 0.056750 6.540000
-6.850655 -1.035329 0.156692 6.560000
-7.250539 -1.031248 0.250857 6.580000
-7.635184 -1.025355 0.337990 6.600000
-7.070944 -1.017790 0.417915 6.620000
-7.307914 -1.008603 0.500237 6.640000
-8.000000 -0.997832 0.576189 6.660000
-8.000000 -0.985657 0.640532 6.680000
-7.393926 -0.972239 0.700537 6.700000
-8.000000 -0.957598 0.762817 6.720000
-8.000000 -0.941828 0.813357 6.740000
-7.343829 -0.925097 0.858957 6.760000
-6.756265 -0.907425 0.907379 6.780000
-5.889788 -0.888764 0.957839 6.800000
-5.765954 -0.869037 1.013906 6.820000
-6.510420 -0.848228 1.066118 6.840000
-5.801258 -0.826528 1.102875 6.860000
-6.718895 -0.804055 1.143535 6.880000
-6.928000 -0.780953 1.165673 6.900000
-7.295315 -0.757496 1.179006 6.920000
-7.232937 -0.733885 1.181191 6.940000
-7.897432 -0.710278 1.178571 6.960000
-7.472823 -0.686880 1.160269 6.980000
-7.302211 -0.663837 1.143106 7.000000
-6.324238 -0.641164 1.123389 7.020000
-6.529644 -0.618779 1.114263 7.040000
-6.757536 -0.596660 1.096841 7.060000
-6.088012 -0.574975 1.070895 7.080000
-6.069341 -0.553742 1.051611 7.100000
-6.704970 -0.532937 1.028222 7.120000
-7.536037 -0.512751 0.989709 7.140000
-6.895690 -0.493518 0.932918 7.160000
-5.985147 -0.475344 0.883957 7.180000
-5.899677 -0.458020 0.847903 7.200000
-5.705429 -0.441434 0.810246 7.220000
-5.248310 -0.425595 0.773173 7.240000
-5.595834 -0.410442 0.741647 7.260000
-5.271229 -0.396010 0.701167 7.280000
-5.264601 -0.382351 0.664322 7.300000
-5.261549 -0.369450 0.625420 7.320000
-4.774089 -0.357347 0.584612 7.340000
-4.764043 -0.345986 0.551116 7.360000
-4.401998 -0.335312 0.516106 7.380000
-5.344332 -0.325284 0.486355 7.400000
-5.397331 -0.316045 0.437438 7.420000
-5.274470 -0.307803 0.386591 7.440000
-5.245628 -0.300562 0.337390 7.460000
-4.880849 -0.294305 0.288251 7.480000
-5.745792 -0.288965 0.245754 7.500000
-6.430224 -0.284641 0.186632 7.520000
-7.036036 -0.281628 0.114864 7.540000
-6.660145 -0.280156 0.032489 7.560000
-7.374823 -0.280246 -0.041253 7.580000
-6.463454 -0.281932 -0.126937 7.600000
-5.771152 -0.285135 -0.193035 7.620000
-5.511677 -0.289507 -0.243830 7.640000
-6.271878 -0.294825 -0.287637 7.660000
-5.577637 -0.301143 -0.343705 7.680000
-4.992766 -0.308424 -0.384033 7.700000
-4.008968 -0.316377 -0.410873 7.720000
-3.334731 -0.324658 -0.416939 7.740000
-4.332871 -0.332915 -0.408513 7.760000
-4.277814 -0.341176 -0.417220 7.780000
-3.549663 -0.349581 -0.422965 7.800000
-3.474320 -0.357946 -0.413293 7.820000
-4.422620 -0.366088 -0.400713 7.840000
-4.387848 -0.374141 -0.404227 7.860000
-4.130498 -0.382239 -0.405314 7.880000
-4.801282 -0.390294 -0.399941 7.900000
-3.995189 -0.398349 -0.405244 7.920000
-4.244172 -0.406344 -0.394019 7.940000
-3.649532 -0.414146 -0.385883 7.960000
-3.995127 -0.421662 -0.365524 7.980000
-4.768414 -0.428822 -0.350286 8.000000
-5.206946 -0.435805 -0.347778 8.020000
-5.620369 -0.442802 -0.351672 8.040000
-5.373104 -0.449935 -0.361325 8.060000
-5.190524 -0.457199 -0.364777 8.080000
-5.526972 -0.464483 -0.363312 8.100000
-6.238494 -0.471781 -0.366222 8.120000
-5.925200 -0.479246 -0.379962 8.140000
-4.934717 -0.486911 -0.386200 8.160000
-5.017311 -0.494508 -0.373281 8.180000
-5.671151 -0.501847 -0.360433 8.200000
-5.228125 -0.509030 -0.357588 8.220000
-6.038575 -0.516064 -0.345558 8.240000
-6.752060 -0.522984 -0.346167 8.260000
-6.432660 -0.530023 -0.357393 8.280000
-7.382168 -0.537212 -0.361276 8.300000
-7.115291 -0.544624 -0.379512 8.320000
-7.727038 -0.552333 -0.391048 8.340000
-8.000000 -0.560355 -0.410764 8.360000
-8.000000 -0.568793 -0.432634 8.380000
-8.000000 -0.577643 -0.451919 8.400000
-7.381703 -0.586852 -0.468573 8.420000
-7.705620 -0.596266 -0.472407 8.440000
-7.711183 -0.605786 -0.479159 8.460000
-8.000000 -0.615417 -0.483507 8.480000
-8.000000 -0.625157 -0.490036 8.500000
-8.000000 -0.635001 -0.493985 8.520000
-7.731523 -0.644899 -0.495385 8.540000
-7.392631 -0.654757 -0.490050 8.560000
-7.202099 -0.664432 -0.477101 8.580000
-7.209721 -0.673798 -0.459133 8.600000
-7.893781 -0.682786 -0.439430 8.620000
-6.967613 -0.691469 -0.428465 8.640000
-7.870154 -0.699771 -0.401518 8.660000
-7.636377 -0.707657 -0.386815 8.680000
-7.168078 -0.715197 -0.366975 8.700000
-6.960042 -0.722257 -0.338753 8.720000
-7.322605 -0.728709 -0.306389 8.740000
-8.000000 -0.734560 -0.278555 8.760000
-8.000000 -0.739946 -0.259850 8.780000
-8.000000 -0.744948 -0.240216 8.800000
-7.123980 -0.749549 -0.219770 8.820000
-6.494645 -0.753607 -0.185968 8.840000
-5.509436 -0.756896 -0.142886 8.860000
-5.268075 -0.759182 -0.085847 8.880000
-5.243854 -0.760300 -0.026104 8.900000
-6.200337 -0.760230 0.032913 8.920000
-6.141373 -0.759130 0.076901 8.940000
-5.331331 -0.757153 0.120519 8.960000
-5.215545 -0.754201 0.174396 8.980000
-4.714260 -0.750173 0.228133 9.000000
-4.421268 -0.745016 0.287112 9.020000
-4.613025 -0.738661 0.348014 9.040000
-5.589264 -0.731142 0.403486 9.060000
-4.759888 -0.722685 0.441769 9.080000
-4.044933 -0.713365 0.489720 9.100000
-4.713910 -0.703008 0.545425 9.120000
-3.714959 -0.691671 0.587701 9.140000
-3.619460 -0.679369 0.641985 9.160000
-2.702653 -0.666001 0.694140 9.180000
-3.435404 -0.651484 0.756875 9.200000
-2.668516 -0.635870 0.803943 9.220000
-3.368045 -0.619231 0.859204 9.240000
-4.261967 -0.601644 0.898786 9.260000
-3.824341 -0.583455 0.919358 9.280000
-4.538772 -0.564825 0.942963 9.300000
-5.218415 -0.545886 0.950233 9.320000
-6.123251 -0.526959 0.941763 9.340000
-5.551796 -0.508398 0.913766 9.360000
-5.422006 -0.490333 0.892074 9.380000
-4.452740 -0.472716 0.869112 9.400000
-4.660323 -0.455420 0.859904 9.420000
-3.720326 -0.438380 0.843511 9.440000
-3.728530 -0.421532 0.840726 9.460000
-4.559099 -0.404775 0.834365 9.480000
-4.185765 -0.388331 0.809510 9.500000
-4.050856 -0.372346 0.788546 9.520000
-3.605975 -0.356784 0.767166 9.540000
-2.697823 -0.341595 0.751263 9.560000
-2.465727 -0.326582 0.749546 9.580000
-2.473216 -0.311589 0.749213 9.600000
-1.807585 -0.296634 0.745754 9.620000
-1.617465 -0.281652 0.752007 9.640000
-1.776882 -0.266538 0.758807 9.660000
-2.413726 -0.251351 0.759454 9.680000
-2.900059 -0.236303 0.744873 9.700000
-2.521182 -0.221668 0.718231 9.720000
-3.170105 -0.207516 0.696543 9.740000
-2.674963 -0.193948 0.659914 9.760000
-3.046321 -0.181036 0.630963 9.780000
-3.497790 -0.168795 0.592822 9.800000
-4.329518 -0.157422 0.544233 9.820000
-3.347095 -0.147197 0.478135 9.840000
-3.067793 -0.138108 0.430633 9.860000
-2.198079 -0.129922 0.387816 9.880000
-1.720065 -0.122429 0.361366 9.900000
-1.889816 -0.115379 0.343403 9.920000
-2.246548 -0.108733 0.321107 9.940000
-2.832919 -0.102611 0.290968 9.960000
-2.537660 -0.097213 0.248731 9.980000
-1.702448 -0.092604 0.212159 10.000000
-1.150922 -0.088563 0.191931 10.020000
-0.896257 -0.084820 0.182224 10.040000
-0.267439 -0.081227 0.177019 10.060000
-0.620165 -0.077619 0.183632 10.080000
-0.685736 -0.073957 0.182442 10.100000
-0.416894 -0.070339 0.179273 10.120000
0.121883 -0.066737 0.180776 10.140000
0.179992 -0.063006 0.192187 10.160000
0.567816 -0.059044 0.203776 10.180000
1.396330 -0.054785 0.222009 10.200000
0.506535 -0.050008 0.255397 10.220000
-0.096708 -0.044756 0.269552 10.240000
-0.520617 -0.039354 0.270459 10.260000
-1.258043 -0.034029 0.261915 10.280000
-0.673146 -0.029030 0.237938 10.300000
-1.315629 -0.024398 0.225080 10.320000
-2.036646 -0.020158 0.198892 10.340000
-2.820198 -0.016588 0.158183 10.360000
-2.287962 -0.013985 0.102161 10.380000
-2.229941 -0.012391 0.057381 10.400000
-2.777160 -0.011674 0.014413 10.420000
-2.598603 -0.011918 -0.038588 10.440000
-2.398578 -0.013174 -0.086857 10.460000
-2.732697 -0.015344 -0.129873 10.480000
-3.064769 -0.018426 -0.178143 10.500000
-3.907010 -0.022524 -0.231333 10.520000
-3.204973 -0.027834 -0.299226 10.540000
-3.437725 -0.034337 -0.350716 10.560000
-4.086026 -0.041893 -0.404414 10.580000
-4.849102 -0.050625 -0.468273 10.600000
-4.909816 -0.060754 -0.544091 10.620000
-5.898958 -0.072376 -0.617435 10.640000
-5.034517 -0.085621 -0.706363 10.660000
-5.246352 -0.100429 -0.773626 10.680000
-5.950449 -0.116578 -0.840584 10.700000
-5.418356 -0.134159 -0.916596 10.720000
-5.641177 -0.153102 -0.976869 10.740000
-5.977137 -0.173242 -1.036233 10.760000
-4.986853 -0.194580 -1.096598 10.780000
-4.654244 -0.216874 -1.131910 10.800000
-5.412711 -0.239756 -1.155344 10.820000
-4.851006 -0.263199 -1.187989 10.840000
-4.378953 -0.287129 -1.204179 10.860000
-4.359402 -0.311240 -1.205988 10.880000
-4.395875 -0.335331 -1.202300 10.900000
-3.717314 -0.359305 -1.194277 10.920000
-3.668152 -0.382944 -1.168832 10.940000
-3.758657 -0.406020 -1.138145 10.960000
-4.630207 -0.428459 -1.104993 10.980000
-5.510798 -0.450351 -1.083521 11.000000
-5.922534 -0.471928 -1.073429 11.020000
-6.571163 -0.493330 -1.065980 11.040000
-5.649082 -0.514649 -1.065090 11.060000
-5.276014 -0.535742 -1.043472 11.080000
-6.206083 -0.556296 -1.011303 11.100000
-5.750423 -0.576325 -0.990853 11.120000
-6.255179 -0.595827 -0.958747 11.140000
-7.218080 -0.614733 -0.931186 11.160000
-6.805853 -0.633205 -0.915351 11.180000
-6.041614 -0.651254 -0.888889 11.200000
-5.896409 -0.668616 -0.846811 11.220000
-5.551735 -0.685084 -0.799494 11.240000
-5.457466 -0.700526 -0.744284 11.260000
-5.501477 -0.714827 -0.685488 11.280000
-4.867460 -0.727940 -0.625531 11.300000
-5.282822 -0.739744 -0.554728 11.320000
-4.710368 -0.750184 -0.489057 11.340000
-5.229561 -0.759218 -0.414351 11.360000
-5.510306 -0.766831 -0.346850 11.380000
-6.269864 -0.773131 -0.283206 11.400000
-6.462254 -0.778267 -0.230333 11.420000
-6.111020 -0.782372 -0.180175 11.440000
-5.372714 -0.785426 -0.125268 11.460000
-6.020255 -0.787283 -0.060572 11.480000
-6.371977 -0.787946 -0.005938 11.500000
-5.545523 -0.787576 0.042730 11.520000
-5.522560 -0.786129 0.101787 11.540000
-4.693983 -0.783512 0.159559 11.560000
-4.616883 -0.779642 0.227137 11.580000
-3.774341 -0.774431 0.293542 11.600000
-4.420311 -0.767797 0.369397 11.620000
-4.757287 -0.759767 0.433105 11.640000
-5.286570 -0.750542 0.488955 11.660000
-5.959255 -0.740307 0.533988 11.680000
-5.698388 -0.729302 0.565971 11.700000
-5.880005 -0.717650 0.598662 11.720000
-6.661895 -0.705405 0.625347 11.740000
-7.363443 -0.692777 0.636870 11.760000
-7.874870 -0.680059 0.634454 11.780000
-7.100277 -0.667499 0.621102 11.800000
-6.913970 -0.655112 0.617017 11.820000
-7.383392 -0.642808 0.612996 11.840000
-8.000000 -0.630686 0.598677 11.860000
-7.283886 -0.618977 0.571839 11.880000
-7.031452 -0.607712 0.554261 11.900000
-6.423528 -0.596781 0.538469 11.920000
-7.239067 -0.586088 0.530405 11.940000
-7.256521 -0.575715 0.506550 11.960000
-8.000000 -0.565842 0.480439 11.980000
-8.000000 -0.556635 0.440077 12.000000
-8.000000 -0.548248 0.398328 12.020000
-7.358419 -0.540709 0.355430 12.040000
-6.704835 -0.533928 0.322525 12.060000
-6.182132 -0.527702 0.299869 12.080000
-6.638533 -0.521850 0.285206 12.100000
-6.528852 -0.516380 0.261685 12.120000
-6.765648 -0.511368 0.239297 12.140000
-7.409583 -0.506853 0.212149 12.160000
-6.530682 -0.502997 0.173392 12.180000
-6.477053 -0.499765 0.149818 12.200000
-7.291818 -0.496997 0.126946 12.220000
-7.915440 -0.494830 0.089760 12.240000
-7.151163 -0.493513 0.042018 12.260000
-7.528019 -0.493011 0.008335 12.280000
-7.582818 -0.493242 -0.031290 12.300000
-8.000000 -0.494266 -0.070933 12.320000
-7.201417 -0.496145 -0.116711 12.340000
-7.137145 -0.498785 -0.147123 12.360000
-6.906271 -0.502010 -0.175116 12.380000
-7.656252 -0.505740 -0.197720 12.400000
-6.714344 -0.510039 -0.231910 12.420000
-7.337425 -0.514841 -0.248052 12.440000
-8.000000 -0.520059 -0.273427 12.460000
-7.635664 -0.525880 -0.308341 12.480000
-6.802558 -0.532316 -0.334816 12.500000
-6.723058 -0.539116 -0.344961 12.520000
-6.062982 -0.546088 -0.351932 12.540000
-5.212958 -0.553070 -0.345975 12.560000
-4.275123 -0.559774 -0.324277 12.580000
-4.967355 -0.565877 -0.285894 12.600000
-4.820643 -0.571323 -0.258616 12.620000
-3.830884 -0.576193 -0.228322 12.640000
-3.901624 -0.580289 -0.181248 12.660000
-4.872413 -0.583456 -0.135536 12.680000
-4.939440 -0.585873 -0.106194 12.700000
-4.484223 -0.587716 -0.078081 12.720000
-4.199791 -0.588923 -0.042695 12.740000
-3.504239 -0.589380 -0.003150 12.760000
-2.601473 -0.588939 0.047067 12.780000
-3.310191 -0.587356 0.110962 12.800000
-3.175242 -0.584629 0.161486 12.820000
-4.060434 -0.580885 0.212600 12.840000
-3.269439 -0.576284 0.247201 12.860000
-4.059763 -0.570877 0.293243 12.880000
-4.815443 -0.564701 0.324025 12.900000
-5.755884 -0.558056 0.340199 12.920000
-6.329937 -0.551263 0.338772 12.940000
-5.887798 -0.544612 0.326152 12.960000
-6.695685 -0.538150 0.319775 12.980000
-7.619249 -0.531968 0.298324 13.000000
-6.642004 -0.526382 0.260126 13.020000
-6.008371 -0.521398 0.238159 13.040000
-6.062060 -0.516751 0.226400 13.060000
-6.871123 -0.512357 0.212919 13.080000
-7.583820 -0.508379 0.184766 13.100000
-7.571207 -0.505092 0.143970 13.120000
-7.140421 -0.502617 0.103503 13.140000
-6.731966 -0.500875 0.070808 13.160000
-6.124799 -0.499712 0.045515 13.180000
-6.408442 -0.498946 0.031056 13.200000
-6.784362 -0.498518 0.011813 13.220000
-6.042420 -0.498537 -0.013636 13.240000
-6.674015 -0.498930 -0.025626 13.260000
-7.564920 -0.499670 -0.048233 13.280000
-8.000000 -0.501010 -0.085634 13.300000
-8.000000 -0.503163 -0.129426 13.320000
-8.000000 -0.506177 -0.171713 13.340000
-8.000000 -0.510021 -0.212317 13.360000
-7.549988 -0.514658 -0.251069 13.380000
-8.000000 -0.519972 -0.280076 13.400000
-7.767104 -0.525925 -0.314864 13.420000
-8.000000 -0.532512 -0.343428 13.440000
-7.176934 -0.539687 -0.373704 13.460000
-6.889159 -0.547304 -0.387592 13.480000
-7.786949 -0.555128 -0.394496 13.500000
-8.000000 -0.563222 -0.414454 13.520000
-8.000000 -0.571726 -0.435530 13.540000
-7.749525 -0.580626 -0.454021 13.560000
-7.542321 -0.589828 -0.465754 13.580000
-6.810143 -0.599205 -0.471562 13.600000
-6.409714 -0.608554 -0.463027 13.620000
-6.740598 -0.617647 -0.445993 13.640000
-7.409931 -0.626436 -0.432552 13.660000
-6.778752 -0.635045 -0.428035 13.680000
-7.659495 -0.643443 -0.411504 13.700000
-8.000000 -0.651634 -0.407259 13.720000
-7.201005 -0.659774 -0.406433 13.740000
-7.437808 -0.667753 -0.391137 13.760000
-7.270997 -0.675446 -0.377930 13.780000
-7.631510 -0.682834 -0.360576 13.800000
-7.625263 -0.689915 -0.347343 13.820000
-7.295740 -0.696717 -0.332570 13.840000
-7.158003 -0.703159 -0.311470 13.860000
-6.286895 -0.709148 -0.287210 13.880000
-5.586037 -0.714511 -0.249006 13.900000
-5.476518 -0.719000 -0.199969 13.920000
-5.465931 -0.722494 -0.149399 13.940000
-5.466626 -0.724977 -0.099025 13.960000
-4.651171 -0.726458 -0.049229 13.980000
-5.518396 -0.726830 0.011853 14.000000
-4.817494 -0.726121 0.058850 14.020000
-4.275757 -0.724380 0.115038 14.040000
-4.582171 -0.721450 0.177672 14.060000
-4.641927 -0.717332 0.233788 14.080000
-5.044383 -0.712121 0.286938 14.100000
-5.736398 -0.705930 0.331804 14.120000
-6.313234 -0.698969 0.363921 14.140000
-6.427496 -0.691476 0.385025 14.160000
-7.005654 -0.683600 0.402199 14.180000
-7.055629 -0.675492 0.408280 14.200000
-6.320352 -0.667291 0.411521 14.220000
-5.635845 -0.658930 0.424198 14.240000
-5.008164 -0.650230 0.445417 14.260000
-4.659284 -0.641030 0.474158 14.280000
-4.095755 -0.631225 0.505847 14.300000
-3.727256 -0.620723 0.543808 14.320000
-3.902137 -0.609433 0.584745 14.340000
-3.224498 -0.597383 0.619667 14.360000
-4.181463 -0.584556 0.662505 14.380000
-4.858559 -0.571065 0.686023 14.400000
-5.006145 -0.557251 0.694900 14.420000
-5.420916 -0.543315 0.698117 14.440000
-5.645162 -0.529417 0.691182 14.460000
-6.538281 -0.515726 0.677477 14.480000
-6.705311 -0.502491 0.645578 14.500000
-7.065567 -0.489948 0.608405 14.520000
-6.878917 -0.478232 0.562816 14.540000
-6.523184 -0.467414 0.518755 14.560000
-6.729085 -0.457429 0.479433 14.580000
-7.651517 -0.448283 0.435010 14.600000
-7.457828 -0.440202 0.372963 14.620000
-6.955533 -0.433333 0.313827 14.640000
-7.659937 -0.427560 0.263400 14.660000
-8.000000 -0.422926 0.200044 14.680000
-8.000000 -0.419618 0.130845 14.700000
-7.307747 -0.417688 0.062384 14.720000
-8.000000 -0.416990 0.007499 14.740000
-8.000000 -0.417506 -0.058857 14.760000
-7.626452 -0.419334 -0.123614 14.780000
-7.340334 -0.422371 -0.179746 14.800000
-7.201310 -0.426459 -0.228749 14.820000
-6.932583 -0.431482 -0.273197 14.840000
-6.065611 -0.437324 -0.310654 14.860000
-5.508406 -0.443737 -0.330399 14.880000
-5.158914 -0.450427 -0.338314 14.900000
-5.662275 -0.457196 -0.338355 14.920000
-4.766333 -0.464041 -0.345833 14.940000
-4.286396 -0.470860 -0.335791 14.960000
-5.222225 -0.477380 -0.316051 14.980000
-5.315044 -0.483660 -0.311786 15.000000
-4.871518 -0.489859 -0.307859 15.020000
-4.387528 -0.495888 -0.294919 15.040000
-4.522564 -0.501564 -0.272549 15.060000
-4.934896 -0.506809 -0.251806 15.080000
-5.817145 -0.511704 -0.237525 15.100000
-6.498417 -0.516458 -0.237696 15.120000
-5.931441 -0.521322 -0.248497 15.140000
-6.522456 -0.526291 -0.248216 15.160000
-7.448096 -0.531344 -0.256911 15.180000
-6.978869 -0.536717 -0.280004 15.200000
-7.754972 -0.542453 -0.293319 15.220000
-8.000000 -0.548570 -0.318105 15.240000
-8.000000 -0.555205 -0.344966 15.260000
-7.102227 -0.562354 -0.369581 15.280000
-6.941156 -0.569822 -0.376881 15.300000
-7.686570 -0.577389 -0.379557 15.320000
-7.803783 -0.585115 -0.392703 15.340000
-8.000000 -0.593102 -0.405587 15.360000
-8.000000 -0.601356 -0.419421 15.380000
-8.000000 -0.609863 -0.430888 15.400000
-8.000000 -0.618576 -0.439976 15.420000
-7.759246 -0.627446 -0.446686 15.440000
-7.781007 -0.636389 -0.447186 15.460000
-7.186430 -0.645322 -0.445810 15.480000
-6.439566 -0.654113 -0.432886 15.500000
-6.459120 -0.662508 -0.406449 15.520000
-6.303442 -0.670365 -0.378958 15.540000
-6.036897 -0.677634 -0.347851 15.560000
-5.200455 -0.684231 -0.311667 15.580000
-6.139667 -0.689968 -0.261998 15.600000
-5.687762 -0.694854 -0.226489 15.620000
-6.256731 -0.698956 -0.183799 15.640000
-5.701614 -0.702292 -0.149748 15.660000
-4.711691 -0.704862 -0.107313 15.680000
-5.391675 -0.706437 -0.050337 15.700000
-4.777672 -0.706985 -0.004510 15.720000
-5.296255 -0.706531 0.049666 15.740000
-4.667349 -0.705085 0.094753 15.760000
-4.469986 -0.702654 0.148025 15.780000
-4.828437 -0.699145 0.202611 15.800000
-4.326374 -0.694617 0.249845 15.820000
-3.561889 -0.689088 0.302743 15.840000
-2.843543 -0.682405 0.365064 15.860000
-3.382038 -0.674392 0.435793 15.880000
-3.950714 -0.665078 0.495141 15.900000
-4.283861 -0.654696 0.542502 15.920000
-4.746238 -0.643451 0.581488 15.940000
-4.560178 -0.631531 0.609953 15.960000
-3.818733 -0.619044 0.638253 15.980000
-3.303717 -0.605903 0.675311 16.000000
-2.946399 -0.591970 0.717317 16.020000
-2.567594 -0.577175 0.761554 16.040000
-3.333812 -0.561470 0.808268 16.060000
-3.696119 -0.545000 0.838064 16.080000
-2.880499 -0.528036 0.857755 16.100000
-3.710622 -0.510576 0.887560 16.120000
-4.619092 -0.492705 0.898873 16.140000
-4.767381 -0.474807 0.890351 16.160000
-3.956084 -0.457141 0.875560 16.180000
-4.880685 -0.439662 0.871750 16.200000
-4.786208 -0.422462 0.847753 16.220000
-5.473488 -0.405756 0.822271 16.240000
-4.810708 -0.389717 0.781209 16.260000
-4.955701 -0.374404 0.749682 16.280000
-4.122023 -0.359774 0.712873 16.300000
-3.465986 -0.345749 0.689192 16.320000
-4.335550 -0.332100 0.675326 16.340000
-5.332805 -0.318916 0.642653 16.360000
-4.736597 -0.306596 0.589136 16.380000
-4.074607 -0.295248 0.545393 16.400000
-3.934122 -0.284664 0.512745 16.420000
-4.140951 -0.274721 0.481274 16.440000
-4.771201 -0.265462 0.444482 16.460000
-4.984524 -0.257070 0.394515 16.480000
-4.418901 -0.249726 0.339781 16.500000
-5.340173 -0.243372 0.295542 16.520000
-4.707627 -0.238085 0.233236 16.540000
-5.382922 -0.233919 0.183339 16.560000
-4.854078 -0.230880 0.120655 16.580000
-5.531673 -0.228986 0.068886 16.600000
-6.166802 -0.228251 0.004793 16.620000
-6.798426 -0.228909 -0.070292 16.640000
-6.659280 -0.231173 -0.155755 16.660000
-7.473079 -0.235096 -0.236162 16.680000
-6.989343 -0.240759 -0.329590 16.700000
-7.527391 -0.248164 -0.410407 16.720000
-7.181638 -0.257256 -0.498109 16.740000
-6.740717 -0.267996 -0.575220 16.760000
-7.494963 -0.280153 -0.639821 16.780000
-7.275405 -0.293705 -0.714598 16.800000
-6.574142 -0.308664 -0.780479 16.820000
-6.484193 -0.324759 -0.828301 16.840000
-6.971315 -0.341748 -0.869762 16.860000
-6.680403 -0.359609 -0.915525 16.880000
-7.347912 -0.378281 -0.950800 16.900000
-6.572801 -0.397730 -0.993245 16.920000
-6.996276 -0.417832 -1.016100 16.940000
-7.498876 -0.438417 -1.041449 16.960000
-6.785697 -0.459544 -1.070372 16.980000
-7.621073 -0.481067 -1.081013 17.000000
-7.240659 -0.502896 -1.100950 17.020000
-6.488431 -0.525001 -1.108596 17.040000
-6.220134 -0.547075 -1.097981 17.060000
-5.419193 -0.568842 -1.077968 17.080000
-4.453208 -0.590030 -1.040139 17.100000
-5.039501 -0.610263 -0.982692 17.120000
-4.454428 -0.629413 -0.931708 17.140000
-4.741277 -0.647418 -0.868422 17.160000
-4.115396 -0.664179 -0.807276 17.180000
-4.502178 -0.679597 -0.734248 17.200000
-3.656459 -0.693598 -0.665618 17.220000
-3.470908 -0.706084 -0.582802 17.240000
-2.601848 -0.716878 -0.496578 17.260000
-3.501396 -0.725816 -0.397248 17.280000
-3.748837 -0.732905 -0.311732 17.300000
-4.149519 -0.738325 -0.230350 17.320000
-3.536186 -0.742183 -0.155542 17.340000
-2.847151 -0.744463 -0.072663 17.360000
-1.986479 -0.744998 0.018875 17.380000
-2.429010 -0.743595 0.121058 17.400000
-2.088187 -0.740236 0.214353 17.420000
-3.037544 -0.734988 0.310038 17.440000
-2.148124 -0.727995 0.388784 17.460000
-2.301602 -0.719324 0.477721 17.480000
-2.266577 -0.708932 0.560940 17.500000
-1.890542 -0.696906 0.641055 17.520000
-2.359925 -0.683258 0.723044 17.540000
-1.435549 -0.668084 0.793645 17.560000
-2.359834 -0.651396 0.874424 17.580000
-2.919166 -0.633284 0.935958 17.600000
-2.703383 -0.614079 0.983844 17.620000
-1.943819 -0.593927 1.030522 17.640000
-1.050026 -0.572764 1.084888 17.660000
-1.094136 -0.550415 1.149157 17.680000
-0.280409 -0.526841 1.207354 17.700000
-0.038562 -0.502017 1.274104 17.720000
0.180608 -0.475873 1.339355 17.740000
-0.074658 -0.448443 1.402568 17.760000
-0.023043 -0.419857 1.455084 17.780000
0.264792 -0.390272 1.502327 17.800000
0.514834 -0.359753 1.548538 17.820000
0.074992 -0.328327 1.592925 17.840000
0.579064 -0.296163 1.622405 17.860000
1.451039 -0.263379 1.654882 17.880000
1.613542 -0.229845 1.697348 17.900000
1.000657 -0.195500 1.735925 17.920000
1.986013 -0.160575 1.755412 17.940000
2.821116 -0.125137 1.787200 17.960000
2.845850 -0.088971 1.828085 17.980000
3.032467 -0.052060 1.861766 18.000000
3.937873 -0.014515 1.891366 18.020000
4.662411 0.023722 1.930991 18.040000
5.521262 0.062812 1.976594 18.060000
5.695701 0.102897 2.030346 18.080000
5.535994 0.143998 2.078169 18.100000
5.202821 0.185929 2.113275 18.120000
5.702183 0.228400 2.132323 18.140000
6.665389 0.271255 2.151515 18.160000
5.817616 0.314580 2.179231 18.180000
6.259421 0.358196 2.180747 18.200000
7.105869 0.401827 2.180668 18.220000
7.237427 0.445510 2.185958 18.240000
6.514424 0.489219 2.183165 18.260000
7.089283 0.532642 2.157538 18.280000
6.854018 0.575555 2.132055 18.300000
6.297331 0.617821 2.093032 18.320000
6.732208 0.659126 2.036032 18.340000
5.991318 0.699275 1.977503 18.360000
6.830244 0.738060 1.899839 18.380000
7.163568 0.775344 1.827295 18.400000
6.170638 0.811152 1.752293 18.420000
5.662541 0.845256 1.657211 18.440000
6.386647 0.877338 1.550169 18.460000
6.353661 0.907325 1.447719 18.480000
7.204387 0.935214 1.340560 18.500000
6.294799 0.961021 1.239535 18.520000
5.615781 0.984669 1.124729 18.540000
4.724583 1.005920 1.000138 18.560000
5.477631 1.024571 0.864761 18.580000
5.802141 1.040585 0.736574 18.600000
5.441862 1.054064 0.611309 18.620000
5.313629 1.065003 0.482645 18.640000
5.682006 1.073362 0.353491 18.660000
5.945463 1.079185 0.229045 18.680000
4.986423 1.082559 0.108641 18.700000
4.403634 1.083455 -0.018693 18.720000
4.580220 1.081775 -0.148847 18.740000
4.208835 1.077538 -0.274275 18.760000
3.229233 1.070791 -0.399777 18.780000
3.033287 1.061479 -0.530836 18.800000
3.413596 1.049567 -0.659612 18.820000
3.048854 1.035162 -0.780081 18.840000
3.814337 1.018359 -0.899448 18.860000
4.532653 0.999299 -1.005624 18.880000
3.663939 0.978248 -1.098495 18.900000
2.897533 0.955301 -1.195273 18.920000
3.095054 0.930389 -1.294949 18.940000
4.023572 0.903568 -1.386079 18.960000
4.722365 0.875104 -1.459167 18.980000
5.382451 0.845337 -1.516376 19.000000
4.786470 0.814585 -1.557612 19.020000
5.402354 0.782999 -1.599697 19.040000
6.003785 0.750733 -1.625635 19.060000
6.811476 0.718112 -1.635244 19.080000
6.398356 0.685496 -1.625124 19.100000
5.519104 0.653093 -1.613961 19.120000
5.229363 0.620846 -1.609548 19.140000
4.757563 0.588710 -1.602815 19.160000
4.785371 0.556700 -1.597047 19.180000
5.729241 0.524878 -1.584072 19.200000
5.778272 0.493545 -1.548226 19.220000
4.962602 0.462999 -1.505275 19.240000
5.193071 0.433227 -1.470958 19.260000
5.275513 0.404241 -1.426762 19.280000
6.050505 0.376208 -1.375690 19.300000
6.430709 0.349390 -1.305273 19.320000
5.456657 0.324097 -1.223321 19.340000
4.978789 0.300299 -1.155844 19.360000
5.574403 0.277797 -1.093743 19.380000
6.248282 0.256687 -1.016833 19.400000
6.753527 0.237273 -0.924130 19.420000
7.715656 0.219834 -0.819503 19.440000
7.765897 0.204690 -0.694755 19.460000
7.100912 0.192057 -0.568431 19.480000
6.875783 0.181823 -0.455039 19.500000
7.471849 0.173810 -0.346308 19.520000
7.697446 0.168082 -0.226621 19.540000
8.000000 0.164780 -0.103922 19.560000
8.000000 0.163972 0.022703 19.580000
8.000000 0.165671 0.146722 19.600000
8.000000 0.169820 0.267647 19.620000
7.697727 0.176353 0.385011 19.640000
7.818974 0.185134 0.492481 19.660000
7.727545 0.196047 0.598025 19.680000
7.105630 0.209006 0.697070 19.700000
7.657348 0.223776 0.779046 19.720000
7.787620 0.240241 0.866589 19.740000
7.247618 0.258427 0.951006 19.760000
7.153042 0.278138 1.019131 19.780000
6.897800 0.299134 1.079509 19.800000
7.681474 0.321229 1.128978 19.820000
7.906581 0.344400 1.186994 19.840000
7.574199 0.368706 1.242481 19.860000
6.579333 0.393991 1.284867 19.880000
6.086095 0.419873 1.302256 19.900000
5.562963 0.445950 1.304447 19.920000
5.300679 0.471918 1.291394 19.940000
4.964720 0.497523 1.268253 19.960000
4.508507 0.522555 1.234176 19.980000
