-0.199714 -0.111752 -0.154941 0.000000
0.502484 -0.114640 -0.133875 0.020000
0.356863 -0.116968 -0.098907 0.040000
0.112246 -0.118627 -0.067114 0.060000
-0.501826 -0.119703 -0.040500 0.080000
-1.072184 -0.120371 -0.026321 0.100000
-1.861860 -0.120869 -0.023525 0.120000
-1.817081 -0.121467 -0.036205 0.140000
-1.501486 -0.122306 -0.047611 0.160000
-2.102709 -0.123307 -0.052406 0.180000
-1.170450 -0.124519 -0.068706 0.200000
-1.140597 -0.125867 -0.066109 0.220000
-2.020935 -0.127156 -0.062719 0.240000
-2.885728 -0.128548 -0.076429 0.260000
-2.473448 -0.130380 -0.106535 0.280000
-3.443227 -0.132722 -0.127532 0.300000
-3.372267 -0.135666 -0.166624 0.320000
-3.857779 -0.139363 -0.202879 0.340000
-4.747687 -0.143866 -0.247111 0.360000
-4.482144 -0.149410 -0.306884 0.380000
-4.972827 -0.156073 -0.359017 0.400000
-4.738484 -0.163850 -0.418228 0.420000
-4.991612 -0.172737 -0.469960 0.440000
-5.834576 -0.182678 -0.523650 0.460000
-5.273917 -0.193826 -0.590476 0.480000
-5.276026 -0.206162 -0.642595 0.500000
-4.327743 -0.219505 -0.691008 0.520000
-4.859786 -0.233593 -0.717247 0.540000
-5.263063 -0.248274 -0.750198 0.560000
-5.160121 -0.263653 -0.787041 0.580000
-4.494118 -0.279709 -0.817816 0.600000
-5.064871 -0.296212 -0.831836 0.620000
-5.464508 -0.313065 -0.852833 0.640000
-5.664867 -0.330373 -0.877242 0.660000
-5.971332 -0.348163 -0.901071 0.680000
-6.832485 -0.366443 -0.926133 0.700000
-6.769908 -0.385337 -0.962410 0.720000
-7.714992 -0.404894 -0.992387 0.740000
-7.606182 -0.425170 -1.034295 0.760000
-7.645882 -0.446207 -1.068464 0.780000
-8.000000 -0.467877 -1.097534 0.800000
-7.025559 -0.490132 -1.126947 0.820000
-6.530632 -0.512744 -1.133335 0.840000
-5.828894 -0.535344 -1.125742 0.860000
-6.503340 -0.557621 -1.101197 0.880000
-6.231771 -0.579475 -1.083413 0.900000
-6.901601 -0.600881 -1.056473 0.920000
-6.946430 -0.621814 -1.036064 0.940000
-6.362043 -0.642301 -1.011859 0.960000
-5.978188 -0.662167 -0.974136 0.980000
-6.773859 -0.681181 -0.926726 1.000000
-6.576431 -0.699337 -0.888219 1.020000
-6.118035 -0.716657 -0.843337 1.040000
-5.405437 -0.732982 -0.788646 1.060000
-5.121824 -0.748082 -0.721081 1.080000
-4.619958 -0.761772 -0.647666 1.100000
-4.504505 -0.773909 -0.565837 1.120000
-4.428378 -0.784385 -0.481709 1.140000
-5.130870 -0.793164 -0.396256 1.160000
-6.094338 -0.800333 -0.320636 1.180000
-6.783299 -0.806124 -0.258417 1.200000
-6.685486 -0.810765 -0.205700 1.220000
-6.820662 -0.814339 -0.151745 1.240000
-6.998361 -0.816856 -0.099996 1.260000
-6.805113 -0.818367 -0.051214 1.280000
-7.543557 -0.818883 -0.000546 1.300000
-8.000000 -0.818496 0.039140 1.320000
-7.725590 -0.817386 0.071676 1.340000
-7.948236 -0.815598 0.106931 1.360000
-7.073322 -0.813147 0.137941 1.380000
-6.967072 -0.809969 0.179570 1.400000
-6.875815 -0.805961 0.220982 1.420000
-5.943833 -0.801130 0.261793 1.440000
-4.954523 -0.795374 0.313448 1.460000
-5.091181 -0.788470 0.376451 1.480000
-5.057627 -0.780353 0.434740 1.500000
-5.075399 -0.771096 0.490533 1.520000
-5.738570 -0.760756 0.542919 1.540000
-5.523949 -0.749497 0.582434 1.560000
-5.908113 -0.737449 0.621737 1.580000
-5.562084 -0.724707 0.651903 1.600000
-5.201899 -0.711345 0.683724 1.620000
-5.645596 -0.697328 0.717353 1.640000
-5.448410 -0.682744 0.740463 1.660000
-4.725877 -0.667704 0.762888 1.680000
-5.456330 -0.652140 0.792821 1.700000
-5.493090 -0.636133 0.807259 1.720000
-5.666290 -0.619881 0.817267 1.740000
-5.644569 -0.603496 0.820658 1.760000
-4.957160 -0.587076 0.820672 1.780000
-5.296035 -0.570579 0.828405 1.800000
-5.055403 -0.554022 0.826728 1.820000
-5.441967 -0.537493 0.825516 1.840000
-5.350493 -0.521091 0.814128 1.860000
-5.923376 -0.504935 0.800930 1.880000
-6.712807 -0.489176 0.774489 1.900000
-7.139230 -0.474114 0.731223 1.920000
-7.192922 -0.460019 0.677869 1.940000
-7.567086 -0.447023 0.621409 1.960000
-8.000000 -0.435242 0.556434 1.980000
-8.000000 -0.424853 0.482298 2.000000
-7.376993 -0.415956 0.407297 2.020000
-7.387207 -0.408451 0.343108 2.040000
-7.024607 -0.402236 0.278384 2.060000
-7.206828 -0.397250 0.220239 2.080000
-7.786067 -0.393459 0.158893 2.100000
-8.000000 -0.390997 0.087427 2.120000
-7.490562 -0.389994 0.013046 2.140000
-7.329519 -0.390372 -0.050602 2.160000
-8.000000 -0.391979 -0.109806 2.180000
-7.886115 -0.394876 -0.179575 2.200000
-7.728400 -0.399126 -0.245023 2.220000
-7.475521 -0.404632 -0.305129 2.240000
-7.840037 -0.411268 -0.357997 2.260000
-7.943597 -0.419000 -0.414721 2.280000
-7.922727 -0.427854 -0.470196 2.300000
-8.000000 -0.437781 -0.521925 2.320000
-7.862562 -0.448722 -0.571482 2.340000
-7.719974 -0.460591 -0.614832 2.360000
-6.730616 -0.473264 -0.651818 2.380000
-6.846324 -0.486463 -0.667548 2.400000
-6.476840 -0.499963 -0.681863 2.420000
-7.406599 -0.513650 -0.686295 2.440000
-7.255559 -0.527554 -0.703415 2.460000
-6.997215 -0.541736 -0.714229 2.480000
-6.924633 -0.556055 -0.717036 2.500000
-7.197851 -0.570382 -0.715162 2.520000
-7.438495 -0.584684 -0.714461 2.540000
-7.228014 -0.598978 -0.714290 2.560000
-6.589983 -0.613198 -0.707225 2.580000
-5.621331 -0.627142 -0.686619 2.600000
-6.616957 -0.640489 -0.647772 2.620000
-7.607848 -0.653197 -0.622537 2.640000
-8.000000 -0.665530 -0.610388 2.660000
-7.288116 -0.677655 -0.601555 2.680000
-7.939328 -0.689464 -0.578966 2.700000
-8.000000 -0.700897 -0.563922 2.720000
-8.000000 -0.712013 -0.547274 2.740000
-7.255900 -0.722772 -0.528216 2.760000
-7.783788 -0.733016 -0.495902 2.780000
-6.997912 -0.742674 -0.469572 2.800000
-7.214185 -0.751673 -0.430038 2.820000
-6.232167 -0.759899 -0.392368 2.840000
-5.394089 -0.767219 -0.339535 2.860000
-5.535290 -0.773357 -0.274318 2.880000
-4.848634 -0.778212 -0.211215 2.900000
-4.913801 -0.781711 -0.138796 2.920000
-5.199596 -0.783779 -0.068155 2.940000
-6.145848 -0.784485 -0.002635 2.960000
-5.850715 -0.784026 0.048345 2.980000
-5.935229 -0.782518 0.102238 3.000000
-5.187765 -0.779959 0.153427 3.020000
-6.010057 -0.776286 0.213459 3.040000
-5.731796 -0.771551 0.259769 3.060000
-6.173069 -0.765870 0.307965 3.080000
-5.812283 -0.759311 0.347549 3.100000
-6.699507 -0.751931 0.389981 3.120000
-7.678367 -0.743858 0.416986 3.140000
-8.000000 -0.735412 0.427209 3.160000
-7.751518 -0.726832 0.430393 3.180000
-7.588993 -0.718174 0.435048 3.200000
-7.171964 -0.709421 0.439892 3.220000
-7.471425 -0.700530 0.448769 3.240000
-7.408232 -0.691531 0.450771 3.260000
-8.000000 -0.682505 0.451502 3.280000
-7.267600 -0.673577 0.440906 3.300000
-6.793225 -0.664768 0.439678 3.320000
-6.654993 -0.655930 0.443763 3.340000
-5.962220 -0.647010 0.447851 3.360000
-5.610189 -0.637920 0.460734 3.380000
-5.940980 -0.628540 0.476893 3.400000
-6.094702 -0.618914 0.485300 3.420000
-6.094683 -0.609168 0.488859 3.440000
-6.284187 -0.599375 0.490118 3.460000
-7.076822 -0.589610 0.486008 3.480000
-6.755582 -0.580080 0.466663 3.500000
-7.510580 -0.570902 0.450803 3.520000
-6.818905 -0.562186 0.420529 3.540000
-7.069151 -0.553974 0.400417 3.560000
-7.682073 -0.546222 0.374592 3.580000
-6.948762 -0.539103 0.337107 3.600000
-7.184800 -0.532619 0.311191 3.620000
-6.493926 -0.526703 0.280283 3.640000
-6.872763 -0.521293 0.260482 3.660000
-6.730607 -0.516354 0.233354 3.680000
-7.235847 -0.511938 0.208111 3.700000
-7.225948 -0.508120 0.173668 3.720000
-6.382825 -0.504991 0.139247 3.740000
-5.674798 -0.502404 0.119453 3.760000
-6.187944 -0.500091 0.111785 3.780000
-5.405925 -0.498024 0.094852 3.800000
-4.553111 -0.496161 0.091421 3.820000
-5.487476 -0.494220 0.102501 3.840000
-5.513507 -0.492229 0.096638 3.860000
-4.921569 -0.490362 0.090007 3.880000
-4.165563 -0.488526 0.093445 3.900000
-4.465638 -0.486494 0.109625 3.920000
-3.962575 -0.484199 0.119772 3.940000
-3.430584 -0.481620 0.138024 3.960000
-4.085096 -0.478591 0.164676 3.980000
-3.362587 -0.475156 0.178625 4.000000
-4.178561 -0.471325 0.204273 4.020000
-3.659082 -0.467139 0.214183 4.040000
-4.514089 -0.462673 0.232184 4.060000
-3.617930 -0.458012 0.233714 4.080000
-2.831289 -0.453171 0.250140 4.100000
-3.021781 -0.447875 0.279223 4.120000
-3.046765 -0.442048 0.303216 4.140000
-2.154645 -0.435762 0.325068 4.160000
-2.121366 -0.428896 0.361207 4.180000
-1.198353 -0.421322 0.395827 4.200000
-1.921356 -0.412910 0.444923 4.220000
-1.434307 -0.403674 0.478250 4.240000
-2.113392 -0.393708 0.517949 4.260000
-1.325694 -0.383099 0.542457 4.280000
-1.426897 -0.371882 0.578847 4.300000
-1.972004 -0.359984 0.610443 4.320000
-1.612498 -0.347585 0.628957 4.340000
-1.423593 -0.334777 0.651347 4.360000
-1.084089 -0.321515 0.674308 4.380000
-1.142866 -0.307761 0.700601 4.400000
-1.393426 -0.293524 0.722581 4.420000
-0.664046 -0.278927 0.736591 4.440000
0.274858 -0.263942 0.761369 4.460000
0.658988 -0.248314 0.800726 4.480000
0.369947 -0.231864 0.843696 4.500000
0.276513 -0.214649 0.877102 4.520000
0.051865 -0.196824 0.904740 4.540000
0.639079 -0.178530 0.924039 4.560000
1.569502 -0.159774 0.950886 4.580000
0.782007 -0.140339 0.991802 4.600000
1.183650 -0.120287 1.012732 4.620000
1.408225 -0.099779 1.037284 4.640000
1.333400 -0.078781 1.061821 4.660000
2.151808 -0.057352 1.080334 4.680000
2.565435 -0.035435 1.110506 4.700000
3.205473 -0.012882 1.143990 4.720000
4.008320 0.010418 1.185054 4.740000
3.291416 0.034644 1.236573 4.760000
3.729811 0.059699 1.268040 4.780000
3.741474 0.085415 1.302526 4.800000
3.587557 0.111763 1.331359 4.820000
3.963369 0.138599 1.351247 4.840000
3.361998 0.165848 1.372634 4.860000
2.526101 0.193347 1.376282 4.880000
2.336940 0.220699 1.358079 4.900000
2.363257 0.247599 1.331158 4.920000
2.968462 0.273918 1.299964 4.940000
2.965698 0.299683 1.275690 4.960000
3.913521 0.324914 1.246674 4.980000
4.144095 0.349698 1.230878 5.000000
4.820034 0.374160 1.214523 5.020000
5.264116 0.398372 1.205767 5.040000
4.690218 0.422438 1.200037 5.060000
3.812683 0.446235 1.178849 5.080000
4.787821 0.469405 1.137435 5.100000
5.664255 0.491879 1.109238 5.120000
5.455833 0.513899 1.092007 5.140000
4.456227 0.535493 1.066655 5.160000
3.910789 0.556367 1.020169 5.180000
3.421911 0.576185 0.961185 5.200000
2.565606 0.594715 0.891369 5.220000
2.747548 0.611685 0.805442 5.240000
3.503070 0.626953 0.721119 5.260000
3.474623 0.640644 0.647785 5.280000
3.646067 0.652853 0.572902 5.300000
3.174742 0.663582 0.499941 5.320000
2.659039 0.672773 0.419131 5.340000
3.051020 0.680267 0.330365 5.360000
2.085742 0.686052 0.248157 5.380000
1.150379 0.690050 0.151888 5.400000
0.179507 0.691993 0.042729 5.420000
0.850573 0.691624 -0.079203 5.440000
0.547467 0.688946 -0.188241 5.460000
-0.108941 0.684067 -0.299155 5.480000
-0.327969 0.676899 -0.417027 5.500000
-1.093028 0.667375 -0.534707 5.520000
-1.950797 0.655417 -0.660415 5.540000
-2.331532 0.640852 -0.795308 5.560000
-2.806023 0.623576 -0.931500 5.580000
-2.377450 0.603550 -1.070238 5.600000
-1.541581 0.580873 -1.196446 5.620000
-0.944473 0.555870 -1.302948 5.640000
-0.904044 0.528897 -1.393345 5.660000
-0.894574 0.500184 -1.476850 5.680000
-1.809091 0.469867 -1.553759 5.700000
-0.907295 0.437915 -1.640283 5.720000
-1.816473 0.404465 -1.703541 5.740000
-1.628721 0.369654 -1.776370 5.760000
-1.814459 0.333495 -1.838303 5.780000
-0.998291 0.296138 -1.896152 5.800000
-0.939973 0.257856 -1.930682 5.820000
-1.348698 0.218973 -1.956358 5.840000
-2.243794 0.179574 -1.982203 5.860000
-3.078380 0.139562 -2.017645 5.880000
-2.513393 0.098759 -2.061281 5.900000
-1.999679 0.057280 -2.085196 5.920000
-1.779284 0.015509 -2.090523 5.940000
-1.210068 -0.026243 -2.083299 5.960000
-0.299989 -0.067657 -2.056851 5.980000
-0.820971 -0.108286 -2.004962 6.000000
-1.533914 -0.147913 -1.956566 6.020000
-1.767841 -0.186645 -1.915437 6.040000
-0.916865 -0.224531 -1.872136 6.060000
-0.456591 -0.261322 -1.805978 6.080000
-0.017630 -0.296645 -1.725436 6.100000
-0.154858 -0.330224 -1.631734 6.120000
0.006070 -0.361913 -1.536449 6.140000
0.110245 -0.391627 -1.434481 6.160000
0.972947 -0.419252 -1.327494 6.180000
1.037530 -0.444554 -1.202441 6.200000
1.914871 -0.467328 -1.074703 6.220000
2.574122 -0.487381 -0.930550 6.240000
2.933520 -0.504434 -0.774916 6.260000
2.382503 -0.518321 -0.613910 6.280000
2.121848 -0.529095 -0.463817 6.300000
2.498792 -0.536929 -0.319805 6.320000
2.930847 -0.541836 -0.171315 6.340000
1.965624 -0.543724 -0.017962 6.360000
1.500918 -0.542739 0.116052 6.380000
1.200700 -0.539181 0.239190 6.400000
1.593924 -0.533243 0.354058 6.420000
0.701541 -0.524974 0.472272 6.440000
0.176239 -0.514531 0.571380 6.460000
1.075294 -0.502235 0.657593 6.480000
0.235556 -0.488097 0.755538 6.500000
1.093465 -0.472191 0.834365 6.520000
1.532762 -0.454600 0.923970 6.540000
1.305415 -0.435185 1.016601 6.560000
1.316789 -0.414011 1.099981 6.580000
0.351612 -0.391220 1.178238 6.600000
0.604464 -0.367096 1.233209 6.620000
0.609813 -0.341881 1.287379 6.640000
0.112858 -0.315638 1.335974 6.660000
-0.376983 -0.288575 1.369390 6.680000
0.135467 -0.260994 1.387740 6.700000
-0.504956 -0.233004 1.410303 6.720000
0.394767 -0.204744 1.414744 6.740000
-0.347802 -0.176276 1.431146 6.760000
0.161266 -0.147682 1.427294 6.780000
0.031546 -0.119120 1.427997 6.800000
-0.671559 -0.090624 1.420643 6.820000
-0.839293 -0.062469 1.394076 6.840000
-0.454315 -0.034927 1.359298 6.860000
-1.028281 -0.008051 1.327539 6.880000
-1.274742 0.018030 1.279900 6.900000
-2.218993 0.043069 1.223373 6.920000
-3.071282 0.066754 1.144594 6.940000
-2.592964 0.088665 1.046197 6.960000
-2.601659 0.108683 0.955236 6.980000
-3.170992 0.126861 0.862327 7.000000
-2.352355 0.143055 0.756887 7.020000
-2.592554 0.157293 0.666780 7.040000
-3.110097 0.169675 0.571310 7.060000
-2.378238 0.180043 0.465559 7.080000
-1.910544 0.188443 0.374464 7.100000
-1.950129 0.195116 0.292897 7.120000
-1.467223 0.200154 0.211105 7.140000
-1.702240 0.203659 0.139524 7.160000
-2.509856 0.205696 0.064293 7.180000
-3.468557 0.206082 -0.025328 7.200000
-3.655548 0.204509 -0.131656 7.220000
-4.105776 0.200797 -0.239039 7.240000
-3.386809 0.194879 -0.352192 7.260000
-3.135311 0.186873 -0.447905 7.280000
-3.099453 0.177035 -0.535231 7.300000
-4.046137 0.165495 -0.618201 7.320000
-4.770006 0.152148 -0.715785 7.340000
-5.297027 0.136751 -0.823040 7.360000
-4.555324 0.119156 -0.935562 7.380000
-4.646034 0.099512 -1.027895 7.400000
-5.018521 0.078060 -1.116401 7.420000
-5.521669 0.054822 -1.206351 7.440000
-5.392883 0.029748 -1.299924 7.460000
-5.843844 0.002896 -1.384138 7.480000
-5.495986 -0.025660 -1.470245 7.500000
-6.288980 -0.055795 -1.541979 7.520000
-5.409057 -0.087446 -1.621782 7.540000
-5.287980 -0.120438 -1.676066 7.560000
-5.957310 -0.154412 -1.720016 7.580000
-5.277930 -0.189316 -1.768996 7.600000
-5.819620 -0.224983 -1.796326 7.620000
-6.052168 -0.261219 -1.825887 7.640000
-6.280757 -0.298006 -1.851356 7.660000
-6.252130 -0.335259 -1.872450 7.680000
-7.117116 -0.372840 -1.884204 7.700000
-6.831228 -0.410728 -1.903037 7.720000
-6.194148 -0.448848 -1.907447 7.740000
-6.207484 -0.486852 -1.891615 7.760000
-5.631221 -0.524459 -1.867673 7.780000
-4.969122 -0.561407 -1.825875 7.800000
-4.240099 -0.597335 -1.765781 7.820000
-3.589082 -0.631877 -1.687477 7.840000
-3.981876 -0.664694 -1.593501 7.860000
-4.632170 -0.695648 -1.501164 7.880000
-4.061640 -0.724811 -1.414422 7.900000
-3.566510 -0.752114 -1.315224 7.920000
-4.401420 -0.777328 -1.205749 7.940000
-4.209430 -0.800445 -1.105553 7.960000
-4.008906 -0.821508 -1.000354 7.980000
-3.856635 -0.840420 -0.890698 8.000000
-2.879632 -0.857107 -0.777864 8.020000
-3.521357 -0.871404 -0.651842 8.040000
-3.657149 -0.883265 -0.534233 8.060000
-2.821636 -0.892794 -0.418756 8.080000
-3.141383 -0.899917 -0.293751 8.100000
-3.483967 -0.904593 -0.174178 8.120000
-3.801404 -0.906938 -0.060566 8.140000
-3.906978 -0.907068 0.047137 8.160000
-4.767961 -0.905080 0.151250 8.180000
-5.085599 -0.901141 0.242208 8.200000
-5.295649 -0.895450 0.326507 8.220000
-5.387530 -0.888127 0.405223 8.240000
-5.983292 -0.879274 0.479575 8.260000
-5.415263 -0.869043 0.542917 8.280000
-4.734417 -0.857508 0.609967 8.300000
-5.376096 -0.844581 0.682031 8.320000
-5.714760 -0.830339 0.741457 8.340000
-5.972529 -0.814997 0.792042 8.360000
-5.158639 -0.798722 0.834685 8.380000
-4.617459 -0.781526 0.884144 8.400000
-4.536793 -0.763311 0.936585 8.420000
-5.504092 -0.744083 0.985342 8.440000
-6.321212 -0.724073 1.014912 8.460000
-6.331054 -0.703643 1.027262 8.480000
-6.240919 -0.683017 1.034515 8.500000
-5.499739 -0.662281 1.038270 8.520000
-6.253860 -0.641401 1.048855 8.540000
-6.924134 -0.620479 1.042555 8.560000
-6.004673 -0.599839 1.020719 8.580000
-6.977874 -0.579529 1.009588 8.600000
-7.313491 -0.559647 0.977869 8.620000
-6.946098 -0.540497 0.936469 8.640000
-7.334012 -0.522150 0.897645 8.660000
-7.887752 -0.504682 0.848654 8.680000
-7.976286 -0.488321 0.786927 8.700000
-7.987636 -0.473238 0.721020 8.720000
-8.000000 -0.459497 0.652690 8.740000
-8.000000 -0.447144 0.582308 8.760000
-7.441484 -0.436214 0.510485 8.780000
-7.295951 -0.426631 0.447645 8.800000
-7.580445 -0.418288 0.386548 8.820000
-7.555050 -0.411225 0.319685 8.840000
-7.612683 -0.405497 0.253088 8.860000
-6.795883 -0.401112 0.185559 8.880000
-7.368362 -0.397923 0.133374 8.900000
-7.827966 -0.395879 0.071160 8.920000
-6.920299 -0.395155 0.001451 8.940000
-6.846474 -0.395645 -0.050311 8.960000
-7.152330 -0.397145 -0.099467 8.980000
-6.248991 -0.399670 -0.152767 9.000000
-6.418982 -0.403079 -0.187845 9.020000
-5.990289 -0.407205 -0.224467 9.040000
-5.976820 -0.411968 -0.251557 9.060000
-5.404129 -0.417253 -0.276734 9.080000
-4.450819 -0.422921 -0.289820 9.100000
-4.790502 -0.428663 -0.284187 9.120000
-4.083764 -0.434343 -0.283561 9.140000
-4.773968 -0.439871 -0.269054 9.160000
-5.592874 -0.445223 -0.266046 9.180000
-5.799227 -0.450652 -0.276554 9.200000
-5.991528 -0.456313 -0.289292 9.220000
-6.223917 -0.462247 -0.303888 9.240000
-6.616597 -0.468499 -0.320928 9.260000
-6.732621 -0.475142 -0.343083 9.280000
-5.753392 -0.482229 -0.365243 9.300000
-5.816725 -0.489565 -0.368125 9.320000
-4.911196 -0.496953 -0.370398 9.340000
-4.952420 -0.504212 -0.355239 9.360000
-4.379663 -0.511162 -0.339552 9.380000
-4.292672 -0.517687 -0.312835 9.400000
-4.362860 -0.523655 -0.283831 9.420000
-5.121538 -0.529048 -0.255407 9.440000
-5.088813 -0.533998 -0.239409 9.460000
-5.066666 -0.538614 -0.222124 9.480000
-4.248544 -0.542875 -0.203837 9.500000
-3.558476 -0.546625 -0.171179 9.520000
-3.614995 -0.549605 -0.126797 9.540000
-4.229286 -0.551709 -0.083734 9.560000
-3.835856 -0.553061 -0.051531 9.580000
-4.768706 -0.553707 -0.013128 9.600000
-4.396131 -0.553749 0.008868 9.620000
-3.989648 -0.553292 0.036662 9.640000
-4.640924 -0.552218 0.070596 9.660000
-3.853018 -0.550585 0.092590 9.680000
-3.852481 -0.548387 0.127048 9.700000
-2.918908 -0.545511 0.160311 9.720000
-3.669685 -0.541824 0.208065 9.740000
-3.687930 -0.537328 0.241313 9.760000
-3.785076 -0.532186 0.272608 9.780000
-2.915498 -0.526452 0.300511 9.800000
-3.900176 -0.520028 0.341532 9.820000
-4.002787 -0.512975 0.363451 9.840000
-4.801880 -0.505520 0.381659 9.860000
-5.450585 -0.497860 0.384055 9.880000
-4.959201 -0.490283 0.373445 9.900000
-5.315835 -0.482846 0.369982 9.920000
-6.110412 -0.475557 0.358717 9.940000
-6.338815 -0.468647 0.332089 9.960000
-5.586158 -0.462320 0.300438 9.980000
-6.425496 -0.456501 0.281382 10.000000
-6.693303 -0.451221 0.246523 10.020000
-5.786292 -0.446690 0.206446 10.040000
-5.792292 -0.442801 0.182405 10.060000
-5.784816 -0.439398 0.157913 10.080000
-5.106050 -0.436485 0.133333 10.100000
-5.055926 -0.433943 0.120819 10.120000
-5.063856 -0.431645 0.108926 10.140000
-5.256196 -0.429589 0.096651 10.160000
-4.369664 -0.427815 0.080735 10.180000
-5.027579 -0.426200 0.080747 10.200000
-4.933563 -0.424706 0.068557 10.220000
-5.750799 -0.423441 0.058006 10.240000
-5.661993 -0.422534 0.032666 10.260000
-5.986907 -0.422115 0.009285 10.280000
-5.024912 -0.422219 -0.019539 10.300000
-5.953233 -0.422718 -0.030343 10.320000
-5.649503 -0.423599 -0.057550 10.340000
-6.576423 -0.424960 -0.078482 10.360000
-5.930382 -0.426900 -0.115352 10.380000
-5.415792 -0.429449 -0.139332 10.400000
-6.309160 -0.432373 -0.152958 10.420000
-6.530807 -0.435722 -0.181675 10.440000
-6.133132 -0.439671 -0.212966 10.460000
-5.977391 -0.444159 -0.235543 10.480000
-5.413868 -0.449055 -0.253822 10.500000
-6.092903 -0.454201 -0.260559 10.520000
-5.248125 -0.459590 -0.278068 10.540000
-5.792759 -0.465162 -0.279005 10.560000
-4.910325 -0.470838 -0.288315 10.580000
-5.253140 -0.476529 -0.280605 10.600000
-5.649960 -0.482116 -0.277850 10.620000
-6.099819 -0.487705 -0.280873 10.640000
-5.540077 -0.493421 -0.290430 10.660000
-4.882168 -0.499214 -0.288734 10.680000
-4.730525 -0.504847 -0.274375 10.700000
-4.838599 -0.510157 -0.256489 10.720000
-5.462520 -0.515120 -0.239718 10.740000
-4.775387 -0.519849 -0.232973 10.760000
-4.768392 -0.524315 -0.213542 10.780000
-5.741862 -0.528386 -0.193457 10.800000
-6.158318 -0.532217 -0.189553 10.820000
-6.527945 -0.536034 -0.191967 10.840000
-7.340657 -0.539953 -0.199734 10.860000
-7.830932 -0.544154 -0.220193 10.880000
-8.000000 -0.548834 -0.247472 10.900000
-7.313280 -0.554070 -0.275840 10.920000
-8.000000 -0.559739 -0.290744 10.940000
-7.392746 -0.565804 -0.315442 10.960000
-7.941360 -0.572241 -0.327960 10.980000
-7.207628 -0.579002 -0.347747 11.000000
-7.201980 -0.586015 -0.353292 11.020000
-8.000000 -0.593120 -0.356935 11.040000
-8.000000 -0.600412 -0.371849 11.060000
-8.000000 -0.607980 -0.384611 11.080000
-7.397123 -0.615782 -0.395201 11.100000
-7.793779 -0.623676 -0.393897 11.120000
-7.638570 -0.631589 -0.397058 11.140000
-7.983323 -0.639520 -0.395717 11.160000
-7.093209 -0.647459 -0.397915 11.180000
-8.000000 -0.655282 -0.384074 11.200000
-7.888481 -0.662955 -0.382852 11.220000
-8.000000 -0.670566 -0.378004 11.240000
-8.000000 -0.678080 -0.373092 11.260000
-7.180978 -0.685478 -0.366409 11.280000
-6.593563 -0.692599 -0.345517 11.300000
-6.424508 -0.699201 -0.314461 11.320000
-7.332782 -0.705147 -0.280004 11.340000
-7.830126 -0.710534 -0.258594 11.360000
-7.173303 -0.715560 -0.243801 11.380000
-6.774098 -0.720182 -0.218303 11.400000
-7.101276 -0.724229 -0.186338 11.420000
-6.227757 -0.727682 -0.158975 11.440000
-6.704681 -0.730457 -0.118507 11.460000
-6.433116 -0.732495 -0.085325 11.480000
-6.856302 -0.733831 -0.048411 11.500000
-6.745445 -0.734497 -0.018221 11.520000
-7.269922 -0.734547 0.013085 11.540000
-7.998132 -0.734055 0.036006 11.560000
-7.340258 -0.733219 0.047600 11.580000
-7.443176 -0.732057 0.068402 11.600000
-8.000000 -0.730503 0.086946 11.620000
-8.000000 -0.728667 0.096488 11.640000
-8.000000 -0.726648 0.105359 11.660000
-8.000000 -0.724458 0.113526 11.680000
-8.000000 -0.722111 0.120964 11.700000
-7.147488 -0.719624 0.127650 11.720000
-6.277320 -0.716883 0.146263 11.740000
-6.593226 -0.713650 0.176805 11.760000
-6.437565 -0.709868 0.201204 11.780000
-6.092891 -0.705588 0.226524 11.800000
-5.852295 -0.700765 0.255502 11.820000
-6.299500 -0.695343 0.286398 11.840000
-5.802473 -0.689390 0.308593 11.860000
-6.066696 -0.682935 0.336544 11.880000
-5.991083 -0.675983 0.358373 11.900000
-5.150145 -0.668602 0.379318 11.920000
-4.681383 -0.660693 0.411232 11.940000
-5.062021 -0.652095 0.448088 11.960000
-5.828135 -0.642847 0.476321 11.980000
-6.796798 -0.633182 0.489766 12.000000
-6.265591 -0.623428 0.485239 12.020000
-5.632992 -0.613701 0.487073 12.040000
-5.157660 -0.603858 0.496899 12.060000
-6.121933 -0.593763 0.512083 12.080000
-6.330923 -0.583550 0.508865 12.100000
-7.162190 -0.573459 0.499922 12.120000
-7.091249 -0.563706 0.474987 12.140000
-6.407899 -0.554459 0.449459 12.160000
-6.157561 -0.545623 0.433816 12.180000
-6.272477 -0.537075 0.420718 12.200000
-5.931090 -0.528825 0.403993 12.220000
-4.985630 -0.520867 0.391586 12.240000
-4.358826 -0.513009 0.393913 12.260000
-4.335318 -0.505014 0.405310 12.280000
-3.866694 -0.496806 0.415175 12.300000
-4.761065 -0.488338 0.431259 12.320000
-5.105852 -0.479726 0.429574 12.340000
-4.825838 -0.471228 0.420003 12.360000
-5.287740 -0.462888 0.413732 12.380000
-5.756873 -0.454772 0.397602 12.400000
-5.938210 -0.447077 0.371685 12.420000
-6.086928 -0.439945 0.341374 12.440000
-6.459618 -0.433455 0.307456 12.460000
-6.372143 -0.427718 0.266115 12.480000
-6.295904 -0.422797 0.225947 12.500000
-5.634578 -0.418668 0.186919 12.520000
-5.482779 -0.415201 0.159775 12.540000
-5.632491 -0.412251 0.135209 12.560000
-5.826605 -0.409821 0.107815 12.580000
-5.275633 -0.407973 0.076960 12.600000
-6.175949 -0.406640 0.056381 12.620000
-5.361779 -0.405881 0.019598 12.640000
-4.930396 -0.405703 -0.001745 12.660000
-5.919717 -0.405869 -0.014814 12.680000
-5.965170 -0.406474 -0.045544 12.700000
-6.207890 -0.407694 -0.076287 12.720000
-7.115132 -0.409563 -0.110485 12.740000
-6.341087 -0.412271 -0.159962 12.760000
-6.038841 -0.415810 -0.193688 12.780000
-6.373039 -0.419953 -0.220398 12.800000
-7.086564 -0.424676 -0.251614 12.820000
-6.442331 -0.430135 -0.293909 12.840000
-6.177550 -0.436301 -0.322418 12.860000
-7.014439 -0.442970 -0.344140 12.880000
-7.597795 -0.450204 -0.378800 12.900000
-7.771355 -0.458210 -0.421365 12.920000
-8.000000 -0.467070 -0.464133 12.940000
-7.253769 -0.476795 -0.507833 12.960000
-6.577404 -0.487229 -0.535097 12.980000
-6.846490 -0.498060 -0.547477 13.000000
-6.469402 -0.509157 -0.561728 13.020000
-5.944169 -0.520444 -0.566557 13.040000
-6.520027 -0.531711 -0.559676 13.060000
-7.338696 -0.542914 -0.560181 13.080000
-7.174154 -0.554239 -0.571888 13.100000
-6.337674 -0.565741 -0.577845 13.120000
-6.796526 -0.577194 -0.566992 13.140000
-6.615723 -0.588481 -0.561314 13.160000
-6.756212 -0.599600 -0.550134 13.180000
-6.083036 -0.610494 -0.538887 13.200000
-6.135831 -0.621031 -0.514451 13.220000
-7.049475 -0.631068 -0.489001 13.240000
-7.633288 -0.640725 -0.476366 13.260000
-6.791621 -0.650202 -0.470932 13.280000
-6.681678 -0.659415 -0.450083 13.300000
-7.385194 -0.668177 -0.425812 13.320000
-6.720355 -0.676547 -0.410916 13.340000
-6.369349 -0.684499 -0.384097 13.360000
-6.879868 -0.691848 -0.350645 13.380000
-7.315135 -0.698597 -0.323999 13.400000
-7.515665 -0.704868 -0.302929 13.420000
-8.000000 -0.710737 -0.283826 13.440000
-7.962446 -0.716287 -0.270961 13.460000
-7.254683 -0.721563 -0.256435 13.480000
-7.474836 -0.726432 -0.230427 13.500000
-7.496659 -0.730808 -0.207075 13.520000
-6.612043 -0.734715 -0.183499 13.540000
-5.695589 -0.738015 -0.146530 13.560000
-5.915420 -0.740442 -0.096216 13.580000
-6.237899 -0.741900 -0.049684 13.600000
-6.554949 -0.742481 -0.008555 13.620000
-5.792628 -0.742294 0.027175 13.640000
-5.708264 -0.741288 0.073193 13.660000
-6.430545 -0.739362 0.119209 13.680000
-6.382710 -0.736635 0.153217 13.700000
-7.205096 -0.733235 0.186553 13.720000
-6.893084 -0.729305 0.206263 13.740000
-6.574321 -0.724948 0.229206 13.760000
-7.117662 -0.720099 0.255346 13.780000
-7.469392 -0.714826 0.271685 13.800000
-7.096111 -0.709296 0.281134 13.820000
-7.715616 -0.703535 0.294646 13.840000
-6.829752 -0.697615 0.297112 13.860000
-6.538658 -0.691526 0.311529 13.880000
-5.702543 -0.685121 0.328641 13.900000
-5.763699 -0.678264 0.356734 13.920000
-5.672961 -0.670875 0.381743 13.940000
-5.302113 -0.662994 0.405965 13.960000
-5.279516 -0.654594 0.433708 13.980000
-4.770519 -0.645659 0.459368 14.000000
-4.870557 -0.636155 0.490591 14.020000
-4.090791 -0.626069 0.517517 14.040000
-3.770232 -0.615347 0.554248 14.060000
-2.882279 -0.603867 0.593178 14.080000
-2.624712 -0.591495 0.643464 14.100000
-2.085721 -0.578109 0.694522 14.120000
-2.396416 -0.563649 0.750892 14.140000
-2.692022 -0.548152 0.798129 14.160000
-3.675480 -0.531800 0.836375 14.180000
-4.144006 -0.514892 0.853760 14.200000
-5.078513 -0.497757 0.859198 14.220000
-5.693040 -0.480713 0.844604 14.240000
-5.628488 -0.464104 0.815780 14.260000
-4.898006 -0.448091 0.785020 14.280000
-5.664600 -0.432591 0.764442 14.300000
-5.178066 -0.417671 0.727140 14.320000
-5.446032 -0.403434 0.696162 14.340000
-4.725115 -0.389890 0.657864 14.360000
-4.226706 -0.377001 0.630652 14.380000
-4.390463 -0.364586 0.610463 14.400000
-3.842410 -0.352627 0.585062 14.420000
-4.397801 -0.341094 0.567881 14.440000
-5.066474 -0.330029 0.538298 14.460000
-5.836793 -0.319699 0.494482 14.480000
-6.319514 -0.310404 0.434908 14.500000
-6.675524 -0.302399 0.365494 14.520000
-6.052856 -0.295853 0.289096 14.540000
-5.302090 -0.290716 0.224709 14.560000
-4.349546 -0.286720 0.174849 14.580000
-4.107670 -0.283539 0.143309 14.600000
-3.182935 -0.280942 0.116387 14.620000
-4.029984 -0.278706 0.107098 14.640000
-4.163157 -0.276821 0.081438 14.660000
-3.745172 -0.275473 0.053411 14.680000
-4.658945 -0.274603 0.033676 14.700000
-3.685310 -0.274299 -0.003213 14.720000
-3.389185 -0.274540 -0.020812 14.740000
-3.943790 -0.275072 -0.032338 14.760000
-4.348875 -0.275937 -0.054063 14.780000
-4.949394 -0.277308 -0.082845 14.800000
-4.437330 -0.279360 -0.122134 14.820000
-5.338979 -0.282087 -0.150387 14.840000
-4.451811 -0.285539 -0.194575 14.860000
-4.126468 -0.289689 -0.220215 14.880000
-3.838178 -0.294276 -0.238252 14.900000
-3.346725 -0.299156 -0.249479 14.920000
-2.878020 -0.304154 -0.250161 14.940000
-1.890467 -0.309066 -0.240963 14.960000
-1.491659 -0.313600 -0.212371 14.980000
-2.463650 -0.317484 -0.176011 15.000000
-2.969725 -0.320824 -0.157952 15.020000
-2.261293 -0.323896 -0.149118 15.040000
-2.314583 -0.326653 -0.126573 15.060000
-2.193979 -0.328968 -0.104970 15.080000
-3.128474 -0.330829 -0.081121 15.100000
-3.197339 -0.332390 -0.074909 15.120000
-2.515087 -0.333837 -0.069802 15.140000
-1.938615 -0.335052 -0.051759 15.160000
-1.137934 -0.335800 -0.023095 15.180000
-1.353891 -0.335829 0.020050 15.200000
-2.065123 -0.335045 0.058229 15.220000
-1.754847 -0.333640 0.082133 15.240000
-2.750340 -0.331707 0.111045 15.260000
-2.767550 -0.329392 0.120318 15.280000
-3.073437 -0.326902 0.128602 15.300000
-2.789579 -0.324310 0.130469 15.320000
-2.877742 -0.321633 0.137095 15.340000
-2.088293 -0.318847 0.141382 15.360000
-1.748495 -0.315833 0.159854 15.380000
-0.926024 -0.312396 0.183724 15.400000
-1.556518 -0.308337 0.221902 15.420000
-1.704319 -0.303650 0.246581 15.440000
-1.228600 -0.298511 0.267021 15.460000
-2.012850 -0.292888 0.295017 15.480000
-1.563135 -0.286871 0.306451 15.500000
-1.871168 -0.280554 0.324991 15.520000
-1.655066 -0.273941 0.336035 15.540000
-2.206299 -0.267081 0.349658 15.560000
-1.709858 -0.260071 0.351111 15.580000
-2.143558 -0.252951 0.360643 15.600000
-2.531154 -0.245740 0.360253 15.620000
-3.216399 -0.238625 0.350994 15.640000
-4.072813 -0.231840 0.327327 15.660000
-3.519981 -0.225704 0.286291 15.680000
-3.361144 -0.220284 0.255550 15.700000
-4.054152 -0.215454 0.227441 15.720000
-5.040691 -0.211324 0.185560 15.740000
-5.929909 -0.208222 0.124648 15.760000
-5.144678 -0.206506 0.047199 15.780000
-4.226893 -0.206173 -0.013710 15.800000
-4.156066 -0.206867 -0.055581 15.820000
-4.246326 -0.208375 -0.095021 15.840000
-3.814459 -0.210678 -0.135034 15.860000
-4.090572 -0.213684 -0.165341 15.880000
-4.714849 -0.217337 -0.199705 15.900000
-4.273686 -0.221783 -0.244619 15.920000
-4.775390 -0.227023 -0.279107 15.940000
-5.430076 -0.233032 -0.321416 15.960000
-4.919350 -0.239992 -0.374128 15.980000
-4.615945 -0.247881 -0.414388 16.000000
-3.704535 -0.256492 -0.446281 16.020000
-3.444880 -0.265541 -0.458238 16.040000
-3.277459 -0.274757 -0.463114 16.060000
-3.842389 -0.284020 -0.462808 16.080000
-4.702637 -0.293365 -0.471333 16.100000
-3.822161 -0.303022 -0.494001 16.120000
-4.217379 -0.312941 -0.497516 16.140000
-4.870249 -0.322983 -0.506320 16.160000
-5.515229 -0.333301 -0.525049 16.180000
-4.821830 -0.344089 -0.553187 16.200000
-4.512922 -0.355280 -0.565451 16.220000
-4.758374 -0.366632 -0.569322 16.240000
-4.198885 -0.378081 -0.575213 16.260000
-3.978468 -0.389520 -0.568249 16.280000
-4.900960 -0.400756 -0.554999 16.300000
-3.961111 -0.411874 -0.556455 16.320000
-4.503474 -0.422827 -0.538472 16.340000
-5.058647 -0.433499 -0.528356 16.360000
-5.427692 -0.444047 -0.526129 16.380000
-6.091208 -0.454595 -0.528228 16.400000
-6.017721 -0.465279 -0.539710 16.420000
-6.549279 -0.476152 -0.547214 16.440000
-5.938565 -0.487243 -0.561405 16.460000
-6.598588 -0.498482 -0.562064 16.480000
-5.712924 -0.509824 -0.571598 16.500000
-5.815511 -0.521174 -0.563032 16.520000
-5.835899 -0.532347 -0.553863 16.540000
-4.862504 -0.543317 -0.542723 16.560000
-5.097378 -0.553876 -0.512920 16.580000
-5.773882 -0.563862 -0.485436 16.600000
-6.151094 -0.573396 -0.467660 16.620000
-6.850594 -0.582620 -0.454383 16.640000
-7.274635 -0.591675 -0.450810 16.660000
-6.960740 -0.600708 -0.452117 16.680000
-7.040580 -0.609694 -0.446107 16.700000
-7.145399 -0.618552 -0.439385 16.720000
-7.537865 -0.627273 -0.432382 16.740000
-7.123889 -0.635897 -0.429708 16.760000
-7.437928 -0.644382 -0.418416 16.780000
-8.000000 -0.652672 -0.410293 16.800000
-7.308630 -0.660870 -0.409139 16.820000
-7.324880 -0.668916 -0.395196 16.840000
-6.989084 -0.676669 -0.379868 16.860000
-6.051428 -0.684048 -0.357840 16.880000
-6.282185 -0.690830 -0.320210 16.900000
-5.531292 -0.696887 -0.285389 16.920000
-5.712133 -0.702128 -0.238585 16.940000
-6.458515 -0.706457 -0.194391 16.960000
-7.027956 -0.710016 -0.161429 16.980000
-7.551896 -0.713000 -0.136908 17.000000
-8.000000 -0.715570 -0.120054 17.020000
-8.000000 -0.717867 -0.109632 17.040000
-7.825749 -0.719953 -0.098867 17.060000
-8.000000 -0.721794 -0.085231 17.080000
-8.000000 -0.723387 -0.074028 17.100000
-8.000000 -0.724754 -0.062676 17.120000
-8.000000 -0.725893 -0.051235 17.140000
-7.598229 -0.726803 -0.039765 17.160000
-7.809717 -0.727425 -0.022384 17.180000
-7.312077 -0.727732 -0.008363 17.200000
-8.000000 -0.727687 0.012774 17.220000
-8.000000 -0.727326 0.023266 17.240000
-8.000000 -0.726758 0.033433 17.260000
-7.978639 -0.725991 0.043232 17.280000
-8.000000 -0.725029 0.052937 17.300000
-8.000000 -0.723880 0.061869 17.320000
-8.000000 -0.722557 0.070314 17.340000
-7.121570 -0.721071 0.078240 17.360000
-6.294087 -0.719300 0.098681 17.380000
-6.087297 -0.717006 0.130574 17.400000
-6.140670 -0.714054 0.164328 17.420000
-6.137369 -0.710450 0.195873 17.440000
-6.829895 -0.706229 0.225956 17.460000
-6.831226 -0.701527 0.243975 17.480000
-6.954924 -0.696480 0.260468 17.500000
-7.877799 -0.691138 0.273526 17.520000
-8.000000 -0.685691 0.270926 17.540000
-8.000000 -0.680328 0.265154 17.560000
-7.703836 -0.675093 0.258168 17.580000
-8.000000 -0.669963 0.254612 17.600000
-7.256415 -0.664963 0.245267 17.620000
-6.938754 -0.660043 0.246479 17.640000
-6.464454 -0.655062 0.251452 17.660000
-6.976273 -0.649919 0.262589 17.680000
-6.582544 -0.644649 0.264209 17.700000
-6.573681 -0.639297 0.270778 17.720000
-7.275316 -0.633826 0.276094 17.740000
-8.000000 -0.628375 0.268808 17.760000
-8.000000 -0.623197 0.248746 17.780000
-8.000000 -0.618430 0.227838 17.800000
-8.000000 -0.614089 0.206205 17.820000
-7.794159 -0.610186 0.183971 17.840000
-7.424978 -0.606700 0.164600 17.860000
-6.678589 -0.603545 0.150806 17.880000
-5.891487 -0.600548 0.148722 17.900000
-6.199914 -0.597471 0.158844 17.920000
-6.821753 -0.594251 0.162996 17.940000
-6.607336 -0.591059 0.156112 17.960000
-7.071887 -0.587976 0.152154 17.980000
-7.055984 -0.585054 0.139906 18.000000
-6.187189 -0.582380 0.127494 18.020000
-6.318957 -0.579813 0.129088 18.040000
-5.394173 -0.577242 0.127875 18.060000
-6.376187 -0.574547 0.141441 18.080000
-6.824933 -0.571754 0.137789 18.100000
-6.877579 -0.569115 0.126098 18.120000
-6.379388 -0.566721 0.113165 18.140000
-5.812316 -0.564506 0.108274 18.160000
-6.454264 -0.562298 0.112464 18.180000
-7.128882 -0.560120 0.105311 18.200000
-7.433606 -0.558201 0.086495 18.220000
-7.329501 -0.556712 0.062521 18.240000
-8.000000 -0.555682 0.040469 18.260000
-8.000000 -0.555204 0.007385 18.280000
-8.000000 -0.555382 -0.025080 18.300000
-8.000000 -0.556202 -0.056778 18.320000
-7.235756 -0.557647 -0.087566 18.340000
-7.268698 -0.559569 -0.104487 18.360000
-8.000000 -0.561827 -0.121122 18.380000
-8.000000 -0.564531 -0.149080 18.400000
-7.690251 -0.567781 -0.175743 18.420000
-6.817469 -0.571500 -0.195843 18.440000
-7.687264 -0.575460 -0.200078 18.460000
-7.855738 -0.579641 -0.217703 18.480000
-7.055025 -0.584187 -0.236694 18.500000
-7.689548 -0.588965 -0.240943 18.520000
-7.396831 -0.593921 -0.254378 18.540000
-7.493289 -0.599082 -0.261506 18.560000
-7.014376 -0.604388 -0.268795 18.580000
-7.747006 -0.609746 -0.266847 18.600000
-7.291170 -0.615173 -0.275525 18.620000
-8.000000 -0.620683 -0.275320 18.640000
-8.000000 -0.626291 -0.285174 18.660000
-8.000000 -0.632079 -0.293407 18.680000
-8.000000 -0.638016 -0.300009 18.700000
-8.000000 -0.644069 -0.304980 18.720000
-7.439621 -0.650205 -0.308327 18.740000
-7.583964 -0.656303 -0.301260 18.760000
-7.642663 -0.662269 -0.295123 18.780000
-7.139646 -0.668108 -0.288573 18.800000
-7.097012 -0.673725 -0.272939 18.820000
-6.225455 -0.679012 -0.255647 18.840000
-6.993659 -0.683810 -0.224083 18.860000
-6.090822 -0.688091 -0.203882 18.880000
-5.532392 -0.691824 -0.169336 18.900000
-5.095706 -0.694779 -0.126209 18.920000
-4.361559 -0.696807 -0.076751 18.940000
-4.835858 -0.697741 -0.016810 18.960000
-5.669575 -0.697559 0.034821 18.980000
-5.548919 -0.696483 0.072634 19.000000
-5.559046 -0.694643 0.111211 19.020000
-5.901275 -0.692045 0.148382 19.040000
-6.550719 -0.688769 0.178945 19.060000
-7.027565 -0.684996 0.198165 19.080000
-7.903191 -0.680925 0.208765 19.100000
-7.097022 -0.676789 0.204677 19.120000
-7.756603 -0.672619 0.212104 19.140000
-7.793318 -0.668415 0.208145 19.160000
-8.000000 -0.664305 0.202664 19.180000
-8.000000 -0.660347 0.193061 19.200000
-8.000000 -0.656588 0.182683 19.220000
-8.000000 -0.653044 0.171595 19.240000
-8.000000 -0.649728 0.159868 19.260000
-8.000000 -0.646653 0.147573 19.280000
-8.000000 -0.643829 0.134783 19.300000
-7.924203 -0.641264 0.121572 19.320000
-7.161795 -0.638956 0.109218 19.340000
-7.862430 -0.636776 0.108681 19.360000
-7.433589 -0.634724 0.096478 19.380000
-7.282903 -0.632850 0.090875 19.400000
-7.937465 -0.631067 0.087346 19.420000
-7.918060 -0.629464 0.073001 19.440000
-7.216380 -0.628145 0.058888 19.460000
-6.721048 -0.626995 0.055998 19.480000
-6.216014 -0.625826 0.060834 19.500000
-6.905646 -0.624483 0.073392 19.520000
-7.338953 -0.623006 0.074288 19.540000
-6.882486 -0.621584 0.067848 19.560000
-7.253492 -0.620219 0.068553 19.580000
-7.302473 -0.618904 0.062942 19.600000
-6.504360 -0.617711 0.056349 19.620000
-6.537497 -0.616522 0.062492 19.640000
-6.306386 -0.615219 0.067688 19.660000
-6.874277 -0.613780 0.076201 19.680000
-6.177565 -0.612267 0.075004 19.700000
-5.647775 -0.610669 0.084762 19.720000
-5.284586 -0.608794 0.102532 19.740000
-5.406108 -0.606513 0.125393 19.760000
-4.844728 -0.603805 0.145274 19.780000
-5.030490 -0.600618 0.173275 19.800000
-4.977595 -0.596913 0.196942 19.820000
-4.526720 -0.592740 0.220155 19.840000
-4.899572 -0.588042 0.249369 19.860000
-4.815446 -0.582838 0.270803 19.880000
-5.109265 -0.577207 0.292038 19.900000
-4.952671 -0.571216 0.306718 19.920000
-4.864777 -0.564922 0.322383 19.940000
-5.696706 -0.558318 0.337815 19.960000
-5.876716 -0.551562 0.337493 19.980000
