-0.378575 -0.199080 0.515386 0.000000
-0.334655 -0.188570 0.535205 0.020000
0.597621 -0.177679 0.553431 0.040000
0.677408 -0.166267 0.587346 0.060000
-0.246787 -0.154189 0.619924 0.080000
0.733025 -0.141671 0.631416 0.100000
1.605387 -0.128758 0.659459 0.120000
2.462281 -0.115142 0.701568 0.140000
2.470029 -0.100549 0.757049 0.160000
2.611944 -0.084884 0.808735 0.180000
2.488126 -0.068199 0.859138 0.200000
3.228645 -0.050572 0.902832 0.220000
3.434948 -0.031967 0.956848 0.240000
2.686551 -0.012289 1.010204 0.260000
2.442702 0.008259 1.043792 0.280000
1.948881 0.029383 1.067832 0.300000
2.477786 0.050844 1.077461 0.320000
3.101826 0.072557 1.093127 0.340000
2.676431 0.094661 1.116481 0.360000
2.445115 0.117100 1.126561 0.380000
2.804594 0.139647 1.127421 0.400000
3.221075 0.162237 1.130813 0.420000
2.805078 0.184930 1.137723 0.440000
2.155456 0.207633 1.131818 0.460000
1.886783 0.230048 1.108926 0.480000
1.369291 0.251912 1.076920 0.500000
1.607506 0.273001 1.031411 0.520000
1.125098 0.293193 0.987326 0.540000
1.381910 0.312383 0.931154 0.560000
2.051808 0.330472 0.877350 0.580000
1.550594 0.347587 0.833738 0.600000
1.365747 0.363712 0.778419 0.620000
0.429594 0.378677 0.717795 0.640000
0.793462 0.392241 0.638476 0.660000
-0.189144 0.404277 0.565032 0.680000
0.067393 0.414659 0.473122 0.700000
-0.419973 0.423250 0.386003 0.720000
-0.083410 0.430013 0.290459 0.740000
-1.020362 0.434935 0.201850 0.760000
-1.541754 0.437925 0.097485 0.780000
-0.612516 0.438752 -0.014482 0.800000
-0.249185 0.437528 -0.107532 0.820000
-0.659615 0.434531 -0.191856 0.840000
-1.286551 0.429796 -0.281218 0.860000
-0.876129 0.423187 -0.379144 0.880000
-1.199189 0.414726 -0.466449 0.900000
-0.367909 0.404492 -0.556297 0.920000
-1.215814 0.392650 -0.627325 0.940000
-1.598257 0.379268 -0.710277 0.960000
-1.376261 0.364196 -0.796203 0.980000
-1.105612 0.347490 -0.873603 1.000000
-2.030576 0.329333 -0.941392 1.020000
-1.876539 0.309691 -1.021893 1.040000
-2.723706 0.288520 -1.094360 1.060000
-3.099155 0.265790 -1.177677 1.080000
-2.778787 0.241379 -1.262460 1.100000
-3.608420 0.215394 -1.335003 1.120000
-3.765943 0.187859 -1.417446 1.140000
-4.009863 0.158710 -1.496302 1.160000
-3.829648 0.128005 -1.572993 1.180000
-3.574184 0.095874 -1.638886 1.200000
-4.240885 0.062550 -1.692343 1.220000
-3.710749 0.028098 -1.751517 1.240000
-4.028902 -0.007353 -1.792319 1.260000
-4.959008 -0.043606 -1.831634 1.280000
-4.059469 -0.080750 -1.881311 1.300000
-3.365118 -0.118624 -1.904722 1.320000
-3.812832 -0.156747 -1.906360 1.340000
-4.659316 -0.194914 -1.908987 1.360000
-5.278036 -0.233219 -1.920106 1.380000
-4.753025 -0.271782 -1.934792 1.400000
-3.925661 -0.310453 -1.930922 1.420000
-4.726303 -0.348809 -1.903398 1.440000
-4.656480 -0.386688 -1.883251 1.460000
-5.536128 -0.424075 -1.854139 1.480000
-4.922487 -0.460963 -1.833368 1.500000
-4.814410 -0.497249 -1.794079 1.520000
-4.056181 -0.532661 -1.745923 1.540000
-3.382183 -0.566914 -1.678406 1.560000
-2.711890 -0.599648 -1.594156 1.580000
-2.305092 -0.630540 -1.494433 1.600000
-1.592447 -0.659336 -1.384623 1.620000
-2.091620 -0.685795 -1.260937 1.640000
-1.826532 -0.709837 -1.142977 1.660000
-1.880811 -0.731463 -1.019431 1.680000
-0.983423 -0.750616 -0.895686 1.700000
-1.040262 -0.767157 -0.758511 1.720000
-0.286194 -0.780967 -0.622532 1.740000
-0.133742 -0.791958 -0.476810 1.760000
-0.323794 -0.800028 -0.330523 1.780000
-0.703763 -0.805218 -0.188840 1.800000
-1.254755 -0.807649 -0.054640 1.820000
-0.978595 -0.807496 0.069523 1.840000
-0.585837 -0.804848 0.194799 1.860000
0.375977 -0.799671 0.322418 1.880000
-0.594852 -0.791841 0.459901 1.900000
-0.389899 -0.781437 0.579888 1.920000
-0.536986 -0.768644 0.698702 1.940000
-0.418302 -0.753539 0.811031 1.960000
-0.341689 -0.736216 0.920449 1.980000
-0.110241 -0.716742 1.026082 2.000000
-0.692297 -0.695173 1.130016 2.020000
0.243818 -0.671668 1.219560 2.040000
-0.660392 -0.646282 1.318063 2.060000
-0.210739 -0.619129 1.396178 2.080000
-0.096043 -0.590402 1.475442 2.100000
0.789744 -0.560135 1.550215 2.120000
0.989782 -0.528288 1.633376 2.140000
0.969198 -0.494811 1.713125 2.160000
1.543379 -0.459814 1.785400 2.180000
0.811336 -0.423341 1.860613 2.200000
1.375388 -0.385573 1.914902 2.220000
0.967913 -0.346692 1.971886 2.240000
1.666659 -0.306827 2.013273 2.260000
2.535036 -0.266082 2.059891 2.280000
2.795724 -0.224320 2.114902 2.300000
3.126334 -0.181493 2.166348 2.320000
2.667447 -0.137660 2.215399 2.340000
2.551476 -0.093028 2.246322 2.360000
2.912418 -0.047891 2.265888 2.380000
2.675576 -0.002381 2.283534 2.400000
2.072064 0.043342 2.287294 2.420000
1.424614 0.088931 2.270095 2.440000
1.997301 0.133961 2.231569 2.460000
2.250893 0.178253 2.196252 2.480000
1.971730 0.221807 2.157860 2.500000
1.148232 0.264461 2.106278 2.520000
1.113445 0.305852 2.031766 2.540000
1.765541 0.345683 1.950282 2.560000
2.197109 0.383946 1.875056 2.580000
3.049075 0.420726 1.801940 2.600000
2.572101 0.456140 1.738513 2.620000
3.012506 0.490144 1.660962 2.640000
2.359624 0.522623 1.586086 2.660000
2.073589 0.553443 1.495324 2.680000
2.238949 0.582362 1.395917 2.700000
2.081524 0.609286 1.296033 2.720000
2.816786 0.634159 1.190814 2.740000
3.688844 0.657021 1.094993 2.760000
4.571757 0.678080 1.010511 2.780000
4.405854 0.697562 0.937218 2.800000
4.910008 0.715528 0.859004 2.820000
5.145583 0.731984 0.786314 2.840000
5.863998 0.747002 0.715216 2.860000
4.897067 0.760686 0.652863 2.880000
4.385078 0.772967 0.575089 2.900000
3.995874 0.783612 0.489265 2.920000
3.629413 0.792482 0.397767 2.940000
3.628095 0.799473 0.301475 2.960000
4.132901 0.804546 0.205947 2.980000
3.295153 0.807788 0.118456 3.000000
3.662808 0.809178 0.020794 3.020000
3.508774 0.808683 -0.069988 3.040000
3.339121 0.806371 -0.160818 3.060000
4.150894 0.802242 -0.251585 3.080000
4.037104 0.796438 -0.328439 3.100000
3.571333 0.789108 -0.404074 3.120000
2.623099 0.780230 -0.483169 3.140000
3.361607 0.769669 -0.572290 3.160000
3.326321 0.757469 -0.647081 3.180000
3.019411 0.743807 -0.718486 3.200000
2.060476 0.728712 -0.790284 3.220000
2.229867 0.712082 -0.872003 3.240000
1.332890 0.693888 -0.946520 3.260000
1.511394 0.674115 -1.029960 3.280000
1.519469 0.652752 -1.105503 3.300000
0.968940 0.629932 -1.175611 3.320000
1.260531 0.605675 -1.249109 3.340000
0.410137 0.580053 -1.312108 3.360000
0.892202 0.553088 -1.383440 3.380000
1.454331 0.524838 -1.440486 3.400000
0.556191 0.495607 -1.481604 3.420000
1.268608 0.465458 -1.532205 3.440000
0.633297 0.434489 -1.563645 3.460000
0.708382 0.402841 -1.600115 3.480000
-0.283030 0.370542 -1.628618 3.500000
-1.264378 0.337556 -1.668902 3.520000
-1.595996 0.303647 -1.720771 3.540000
-2.013306 0.268709 -1.771795 3.560000
-1.770449 0.232744 -1.823476 3.580000
-1.705984 0.195868 -1.862890 3.600000
-1.885852 0.158292 -1.893432 3.620000
-1.224600 0.120146 -1.919842 3.640000
-0.627217 0.081680 -1.925488 3.660000
-1.084543 0.043295 -1.911856 3.680000
-0.575236 0.005163 -1.900152 3.700000
-0.453032 -0.032562 -1.871235 3.720000
-1.288500 -0.069618 -1.833207 3.740000
-2.161121 -0.106014 -1.805282 3.760000
-1.703478 -0.141958 -1.787983 3.780000
-1.777590 -0.177398 -1.755004 3.800000
-1.410261 -0.212131 -1.717206 3.820000
-1.235754 -0.245975 -1.666311 3.840000
-2.002174 -0.278713 -1.606593 3.860000
-2.855285 -0.310351 -1.556360 3.880000
-3.757583 -0.341094 -1.516989 3.900000
-4.035789 -0.371164 -1.489010 3.920000
-4.105570 -0.400668 -1.460499 3.940000
-3.652434 -0.429559 -1.427689 3.960000
-4.503400 -0.457659 -1.381429 3.980000
-5.095352 -0.484935 -1.345396 4.000000
-5.154975 -0.511544 -1.314629 4.020000
-4.392448 -0.537497 -1.279747 4.040000
-3.981509 -0.562572 -1.227093 4.060000
-4.366690 -0.586484 -1.163491 4.080000
-3.700966 -0.609152 -1.102673 4.100000
-4.090519 -0.630461 -1.027739 4.120000
-5.012495 -0.650306 -0.956361 4.140000
-4.152776 -0.668843 -0.896920 4.160000
-3.223388 -0.686032 -0.821570 4.180000
-2.388950 -0.701552 -0.730252 4.200000
-1.805806 -0.715109 -0.625439 4.220000
-1.736666 -0.726481 -0.511812 4.240000
-1.976837 -0.735575 -0.397688 4.260000
-1.122155 -0.742430 -0.288009 4.280000
-1.707076 -0.746978 -0.167091 4.300000
-1.917666 -0.749212 -0.056525 4.320000
-2.887721 -0.749283 0.048988 4.340000
-2.302554 -0.747408 0.138180 4.360000
-2.703372 -0.743686 0.233613 4.380000
-2.989076 -0.738140 0.320492 4.400000
-3.570052 -0.730928 0.400305 4.420000
-4.065958 -0.722235 0.468471 4.440000
-3.502971 -0.712284 0.526091 4.460000
-2.696744 -0.701128 0.588944 4.480000
-3.506602 -0.688627 0.660532 4.500000
-4.120369 -0.674857 0.715833 4.520000
-3.453553 -0.660115 0.757710 4.540000
-3.794692 -0.644469 0.806164 4.560000
-4.469813 -0.627950 0.845065 4.580000
-3.800602 -0.610803 0.868920 4.600000
-4.645884 -0.593111 0.899573 4.620000
-5.215331 -0.574989 0.912014 4.640000
-6.147658 -0.556754 0.910817 4.660000
-7.135331 -0.538740 0.889900 4.680000
-7.558170 -0.521351 0.848462 4.700000
-8.000000 -0.504896 0.796507 4.720000
-7.800289 -0.489587 0.734040 4.740000
-8.000000 -0.475515 0.672704 4.760000
-8.000000 -0.462727 0.605787 4.780000
-7.428635 -0.451295 0.537235 4.800000
-7.424102 -0.441144 0.477621 4.820000
-7.619248 -0.432197 0.416993 4.840000
-8.000000 -0.424505 0.352071 4.860000
-8.000000 -0.418185 0.279877 4.880000
-7.031479 -0.413309 0.207761 4.900000
-7.577891 -0.409696 0.153634 4.920000
-6.603099 -0.407261 0.089939 4.940000
-6.639699 -0.405915 0.044793 4.960000
-6.693195 -0.405472 -0.000330 4.980000
-5.772364 -0.405932 -0.045531 5.000000
-5.499630 -0.407117 -0.072892 5.020000
-5.925217 -0.408792 -0.094432 5.040000
-4.985107 -0.410967 -0.122851 5.060000
-5.427445 -0.413528 -0.133112 5.080000
-5.891508 -0.416366 -0.150601 5.100000
-6.459036 -0.419629 -0.175470 5.120000
-7.051211 -0.423479 -0.209305 5.140000
-6.107270 -0.428098 -0.252181 5.160000
-7.092821 -0.433383 -0.276055 5.180000
-7.186103 -0.439306 -0.315877 5.200000
-6.460080 -0.446019 -0.355092 5.220000
-7.199433 -0.453363 -0.378916 5.240000
-7.679646 -0.461293 -0.413647 5.260000
-8.000000 -0.469977 -0.454219 5.280000
-8.000000 -0.479498 -0.497428 5.300000
-8.000000 -0.489852 -0.537343 5.320000
-8.000000 -0.500969 -0.573827 5.340000
-7.277904 -0.512781 -0.606763 5.360000
-7.247980 -0.525091 -0.623647 5.380000
-7.225592 -0.537700 -0.636693 5.400000
-8.000000 -0.550533 -0.646044 5.420000
-7.243216 -0.563650 -0.665113 5.440000
-8.000000 -0.576986 -0.667894 5.460000
-8.000000 -0.590470 -0.679898 5.480000
-7.029835 -0.604158 -0.688275 5.500000
-7.503855 -0.617819 -0.677329 5.520000
-6.570556 -0.631307 -0.670973 5.540000
-5.772654 -0.644488 -0.646633 5.560000
-6.081461 -0.657029 -0.607199 5.580000
-6.607726 -0.668811 -0.570649 5.600000
-6.369418 -0.679925 -0.540367 5.620000
-7.168947 -0.690376 -0.504514 5.640000
-8.000000 -0.700217 -0.479199 5.660000
-8.000000 -0.709658 -0.464610 5.680000
-7.769800 -0.718787 -0.447985 5.700000
-7.222839 -0.727531 -0.426032 5.720000
-8.000000 -0.735737 -0.394356 5.740000
-7.954542 -0.743410 -0.372775 5.760000
-7.592467 -0.750631 -0.349099 5.780000
-8.000000 -0.757313 -0.318929 5.800000
-8.000000 -0.763441 -0.293641 5.820000
-7.914023 -0.769053 -0.267388 5.840000
-6.920961 -0.774119 -0.239101 5.860000
-7.210961 -0.778472 -0.196169 5.880000
-7.630711 -0.782006 -0.157246 5.900000
-7.163024 -0.784821 -0.124229 5.920000
-7.510203 -0.786910 -0.084720 5.940000
-7.373124 -0.788261 -0.050437 5.960000
-6.988356 -0.788911 -0.014677 5.980000
-7.671409 -0.788798 0.025809 6.000000
-7.915593 -0.787980 0.055846 6.020000
-7.666309 -0.786604 0.081605 6.040000
-7.855462 -0.784687 0.109935 6.060000
-7.831019 -0.782241 0.134516 6.080000
-8.000000 -0.779311 0.158289 6.100000
-7.354641 -0.775942 0.178427 6.120000
-7.731583 -0.772091 0.206406 6.140000
-6.784403 -0.767749 0.227484 6.160000
-7.052097 -0.762866 0.260541 6.180000
-6.718224 -0.757379 0.287890 6.200000
-7.236394 -0.751315 0.318147 6.220000
-7.545258 -0.744742 0.338811 6.240000
-7.813901 -0.737821 0.352933 6.260000
-6.883787 -0.730678 0.361109 6.280000
-6.620964 -0.723252 0.381083 6.300000
-7.052248 -0.715410 0.402778 6.320000
-7.877290 -0.707221 0.415707 6.340000
-8.000000 -0.698921 0.413947 6.360000
-7.912945 -0.690695 0.408298 6.380000
-7.896721 -0.682589 0.402047 6.400000
-7.891575 -0.674624 0.394166 6.420000
-8.000000 -0.666833 0.384556 6.440000
-7.324922 -0.659270 0.371531 6.460000
-8.000000 -0.651877 0.367492 6.480000
-8.000000 -0.644688 0.351105 6.500000
-8.000000 -0.637842 0.333286 6.520000
-8.000000 -0.631365 0.314153 6.540000
-7.075095 -0.625284 0.293827 6.560000
-7.391099 -0.619470 0.287304 6.580000
-7.813967 -0.613851 0.274433 6.600000
-7.705658 -0.608569 0.253633 6.620000
-7.200407 -0.603694 0.233750 6.640000
-7.423501 -0.599141 0.221352 6.660000
-8.000000 -0.594882 0.204484 6.680000
-8.000000 -0.591061 0.177497 6.700000
-7.513845 -0.587784 0.150160 6.720000
-7.734414 -0.584976 0.130627 6.740000
-8.000000 -0.582597 0.107202 6.760000
-7.720621 -0.580732 0.079323 6.780000
-8.000000 -0.579377 0.056224 6.800000
-8.000000 -0.578528 0.028679 6.820000
-7.218873 -0.578227 0.001537 6.840000
-7.400971 -0.578334 -0.012134 6.860000
-7.071788 -0.578740 -0.028492 6.880000
-6.300378 -0.579415 -0.038937 6.900000
-5.708488 -0.580167 -0.036221 6.920000
-6.489659 -0.580765 -0.023598 6.940000
-5.674559 -0.581242 -0.024040 6.960000
-6.402230 -0.581591 -0.010885 6.980000
-6.042088 -0.581799 -0.009971 7.000000
-5.680885 -0.581930 -0.003076 7.020000
-6.175633 -0.581863 0.009668 7.040000
-5.524612 -0.581627 0.013936 7.060000
-5.447991 -0.581199 0.028821 7.080000
-5.206239 -0.580464 0.044550 7.100000
-5.239088 -0.579380 0.063772 7.120000
-5.038184 -0.577923 0.081790 7.140000
-5.510732 -0.576080 0.102424 7.160000
-4.908527 -0.573911 0.114359 7.180000
-5.694853 -0.571410 0.135564 7.200000
-5.756027 -0.568626 0.142665 7.220000
-6.745822 -0.565719 0.147965 7.240000
-6.342843 -0.562879 0.135946 7.260000
-6.204539 -0.560216 0.130274 7.280000
-5.338828 -0.557648 0.126433 7.300000
-5.158510 -0.555016 0.136633 7.320000
-4.899297 -0.552157 0.149063 7.340000
-4.961306 -0.549015 0.164966 7.360000
-4.844208 -0.545576 0.178794 7.380000
-4.618381 -0.541851 0.193555 7.400000
-4.185348 -0.537803 0.211023 7.420000
-4.009583 -0.533344 0.234612 7.440000
-4.696207 -0.528398 0.259752 7.460000
-5.074110 -0.523083 0.271564 7.480000
-5.574642 -0.517610 0.275489 7.500000
-5.572512 -0.512158 0.269514 7.520000
-5.876942 -0.506836 0.262492 7.540000
-5.850548 -0.501718 0.249163 7.560000
-6.182344 -0.496871 0.235430 7.580000
-6.598752 -0.492364 0.215128 7.600000
-7.173103 -0.488343 0.186975 7.620000
-6.884156 -0.484988 0.148465 7.640000
-6.704296 -0.482353 0.115073 7.660000
-6.609023 -0.480353 0.084955 7.680000
-6.156397 -0.478936 0.056709 7.700000
-6.633457 -0.478003 0.036710 7.720000
-5.879282 -0.477551 0.008556 7.740000
-5.238806 -0.477524 -0.005827 7.760000
-5.224576 -0.477669 -0.008645 7.780000
-5.164598 -0.477867 -0.011119 7.800000
-5.790256 -0.478102 -0.012441 7.820000
-6.106966 -0.478474 -0.024673 7.840000
-6.427713 -0.479143 -0.042113 7.860000
-6.421466 -0.480211 -0.064647 7.880000
-5.878719 -0.481722 -0.086326 7.900000
-6.210907 -0.483563 -0.097666 7.920000
-5.881958 -0.485683 -0.114155 7.940000
-5.103504 -0.488066 -0.124044 7.960000
-5.767624 -0.490503 -0.119580 7.980000
-5.352550 -0.492963 -0.126266 8.000000
-4.609112 -0.495477 -0.125021 8.020000
-4.184013 -0.497830 -0.110316 8.040000
-4.678124 -0.499814 -0.088043 8.060000
-4.434200 -0.501439 -0.074419 8.080000
-3.881911 -0.502748 -0.056515 8.100000
-4.370302 -0.503604 -0.029151 8.120000
-4.601616 -0.504002 -0.010672 8.140000
-4.822659 -0.504073 0.003478 8.160000
-3.980312 -0.503903 0.013504 8.180000
-4.569388 -0.503388 0.037870 8.200000
-5.436680 -0.502495 0.051383 8.220000
-5.637949 -0.501487 0.049366 8.240000
-5.261978 -0.500557 0.043676 8.260000
-4.933641 -0.499675 0.044432 8.280000
-5.349550 -0.498723 0.050681 8.300000
-5.953463 -0.497723 0.049357 8.320000
-6.710926 -0.496856 0.037339 8.340000
-7.244255 -0.496361 0.012212 8.360000
-7.531585 -0.496458 -0.021753 8.380000
-8.000000 -0.497276 -0.059940 8.400000
-7.735502 -0.498930 -0.105222 8.420000
-8.000000 -0.501429 -0.144498 8.440000
-7.430076 -0.504746 -0.186876 8.460000
-6.858773 -0.508794 -0.217636 8.480000
-6.238166 -0.513341 -0.236879 8.500000
-6.772827 -0.518152 -0.243942 8.520000
-6.311856 -0.523183 -0.258921 8.540000
-6.819855 -0.528419 -0.264499 8.560000
-7.605484 -0.533841 -0.277413 8.580000
-8.000000 -0.539639 -0.302122 8.600000
-7.934227 -0.545980 -0.331553 8.620000
-7.810814 -0.552876 -0.357647 8.640000
-7.216881 -0.560250 -0.379381 8.660000
-6.939627 -0.567936 -0.388883 8.680000
-7.035225 -0.575745 -0.391715 8.700000
-7.610978 -0.583607 -0.394213 8.720000
-6.998504 -0.591596 -0.404261 8.740000
-7.499038 -0.599663 -0.402098 8.760000
-6.690990 -0.607749 -0.406214 8.780000
-6.015926 -0.615766 -0.395179 8.800000
-5.072149 -0.623436 -0.371633 8.820000
-4.093709 -0.630471 -0.331745 8.840000
-3.989487 -0.636545 -0.275612 8.860000
-3.324689 -0.641479 -0.217809 8.880000
-2.671898 -0.645153 -0.149744 8.900000
-2.655005 -0.647370 -0.072132 8.920000
-3.402629 -0.648045 0.004479 8.940000
-4.202367 -0.647320 0.067759 8.960000
-3.714731 -0.645471 0.116889 8.980000
-3.637120 -0.642577 0.172282 9.000000
-4.147917 -0.638579 0.227123 9.020000
-5.057262 -0.633586 0.271845 9.040000
-5.338494 -0.627865 0.300036 9.060000
-4.512066 -0.621643 0.321860 9.080000
-5.385791 -0.614869 0.355166 9.100000
-5.897779 -0.607592 0.372162 9.120000
-5.433873 -0.600079 0.378844 9.140000
-5.676722 -0.592375 0.391277 9.160000
-6.409725 -0.584481 0.397737 9.180000
-6.663446 -0.576599 0.390162 9.200000
-7.388948 -0.568928 0.376708 9.220000
-6.431960 -0.561663 0.349633 9.240000
-7.088193 -0.554789 0.337462 9.260000
-7.082033 -0.548284 0.312907 9.280000
-7.276823 -0.542279 0.287448 9.300000
-6.364784 -0.536825 0.257817 9.320000
-6.124164 -0.531815 0.243062 9.340000
-5.660475 -0.527067 0.231586 9.360000
-4.681124 -0.522477 0.227218 9.380000
-5.301828 -0.517816 0.238733 9.400000
-4.887124 -0.513043 0.238310 9.420000
-4.851697 -0.508218 0.244004 9.440000
-4.359080 -0.503285 0.249141 9.460000
-4.511396 -0.498175 0.261650 9.480000
-4.736502 -0.492855 0.270152 9.500000
-4.663078 -0.487417 0.273404 9.520000
-4.313759 -0.481914 0.276700 9.540000
-4.962089 -0.476296 0.284877 9.560000
-5.679364 -0.470642 0.280269 9.580000
-6.595867 -0.465220 0.261866 9.600000
-6.880200 -0.460336 0.226428 9.620000
-6.935489 -0.456215 0.185597 9.640000
-6.869697 -0.452922 0.143722 9.660000
-5.962691 -0.450454 0.103174 9.680000
-5.269841 -0.448631 0.079109 9.700000
-4.430475 -0.447165 0.067520 9.720000
-4.700382 -0.445780 0.070843 9.740000
-4.967506 -0.444382 0.068979 9.760000
-5.957637 -0.443071 0.062081 9.780000
-6.775281 -0.442077 0.037346 9.800000
-6.956250 -0.441722 -0.001693 9.820000
-7.739627 -0.442172 -0.043188 9.840000
-8.000000 -0.443583 -0.097664 9.860000
-7.113942 -0.446115 -0.155241 9.880000
-6.313800 -0.449621 -0.195119 9.900000
-6.331642 -0.453765 -0.219044 9.920000
-6.256767 -0.458376 -0.241809 9.940000
-5.453735 -0.463414 -0.261686 9.960000
-5.964562 -0.468691 -0.265777 9.980000
-6.050532 -0.474127 -0.277614 10.000000
-6.903912 -0.479800 -0.289469 10.020000
-6.459329 -0.485846 -0.314729 10.040000
-7.120037 -0.492298 -0.330242 10.060000
-7.285942 -0.499159 -0.355419 10.080000
-7.193435 -0.506529 -0.381284 10.100000
-6.401191 -0.514378 -0.403212 10.120000
-6.030019 -0.522505 -0.409164 10.140000
-5.296265 -0.530668 -0.406757 10.160000
-4.957041 -0.538638 -0.390053 10.180000
-4.603144 -0.546203 -0.366212 10.200000
-3.674249 -0.553219 -0.335286 10.220000
-2.709836 -0.559452 -0.287937 10.240000
-2.127894 -0.564573 -0.224210 10.260000
-1.638924 -0.568326 -0.151164 10.280000
-1.040323 -0.570544 -0.070853 10.300000
-1.803033 -0.571068 0.018091 10.320000
-1.712204 -0.569960 0.092508 10.340000
-1.783988 -0.567365 0.166629 10.360000
-1.247211 -0.563320 0.237476 10.380000
-1.332852 -0.557791 0.315047 10.400000
-0.344748 -0.550751 0.388522 10.420000
-0.700900 -0.542101 0.475856 10.440000
-1.413833 -0.531799 0.553788 10.460000
-2.285169 -0.520095 0.616046 10.480000
-2.210229 -0.507331 0.659809 10.500000
-1.725675 -0.493713 0.701479 10.520000
-1.170403 -0.479211 0.748111 10.540000
-1.250530 -0.463715 0.800798 10.560000
-1.512570 -0.447220 0.848073 10.580000
-0.976566 -0.429866 0.886568 10.600000
-1.512271 -0.411687 0.930634 10.620000
-1.947686 -0.392768 0.960620 10.640000
-2.648741 -0.373371 0.978356 10.660000
-2.782106 -0.353791 0.978967 10.680000
-3.616927 -0.334263 0.973162 10.700000
-2.939541 -0.315047 0.947898 10.720000
-2.076086 -0.296242 0.931999 10.740000
-2.488086 -0.277626 0.929028 10.760000
-2.612864 -0.259184 0.914579 10.780000
-2.819485 -0.241089 0.894364 10.800000
-2.412869 -0.223470 0.866979 10.820000
-2.881284 -0.206350 0.844504 10.840000
-2.764693 -0.189801 0.810013 10.860000
-2.895775 -0.173944 0.775214 10.880000
-3.016610 -0.158834 0.735437 10.900000
-2.906184 -0.144565 0.691133 10.920000
-2.560827 -0.131180 0.647098 10.940000
-3.280921 -0.118624 0.608130 10.960000
-2.791314 -0.107008 0.553359 10.980000
-2.541696 -0.096401 0.507099 11.000000
-2.662220 -0.086682 0.464661 11.020000
-2.998357 -0.077845 0.418851 11.040000
-2.869585 -0.069999 0.365659 11.060000
-2.804543 -0.063196 0.314618 11.080000
-3.665021 -0.057403 0.264631 11.100000
-4.377429 -0.052781 0.197591 11.120000
-3.722932 -0.049637 0.117019 11.140000
-2.830467 -0.047963 0.050514 11.160000
-2.300414 -0.047432 0.002767 11.180000
-2.584268 -0.047741 -0.033569 11.200000
-2.817639 -0.048825 -0.074663 11.220000
-2.349775 -0.050767 -0.119264 11.240000
-1.931750 -0.053494 -0.153266 11.260000
-1.274370 -0.056806 -0.177735 11.280000
-0.639407 -0.060465 -0.188037 11.300000
-0.244760 -0.064195 -0.184860 11.320000
0.274551 -0.067777 -0.173235 11.340000
0.126299 -0.071019 -0.150917 11.360000
-0.673555 -0.073842 -0.131384 11.380000
-1.114395 -0.076432 -0.127513 11.400000
-0.802895 -0.079027 -0.131920 11.420000
-1.412047 -0.081643 -0.129581 11.440000
-0.780979 -0.084328 -0.138796 11.460000
-0.246523 -0.087065 -0.134844 11.480000
-0.781513 -0.089613 -0.119911 11.500000
0.086200 -0.091966 -0.115352 11.520000
-0.588055 -0.094053 -0.093337 11.540000
-0.988463 -0.095834 -0.084681 11.560000
-0.573706 -0.097518 -0.083754 11.580000
-1.295437 -0.099100 -0.074351 11.600000
-0.357637 -0.100634 -0.079056 11.620000
-1.140605 -0.102074 -0.064897 11.640000
-0.412387 -0.103385 -0.066178 11.660000
0.339762 -0.104575 -0.052843 11.680000
0.857008 -0.105351 -0.024766 11.700000
0.314982 -0.105467 0.013029 11.720000
-0.067091 -0.104942 0.039360 11.740000
-0.533291 -0.103972 0.057498 11.760000
-1.194232 -0.102738 0.065879 11.780000
-0.556422 -0.101471 0.060828 11.800000
-0.073067 -0.100180 0.068195 11.820000
0.448590 -0.098650 0.084670 11.840000
1.373230 -0.096694 0.110765 11.860000
1.625600 -0.094043 0.154132 11.880000
2.086719 -0.090489 0.201024 11.900000
1.460632 -0.085922 0.255313 11.920000
1.647250 -0.080414 0.295211 11.940000
0.794162 -0.074089 0.336873 11.960000
0.352978 -0.067122 0.359584 11.980000
1.224597 -0.059806 0.371748 12.000000
0.759293 -0.052090 0.399455 12.020000
1.287160 -0.043934 0.415879 12.040000
0.878163 -0.035363 0.440808 12.060000
0.599263 -0.026397 0.455453 12.080000
0.422777 -0.017214 0.462529 12.100000
0.741378 -0.007944 0.464179 12.120000
-0.051583 0.001404 0.470302 12.140000
-0.658101 0.010698 0.458787 12.160000
-1.109864 0.019625 0.433719 12.180000
-0.902535 0.027949 0.398531 12.200000
-1.448896 0.035602 0.366600 12.220000
-1.933858 0.042499 0.323080 12.240000
-2.349977 0.048426 0.269591 12.260000
-2.518356 0.053200 0.207903 12.280000
-2.729535 0.056712 0.143314 12.300000
-1.920076 0.058896 0.075285 12.320000
-1.796879 0.059891 0.024306 12.340000
-1.268037 0.059899 -0.023323 12.360000
-1.835823 0.059069 -0.059473 12.380000
-2.768647 0.057414 -0.105895 12.400000
-3.517566 0.054657 -0.169423 12.420000
-4.333384 0.050501 -0.245845 12.440000
-5.237537 0.044678 -0.335945 12.460000
-4.944542 0.036904 -0.440861 12.480000
-4.544262 0.027127 -0.536228 12.500000
-5.408125 0.015561 -0.619736 12.520000
-6.289093 0.002193 -0.716296 12.540000
-5.699276 -0.013235 -0.825601 12.560000
-5.000872 -0.030678 -0.917842 12.580000
-4.658765 -0.049774 -0.990824 12.600000
-5.588692 -0.070207 -1.051666 12.620000
-6.432571 -0.091988 -1.125437 12.640000
-5.446686 -0.115351 -1.209778 12.660000
-4.869891 -0.140141 -1.268083 12.680000
-4.427274 -0.165919 -1.308700 12.700000
-3.772247 -0.192360 -1.334470 12.720000
-3.230783 -0.219130 -1.341514 12.740000
-3.971506 -0.245879 -1.332477 12.760000
-3.067487 -0.272536 -1.332358 12.780000
-2.516022 -0.298964 -1.309537 12.800000
-1.968215 -0.324781 -1.271459 12.820000
-1.985184 -0.349690 -1.218828 12.840000
-2.748347 -0.373512 -1.162785 12.860000
-3.543515 -0.396320 -1.117313 12.880000
-3.642129 -0.418326 -1.082721 12.900000
-3.196565 -0.439621 -1.046132 12.920000
-2.963334 -0.460068 -0.998015 12.940000
-2.337054 -0.479480 -0.942705 12.960000
-1.868649 -0.497648 -0.873794 12.980000
-1.773195 -0.514337 -0.794774 13.000000
-1.148266 -0.529413 -0.712709 13.020000
-1.963271 -0.542731 -0.618997 13.040000
-1.295773 -0.554309 -0.538700 13.060000
-1.164755 -0.564164 -0.446800 13.080000
-1.246622 -0.572161 -0.352947 13.100000
-1.170200 -0.578300 -0.261071 13.120000
-2.071623 -0.582597 -0.168831 13.140000
-1.129601 -0.585211 -0.092710 13.160000
-1.071031 -0.586157 -0.002221 13.180000
-1.910639 -0.585302 0.087450 13.200000
-2.635506 -0.582812 0.161182 13.220000
-2.003708 -0.578988 0.220874 13.240000
-1.868962 -0.573886 0.289021 13.260000
-1.655479 -0.567421 0.356997 13.280000
-1.239560 -0.559588 0.425888 13.300000
-1.946594 -0.550335 0.498860 13.320000
-1.381934 -0.539775 0.556646 13.340000
-0.730587 -0.527994 0.620833 13.360000
-1.472151 -0.514853 0.692673 13.380000
-1.932725 -0.500442 0.747828 13.400000
-2.104425 -0.485046 0.791107 13.420000
-2.929144 -0.468853 0.827512 13.440000
-3.076421 -0.452118 0.845400 13.460000
-2.942218 -0.435088 0.856924 13.480000
-2.137828 -0.417841 0.867182 13.500000
-2.663092 -0.400279 0.888356 13.520000
-3.078647 -0.382429 0.896036 13.540000
-2.685436 -0.364539 0.892330 13.560000
-3.210180 -0.346686 0.892368 13.580000
-2.335295 -0.328967 0.879031 13.600000
-1.877578 -0.311383 0.878802 13.620000
-2.349804 -0.293751 0.883729 13.640000
-3.330739 -0.276147 0.876118 13.660000
-2.517484 -0.258917 0.846445 13.680000
-3.205597 -0.242152 0.829490 13.700000
-2.548229 -0.225890 0.796303 13.720000
-3.432573 -0.210190 0.773235 13.740000
-2.596354 -0.195150 0.730386 13.760000
-3.155994 -0.180825 0.701669 13.780000
-3.566040 -0.167207 0.659806 13.800000
-2.660504 -0.154526 0.608101 13.820000
-1.981403 -0.142715 0.572677 13.840000
-2.074484 -0.131496 0.548982 13.860000
-1.213544 -0.120786 0.521761 13.880000
-0.881747 -0.110466 0.509941 13.900000
-0.965465 -0.100334 0.502890 13.920000
-1.396429 -0.090379 0.492371 13.940000
-0.418871 -0.080736 0.471644 13.960000
0.013783 -0.071329 0.468771 13.980000
0.321657 -0.061911 0.472677 14.000000
0.977623 -0.052373 0.480758 14.020000
0.781605 -0.042564 0.499786 14.040000
-0.134429 -0.032436 0.512632 14.060000
-0.217308 -0.022256 0.505120 14.080000
0.320623 -0.012260 0.494158 14.100000
0.445217 -0.002394 0.492139 14.120000
1.435662 0.007438 0.490717 14.140000
0.670436 0.017419 0.507016 14.160000
1.599562 0.027551 0.505882 14.180000
0.888065 0.037826 0.521181 14.200000
-0.089679 0.048242 0.520077 14.220000
0.207542 0.058422 0.497651 14.240000
-0.417224 0.068197 0.479612 14.260000
-0.131402 0.077472 0.447741 14.280000
-0.001179 0.086156 0.420412 14.300000
0.128638 0.094307 0.394567 14.320000
0.219189 0.101957 0.370266 14.340000
0.499809 0.109130 0.346798 14.360000
1.437853 0.115879 0.327971 14.380000
1.924318 0.122428 0.326676 14.400000
2.608182 0.129034 0.333677 14.420000
2.619934 0.135900 0.352636 14.440000
2.950506 0.143129 0.370046 14.460000
2.034939 0.150754 0.392105 14.480000
1.173326 0.158621 0.394255 14.500000
1.806365 0.166345 0.377976 14.520000
1.905863 0.173856 0.372890 14.540000
2.848201 0.181271 0.368372 14.560000
2.680895 0.188766 0.380816 14.580000
1.960177 0.196459 0.388232 14.600000
1.425873 0.204143 0.379968 14.620000
2.192633 0.211545 0.360019 14.640000
2.614236 0.218686 0.353879 14.660000
2.864853 0.225773 0.354592 14.680000
2.914218 0.232909 0.358697 14.700000
2.196210 0.240120 0.362222 14.720000
1.888138 0.247249 0.350425 14.740000
1.403540 0.254070 0.331564 14.760000
2.206129 0.260412 0.302495 14.780000
1.377164 0.266320 0.288158 14.800000
1.389766 0.271774 0.257147 14.820000
2.265335 0.276606 0.225992 14.840000
2.549201 0.280979 0.211233 14.860000
3.114547 0.285106 0.201320 14.880000
3.755002 0.289135 0.201525 14.900000
2.914811 0.293283 0.213046 14.920000
2.989166 0.297490 0.207551 14.940000
3.003828 0.301594 0.202730 14.960000
3.242716 0.305597 0.197460 14.980000
3.412088 0.309533 0.195997 15.000000
3.900371 0.313464 0.196953 15.020000
3.368446 0.317498 0.206266 15.040000
3.250639 0.321608 0.204543 15.060000
3.308814 0.325652 0.199804 15.080000
2.335187 0.329606 0.195433 15.100000
2.711945 0.333282 0.172131 15.120000
1.806060 0.336560 0.155648 15.140000
2.147094 0.339336 0.121955 15.160000
1.927369 0.341504 0.094815 15.180000
1.234182 0.343089 0.063743 15.200000
0.534981 0.343926 0.020122 15.220000
0.910720 0.343768 -0.035738 15.240000
1.385207 0.342575 -0.083357 15.260000
2.065405 0.340531 -0.120871 15.280000
2.951083 0.337876 -0.144486 15.300000
3.650164 0.334924 -0.150521 15.320000
4.200953 0.331991 -0.142756 15.340000
3.569444 0.329321 -0.124245 15.360000
2.815082 0.326903 -0.117408 15.380000
2.512642 0.324485 -0.124363 15.400000
2.129863 0.321876 -0.136354 15.420000
1.461794 0.318964 -0.154751 15.440000
0.739037 0.315567 -0.184733 15.460000
-0.063270 0.311446 -0.227012 15.480000
0.784173 0.306346 -0.282719 15.500000
0.408881 0.300313 -0.320276 15.520000
0.158258 0.293477 -0.362973 15.540000
0.017469 0.285761 -0.408213 15.560000
-0.682098 0.277137 -0.453707 15.580000
-1.156744 0.267496 -0.509939 15.600000
-1.886725 0.256669 -0.572257 15.620000
-2.530596 0.244487 -0.645254 15.640000
-1.762953 0.230759 -0.726877 15.660000
-1.124971 0.215589 -0.789489 15.680000
-1.045757 0.199331 -0.835633 15.700000
-1.098064 0.182206 -0.876220 15.720000
-0.834763 0.164299 -0.913745 15.740000
-0.361163 0.145735 -0.941946 15.760000
-0.474024 0.126742 -0.956734 15.780000
-0.147390 0.107470 -0.969782 15.800000
-0.194411 0.088042 -0.972417 15.820000
0.369535 0.068590 -0.972175 15.840000
0.619061 0.049292 -0.957040 15.860000
0.547638 0.030380 -0.933555 15.880000
0.246127 0.011956 -0.908322 15.900000
-0.087056 -0.005992 -0.886028 15.920000
0.126222 -0.023531 -0.867331 15.940000
0.286094 -0.040623 -0.841421 15.960000
0.767225 -0.057138 -0.809604 15.980000
1.297556 -0.072895 -0.765786 16.000000
1.624374 -0.087650 -0.709430 16.020000
1.551819 -0.101197 -0.645040 16.040000
2.069432 -0.113459 -0.580905 16.060000
1.936952 -0.124325 -0.505670 16.080000
2.275672 -0.133709 -0.432630 16.100000
1.642153 -0.141563 -0.352777 16.120000
1.618054 -0.147946 -0.285600 16.140000
1.963982 -0.152993 -0.219156 16.160000
2.446436 -0.156648 -0.146445 16.180000
3.151188 -0.158762 -0.065201 16.200000
2.559710 -0.159127 0.028443 16.220000
3.496532 -0.157754 0.108572 16.240000
3.200866 -0.154613 0.205029 16.260000
2.784965 -0.149628 0.293049 16.280000
3.540364 -0.142992 0.370115 16.300000
4.270956 -0.134694 0.459097 16.320000
5.166779 -0.124507 0.558973 16.340000
4.344842 -0.112185 0.672439 16.360000
4.600095 -0.097803 0.765044 16.380000
4.165134 -0.081564 0.858020 16.400000
4.237468 -0.063602 0.937378 16.420000
3.976081 -0.044089 1.013063 16.440000
3.063007 -0.023167 1.078227 16.460000
2.411828 -0.001177 1.119891 16.480000
1.948476 0.021465 1.143501 16.500000
2.794439 0.044438 1.153022 16.520000
3.544622 0.067722 1.174559 16.540000
4.226812 0.091535 1.205832 16.560000
3.313164 0.116054 1.245099 16.580000
2.830346 0.141120 1.260619 16.600000
3.420166 0.166348 1.261317 16.620000
3.763842 0.191655 1.268425 16.640000
4.008680 0.217117 1.276894 16.660000
4.899209 0.242742 1.284664 16.680000
5.876987 0.268638 1.304001 16.700000
5.447717 0.295049 1.335990 16.720000
4.517572 0.321953 1.353390 16.740000
3.988338 0.348968 1.347163 16.760000
4.956536 0.375704 1.325533 16.780000
5.408365 0.402134 1.316506 16.800000
4.629791 0.428409 1.310127 16.820000
5.299646 0.454361 1.284158 16.840000
6.001917 0.479862 1.265028 16.860000
6.135715 0.505050 1.252942 16.880000
5.912044 0.529966 1.237701 16.900000
6.852887 0.554485 1.213309 16.920000
7.541617 0.578623 1.199610 16.940000
7.479880 0.602547 1.191824 16.960000
7.184509 0.626248 1.177369 16.980000
6.646534 0.649558 1.152761 17.000000
7.599598 0.672240 1.114695 17.020000
6.722247 0.694263 1.086796 17.040000
7.443442 0.715547 1.040897 17.060000
7.048904 0.735980 1.001714 17.080000
6.050583 0.755531 0.952712 17.100000
7.027587 0.773922 0.885917 17.120000
7.262009 0.791088 0.830210 17.140000
7.301462 0.807144 0.774933 17.160000
8.000000 0.822073 0.717598 17.180000
7.945276 0.835927 0.667320 17.200000
8.000000 0.848744 0.614013 17.220000
7.261730 0.860481 0.559449 17.240000
6.807272 0.871015 0.493742 17.260000
7.366944 0.880166 0.421257 17.280000
7.040073 0.887933 0.355312 17.300000
7.083349 0.894335 0.284934 17.320000
6.340282 0.899336 0.215173 17.340000
6.213281 0.902853 0.136676 17.360000
6.539545 0.904794 0.057582 17.380000
6.515512 0.905205 -0.016208 17.400000
6.058157 0.904153 -0.088760 17.420000
5.698295 0.901611 -0.165086 17.440000
6.423692 0.897520 -0.243620 17.460000
6.836501 0.891973 -0.310600 17.480000
7.022130 0.885165 -0.369733 17.500000
6.081469 0.877226 -0.423675 17.520000
6.111804 0.868119 -0.486555 17.540000
6.144435 0.857791 -0.545685 17.560000
6.111490 0.846319 -0.600835 17.580000
5.113901 0.833778 -0.652690 17.600000
4.689275 0.820104 -0.714010 17.620000
4.822525 0.805187 -0.776946 17.640000
4.341409 0.789074 -0.833665 17.660000
4.347398 0.771803 -0.892616 17.680000
4.131394 0.753401 -0.946763 17.700000
4.909713 0.733934 -0.999188 17.720000
4.993091 0.713583 -1.035062 17.740000
4.126742 0.692577 -1.064615 17.760000
5.125242 0.670899 -1.102369 17.780000
5.096143 0.648674 -1.119296 17.800000
5.471223 0.626157 -1.131517 17.820000
5.573148 0.603508 -1.132540 17.840000
6.230913 0.580906 -1.126859 17.860000
5.592267 0.558576 -1.105312 17.880000
6.379652 0.536616 -1.089900 17.900000
5.920537 0.515145 -1.056451 17.920000
6.669835 0.494306 -1.026734 17.940000
5.716968 0.474234 -0.979836 17.960000
6.662919 0.454968 -0.946159 17.980000
6.233967 0.436581 -0.892022 18.000000
6.202011 0.419230 -0.842549 18.020000
5.523370 0.402892 -0.790802 18.040000
5.127736 0.387491 -0.748890 18.060000
4.201146 0.372880 -0.711768 18.080000
4.838535 0.358865 -0.689404 18.100000
4.517275 0.345439 -0.652738 18.120000
4.538255 0.332709 -0.619987 18.140000
4.153355 0.320657 -0.584855 18.160000
4.403739 0.309254 -0.555176 18.180000
3.474503 0.298509 -0.519028 18.200000
3.295753 0.288326 -0.499006 18.220000
3.374070 0.278526 -0.480725 18.240000
4.080653 0.269123 -0.459348 18.260000
4.725868 0.260297 -0.423019 18.280000
5.554334 0.252333 -0.373297 18.300000
6.129642 0.245529 -0.307094 18.320000
5.868938 0.240160 -0.229833 18.340000
5.134582 0.236281 -0.158115 18.360000
4.237532 0.233689 -0.101267 18.380000
4.620129 0.232053 -0.062386 18.400000
5.200198 0.231264 -0.016646 18.420000
4.817422 0.231493 0.039430 18.440000
5.197287 0.232758 0.086857 18.460000
4.347490 0.235032 0.140291 18.480000
3.718924 0.238195 0.175723 18.500000
3.070965 0.241931 0.197639 18.520000
2.226603 0.245967 0.205865 18.540000
1.443941 0.249996 0.196895 18.560000
1.796267 0.253688 0.172321 18.580000
1.294228 0.256955 0.154308 18.600000
0.832915 0.259763 0.126440 18.620000
1.737882 0.261925 0.089814 18.640000
1.317381 0.263531 0.070861 18.660000
0.360403 0.264679 0.043974 18.680000
1.309856 0.265109 -0.000828 18.700000
0.870509 0.264834 -0.026607 18.720000
1.543191 0.263965 -0.060164 18.740000
2.014420 0.262562 -0.079974 18.760000
1.078793 0.260861 -0.090071 18.780000
1.604203 0.258784 -0.117505 18.800000
1.625768 0.256268 -0.133888 18.820000
1.731161 0.253438 -0.149010 18.840000
1.380226 0.250334 -0.161229 18.860000
1.434113 0.246927 -0.179303 18.880000
1.732081 0.243179 -0.195286 18.900000
1.038867 0.239180 -0.204466 18.920000
1.174480 0.234873 -0.225993 18.940000
0.724468 0.230175 -0.243608 18.960000
1.666595 0.225051 -0.268604 18.980000
1.280949 0.219624 -0.273888 19.000000
2.259954 0.214028 -0.285442 19.020000
2.813333 0.208405 -0.276713 19.040000
3.613434 0.203074 -0.256336 19.060000
3.660778 0.198312 -0.219815 19.080000
3.661222 0.194291 -0.182201 19.100000
2.933481 0.191024 -0.144578 19.120000
2.902536 0.188365 -0.121252 19.140000
2.905503 0.186168 -0.098501 19.160000
3.282951 0.184425 -0.075747 19.180000
3.819453 0.183211 -0.045795 19.200000
2.882199 0.182696 -0.005811 19.220000
3.784899 0.182790 0.015167 19.240000
3.543282 0.183475 0.053234 19.260000
4.387646 0.184866 0.085628 19.280000
4.402749 0.187059 0.133453 19.300000
5.166487 0.190197 0.180072 19.320000
4.445526 0.194399 0.239857 19.340000
5.433442 0.199636 0.283460 19.360000
4.569734 0.205916 0.344171 19.380000
3.698439 0.213217 0.385505 19.400000
2.977436 0.221151 0.407575 19.420000
3.832556 0.229366 0.413628 19.440000
4.560773 0.237850 0.434349 19.460000
4.601813 0.246866 0.466855 19.480000
5.024922 0.256515 0.497541 19.500000
4.069299 0.266831 0.533611 19.520000
3.548340 0.277656 0.548476 19.540000
4.213311 0.288653 0.550861 19.560000
3.291132 0.299802 0.563522 19.580000
3.549307 0.311002 0.556163 19.600000
2.788665 0.322083 0.551529 19.620000
2.819415 0.332906 0.530460 19.640000
3.029566 0.343295 0.508246 19.660000
2.877005 0.353264 0.488333 19.680000
3.662897 0.362790 0.464007 19.700000
4.221217 0.371961 0.452805 19.720000
4.588339 0.380994 0.450224 19.740000
3.696070 0.390025 0.452523 19.760000
3.298708 0.398918 0.436542 19.780000
3.572833 0.407404 0.411836 19.800000
3.779595 0.415434 0.390911 19.820000
3.361650 0.423070 0.372526 19.840000
2.371560 0.430251 0.345430 19.860000
3.302730 0.436703 0.299682 19.880000
3.577114 0.442404 0.270341 19.900000
4.033392 0.447562 0.245383 19.920000
4.928440 0.452298 0.228040 19.940000
5.074103 0.456840 0.225998 19.960000
5.286611 0.461357 0.225599 19.980000
