0.228036 0.195331 0.722165 0.000000
0.850988 0.209288 0.673277 0.020000
1.796626 0.222372 0.634830 0.040000
1.826141 0.234853 0.612921 0.060000
2.449242 0.246882 0.589599 0.080000
2.406391 0.258545 0.576354 0.100000
3.026179 0.269914 0.560248 0.120000
3.067488 0.281061 0.554026 0.140000
4.027908 0.292069 0.546462 0.160000
4.537362 0.303088 0.554995 0.180000
4.565209 0.314349 0.570645 0.200000
5.380508 0.325900 0.584085 0.220000
6.367625 0.337847 0.610026 0.240000
5.493473 0.350465 0.651177 0.260000
6.060145 0.363706 0.672372 0.280000
5.475016 0.377442 0.700640 0.300000
5.369881 0.391599 0.714470 0.320000
4.859751 0.405979 0.722956 0.340000
5.206289 0.420402 0.718846 0.360000
6.137177 0.434775 0.717947 0.380000
5.384104 0.449267 0.730564 0.400000
5.327652 0.463840 0.726234 0.420000
4.467241 0.478285 0.717783 0.440000
4.138369 0.492380 0.691271 0.460000
3.324604 0.505862 0.656631 0.480000
3.210785 0.518490 0.605891 0.500000
3.238855 0.530069 0.551769 0.520000
2.242920 0.540558 0.496995 0.540000
1.732764 0.549773 0.424475 0.560000
1.468341 0.557450 0.343203 0.580000
1.254032 0.563459 0.257854 0.600000
0.792167 0.567733 0.169689 0.620000
0.984631 0.570177 0.074969 0.640000
0.904511 0.570775 -0.014927 0.660000
1.017153 0.569579 -0.104326 0.680000
0.778879 0.566635 -0.189714 0.700000
-0.053221 0.561966 -0.276734 0.720000
-1.024615 0.555443 -0.375038 0.740000
-1.865707 0.546822 -0.486539 0.760000
-1.808599 0.535864 -0.608586 0.780000
-2.031052 0.522516 -0.725438 0.800000
-2.737772 0.506838 -0.841628 0.820000
-3.275566 0.488760 -0.965277 0.840000
-3.684777 0.468167 -1.093108 0.860000
-4.053736 0.445001 -1.222529 0.880000
-3.527416 0.419240 -1.352502 0.900000
-3.043109 0.391040 -1.466416 0.920000
-3.789861 0.360718 -1.564678 0.940000
-3.473995 0.328360 -1.669886 0.960000
-3.954756 0.294031 -1.761734 0.980000
-4.946579 0.257850 -1.855075 1.000000
-4.807649 0.219691 -1.959417 1.020000
-4.807304 0.179558 -2.052413 1.040000
-3.820119 0.137654 -2.136421 1.060000
-2.841660 0.094358 -2.191709 1.080000
-2.589743 0.050241 -2.218438 1.100000
-2.310705 0.005730 -2.231186 1.120000
-1.634263 -0.038891 -2.229518 1.140000
-2.471552 -0.083258 -2.205803 1.160000
-3.048847 -0.127234 -2.190386 1.180000
-3.264256 -0.170931 -2.177871 1.200000
-2.765868 -0.214335 -2.161015 1.220000
-3.455246 -0.257219 -2.126119 1.240000
-2.701779 -0.299459 -2.096461 1.260000
-2.038385 -0.340882 -2.044624 1.280000
-2.385534 -0.381072 -1.973328 1.300000
-2.579534 -0.419837 -1.902069 1.320000
-2.951870 -0.457150 -1.828227 1.340000
-3.564279 -0.492994 -1.755209 1.360000
-2.734818 -0.527428 -1.687242 1.380000
-2.087940 -0.560305 -1.599723 1.400000
-2.439361 -0.591279 -1.497024 1.420000
-1.667385 -0.620220 -1.396562 1.440000
-1.856138 -0.646996 -1.280586 1.460000
-1.036648 -0.671459 -1.165384 1.480000
-0.800665 -0.693473 -1.035807 1.500000
-1.393657 -0.712850 -0.901871 1.520000
-0.450740 -0.729635 -0.776563 1.540000
0.355688 -0.743773 -0.637385 1.560000
0.897254 -0.755019 -0.487383 1.580000
0.553583 -0.763202 -0.331246 1.600000
-0.048412 -0.768333 -0.182255 1.620000
-0.167123 -0.770594 -0.044290 1.640000
0.587648 -0.770139 0.089382 1.660000
1.492802 -0.766930 0.230890 1.680000
1.350915 -0.760796 0.381924 1.700000
0.697081 -0.751700 0.527005 1.720000
0.654970 -0.739839 0.658407 1.740000
1.058071 -0.725399 0.784822 1.760000
0.286824 -0.708417 0.912602 1.780000
0.435940 -0.689045 1.023724 1.800000
0.339687 -0.667480 1.131950 1.820000
-0.343980 -0.643819 1.233192 1.840000
0.007464 -0.618299 1.317778 1.860000
0.715424 -0.591090 1.402139 1.880000
0.793063 -0.562138 1.492058 1.900000
0.697945 -0.531438 1.576834 1.920000
0.998213 -0.499125 1.653269 1.940000
0.111735 -0.465300 1.728041 1.960000
0.903149 -0.430210 1.779832 1.980000
1.560948 -0.394012 1.838703 2.000000
0.930832 -0.356590 1.902184 2.020000
0.500741 -0.318094 1.946136 2.040000
0.981837 -0.278878 1.974135 2.060000
0.656290 -0.239089 2.003526 2.080000
1.274327 -0.198853 2.018681 2.100000
1.404765 -0.158273 2.037997 2.120000
1.331712 -0.117361 2.051841 2.140000
1.314754 -0.076268 2.056201 2.160000
0.800868 -0.035170 2.052269 2.180000
-0.110890 0.005669 2.030328 2.200000
-0.760644 0.045813 1.982908 2.220000
-0.121425 0.084811 1.915917 2.240000
-0.974293 0.122536 1.855475 2.260000
-1.682114 0.158823 1.772388 2.280000
-1.846407 0.193259 1.670475 2.300000
-2.493147 0.225583 1.561253 2.320000
-3.050999 0.255561 1.436115 2.340000
-2.232312 0.282903 1.297781 2.360000
-2.794771 0.307617 1.173285 2.380000
-3.287734 0.329718 1.036660 2.400000
-3.207445 0.348986 0.890106 2.420000
-2.390672 0.365338 0.745091 2.440000
-2.298255 0.378944 0.615641 2.460000
-1.458761 0.389984 0.488445 2.480000
-1.098499 0.398642 0.377521 2.500000
-0.167604 0.405157 0.274089 2.520000
-0.870556 0.409783 0.188688 2.540000
-1.688022 0.412583 0.091560 2.560000
-2.228204 0.413308 -0.018774 2.580000
-3.137435 0.411749 -0.136655 2.600000
-3.933226 0.407694 -0.268266 2.620000
-3.619053 0.400896 -0.410926 2.640000
-3.915984 0.391342 -0.543807 2.660000
-3.058619 0.379118 -0.677847 2.680000
-2.200411 0.364418 -0.791369 2.700000
-2.846601 0.347654 -0.884197 2.720000
-3.368223 0.328961 -0.984285 2.740000
-2.546287 0.308220 -1.088937 2.760000
-3.128188 0.285597 -1.172377 2.780000
-3.819597 0.261251 -1.261219 2.800000
-3.191259 0.235056 -1.357240 2.820000
-2.905416 0.207127 -1.434584 2.840000
-2.145745 0.177772 -1.499769 2.860000
-1.424243 0.147330 -1.543406 2.880000
-1.971555 0.116222 -1.566295 2.900000
-1.998768 0.084612 -1.593573 2.920000
-2.144337 0.052518 -1.614792 2.940000
-3.124337 0.020036 -1.632281 2.960000
-2.868320 -0.012924 -1.662512 2.980000
-2.687275 -0.046367 -1.680604 3.000000
-2.481106 -0.080066 -1.688162 3.020000
-3.149710 -0.113807 -1.684837 3.040000
-2.740328 -0.147547 -1.688014 3.060000
-3.585604 -0.181201 -1.676350 3.080000
-4.087149 -0.214722 -1.674591 3.100000
-3.496499 -0.248237 -1.675672 3.120000
-2.550257 -0.281589 -1.658485 3.140000
-3.065188 -0.314353 -1.616924 3.160000
-3.032193 -0.346326 -1.579352 3.180000
-3.184368 -0.377483 -1.535501 3.200000
-2.956700 -0.407738 -1.489083 3.220000
-2.970506 -0.436971 -1.433427 3.240000
-2.096479 -0.465046 -1.373371 3.260000
-2.489504 -0.491723 -1.293665 3.280000
-1.618456 -0.516839 -1.217415 3.300000
-1.952386 -0.540248 -1.123092 3.320000
-2.272247 -0.561805 -1.032159 3.340000
-2.448318 -0.581575 -0.944534 3.360000
-2.924539 -0.599603 -0.858009 3.380000
-2.561807 -0.615963 -0.777714 3.400000
-2.149987 -0.630644 -0.690199 3.420000
-1.749442 -0.643499 -0.595290 3.440000
-2.288711 -0.654390 -0.493794 3.460000
-3.086341 -0.663338 -0.401017 3.480000
-3.105535 -0.670558 -0.321027 3.500000
-4.080150 -0.676184 -0.241698 3.520000
-4.097251 -0.680381 -0.178039 3.540000
-3.606364 -0.683312 -0.115185 3.560000
-3.406637 -0.684918 -0.045584 3.580000
-3.337371 -0.685113 0.025878 3.600000
-2.622297 -0.683882 0.096886 3.620000
-2.915152 -0.681139 0.177096 3.640000
-3.159716 -0.676859 0.250558 3.660000
-2.331858 -0.671171 0.317845 3.680000
-2.760922 -0.664033 0.395451 3.700000
-3.652408 -0.655440 0.463378 3.720000
-2.921849 -0.645659 0.514188 3.740000
-3.760026 -0.634776 0.573544 3.760000
-2.870143 -0.622874 0.616126 3.780000
-3.763003 -0.610009 0.669755 3.800000
-3.307719 -0.596254 0.705206 3.820000
-3.800266 -0.581750 0.744592 3.840000
-4.785957 -0.566577 0.772064 3.860000
-5.163891 -0.551057 0.779305 3.880000
-5.860459 -0.535492 0.776651 3.900000
-5.849713 -0.520133 0.758741 3.920000
-5.226136 -0.505161 0.737942 3.940000
-4.789119 -0.490526 0.725063 3.960000
-5.043760 -0.476101 0.716909 3.980000
-4.340647 -0.461914 0.701326 4.000000
-4.391007 -0.447941 0.695489 4.020000
-3.870241 -0.434123 0.685917 4.040000
-3.325302 -0.420429 0.682997 4.060000
-3.804632 -0.406722 0.687163 4.080000
-4.030569 -0.393049 0.679703 4.100000
-3.727058 -0.379594 0.665422 4.120000
-2.809091 -0.366393 0.654225 4.140000
-1.894755 -0.353271 0.657535 4.160000
-2.147399 -0.339939 0.675150 4.180000
-1.576983 -0.326332 0.685053 4.200000
-0.627826 -0.312449 0.702772 4.220000
0.097044 -0.298062 0.735324 4.240000
-0.740405 -0.282921 0.778194 4.260000
-1.216461 -0.267119 0.801375 4.280000
-2.184087 -0.250981 0.811930 4.300000
-1.403151 -0.234851 0.800542 4.320000
-0.492508 -0.218828 0.801255 4.340000
-0.002796 -0.202645 0.816443 4.360000
-0.822637 -0.186097 0.837705 4.380000
-1.594227 -0.169321 0.839383 4.400000
-0.951411 -0.152695 0.822701 4.420000
-0.539866 -0.136306 0.815703 4.440000
-0.661431 -0.120006 0.813744 4.460000
-0.691540 -0.103801 0.806277 4.480000
-0.049614 -0.087781 0.795233 4.500000
0.919845 -0.071884 0.793976 4.520000
0.807174 -0.055850 0.808816 4.540000
0.487122 -0.039576 0.818018 4.560000
0.097396 -0.023215 0.817547 4.580000
-0.611079 -0.006973 0.806207 4.600000
-0.969972 0.008873 0.777944 4.620000
-1.815168 0.024057 0.740124 4.640000
-1.635706 0.038296 0.683471 4.660000
-2.470897 0.051422 0.628858 4.680000
-1.659658 0.063276 0.556410 4.700000
-0.986758 0.073834 0.499292 4.720000
-0.065338 0.083376 0.454671 4.740000
-0.726890 0.092198 0.427354 4.760000
-0.207979 0.100332 0.385898 4.780000
0.219382 0.107732 0.353997 4.800000
0.981056 0.114571 0.329770 4.820000
0.844252 0.121068 0.319716 4.840000
0.947292 0.127326 0.305928 4.860000
0.694839 0.133319 0.293245 4.880000
1.120202 0.139000 0.274721 4.900000
0.965980 0.144387 0.263831 4.920000
0.929479 0.149517 0.249108 4.940000
1.208241 0.154339 0.232993 4.960000
0.261203 0.158888 0.221739 4.980000
1.066706 0.163019 0.191343 5.000000
1.636341 0.166699 0.176538 5.020000
2.563380 0.170189 0.172450 5.040000
2.303900 0.173774 0.185839 5.060000
2.922636 0.177566 0.193164 5.080000
2.961079 0.181615 0.211622 5.100000
3.023360 0.186030 0.229611 5.120000
3.404467 0.190803 0.247529 5.140000
2.824779 0.195996 0.271494 5.160000
2.458860 0.201540 0.282635 5.180000
2.826099 0.207221 0.285327 5.200000
3.694396 0.213016 0.293933 5.220000
3.907115 0.219138 0.317967 5.240000
4.107265 0.225764 0.344325 5.260000
4.998166 0.232937 0.372597 5.280000
4.140450 0.240826 0.415899 5.300000
3.958677 0.249390 0.440116 5.320000
4.041070 0.258381 0.458539 5.340000
3.722008 0.267732 0.476268 5.360000
2.993834 0.277355 0.485581 5.380000
3.854878 0.287002 0.478864 5.400000
4.480125 0.296661 0.486655 5.420000
4.856587 0.306573 0.504083 5.440000
4.987354 0.316879 0.526121 5.460000
4.090747 0.327624 0.547923 5.480000
3.559579 0.338609 0.550166 5.500000
4.454131 0.349516 0.540162 5.520000
4.738738 0.360369 0.544723 5.540000
5.709654 0.371341 0.552137 5.560000
4.765804 0.382617 0.574894 5.580000
4.753865 0.394143 0.577362 5.600000
5.723623 0.405692 0.577077 5.620000
6.556574 0.417387 0.591899 5.640000
6.208883 0.429499 0.618809 5.660000
6.520851 0.442054 0.636099 5.680000
5.901689 0.454978 0.655709 5.700000
6.774760 0.468149 0.660934 5.720000
6.003481 0.481549 0.678433 5.740000
6.098587 0.495128 0.678934 5.760000
5.790675 0.508702 0.677991 5.780000
5.327977 0.522174 0.668671 5.800000
5.821738 0.535351 0.648618 5.820000
5.512697 0.548186 0.634471 5.840000
5.735627 0.560660 0.612542 5.860000
4.944494 0.572710 0.592046 5.880000
4.574854 0.584195 0.556190 5.900000
4.484474 0.594885 0.512565 5.920000
4.716267 0.604674 0.466161 5.940000
4.970313 0.613562 0.422478 5.960000
5.887964 0.621608 0.381964 5.980000
6.150232 0.628983 0.355331 6.000000
5.987364 0.635856 0.331809 6.020000
6.537202 0.642223 0.304651 6.040000
6.011630 0.648124 0.285343 6.060000
6.589402 0.653547 0.256817 6.080000
6.087863 0.658484 0.236752 6.100000
5.284588 0.662934 0.208145 6.120000
4.889692 0.666682 0.166651 6.140000
5.618535 0.669539 0.119122 6.160000
5.186052 0.671563 0.083327 6.180000
4.495034 0.672807 0.041177 6.200000
4.191870 0.673107 -0.011008 6.220000
3.678516 0.672327 -0.066805 6.240000
3.576662 0.670364 -0.129178 6.260000
4.247829 0.667155 -0.191388 6.280000
3.401839 0.662827 -0.241165 6.300000
3.613643 0.657389 -0.302191 6.320000
3.849141 0.650788 -0.357506 6.340000
4.602753 0.643143 -0.406593 6.360000
4.350843 0.634662 -0.441105 6.380000
3.598979 0.625475 -0.477106 6.400000
3.193907 0.615474 -0.522515 6.420000
3.561536 0.604529 -0.571510 6.440000
3.393646 0.592695 -0.611291 6.460000
3.696143 0.580071 -0.650601 6.480000
4.260370 0.566744 -0.681515 6.500000
3.388450 0.552928 -0.699590 6.520000
3.760345 0.538635 -0.729124 6.540000
4.424714 0.523850 -0.748798 6.560000
3.484875 0.508820 -0.753577 6.580000
4.194036 0.493565 -0.771375 6.600000
4.025494 0.478113 -0.773271 6.620000
4.141567 0.462626 -0.774849 6.640000
4.901131 0.447162 -0.771090 6.660000
5.823182 0.431940 -0.750561 6.680000
6.745492 0.417325 -0.710560 6.700000
7.177005 0.403702 -0.651432 6.720000
7.104782 0.391359 -0.582596 6.740000
7.939536 0.380394 -0.513726 6.760000
7.462562 0.370971 -0.428466 6.780000
7.577054 0.363169 -0.351667 6.800000
8.000000 0.356926 -0.272623 6.820000
8.000000 0.352341 -0.186020 6.840000
7.588791 0.349480 -0.100251 6.860000
8.000000 0.348246 -0.023352 6.880000
8.000000 0.348613 0.059781 6.900000
8.000000 0.350624 0.140985 6.920000
7.375460 0.354237 0.219914 6.940000
7.584907 0.359287 0.284659 6.960000
7.986763 0.365645 0.350670 6.980000
7.209163 0.373369 0.421142 7.000000
7.266288 0.382325 0.473912 7.020000
6.956405 0.392314 0.524472 7.040000
6.917118 0.403224 0.565921 7.060000
7.186944 0.414921 0.603206 7.080000
6.829309 0.427377 0.641817 7.100000
7.480263 0.440504 0.670220 7.120000
7.560544 0.454278 0.706548 7.140000
8.000000 0.468752 0.740198 7.160000
8.000000 0.483935 0.777346 7.180000
7.455287 0.499816 0.809943 7.200000
8.000000 0.516208 0.828492 7.220000
7.109096 0.533020 0.851999 7.240000
8.000000 0.550104 0.855719 7.260000
8.000000 0.567372 0.870223 7.280000
8.000000 0.584883 0.880111 7.300000
8.000000 0.602546 0.885419 7.320000
7.886090 0.620269 0.886201 7.340000
8.000000 0.637946 0.880718 7.360000
7.553260 0.655488 0.872760 7.380000
6.923793 0.672758 0.853631 7.400000
6.664095 0.689510 0.821026 7.420000
7.228599 0.705538 0.781240 7.440000
7.392388 0.720826 0.747044 7.460000
6.675769 0.735424 0.712356 7.480000
5.710400 0.749196 0.664459 7.500000
6.125792 0.761849 0.600526 7.520000
6.181688 0.773268 0.541150 7.540000
6.485211 0.783494 0.481318 7.560000
5.737589 0.792557 0.424751 7.580000
5.456186 0.800375 0.357028 7.600000
4.836246 0.806798 0.285235 7.620000
5.452271 0.811701 0.205190 7.640000
5.283005 0.815094 0.134271 7.660000
4.778946 0.817054 0.061893 7.680000
4.391427 0.817509 -0.016133 7.700000
5.017181 0.816367 -0.097798 7.720000
4.533424 0.813696 -0.168969 7.740000
3.766785 0.809556 -0.244626 7.760000
3.866992 0.803822 -0.328306 7.780000
3.109171 0.796457 -0.407712 7.800000
2.846243 0.787429 -0.494525 7.820000
2.711786 0.776662 -0.581525 7.840000
3.175632 0.764174 -0.666642 7.860000
2.454784 0.750091 -0.741040 7.880000
2.369287 0.734455 -0.821737 7.900000
2.085914 0.717238 -0.899198 7.920000
1.108961 0.698476 -0.976203 7.940000
0.732356 0.678074 -1.063193 7.960000
0.061158 0.655925 -1.150809 7.980000
-0.172091 0.631972 -1.243569 8.000000
0.171144 0.606183 -1.334340 8.020000
-0.786022 0.578694 -1.413474 8.040000
-0.850880 0.549525 -1.502403 8.060000
-1.426626 0.518631 -1.585947 8.080000
-1.021096 0.486032 -1.672742 8.100000
-1.953405 0.451839 -1.745361 8.120000
-2.818529 0.416098 -1.827496 8.140000
-3.607075 0.378632 -1.917874 8.160000
-4.093177 0.339290 -2.014947 8.180000
-4.244711 0.297998 -2.112817 8.200000
-4.844834 0.254807 -2.204800 8.220000
-3.947436 0.209751 -2.299173 8.240000
-3.768444 0.163079 -2.366417 8.260000
-4.600838 0.115195 -2.420363 8.280000
-4.364234 0.066167 -2.480731 8.300000
-4.015292 0.016083 -2.525920 8.320000
-3.712194 -0.034730 -2.553583 8.340000
-2.949076 -0.085930 -2.564671 8.360000
-2.802974 -0.137096 -2.550300 8.380000
-3.672718 -0.187847 -2.523154 8.400000
-4.344044 -0.238128 -2.503228 8.420000
-5.073153 -0.288039 -2.486227 8.440000
-6.008698 -0.337647 -2.472826 8.460000
-5.550967 -0.387057 -2.466303 8.480000
-6.527432 -0.436143 -2.440538 8.500000
-6.699733 -0.484784 -2.421743 8.520000
-6.044226 -0.532970 -2.395070 8.540000
-5.754005 -0.580404 -2.346687 8.560000
-5.924039 -0.626725 -2.283846 8.580000
-5.065712 -0.671725 -2.214702 8.600000
-5.833577 -0.715124 -2.123913 8.620000
-6.360609 -0.756748 -2.037167 8.640000
-6.540554 -0.796638 -1.950598 8.660000
-6.906199 -0.834749 -1.859381 8.680000
-6.173880 -0.871017 -1.766316 8.700000
-7.124088 -0.905267 -1.657850 8.720000
-6.607397 -0.937412 -1.555738 8.740000
-6.369597 -0.967403 -1.442614 8.760000
-5.807686 -0.995064 -1.322831 8.780000
-4.970763 -1.020235 -1.193894 8.800000
-5.920166 -1.042719 -1.054245 8.820000
-5.097861 -1.062491 -0.922808 8.840000
-5.785242 -1.079546 -0.782547 8.860000
-6.240164 -1.093857 -0.648564 8.880000
-5.848000 -1.105530 -0.518843 8.900000
-4.877609 -1.114579 -0.386193 8.920000
-4.318033 -1.120901 -0.246304 8.940000
-5.238531 -1.124396 -0.103545 8.960000
-4.340065 -1.125139 0.028865 8.980000
-5.011378 -1.123183 0.166227 9.000000
-4.434683 -1.118569 0.294557 9.020000
-5.109485 -1.111374 0.424342 9.040000
-6.015874 -1.101682 0.544182 9.060000
-6.253140 -1.089717 0.651508 9.080000
-6.338291 -1.075675 0.751962 9.100000
-6.150356 -1.059680 0.846590 9.120000
-5.469781 -1.041828 0.937732 9.140000
-4.686818 -1.022140 1.030169 9.160000
-3.738968 -1.000578 1.125008 9.180000
-3.633036 -0.977076 1.224163 9.200000
-4.422018 -0.951640 1.318388 9.220000
-5.249393 -0.924475 1.397001 9.240000
-5.172072 -0.895906 1.458795 9.260000
-4.373810 -0.866161 1.514435 9.280000
-4.738234 -0.835273 1.573220 9.300000
-5.231038 -0.803330 1.619802 9.320000
-4.527299 -0.770599 1.652028 9.340000
-4.535792 -0.737199 1.686785 9.360000
-4.488504 -0.703180 1.713850 9.380000
-4.231567 -0.668688 1.734042 9.400000
-4.370832 -0.633828 1.750688 9.420000
-4.252560 -0.598733 1.757548 9.440000
-4.516672 -0.563556 1.758881 9.460000
-5.174838 -0.528472 1.748372 9.480000
-4.580656 -0.493783 1.719279 9.500000
-4.415123 -0.459642 1.693666 9.520000
-4.178986 -0.426052 1.664270 9.540000
-4.854761 -0.393072 1.632660 9.560000
-5.693671 -0.360912 1.582358 9.580000
-5.718897 -0.329973 1.510616 9.600000
-5.120386 -0.300527 1.433172 9.620000
-4.457647 -0.272564 1.362350 9.640000
-3.974300 -0.245935 1.299772 9.660000
-4.881335 -0.220508 1.242290 9.680000
-4.457618 -0.196446 1.163255 9.700000
-4.379410 -0.173917 1.089161 9.720000
-4.378705 -0.152885 1.013567 9.740000
-3.414909 -0.133392 0.935329 9.760000
-2.761330 -0.115297 0.873752 9.780000
-2.566091 -0.098328 0.822750 9.800000
-2.374826 -0.082363 0.773340 9.820000
-2.188544 -0.067370 0.725628 9.840000
-1.846789 -0.053314 0.679686 9.860000
-1.356300 -0.040127 0.638744 9.880000
-1.696471 -0.027678 0.605818 9.900000
-1.833296 -0.015973 0.564455 9.920000
-1.844305 -0.005136 0.519009 9.940000
-1.906092 0.004778 0.472229 9.960000
-2.151998 0.013735 0.423322 9.980000
-2.721347 0.021657 0.368880 10.000000
-1.949162 0.028374 0.302829 10.020000
-1.700879 0.033925 0.252194 10.040000
-1.905063 0.038512 0.206500 10.060000
-2.404165 0.042145 0.156878 10.080000
-2.207917 0.044690 0.097768 10.100000
-2.812193 0.046100 0.043334 10.120000
-3.379159 0.046310 -0.022134 10.140000
-3.944268 0.045111 -0.097428 10.160000
-3.703826 0.042313 -0.182032 10.180000
-4.382651 0.037893 -0.259512 10.200000
-4.351226 0.031815 -0.347892 10.220000
-4.529857 0.024005 -0.432569 10.240000
-5.424811 0.014499 -0.517443 10.260000
-6.145580 0.003154 -0.616352 10.280000
-6.544339 -0.010270 -0.725177 10.300000
-6.361514 -0.025899 -0.836904 10.320000
-6.822344 -0.043673 -0.939500 10.340000
-5.940118 -0.063532 -1.045424 10.360000
-6.269363 -0.085273 -1.127613 10.380000
-6.871153 -0.108661 -1.210074 10.400000
-7.769379 -0.133750 -1.297729 10.420000
-7.556056 -0.160698 -1.395768 10.440000
-7.726846 -0.189486 -1.481675 10.460000
-7.465068 -0.219944 -1.562709 10.480000
-7.800947 -0.251887 -1.630141 10.500000
-8.000000 -0.285156 -1.695320 10.520000
-8.000000 -0.319677 -1.755183 10.540000
-7.850802 -0.355301 -1.805649 10.560000
-7.124442 -0.391811 -1.843811 10.580000
-6.893924 -0.428857 -1.859242 10.600000
-7.572319 -0.466079 -1.861516 10.620000
-6.968364 -0.503379 -1.866886 10.640000
-7.574067 -0.540590 -1.852751 10.660000
-7.200615 -0.577535 -1.840261 10.680000
-8.000000 -0.614080 -1.812912 10.700000
-8.000000 -0.650125 -1.790137 10.720000
-7.616899 -0.685629 -1.758855 10.740000
-8.000000 -0.720366 -1.713604 10.760000
-8.000000 -0.754180 -1.666455 10.780000
-8.000000 -0.786975 -1.611915 10.800000
-8.000000 -0.818610 -1.550425 10.820000
-8.000000 -0.848949 -1.482459 10.840000
-7.049116 -0.877868 -1.408514 10.860000
-7.835015 -0.905134 -1.317296 10.880000
-8.000000 -0.930627 -1.231279 10.900000
-8.000000 -0.954377 -1.142968 10.920000
-7.316022 -0.976321 -1.050888 10.940000
-7.124873 -0.996315 -0.948126 10.960000
-7.669871 -1.014210 -0.841068 10.980000
-7.486203 -1.030004 -0.738014 11.000000
-7.070858 -1.043703 -0.631756 11.020000
-7.166059 -1.055228 -0.520659 11.040000
-6.227099 -1.064538 -0.410418 11.060000
-6.743503 -1.071557 -0.291621 11.080000
-6.397403 -1.076260 -0.178872 11.100000
-6.009807 -1.078690 -0.064364 11.120000
-5.947993 -1.078812 0.051761 11.140000
-6.470681 -1.076630 0.165961 11.160000
-6.261168 -1.072242 0.272326 11.180000
-5.415541 -1.065738 0.377461 11.200000
-4.466575 -1.057086 0.487143 11.220000
-5.237589 -1.046186 0.602129 11.240000
-6.025754 -1.033107 0.705018 11.260000
-5.206397 -1.018098 0.795126 11.280000
-4.975971 -1.001249 0.888842 11.300000
-4.448579 -0.982554 0.979792 11.320000
-3.911339 -0.962036 1.071104 11.340000
-3.253125 -0.939687 1.162859 11.360000
-2.543193 -0.915483 1.256491 11.380000
-2.661982 -0.889381 1.352718 11.400000
-2.373885 -0.861431 1.441169 11.420000
-1.915103 -0.831740 1.526850 11.440000
-0.925467 -0.800340 1.612001 11.460000
-1.799449 -0.767168 1.704101 11.480000
-1.321600 -0.732349 1.776525 11.500000
-0.836281 -0.696085 1.848688 11.520000
-0.349263 -0.658377 1.920780 11.540000
-0.253768 -0.619228 1.992897 11.560000
-0.383503 -0.578698 2.058689 11.580000
-0.343119 -0.536956 2.114199 11.600000
-1.332445 -0.494179 2.162092 11.620000
-1.354528 -0.450703 2.184080 11.640000
-2.052086 -0.406877 2.197107 11.660000
-1.069662 -0.363004 2.188788 11.680000
-0.842440 -0.319198 2.190386 11.700000
-1.457184 -0.275401 2.187891 11.720000
-0.694955 -0.231856 2.165305 11.740000
0.259103 -0.188695 2.149455 11.760000
-0.375365 -0.145744 2.144232 11.780000
-0.480006 -0.103104 2.118457 11.800000
0.084999 -0.061078 2.082923 11.820000
1.055540 -0.019724 2.051173 11.840000
1.200839 0.021113 2.031303 11.860000
0.202097 0.061507 2.006802 11.880000
-0.435231 0.101138 1.955261 11.900000
-0.604481 0.139548 1.884659 11.920000
0.061654 0.176453 1.804952 11.940000
-0.511810 0.211841 1.732939 11.960000
-1.454936 0.245625 1.644718 11.980000
-2.321437 0.277419 1.534108 12.000000
-2.446990 0.306802 1.403786 12.020000
-3.134986 0.333532 1.268882 12.040000
-2.855391 0.357418 1.119589 12.060000
-3.684464 0.378364 0.974829 12.080000
-3.885631 0.396257 0.814636 12.100000
-4.435407 0.410917 0.651495 12.120000
-3.562922 0.422226 0.479717 12.140000
-3.086196 0.430277 0.325707 12.160000
-3.101738 0.435354 0.182354 12.180000
-2.640240 0.437584 0.041012 12.200000
-2.867310 0.437096 -0.089380 12.220000
-3.404916 0.433987 -0.220990 12.240000
-2.892181 0.428181 -0.358987 12.260000
-3.765842 0.419745 -0.483935 12.280000
-4.406805 0.408691 -0.620746 12.300000
-4.273106 0.394829 -0.764680 12.320000
-5.235969 0.378163 -0.901085 12.340000
-5.079960 0.358643 -1.049876 12.360000
-5.372905 0.336237 -1.189766 12.380000
-5.358785 0.311040 -1.328811 12.400000
-5.580411 0.283132 -1.460789 12.420000
-4.793314 0.252614 -1.589804 12.440000
-5.688244 0.219743 -1.696023 12.460000
-4.915975 0.184651 -1.811765 12.480000
-4.827429 0.147480 -1.903980 12.500000
-5.800927 0.108567 -1.985866 12.520000
-5.665675 0.067912 -2.078070 12.540000
-6.593879 0.025534 -2.158054 12.560000
-6.141533 -0.018529 -2.246571 12.580000
-5.151088 -0.064168 -2.315569 12.600000
-6.138593 -0.110885 -2.354352 12.620000
-6.961563 -0.158468 -2.402120 12.640000
-7.461036 -0.207057 -2.454831 12.660000
-7.926072 -0.256679 -2.505404 12.680000
-6.957277 -0.307280 -2.552534 12.700000
-6.810358 -0.358513 -2.568757 12.720000
-6.828320 -0.409922 -2.570152 12.740000
-6.273670 -0.461243 -2.559937 12.760000
-7.181898 -0.512143 -2.528256 12.780000
-7.427228 -0.562455 -2.501013 12.800000
-7.907238 -0.612148 -2.466351 12.820000
-8.000000 -0.661111 -2.428016 12.840000
-8.000000 -0.709208 -2.379762 12.860000
-7.666659 -0.756229 -2.320552 12.880000
-6.711886 -0.801913 -2.246233 12.900000
-6.628738 -0.845885 -2.149600 12.920000
-5.779612 -0.887834 -2.044010 12.940000
-5.098146 -0.927494 -1.921008 12.960000
-5.939455 -0.964557 -1.784570 12.980000
-5.345554 -0.998942 -1.653172 13.000000
-5.606098 -1.030594 -1.511434 13.020000
-5.698736 -1.059406 -1.369329 13.040000
-4.952220 -1.085359 -1.225661 13.060000
-3.977646 -1.108352 -1.073433 13.080000
-4.794834 -1.128207 -0.912049 13.100000
-4.025468 -1.144905 -0.757845 13.120000
-3.799298 -1.158461 -0.597976 13.140000
-3.856874 -1.168815 -0.437697 13.160000
-4.836595 -1.175987 -0.279762 13.180000
-4.927351 -1.180096 -0.131559 13.200000
-5.477969 -1.181272 0.013455 13.220000
-5.348602 -1.179619 0.151409 13.240000
-4.687095 -1.175228 0.287084 13.260000
-4.263527 -1.168109 0.424167 13.280000
-4.755746 -1.158255 0.560487 13.300000
-4.813748 -1.145759 0.688408 13.320000
-4.508224 -1.130756 0.811031 13.340000
-4.624813 -1.113326 0.931109 13.360000
-3.821828 -1.093558 1.044681 13.380000
-4.155530 -1.071503 1.159895 13.400000
-4.345360 -1.047235 1.265898 13.420000
-4.600242 -1.020929 1.363621 13.440000
-5.301253 -0.992761 1.451947 13.460000
-5.408453 -0.962975 1.525479 13.480000
-5.708883 -0.931804 1.590308 13.500000
-6.591214 -0.899450 1.643818 13.520000
-6.073079 -0.866215 1.678307 13.540000
-5.185594 -0.832305 1.711331 13.560000
-5.443822 -0.797696 1.748234 13.580000
-5.368964 -0.762465 1.773467 13.600000
-6.332772 -0.726800 1.791676 13.620000
-7.082884 -0.690997 1.787323 13.640000
-6.331655 -0.655478 1.763254 13.660000
-6.600464 -0.620400 1.743167 13.680000
-7.379265 -0.585846 1.711056 13.700000
-6.933823 -0.552137 1.658595 13.720000
-7.481376 -0.519472 1.606733 13.740000
-7.938471 -0.488006 1.538810 13.760000
-7.968851 -0.458041 1.456771 13.780000
-7.008586 -0.429778 1.368720 13.800000
-6.449250 -0.403151 1.293162 13.820000
-5.823068 -0.377979 1.223312 13.840000
-5.518264 -0.354130 1.160851 13.860000
-5.724163 -0.331514 1.100154 13.880000
-5.490190 -0.310187 1.031975 13.900000
-5.160006 -0.290212 0.965043 13.920000
-5.889776 -0.271541 0.901525 13.940000
-5.820078 -0.254308 0.821457 13.960000
-5.934327 -0.238683 0.740745 13.980000
-6.051708 -0.224711 0.656236 14.000000
-6.870931 -0.212464 0.568306 14.020000
-6.566724 -0.202142 0.463811 14.040000
-5.752071 -0.193852 0.365271 14.060000
-4.982723 -0.187370 0.282936 14.080000
-5.640304 -0.182381 0.215997 14.100000
-4.896537 -0.178856 0.136682 14.120000
-5.637514 -0.176762 0.072846 14.140000
-4.688924 -0.176081 -0.004464 14.160000
-5.100524 -0.176745 -0.061744 14.180000
-4.706432 -0.178622 -0.125652 14.200000
-4.411186 -0.181682 -0.180097 14.220000
-5.066434 -0.185756 -0.226972 14.240000
-4.555764 -0.190876 -0.284716 14.260000
-3.817669 -0.197029 -0.330209 14.280000
-3.270021 -0.203926 -0.359116 14.300000
-4.171369 -0.211274 -0.375372 14.320000
-3.627117 -0.219103 -0.407204 14.340000
-3.575030 -0.227441 -0.426216 14.360000
-4.040580 -0.236128 -0.442099 14.380000
-3.400147 -0.245201 -0.464801 14.400000
-2.508053 -0.254581 -0.472844 14.420000
-2.888355 -0.263929 -0.461730 14.440000
-2.888502 -0.273112 -0.456242 14.460000
-3.493306 -0.282167 -0.449021 14.480000
-3.461047 -0.291177 -0.451606 14.500000
-2.583478 -0.300213 -0.451672 14.520000
-1.952926 -0.309065 -0.433314 14.540000
-2.841585 -0.317417 -0.401713 14.560000
-3.564574 -0.325295 -0.385845 14.580000
-3.956630 -0.332978 -0.382273 14.600000
-2.994800 -0.340649 -0.384515 14.620000
-3.679971 -0.348168 -0.367191 14.640000
-4.448689 -0.355457 -0.361450 14.660000
-3.938001 -0.362760 -0.368566 14.680000
-4.230400 -0.370093 -0.364539 14.700000
-3.967818 -0.377386 -0.364454 14.720000
-4.254789 -0.384613 -0.358009 14.740000
-4.845118 -0.391750 -0.355448 14.760000
-4.850420 -0.398929 -0.362215 14.780000
-4.862910 -0.406228 -0.367380 14.800000
-5.584484 -0.413616 -0.371081 14.820000
-4.827846 -0.421191 -0.386156 14.840000
-4.415547 -0.428911 -0.385576 14.860000
-4.982732 -0.436529 -0.375935 14.880000
-5.885586 -0.444041 -0.375038 14.900000
-6.196802 -0.451681 -0.388630 14.920000
-6.250898 -0.459629 -0.405731 14.940000
-6.193074 -0.467906 -0.421598 14.960000
-6.188869 -0.476467 -0.434201 14.980000
-6.295944 -0.485258 -0.444497 15.000000
-6.070445 -0.494251 -0.454424 15.020000
-5.589645 -0.503380 -0.458148 15.040000
-6.175887 -0.512479 -0.451397 15.060000
-5.782964 -0.521525 -0.452848 15.080000
-5.376278 -0.530512 -0.445472 15.100000
-5.732598 -0.539262 -0.429313 15.120000
-6.232311 -0.547734 -0.417610 15.140000
-6.301479 -0.556040 -0.412681 15.160000
-6.592574 -0.564241 -0.407112 15.180000
-7.440842 -0.572362 -0.404629 15.200000
-7.494983 -0.580555 -0.414376 15.220000
-8.000000 -0.588931 -0.422809 15.240000
-8.000000 -0.597536 -0.437299 15.260000
-7.916239 -0.606406 -0.449321 15.280000
-8.000000 -0.615479 -0.457503 15.300000
-7.906289 -0.624704 -0.464596 15.320000
-7.884046 -0.634031 -0.467727 15.340000
-7.610777 -0.643393 -0.468113 15.360000
-6.882202 -0.652697 -0.461852 15.380000
-7.007893 -0.661739 -0.442035 15.400000
-7.439397 -0.670386 -0.422472 15.420000
-6.810350 -0.678694 -0.407952 15.440000
-7.615469 -0.686596 -0.382077 15.460000
-7.108223 -0.694091 -0.367197 15.480000
-7.907611 -0.701197 -0.343118 15.500000
-8.000000 -0.707930 -0.329926 15.520000
-7.474233 -0.714398 -0.316735 15.540000
-7.543639 -0.720511 -0.294383 15.560000
-8.000000 -0.726178 -0.272070 15.580000
-8.000000 -0.731456 -0.255605 15.600000
-8.000000 -0.736395 -0.238188 15.620000
-8.000000 -0.740978 -0.219924 15.640000
-8.000000 -0.745187 -0.200922 15.660000
-7.459698 -0.749011 -0.181293 15.680000
-7.412996 -0.752357 -0.153329 15.700000
-7.737538 -0.755136 -0.124502 15.720000
-7.229276 -0.757384 -0.100315 15.740000
-6.688426 -0.759075 -0.068811 15.760000
-6.765588 -0.760060 -0.029843 15.780000
-6.200190 -0.760284 0.007385 15.800000
-6.894062 -0.759689 0.051950 15.820000
-6.997433 -0.758313 0.085438 15.840000
-7.367623 -0.756293 0.116376 15.860000
-7.865791 -0.753720 0.140818 15.880000
-7.280792 -0.750741 0.156899 15.900000
-8.000000 -0.747366 0.180360 15.920000
-8.000000 -0.743640 0.192034 15.940000
-8.000000 -0.739692 0.202518 15.960000
-7.532295 -0.735547 0.211781 15.980000
-7.611910 -0.731160 0.226676 16.000000
-6.972539 -0.726501 0.238995 16.020000
-7.059781 -0.721515 0.259375 16.040000
-7.778363 -0.716150 0.276824 16.060000
-7.118990 -0.710561 0.281859 16.080000
-7.483243 -0.704787 0.295312 16.100000
-7.326619 -0.698815 0.301584 16.120000
-7.679473 -0.692710 0.308639 16.140000
-7.603075 -0.686534 0.308675 16.160000
-8.000000 -0.680361 0.308361 16.180000
-7.078271 -0.674271 0.300421 16.200000
-7.635887 -0.668210 0.305413 16.220000
-7.711164 -0.662152 0.300165 16.240000
-7.572666 -0.656225 0.292367 16.260000
-7.993969 -0.650444 0.285457 16.280000
-7.690815 -0.644881 0.270636 16.300000
-6.773087 -0.639578 0.259558 16.320000
-6.610032 -0.634360 0.262017 16.340000
-5.829195 -0.629079 0.265795 16.360000
-5.893305 -0.623611 0.280772 16.380000
-5.896852 -0.617869 0.293157 16.400000
-5.542947 -0.611896 0.303917 16.420000
-5.705973 -0.605666 0.318836 16.440000
-6.417751 -0.599181 0.329386 16.460000
-5.488275 -0.592618 0.326596 16.480000
-5.534848 -0.585973 0.337635 16.500000
-4.704206 -0.579132 0.346190 16.520000
-5.434005 -0.571999 0.366822 16.540000
-4.658257 -0.564594 0.373309 16.560000
-5.355030 -0.556948 0.391013 16.580000
-4.470486 -0.549085 0.394966 16.600000
-5.212099 -0.541011 0.412061 16.620000
-6.049715 -0.532743 0.414463 16.640000
-6.333761 -0.524589 0.400686 16.660000
-5.925424 -0.516775 0.380480 16.680000
-5.041064 -0.509308 0.365959 16.700000
-4.769806 -0.501992 0.365376 16.720000
-4.015841 -0.494656 0.367926 16.740000
-3.309137 -0.487154 0.381996 16.760000
-4.089530 -0.479265 0.406576 16.780000
-3.860955 -0.471043 0.415292 16.800000
-3.068211 -0.462625 0.426134 16.820000
-2.906929 -0.453869 0.449058 16.840000
-3.197867 -0.444649 0.472599 16.860000
-2.722657 -0.435033 0.488575 16.880000
-2.474649 -0.425036 0.510802 16.900000
-2.596613 -0.414573 0.535037 16.920000
-2.913085 -0.403674 0.554468 16.940000
-1.942644 -0.392469 0.565539 16.960000
-1.640580 -0.380890 0.591899 16.980000
-1.292452 -0.368756 0.620998 17.000000
-1.963146 -0.356006 0.653569 17.020000
-2.583254 -0.342760 0.670532 17.040000
-2.089795 -0.329320 0.672949 17.060000
-1.557323 -0.315767 0.681886 17.080000
-1.306331 -0.301963 0.697994 17.100000
-1.236855 -0.287820 0.715822 17.120000
-0.601129 -0.273338 0.731850 17.140000
-0.594049 -0.258445 0.756868 17.160000
-0.395229 -0.243084 0.778641 17.180000
-0.825379 -0.227284 0.800832 17.200000
-0.825565 -0.211158 0.811221 17.220000
-1.318159 -0.194857 0.818267 17.240000
-0.491649 -0.178545 0.812429 17.260000
-1.258752 -0.162219 0.819648 17.280000
-1.277645 -0.145932 0.808559 17.300000
-2.162479 -0.129900 0.794158 17.320000
-1.687699 -0.114358 0.759556 17.340000
-2.309051 -0.099439 0.731979 17.360000
-1.382757 -0.085218 0.689830 17.380000
-0.852259 -0.071675 0.664068 17.400000
-0.804035 -0.058564 0.646697 17.420000
-0.555293 -0.045812 0.628105 17.440000
-0.302302 -0.033404 0.612355 17.460000
-0.083566 -0.021281 0.599543 17.480000
-0.367222 -0.009393 0.588986 17.500000
-0.559370 0.002208 0.570739 17.520000
-0.569091 0.013386 0.546837 17.540000
-1.397614 0.024068 0.521097 17.560000
-0.820863 0.034056 0.477460 17.580000
-1.045467 0.043275 0.444249 17.600000
-0.331401 0.051774 0.405540 17.620000
-0.632548 0.059633 0.380143 17.640000
-1.510597 0.066914 0.347833 17.660000
-1.004204 0.073367 0.297489 17.680000
-0.539195 0.078913 0.256996 17.700000
-0.863875 0.083738 0.225490 17.720000
-0.022928 0.087866 0.187339 17.740000
0.868284 0.091398 0.165799 17.760000
1.203410 0.094673 0.161604 17.780000
1.401201 0.097925 0.163464 17.800000
2.170276 0.101246 0.168543 17.820000
2.145759 0.104814 0.188000 17.840000
2.214543 0.108754 0.205846 17.860000
2.963008 0.113053 0.223879 17.880000
3.878533 0.117848 0.255382 17.900000
3.731010 0.123438 0.303227 17.920000
4.568806 0.129934 0.346003 17.940000
4.259086 0.137428 0.402966 17.960000
3.617200 0.145973 0.451085 17.980000
3.299369 0.155327 0.483851 18.000000
3.582169 0.165247 0.507798 18.020000
3.311711 0.175677 0.534733 18.040000
3.854781 0.186566 0.553696 18.060000
3.125452 0.197914 0.580585 18.080000
2.751771 0.209628 0.590426 18.100000
3.459530 0.221441 0.590457 18.120000
3.609723 0.233367 0.601756 18.140000
3.795953 0.245522 0.613255 18.160000
3.663598 0.257915 0.625576 18.180000
3.596682 0.270501 0.632537 18.200000
4.210742 0.283186 0.635477 18.220000
5.047569 0.296019 0.647384 18.240000
5.632776 0.309220 0.672143 18.260000
4.874716 0.322993 0.704526 18.280000
4.665655 0.337234 0.718987 18.300000
5.520956 0.351691 0.726176 18.320000
5.359086 0.366418 0.745961 18.340000
5.421614 0.381475 0.759087 18.360000
5.800318 0.396769 0.769764 18.380000
6.636912 0.412311 0.783726 18.400000
5.792931 0.428245 0.809017 18.420000
6.633894 0.444491 0.814935 18.440000
6.969448 0.460968 0.832042 18.460000
7.191937 0.477804 0.850868 18.480000
6.985431 0.495012 0.869201 18.500000
7.760623 0.512506 0.879451 18.520000
8.000000 0.530295 0.898631 18.540000
7.828485 0.548460 0.917092 18.560000
8.000000 0.566917 0.927757 18.580000
7.957135 0.585567 0.936477 18.600000
8.000000 0.604337 0.939655 18.620000
7.808639 0.623129 0.938782 18.640000
7.001509 0.641826 0.930180 18.660000
7.019215 0.660179 0.904435 18.680000
6.086142 0.677981 0.875166 18.700000
5.651082 0.695018 0.828029 18.720000
4.811017 0.711017 0.771514 18.740000
4.032418 0.725737 0.700211 18.760000
3.643253 0.738900 0.615948 18.780000
3.541444 0.750313 0.525262 18.800000
2.782819 0.759895 0.432898 18.820000
2.329617 0.767521 0.329885 18.840000
2.563268 0.773031 0.221303 18.860000
2.576168 0.776416 0.117417 18.880000
1.710488 0.777741 0.015362 18.900000
0.982515 0.776921 -0.096935 18.920000
1.864784 0.773777 -0.216981 18.940000
1.360298 0.768388 -0.321469 18.960000
0.382772 0.760867 -0.430028 18.980000
1.221695 0.751069 -0.549144 19.000000
1.792433 0.739050 -0.652083 19.020000
2.430291 0.725097 -0.742500 19.040000
2.799768 0.709474 -0.819108 19.060000
3.395018 0.692418 -0.885688 19.080000
2.703130 0.674168 -0.938542 19.100000
2.676439 0.654800 -0.997495 19.120000
3.224789 0.634297 -1.051982 19.140000
3.444784 0.612842 -1.092634 19.160000
4.379728 0.590661 -1.124622 19.180000
4.187885 0.568047 -1.136017 19.200000
4.008015 0.545222 -1.145634 19.220000
4.822366 0.522224 -1.153340 19.240000
5.700148 0.499262 -1.142045 19.260000
5.794108 0.476727 -1.110698 19.280000
6.312367 0.454880 -1.073332 19.300000
6.260130 0.433914 -1.022625 19.320000
5.331988 0.413990 -0.969190 19.340000
4.475736 0.394999 -0.929288 19.360000
4.513999 0.376683 -0.901790 19.380000
3.845374 0.358957 -0.870290 19.400000
3.852334 0.341767 -0.848132 19.420000
3.091295 0.325053 -0.822750 19.440000
2.288026 0.308733 -0.808754 19.460000
2.166110 0.292571 -0.806927 19.480000
1.620953 0.276454 -0.804244 19.500000
1.030927 0.260318 -0.808825 19.520000
0.773199 0.244009 -0.821455 19.540000
-0.042886 0.227433 -0.835621 19.560000
0.632555 0.210450 -0.862054 19.580000
0.368079 0.193107 -0.871600 19.600000
-0.191996 0.175558 -0.882742 19.620000
-0.651534 0.157712 -0.901198 19.640000
-0.416913 0.139445 -0.924840 19.660000
-0.592135 0.120791 -0.939889 19.680000
-0.943582 0.101841 -0.954485 19.700000
-0.358578 0.082568 -0.972056 19.720000
-0.959340 0.063101 -0.974005 19.740000
-0.393972 0.043514 -0.984024 19.760000
-1.046804 0.023879 -0.978865 19.780000
-1.893222 0.004255 -0.982933 19.800000
-1.601354 -0.015580 -0.999856 19.820000
-1.604498 -0.035653 -1.006781 19.840000
-1.688606 -0.055825 -1.009705 19.860000
-1.164502 -0.076032 -1.010284 19.880000
-1.023997 -0.096106 -0.996560 19.900000
-0.349379 -0.115842 -0.976451 19.920000
-1.030206 -0.135008 -0.939686 19.940000
-1.428526 -0.153544 -0.913352 19.960000
-2.297838 -0.171600 -0.891759 19.980000
