0.392029 -0.251809 0.085989 0.000000
0.626313 -0.249547 0.139959 0.020000
1.461927 -0.246176 0.196834 0.040000
0.895737 -0.241525 0.267900 0.060000
0.914393 -0.235585 0.325700 0.080000
0.328354 -0.228509 0.381513 0.100000
0.972776 -0.220454 0.423504 0.120000
0.810999 -0.211460 0.475528 0.140000
0.815969 -0.201483 0.521623 0.160000
0.893480 -0.190613 0.564953 0.180000
1.109148 -0.178890 0.606814 0.200000
1.702384 -0.166319 0.649772 0.220000
1.016348 -0.152805 0.701030 0.240000
0.977440 -0.138436 0.735225 0.260000
0.810758 -0.123426 0.765195 0.280000
-0.030552 -0.107885 0.788386 0.300000
0.164131 -0.092080 0.791538 0.320000
0.330476 -0.076206 0.795408 0.340000
-0.617077 -0.060252 0.799412 0.360000
0.111695 -0.044438 0.781523 0.380000
0.920170 -0.028864 0.775361 0.400000
0.577577 -0.013282 0.782311 0.420000
1.480093 0.002339 0.779312 0.440000
1.021911 0.018050 0.791207 0.460000
0.759288 0.033874 0.790726 0.480000
1.058597 0.049606 0.781985 0.500000
1.343948 0.065194 0.776288 0.520000
1.738660 0.080695 0.773309 0.540000
1.834141 0.096184 0.775145 0.560000
1.534150 0.111699 0.775780 0.580000
1.678391 0.127136 0.767454 0.600000
0.743380 0.142407 0.759109 0.620000
0.130980 0.157298 0.729648 0.640000
-0.009272 0.171457 0.685986 0.660000
-0.743050 0.184698 0.637828 0.680000
-1.717421 0.196818 0.573935 0.700000
-1.531660 0.207460 0.490268 0.720000
-1.502471 0.216463 0.410059 0.740000
-1.351129 0.223869 0.330500 0.760000
-1.166933 0.229715 0.254229 0.780000
-0.587720 0.234077 0.182085 0.800000
-0.468740 0.237116 0.121847 0.820000
0.198565 0.238979 0.064638 0.840000
-0.453826 0.239836 0.021148 0.860000
-0.065049 0.239704 -0.034101 0.880000
0.274747 0.238555 -0.080654 0.900000
-0.119232 0.236552 -0.119446 0.920000
0.248632 0.233709 -0.164599 0.940000
1.093288 0.230049 -0.201153 0.960000
0.621085 0.225836 -0.219937 0.980000
0.712080 0.221168 -0.246608 1.000000
1.588984 0.215999 -0.270046 1.020000
1.785764 0.210547 -0.275021 1.040000
1.326844 0.205045 -0.275007 1.060000
1.723857 0.199464 -0.282806 1.080000
2.539117 0.193818 -0.281640 1.100000
1.704559 0.188365 -0.263549 1.120000
0.950303 0.183118 -0.260993 1.140000
0.667919 0.177784 -0.272142 1.160000
0.295298 0.172186 -0.287516 1.180000
-0.103913 0.166220 -0.308742 1.200000
-0.058157 0.159768 -0.336155 1.220000
-0.107218 0.152795 -0.360846 1.240000
0.105713 0.145337 -0.384625 1.260000
0.114832 0.137465 -0.402288 1.280000
0.104314 0.129260 -0.417873 1.300000
0.198257 0.120761 -0.431747 1.320000
0.600584 0.112022 -0.441834 1.340000
1.002908 0.103180 -0.442099 1.360000
1.184051 0.094429 -0.432719 1.380000
0.312067 0.085917 -0.418267 1.400000
-0.419703 0.077535 -0.419665 1.420000
0.497905 0.068996 -0.433850 1.440000
1.127986 0.060375 -0.427959 1.460000
1.517790 0.052013 -0.408075 1.480000
1.032326 0.044138 -0.379289 1.500000
0.535687 0.036751 -0.359191 1.520000
-0.166366 0.029678 -0.347915 1.540000
0.080082 0.022703 -0.349399 1.560000
0.738796 0.015760 -0.344623 1.580000
0.370714 0.009057 -0.325571 1.600000
0.329770 0.002670 -0.312915 1.620000
0.111506 -0.003461 -0.300106 1.640000
0.119163 -0.009371 -0.290706 1.660000
0.074586 -0.015082 -0.280212 1.680000
1.005434 -0.020583 -0.269722 1.700000
0.269919 -0.025680 -0.239978 1.720000
0.091227 -0.030325 -0.224443 1.740000
0.388159 -0.034690 -0.211881 1.760000
-0.316015 -0.038738 -0.192874 1.780000
-0.118288 -0.042542 -0.187420 1.800000
0.235517 -0.046191 -0.177438 1.820000
-0.701973 -0.049566 -0.159972 1.840000
0.265560 -0.052774 -0.160760 1.860000
0.144210 -0.055800 -0.141790 1.880000
0.537979 -0.058469 -0.125044 1.900000
0.885818 -0.060723 -0.100367 1.920000
0.416062 -0.062415 -0.068922 1.940000
0.310087 -0.063575 -0.047111 1.960000
0.452251 -0.064322 -0.027643 1.980000
0.366357 -0.064655 -0.005647 2.000000
1.279235 -0.064568 0.014240 2.020000
1.089951 -0.063907 0.051705 2.040000
1.860370 -0.062544 0.084492 2.060000
2.814540 -0.060381 0.131521 2.080000
1.946298 -0.057103 0.195964 2.100000
1.096482 -0.052728 0.241229 2.120000
1.091297 -0.047635 0.267877 2.140000
2.039278 -0.042025 0.292863 2.160000
1.244351 -0.035743 0.334969 2.180000
1.954284 -0.028798 0.359230 2.200000
2.398914 -0.021245 0.395666 2.220000
3.266499 -0.012898 0.438650 2.240000
3.098888 -0.003544 0.496253 2.260000
3.459532 0.006898 0.547476 2.280000
3.029857 0.018406 0.602692 2.300000
3.725794 0.030898 0.645961 2.320000
4.697143 0.044360 0.699606 2.340000
3.781590 0.059049 0.768627 2.360000
3.811358 0.074894 0.815143 2.380000
3.461043 0.091633 0.858080 2.400000
3.225649 0.109119 0.889835 2.420000
3.180078 0.127152 0.912772 2.440000
3.225081 0.145594 0.930701 2.460000
2.359697 0.164362 0.945412 2.480000
3.290894 0.183214 0.939150 2.500000
2.727657 0.202085 0.947355 2.520000
3.578928 0.220972 0.940652 2.540000
3.688316 0.239852 0.946698 2.560000
2.907033 0.258834 0.950836 2.580000
2.843374 0.277709 0.936064 2.600000
3.565811 0.296241 0.916589 2.620000
4.565147 0.314487 0.907431 2.640000
4.337492 0.332703 0.913458 2.660000
4.883063 0.350956 0.911233 2.680000
5.263899 0.369228 0.915297 2.700000
4.832372 0.387612 0.922333 2.720000
4.966233 0.406015 0.917315 2.740000
5.206978 0.424303 0.910858 2.760000
5.578389 0.442467 0.904894 2.780000
4.585746 0.460539 0.901689 2.800000
3.705694 0.478332 0.877014 2.820000
3.607636 0.495444 0.833686 2.840000
3.656223 0.511645 0.786088 2.860000
3.889581 0.526880 0.737059 2.880000
3.317288 0.541154 0.689967 2.900000
4.292134 0.554369 0.631299 2.920000
3.688669 0.566561 0.587612 2.940000
3.316880 0.577762 0.532291 2.960000
3.496644 0.587784 0.469770 2.980000
2.831610 0.596578 0.409579 3.000000
3.513501 0.604055 0.338088 3.020000
3.849863 0.610214 0.277800 3.040000
3.217482 0.615222 0.223045 3.060000
3.660810 0.619035 0.158267 3.080000
3.420065 0.621629 0.101293 3.100000
3.744546 0.623052 0.041171 3.120000
2.794154 0.623335 -0.012709 3.140000
2.354364 0.622398 -0.080745 3.160000
2.480096 0.620045 -0.154203 3.180000
3.323082 0.616264 -0.223608 3.200000
3.717875 0.611253 -0.277168 3.220000
2.905222 0.605256 -0.322166 3.240000
2.497157 0.598248 -0.378231 3.260000
2.757663 0.590076 -0.438419 3.280000
2.543592 0.580773 -0.491464 3.300000
2.858422 0.570402 -0.545123 3.320000
3.812350 0.559042 -0.590380 3.340000
4.806123 0.546969 -0.616383 3.360000
4.593463 0.534576 -0.622485 3.380000
5.165684 0.522052 -0.629419 3.400000
5.059678 0.509516 -0.623679 3.420000
4.659536 0.497104 -0.617155 3.440000
4.461533 0.484777 -0.615049 3.460000
3.852404 0.472484 -0.613823 3.480000
4.619967 0.460134 -0.620773 3.500000
4.279680 0.447808 -0.611357 3.520000
3.517079 0.435635 -0.605592 3.540000
4.284982 0.423463 -0.611098 3.560000
3.365785 0.411347 -0.600093 3.580000
3.931027 0.399307 -0.603479 3.600000
4.228151 0.387329 -0.593998 3.620000
4.133100 0.375618 -0.576765 3.640000
3.828868 0.364255 -0.559190 3.660000
3.608527 0.353207 -0.545248 3.680000
3.213149 0.342417 -0.533410 3.700000
2.403134 0.331809 -0.526984 3.720000
2.128004 0.321199 -0.533716 3.740000
1.804483 0.310424 -0.543364 3.760000
2.560431 0.299418 -0.556781 3.780000
3.323808 0.288313 -0.553433 3.800000
3.521739 0.277441 -0.533427 3.820000
2.782114 0.267025 -0.507863 3.840000
3.619234 0.256995 -0.494854 3.860000
2.934765 0.247404 -0.464065 3.880000
2.886113 0.238309 -0.445125 3.900000
3.241914 0.229599 -0.425696 3.920000
3.928861 0.221359 -0.398070 3.940000
3.865981 0.213816 -0.356100 3.960000
4.074209 0.207107 -0.314710 3.980000
4.100688 0.201271 -0.268810 4.000000
4.012316 0.196361 -0.222198 4.020000
4.425345 0.192366 -0.177308 4.040000
3.515269 0.189348 -0.124553 4.060000
3.832007 0.187203 -0.090017 4.080000
4.764049 0.185807 -0.049640 4.100000
3.815767 0.185395 0.008267 4.120000
3.889078 0.185945 0.046552 4.140000
4.632615 0.187266 0.085313 4.160000
4.323742 0.189495 0.137410 4.180000
3.616362 0.192691 0.181904 4.200000
4.432340 0.196623 0.211031 4.220000
4.454061 0.201282 0.254548 4.240000
4.952383 0.206796 0.296567 4.260000
4.237808 0.213227 0.346164 4.280000
5.135139 0.220488 0.379515 4.300000
5.027548 0.228567 0.427939 4.320000
4.551542 0.237566 0.471519 4.340000
4.896662 0.247317 0.503094 4.360000
4.952472 0.257738 0.538541 4.380000
4.040019 0.268849 0.572066 4.400000
3.543864 0.280425 0.585112 4.420000
2.712812 0.292141 0.586041 4.440000
2.072269 0.303693 0.568818 4.460000
2.355324 0.314759 0.537574 4.480000
1.646496 0.325239 0.510145 4.500000
1.104856 0.335022 0.467963 4.520000
1.814178 0.343850 0.414696 4.540000
2.544205 0.351739 0.374103 4.560000
2.059185 0.358946 0.346402 4.580000
1.287748 0.365499 0.308894 4.600000
0.914094 0.371155 0.256678 4.620000
0.564447 0.375698 0.197637 4.640000
0.685546 0.378999 0.132592 4.660000
0.504475 0.381029 0.070573 4.680000
0.178754 0.381795 0.006194 4.700000
0.771519 0.381225 -0.062914 4.720000
0.651133 0.379398 -0.119535 4.740000
0.667907 0.376432 -0.176803 4.760000
1.224035 0.372341 -0.231974 4.780000
1.692286 0.367269 -0.274931 4.800000
2.483308 0.361443 -0.307336 4.820000
2.158867 0.355135 -0.323253 4.840000
1.274957 0.348464 -0.343594 4.860000
1.569354 0.341238 -0.378641 4.880000
1.665590 0.333387 -0.406047 4.900000
2.557849 0.325028 -0.429538 4.920000
1.581500 0.316388 -0.434138 4.940000
1.400295 0.307490 -0.455297 4.960000
0.599151 0.298157 -0.477689 4.980000
1.291865 0.288246 -0.512965 5.000000
1.998859 0.277788 -0.532438 5.020000
1.638827 0.267100 -0.535989 5.040000
1.396449 0.256294 -0.544234 5.060000
1.688365 0.245299 -0.554830 5.080000
2.521176 0.234172 -0.557442 5.100000
3.162758 0.223177 -0.541761 5.120000
3.442483 0.212639 -0.511826 5.140000
3.804208 0.202768 -0.474991 5.160000
3.957542 0.193718 -0.429933 5.180000
3.030263 0.185607 -0.381025 5.200000
2.388723 0.178299 -0.349568 5.220000
2.425724 0.171504 -0.329827 5.240000
2.423413 0.165120 -0.308440 5.260000
2.492819 0.159171 -0.286293 5.280000
2.498585 0.153686 -0.262088 5.300000
2.448555 0.148693 -0.237205 5.320000
2.968236 0.144191 -0.212848 5.340000
3.181932 0.140283 -0.177948 5.360000
2.951162 0.137116 -0.138838 5.380000
2.370730 0.134683 -0.104469 5.400000
2.298097 0.132821 -0.081745 5.420000
3.211598 0.131398 -0.060572 5.440000
4.184609 0.130577 -0.021656 5.460000
4.388448 0.130719 0.035666 5.480000
3.655345 0.132035 0.095708 5.500000
3.729020 0.134392 0.139792 5.520000
3.699470 0.137631 0.183883 5.540000
2.743242 0.141731 0.225778 5.560000
3.105520 0.146463 0.247204 5.580000
3.377769 0.151681 0.274307 5.600000
3.313840 0.157478 0.305093 5.620000
3.756117 0.163860 0.332788 5.640000
2.820570 0.170863 0.367219 5.660000
2.656230 0.178351 0.381240 5.680000
2.173676 0.186069 0.390255 5.700000
2.906563 0.193855 0.388150 5.720000
3.770316 0.201728 0.398764 5.740000
3.422127 0.209962 0.424292 5.760000
3.545331 0.218617 0.440840 5.780000
3.200581 0.227605 0.457638 5.800000
2.268285 0.236841 0.465591 5.820000
1.975128 0.246035 0.453579 5.840000
2.600540 0.254917 0.434379 5.860000
2.996258 0.263522 0.425805 5.880000
3.192143 0.272015 0.423243 5.900000
2.458999 0.280478 0.422744 5.920000
1.570186 0.288773 0.406608 5.940000
2.166710 0.296564 0.372326 5.960000
2.222816 0.303775 0.348551 5.980000
1.264964 0.310511 0.324925 6.000000
0.957675 0.316585 0.282449 6.020000
0.301685 0.321749 0.233956 6.040000
-0.512206 0.325820 0.173227 6.060000
-0.920243 0.328529 0.097807 6.080000
-0.778928 0.329663 0.015886 6.100000
0.175962 0.329201 -0.061823 6.120000
-0.560869 0.327382 -0.119886 6.140000
0.374461 0.324278 -0.190169 6.160000
0.637635 0.319965 -0.240818 6.180000
0.284539 0.314707 -0.284618 6.200000
-0.378691 0.308526 -0.333128 6.220000
-1.316043 0.301271 -0.391954 6.240000
-2.163379 0.292688 -0.465917 6.260000
-2.771156 0.282494 -0.552834 6.280000
-3.199475 0.270483 -0.647671 6.300000
-3.246091 0.256533 -0.746581 6.320000
-3.467838 0.240641 -0.841864 6.340000
-3.269176 0.222847 -0.936616 6.360000
-3.677112 0.203249 -1.022389 6.380000
-2.807629 0.181908 -1.110767 6.400000
-2.242862 0.159026 -1.176492 6.420000
-2.174852 0.134996 -1.225560 6.440000
-1.659221 0.110054 -1.267755 6.460000
-1.329010 0.084425 -1.294190 6.480000
-0.719514 0.058388 -1.308653 6.500000
-1.221864 0.032236 -1.305752 6.520000
-0.748157 0.006092 -1.307797 6.540000
-1.343465 -0.019948 -1.295357 6.560000
-1.958808 -0.045809 -1.289906 6.580000
-1.000827 -0.071634 -1.291687 6.600000
-1.488125 -0.097253 -1.269474 6.620000
-1.906810 -0.122479 -1.252335 6.640000
-2.399635 -0.147398 -1.238833 6.660000
-3.284464 -0.172098 -1.230334 6.680000
-4.038662 -0.196753 -1.234312 6.700000
-3.410394 -0.221583 -1.247800 6.720000
-3.117725 -0.246507 -1.243767 6.740000
-3.028126 -0.271244 -1.229126 6.760000
-3.577426 -0.295624 -1.208073 6.780000
-3.125986 -0.319641 -1.192891 6.800000
-4.007457 -0.343224 -1.164638 6.820000
-3.784711 -0.366363 -1.148560 6.840000
-2.861140 -0.389095 -1.123891 6.860000
-3.343256 -0.411122 -1.078207 6.880000
-3.552345 -0.432288 -1.037808 6.900000
-3.353529 -0.452649 -0.997717 6.920000
-2.800395 -0.472139 -0.950804 6.940000
-2.812751 -0.490564 -0.891260 6.960000
-3.330063 -0.507776 -0.829594 6.980000
-2.462027 -0.523824 -0.774792 7.000000
-1.544479 -0.538606 -0.703152 7.020000
-1.510324 -0.551785 -0.614715 7.040000
-1.590935 -0.563185 -0.525226 7.060000
-1.168144 -0.572807 -0.436964 7.080000
-0.401201 -0.580594 -0.341862 7.100000
-0.827817 -0.586359 -0.234782 7.120000
-1.557629 -0.590065 -0.136066 7.140000
-0.865967 -0.591932 -0.050833 7.160000
-0.664460 -0.591995 0.044251 7.180000
-0.808847 -0.590142 0.140612 7.200000
-0.474542 -0.586410 0.232214 7.220000
0.067618 -0.580816 0.326731 7.240000
-0.368046 -0.573270 0.427274 7.260000
0.197228 -0.563820 0.517173 7.280000
0.618839 -0.552512 0.613044 7.300000
1.472192 -0.539253 0.712147 7.320000
2.010284 -0.523908 0.821562 7.340000
1.596694 -0.506329 0.935555 7.360000
1.813023 -0.486592 1.037279 7.380000
1.992433 -0.464835 1.137542 7.400000
2.583001 -0.441095 1.235432 7.420000
1.718003 -0.415350 1.338096 7.440000
2.110092 -0.387771 1.418770 7.460000
1.114657 -0.358569 1.500340 7.480000
0.262820 -0.327987 1.556733 7.500000
0.673918 -0.296504 1.590470 7.520000
1.118509 -0.264334 1.625504 7.540000
1.068661 -0.231443 1.662398 7.560000
0.698976 -0.197893 1.691489 7.580000
1.291380 -0.163902 1.706515 7.600000
2.113509 -0.129561 1.726384 7.620000
2.576132 -0.094730 1.755498 7.640000
2.617668 -0.059298 1.786522 7.660000
2.627709 -0.023311 1.810942 7.680000
3.305067 0.013092 1.828096 7.700000
2.616169 0.049898 1.851191 7.720000
1.947458 0.086952 1.852936 7.740000
1.959878 0.123834 1.834161 7.760000
1.527237 0.160275 1.808765 7.780000
1.510363 0.196056 1.768296 7.800000
2.484376 0.230962 1.721365 7.820000
3.438027 0.265060 1.687310 7.840000
3.528794 0.298597 1.665303 7.860000
2.839262 0.331646 1.638598 7.880000
2.527479 0.363970 1.592840 7.900000
2.553549 0.395265 1.535846 7.920000
3.266956 0.425376 1.474364 7.940000
3.131848 0.454338 1.421045 7.960000
3.776420 0.482162 1.360636 7.980000
4.659712 0.508848 1.307184 8.000000
5.392771 0.534573 1.264561 8.020000
5.278351 0.559524 1.229759 8.040000
4.448679 0.583713 1.188306 8.060000
3.666936 0.606891 1.128867 8.080000
3.815071 0.628717 1.053267 8.100000
3.018206 0.649027 0.977312 8.120000
2.737194 0.667668 0.886476 8.140000
2.848362 0.684432 0.789745 8.160000
2.466161 0.699268 0.693708 8.180000
2.701343 0.712118 0.591253 8.200000
2.362458 0.722953 0.492218 8.220000
2.692005 0.731757 0.388355 8.240000
1.715964 0.738540 0.290021 8.260000
2.314725 0.743221 0.178344 8.280000
1.658659 0.745772 0.077000 8.300000
1.872470 0.746217 -0.032138 8.320000
1.870785 0.744533 -0.135901 8.340000
0.932908 0.740798 -0.237177 8.360000
1.431740 0.734927 -0.349380 8.380000
2.374264 0.726918 -0.450920 8.400000
2.032921 0.717054 -0.534975 8.420000
1.915386 0.705492 -0.620586 8.440000
1.277591 0.692238 -0.704125 8.460000
0.838123 0.677256 -0.793340 8.480000
0.642650 0.660465 -0.884961 8.500000
0.609747 0.641858 -0.974952 8.520000
0.151497 0.621495 -1.060506 8.540000
1.123320 0.599398 -1.148302 8.560000
1.347514 0.575760 -1.214634 8.580000
0.494094 0.550887 -1.271655 8.600000
0.178378 0.524786 -1.337490 8.620000
-0.197464 0.497373 -1.402848 8.640000
-0.647794 0.468647 -1.468668 8.660000
-0.204995 0.438588 -1.536161 8.680000
-0.000168 0.407324 -1.589098 8.700000
-0.642742 0.375106 -1.631629 8.720000
0.311024 0.341985 -1.679335 8.740000
-0.479358 0.308158 -1.702216 8.760000
-0.197914 0.273792 -1.733269 8.780000
0.453459 0.238928 -1.751936 8.800000
1.423954 0.203886 -1.751087 8.820000
1.499529 0.169118 -1.724667 8.840000
2.076071 0.134956 -1.690534 8.860000
1.231137 0.101650 -1.639114 8.880000
0.519187 0.069261 -1.598907 8.900000
-0.180482 0.037589 -1.567323 8.920000
-0.024581 0.006465 -1.544117 8.940000
-0.370982 -0.024108 -1.512296 8.960000
-0.980285 -0.054060 -1.482089 8.980000
-0.395809 -0.083478 -1.458755 9.000000
0.177300 -0.112260 -1.418687 9.020000
0.943472 -0.140081 -1.362667 9.040000
0.958742 -0.166589 -1.287552 9.060000
1.652139 -0.191558 -1.208781 9.080000
1.431427 -0.214786 -1.113614 9.100000
1.314064 -0.236130 -1.020521 9.120000
2.023654 -0.255617 -0.927810 9.140000
2.027465 -0.273096 -0.820020 9.160000
2.722844 -0.288412 -0.711404 9.180000
2.933353 -0.301418 -0.589288 9.200000
3.394386 -0.311946 -0.463624 9.220000
4.138680 -0.319882 -0.330229 9.240000
4.353927 -0.325025 -0.184428 9.260000
4.932658 -0.327234 -0.036898 9.280000
4.620737 -0.326411 0.118673 9.300000
5.579442 -0.322569 0.264951 9.320000
6.559875 -0.315657 0.425524 9.340000
5.804691 -0.305393 0.600114 9.360000
5.380367 -0.291831 0.755208 9.380000
6.093546 -0.275301 0.896861 9.400000
6.140646 -0.255857 1.046496 9.420000
6.782953 -0.233474 1.190780 9.440000
6.829099 -0.208146 1.340781 9.460000
7.294867 -0.179882 1.484359 9.480000
8.000000 -0.148733 1.629236 9.500000
8.000000 -0.114630 1.779518 9.520000
7.109658 -0.077613 1.920605 9.540000
6.230152 -0.038048 2.034349 9.560000
5.486967 0.003520 2.120768 9.580000
4.989966 0.046569 2.182528 9.600000
4.691287 0.090656 2.224575 9.620000
4.986860 0.135428 2.250925 9.640000
5.073021 0.180687 2.273311 9.660000
4.776477 0.226311 2.287443 9.680000
4.927072 0.272061 2.285931 9.700000
5.232755 0.317712 2.277597 9.720000
5.998930 0.363158 2.265349 9.740000
6.121170 0.408403 2.257507 9.760000
5.800812 0.453414 2.241852 9.780000
6.667875 0.497955 2.210677 9.800000
5.738117 0.541928 2.185047 9.820000
5.100786 0.585135 2.134141 9.840000
4.520682 0.627132 2.064302 9.860000
3.911028 0.667564 1.977762 9.880000
3.127979 0.706105 1.875393 9.900000
3.497198 0.742427 1.756028 9.920000
4.488531 0.776372 1.637833 9.940000
4.282345 0.808054 1.529627 9.960000
3.421318 0.837503 1.414723 9.980000
3.494333 0.864509 1.285410 10.000000
3.077125 0.888916 1.155018 10.020000
2.177437 0.910648 1.018010 10.040000
2.125486 0.929523 0.869531 10.060000
1.437777 0.945425 0.720762 10.080000
0.816954 0.958279 0.564916 10.100000
0.635969 0.967961 0.403618 10.120000
0.694698 0.974419 0.242498 10.140000
0.881362 0.977685 0.084638 10.160000
0.339810 0.977844 -0.068234 10.180000
0.075122 0.974917 -0.223912 10.200000
0.366204 0.968882 -0.378946 10.220000
1.189816 0.959818 -0.526785 10.240000
1.475837 0.947933 -0.661032 10.260000
1.824417 0.933440 -0.787535 10.280000
1.103639 0.916504 -0.905193 10.300000
0.997303 0.897177 -1.026651 10.320000
1.018153 0.875460 -1.144198 10.340000
0.711046 0.851449 -1.255956 10.360000
1.321156 0.825220 -1.365972 10.380000
0.550985 0.796934 -1.461613 10.400000
-0.238287 0.766690 -1.561664 10.420000
-0.834068 0.734397 -1.666554 10.440000
-1.812972 0.699984 -1.773556 10.460000
-1.345343 0.663351 -1.888592 10.480000
-1.591748 0.624563 -1.989008 10.500000
-1.382925 0.583802 -2.085806 10.520000
-0.445566 0.541218 -2.171160 10.540000
-1.286370 0.497171 -2.232110 10.560000
-0.924977 0.451844 -2.299228 10.580000
-1.337195 0.405326 -2.350998 10.600000
-2.243130 0.357788 -2.401269 10.620000
-1.656660 0.309168 -2.459203 10.640000
-0.943935 0.259596 -2.496426 10.660000
-1.037900 0.209513 -2.510255 10.680000
-1.886404 0.159231 -2.516308 10.700000
-1.082802 0.108758 -2.529406 10.720000
-0.426979 0.058279 -2.516851 10.740000
-0.794933 0.008277 -2.481891 10.760000
-1.304596 -0.041010 -2.445280 10.780000
-0.378070 -0.089577 -2.409948 10.800000
-0.664577 -0.137167 -2.347679 10.820000
-1.037640 -0.183488 -2.283169 10.840000
-1.951991 -0.228516 -2.218345 10.860000
-2.898038 -0.272350 -2.163742 10.880000
-3.205715 -0.315196 -2.119604 10.900000
-3.746678 -0.357140 -2.073515 10.920000
-2.900560 -0.398187 -2.029831 10.940000
-2.234965 -0.438129 -1.963290 10.960000
-1.425014 -0.476556 -1.878397 10.980000
-2.388274 -0.513086 -1.773844 11.000000
-1.475302 -0.547646 -1.681315 11.020000
-1.425911 -0.580154 -1.568954 11.040000
-1.156149 -0.610373 -1.452415 11.060000
-1.426360 -0.638189 -1.328764 11.080000
-0.636144 -0.663553 -1.207310 11.100000
0.362338 -0.686347 -1.071943 11.120000
1.354262 -0.706273 -0.920709 11.140000
0.826424 -0.723029 -0.755012 11.160000
0.438030 -0.736561 -0.598450 11.180000
1.437248 -0.747034 -0.449065 11.200000
0.542268 -0.754390 -0.286954 11.220000
-0.103604 -0.758658 -0.140232 11.240000
0.672080 -0.760109 -0.005310 11.260000
0.384380 -0.758776 0.138086 11.280000
-0.503681 -0.754649 0.274140 11.300000
0.212640 -0.747962 0.393910 11.320000
-0.007260 -0.738811 0.520569 11.340000
-0.661665 -0.727199 0.640021 11.360000
-1.102651 -0.713336 0.745518 11.380000
-0.355764 -0.697474 0.839965 11.400000
-1.005700 -0.679654 0.941220 11.420000
-1.695178 -0.659959 1.027462 11.440000
-1.835277 -0.638698 1.097728 11.460000
-2.679621 -0.616107 1.160500 11.480000
-3.626312 -0.592452 1.204116 11.500000
-3.363521 -0.568136 1.226614 11.520000
-3.046520 -0.543379 1.248124 11.540000
-3.752169 -0.518193 1.269614 11.560000
-3.375353 -0.492753 1.273424 11.580000
-2.836894 -0.467225 1.278524 11.600000
-3.766175 -0.441552 1.287899 11.620000
-4.650594 -0.415912 1.275229 11.640000
-4.015352 -0.390737 1.241420 11.660000
-3.368187 -0.366169 1.214637 11.680000
-3.852361 -0.342062 1.195304 11.700000
-4.420331 -0.318478 1.162388 11.720000
-4.132553 -0.295702 1.114572 11.740000
-4.496329 -0.273865 1.068464 11.760000
-4.175752 -0.253057 1.011856 11.780000
-3.317162 -0.233350 0.958273 11.800000
-2.846597 -0.214579 0.918333 11.820000
-3.286210 -0.196545 0.884562 11.840000
-3.049466 -0.179302 0.839352 11.860000
-3.747290 -0.162941 0.796256 11.880000
-4.045886 -0.147604 0.737166 11.900000
-3.892388 -0.133526 0.670405 11.920000
-4.824055 -0.120767 0.605259 11.940000
-4.871177 -0.109507 0.520645 11.960000
-4.173291 -0.099953 0.434662 11.980000
-4.427655 -0.091983 0.362366 12.000000
-4.359419 -0.085509 0.285033 12.020000
-4.700411 -0.080565 0.209433 12.040000
-4.342993 -0.077195 0.127763 12.060000
-4.656503 -0.075377 0.054251 12.080000
-5.080391 -0.075079 -0.024210 12.100000
-4.147206 -0.076418 -0.109383 12.120000
-4.842148 -0.079255 -0.174020 12.140000
-4.439008 -0.083503 -0.250388 12.160000
-5.110188 -0.089174 -0.316287 12.180000
-4.828234 -0.096270 -0.392834 12.200000
-5.178016 -0.104811 -0.460721 12.220000
-5.617755 -0.114747 -0.532273 12.240000
-6.121908 -0.126165 -0.608870 12.260000
-5.258557 -0.139174 -0.691324 12.280000
-4.545447 -0.153618 -0.752356 12.300000
-4.100446 -0.169099 -0.795127 12.320000
-5.097415 -0.185308 -0.825103 12.340000
-4.699343 -0.202271 -0.870449 12.360000
-5.356419 -0.220018 -0.903535 12.380000
-4.655138 -0.238510 -0.944839 12.400000
-4.119793 -0.257645 -0.967839 12.420000
-4.117607 -0.277091 -0.976082 12.440000
-3.715205 -0.296659 -0.980042 12.460000
-4.023117 -0.316188 -0.972229 12.480000
-4.378974 -0.335581 -0.966313 12.500000
-4.832133 -0.354881 -0.963094 12.520000
-5.458145 -0.374162 -0.964232 12.540000
-5.466579 -0.393538 -0.972676 12.560000
-4.854158 -0.413041 -0.976816 12.580000
-4.284820 -0.432470 -0.965504 12.600000
-4.230535 -0.451532 -0.940056 12.620000
-3.522109 -0.470040 -0.910172 12.640000
-3.571508 -0.487792 -0.864601 12.660000
-3.691784 -0.504615 -0.817264 12.680000
-3.698393 -0.520488 -0.769604 12.700000
-3.510713 -0.535386 -0.719851 12.720000
-3.977683 -0.549237 -0.664962 12.740000
-3.238397 -0.562052 -0.616327 12.760000
-4.154240 -0.573755 -0.553783 12.780000
-4.893538 -0.584350 -0.505455 12.800000
-5.839003 -0.594088 -0.468151 12.820000
-5.304247 -0.603223 -0.445027 12.840000
-5.077495 -0.611792 -0.411668 12.860000
-5.149252 -0.619645 -0.373504 12.880000
-6.025281 -0.626738 -0.335632 12.900000
-6.757443 -0.633206 -0.311060 12.920000
-7.119213 -0.639291 -0.297214 12.940000
-7.534059 -0.645145 -0.287975 12.960000
-7.066738 -0.650868 -0.284082 12.980000
-7.654857 -0.656426 -0.271535 13.000000
-8.000000 -0.661814 -0.267138 13.020000
-7.994159 -0.667157 -0.266889 13.040000
-8.000000 -0.672480 -0.265217 13.060000
-8.000000 -0.677758 -0.262342 13.080000
-8.000000 -0.682966 -0.258209 13.100000
-7.692414 -0.688078 -0.252865 13.120000
-7.881210 -0.693025 -0.241670 13.140000
-7.326810 -0.697767 -0.232372 13.160000
-8.000000 -0.702229 -0.213713 13.180000
-7.557282 -0.706413 -0.204540 13.200000
-8.000000 -0.710339 -0.187873 13.220000
-8.000000 -0.713991 -0.177247 13.240000
-7.800434 -0.717424 -0.165945 13.260000
-7.142944 -0.720595 -0.151064 13.280000
-6.596019 -0.723366 -0.125968 13.300000
-6.982258 -0.725552 -0.092664 13.320000
-6.697332 -0.727131 -0.065302 13.340000
-7.474500 -0.728123 -0.033964 13.360000
-7.763340 -0.728608 -0.014562 13.380000
-8.000000 -0.728750 0.000262 13.400000
-8.000000 -0.728634 0.011299 13.420000
-7.013656 -0.728300 0.022061 13.440000
-7.297390 -0.727608 0.047066 13.460000
-7.821806 -0.726464 0.067160 13.480000
-7.788456 -0.725004 0.078770 13.500000
-8.000000 -0.723313 0.090255 13.520000
-8.000000 -0.721430 0.097925 13.540000
-8.000000 -0.719400 0.104954 13.560000
-8.000000 -0.717236 0.111318 13.580000
-8.000000 -0.714952 0.116999 13.600000
-8.000000 -0.712561 0.121981 13.620000
-8.000000 -0.710077 0.126255 13.640000
-7.890574 -0.707516 0.129812 13.660000
-7.239038 -0.704873 0.134295 13.680000
-6.405497 -0.702050 0.147852 13.700000
-5.541819 -0.698839 0.173036 13.720000
-6.033750 -0.695006 0.210030 13.740000
-5.736765 -0.690524 0.237880 13.760000
-6.137707 -0.685456 0.268645 13.780000
-6.665445 -0.679852 0.291452 13.800000
-6.489755 -0.673891 0.304343 13.820000
-5.785694 -0.667662 0.318279 13.840000
-5.582058 -0.661062 0.341429 13.860000
-6.376767 -0.653986 0.365785 13.880000
-5.652938 -0.646570 0.375525 13.900000
-4.712066 -0.638863 0.394802 13.920000
-5.471922 -0.630642 0.426931 13.940000
-5.579192 -0.621924 0.444435 13.960000
-5.913454 -0.612897 0.457899 13.980000
-5.061869 -0.603678 0.463634 14.000000
-5.360734 -0.594227 0.481075 14.020000
-5.243694 -0.584501 0.491168 14.040000
-5.904303 -0.574577 0.500835 14.060000
-5.496040 -0.564594 0.497107 14.080000
-6.448167 -0.554638 0.498047 14.100000
-6.574710 -0.544848 0.480692 14.120000
-6.277147 -0.535445 0.459302 14.140000
-5.482003 -0.526436 0.441270 14.160000
-4.593021 -0.517668 0.435202 14.180000
-4.394919 -0.508886 0.442642 14.200000
-4.202595 -0.499942 0.451475 14.220000
-5.183461 -0.490808 0.461567 14.240000
-5.451431 -0.481665 0.452359 14.260000
-5.334494 -0.472773 0.436638 14.280000
-6.327746 -0.464190 0.421355 14.300000
-5.439852 -0.456105 0.386906 14.320000
-4.725518 -0.448563 0.367165 14.340000
-4.559643 -0.441299 0.358947 14.360000
-4.728764 -0.434184 0.352319 14.380000
-4.421329 -0.427246 0.341273 14.400000
-5.347336 -0.420486 0.334522 14.420000
-6.293906 -0.414042 0.309729 14.440000
-5.585942 -0.408275 0.266894 14.460000
-4.625986 -0.403239 0.236563 14.480000
-4.491107 -0.398640 0.223272 14.500000
-4.004298 -0.394288 0.211749 14.520000
-3.786470 -0.390085 0.208452 14.540000
-3.839329 -0.385916 0.208337 14.560000
-3.881769 -0.381767 0.206387 14.580000
-4.286562 -0.377673 0.202837 14.600000
-3.451643 -0.373733 0.191059 14.620000
-4.024580 -0.369880 0.194098 14.640000
-4.343809 -0.366081 0.185700 14.660000
-4.190737 -0.362516 0.170788 14.680000
-3.334970 -0.359224 0.158281 14.700000
-2.512996 -0.356028 0.161217 14.720000
-2.791915 -0.352627 0.178688 14.740000
-3.239911 -0.348940 0.189919 14.760000
-2.892811 -0.345121 0.191826 14.780000
-2.073604 -0.341207 0.199380 14.800000
-1.895632 -0.336999 0.221266 14.820000
-1.800601 -0.332332 0.245174 14.840000
-1.718629 -0.327183 0.269430 14.860000
-2.110218 -0.321549 0.293690 14.880000
-2.837787 -0.315520 0.308967 14.900000
-3.126190 -0.309338 0.309022 14.920000
-4.047933 -0.303222 0.302386 14.940000
-4.687133 -0.297425 0.277228 14.960000
-4.354339 -0.292259 0.239306 14.980000
-5.028602 -0.287791 0.207429 15.000000
-5.877153 -0.284092 0.162509 15.020000
-6.306391 -0.281451 0.101659 15.040000
-5.840306 -0.280103 0.033408 15.060000
-6.327878 -0.280018 -0.024776 15.080000
-6.957607 -0.281178 -0.090970 15.100000
-5.991045 -0.283766 -0.167418 15.120000
-5.585389 -0.287676 -0.223249 15.140000
-4.704060 -0.292605 -0.269303 15.160000
-4.973065 -0.298266 -0.296590 15.180000
-5.454422 -0.304507 -0.327157 15.200000
-6.252018 -0.311430 -0.364791 15.220000
-6.328595 -0.319234 -0.415095 15.240000
-6.030951 -0.328030 -0.463988 15.260000
-5.038742 -0.337717 -0.504269 15.280000
-4.875148 -0.347994 -0.523017 15.300000
-4.647497 -0.358590 -0.536094 15.320000
-4.769059 -0.369379 -0.542391 15.340000
-5.404627 -0.380292 -0.548480 15.360000
-5.498290 -0.391418 -0.563739 15.380000
-4.631603 -0.402840 -0.577923 15.400000
-4.372482 -0.414358 -0.573534 15.420000
-3.462095 -0.425718 -0.562090 15.440000
-3.129132 -0.436663 -0.532120 15.460000
-3.543191 -0.446933 -0.494609 15.480000
-3.713120 -0.456513 -0.463216 15.500000
-3.719611 -0.465483 -0.433557 15.520000
-3.084533 -0.473849 -0.402811 15.540000
-2.751021 -0.481476 -0.359852 15.560000
-2.887192 -0.488180 -0.310465 15.580000
-3.845870 -0.493917 -0.263209 15.600000
-4.739264 -0.498875 -0.232527 15.620000
-5.005231 -0.503372 -0.216995 15.640000
-4.215033 -0.507597 -0.205441 15.660000
-5.184872 -0.511448 -0.179573 15.680000
-5.912582 -0.514946 -0.170181 15.700000
-5.067541 -0.518377 -0.172748 15.720000
-4.276136 -0.521705 -0.159972 15.740000
-4.627910 -0.524637 -0.133187 15.760000
-3.758361 -0.527093 -0.112391 15.780000
-4.152496 -0.528983 -0.076666 15.800000
-4.738167 -0.530229 -0.048064 15.820000
-3.789748 -0.531008 -0.029822 15.840000
-3.902709 -0.531262 0.004367 15.860000
-4.657804 -0.530857 0.035933 15.880000
-5.446060 -0.529959 0.053838 15.900000
-6.008364 -0.528843 0.057696 15.920000
-5.215435 -0.527750 0.051612 15.940000
-5.213224 -0.526643 0.058972 15.960000
-4.571878 -0.525393 0.065966 15.980000
-3.931166 -0.523897 0.083514 16.000000
-4.919745 -0.521947 0.111343 16.020000
-4.448635 -0.519620 0.121191 16.040000
-4.539434 -0.517023 0.138416 16.060000
-5.486184 -0.514106 0.153150 16.080000
-5.534561 -0.511067 0.150613 16.100000
-6.082361 -0.508094 0.146621 16.120000
-7.007063 -0.505301 0.132578 16.140000
-6.704521 -0.502953 0.102188 16.160000
-6.174639 -0.501160 0.077163 16.180000
-5.291437 -0.499774 0.061470 16.200000
-5.424865 -0.498547 0.061151 16.220000
-5.487504 -0.497353 0.058248 16.240000
-4.734997 -0.496229 0.054055 16.260000
-4.759406 -0.495060 0.062802 16.280000
-4.190684 -0.493724 0.070681 16.300000
-3.259867 -0.492136 0.088012 16.320000
-2.396768 -0.490046 0.120872 16.340000
-1.607932 -0.487158 0.167673 16.360000
-0.846058 -0.483211 0.226707 16.380000
-1.086706 -0.477969 0.297093 16.400000
-1.519259 -0.471386 0.360780 16.420000
-1.003101 -0.463631 0.414248 16.440000
-1.841705 -0.454742 0.474263 16.460000
-1.395938 -0.444830 0.516410 16.480000
-1.423948 -0.434024 0.563735 16.500000
-0.761803 -0.422306 0.607502 16.520000
-0.668011 -0.409625 0.660098 16.540000
-0.999248 -0.395908 0.710931 16.560000
-0.492850 -0.381272 0.752074 16.580000
-0.983793 -0.365756 0.798912 16.600000
-1.673728 -0.349433 0.832773 16.620000
-2.252685 -0.332600 0.849949 16.640000
-1.869731 -0.315568 0.852624 16.660000
-1.554204 -0.298445 0.859089 16.680000
-0.674360 -0.281168 0.868037 16.700000
-1.586216 -0.263579 0.890193 16.720000
-1.388075 -0.245761 0.891051 16.740000
-1.608408 -0.227922 0.892214 16.760000
-1.600566 -0.210138 0.885616 16.780000
-1.226922 -0.192518 0.875822 16.800000
-2.136229 -0.175054 0.870050 16.820000
-1.884412 -0.157916 0.843250 16.840000
-2.653065 -0.141293 0.818565 16.860000
-2.164243 -0.125343 0.776064 16.880000
-3.045606 -0.110170 0.740920 16.900000
-2.251525 -0.095895 0.686198 16.920000
-1.492286 -0.082576 0.645480 16.940000
-2.146297 -0.069937 0.618006 16.960000
-2.117325 -0.057997 0.575743 16.980000
-3.020756 -0.046911 0.532631 17.000000
-3.836938 -0.036880 0.470426 17.020000
-2.986069 -0.028261 0.391466 17.040000
-3.518926 -0.021052 0.329366 17.060000
-4.287883 -0.015192 0.256667 17.080000
-4.745940 -0.010935 0.169191 17.100000
-4.022077 -0.008508 0.073724 17.120000
-4.391743 -0.007832 -0.005816 17.140000
-4.883080 -0.008804 -0.091074 17.160000
-5.125749 -0.011558 -0.184010 17.180000
-5.907034 -0.016195 -0.279190 17.200000
-5.908785 -0.022861 -0.386850 17.220000
-5.656082 -0.031645 -0.490892 17.240000
-5.598014 -0.042420 -0.585935 17.260000
-6.547162 -0.055043 -0.675621 17.280000
-6.918519 -0.069603 -0.779577 17.300000
-7.771524 -0.086265 -0.885641 17.320000
-6.891286 -0.105160 -1.002774 17.340000
-6.473590 -0.126159 -1.096091 17.360000
-6.744548 -0.148878 -1.174778 17.380000
-7.310459 -0.173160 -1.252245 17.400000
-7.577407 -0.199032 -1.333819 17.420000
-8.000000 -0.226515 -1.413104 17.440000
-7.544037 -0.255586 -1.492644 17.460000
-7.321215 -0.286077 -1.555117 17.480000
-7.346321 -0.317693 -1.605046 17.500000
-7.001548 -0.350228 -1.647086 17.520000
-6.664995 -0.383455 -1.674281 17.540000
-7.326424 -0.417082 -1.687046 17.560000
-8.000000 -0.451003 -1.703644 17.580000
-8.000000 -0.485291 -1.723705 17.600000
-8.000000 -0.519892 -1.734907 17.620000
-7.947188 -0.554629 -1.737318 17.640000
-7.277648 -0.589318 -1.730177 17.660000
-6.308075 -0.623670 -1.703689 17.680000
-5.939795 -0.657260 -1.654117 17.700000
-4.995869 -0.689733 -1.592227 17.720000
-5.507561 -0.720766 -1.510198 17.740000
-6.446116 -0.750185 -1.430926 17.760000
-6.414232 -0.778107 -1.360440 17.780000
-5.898766 -0.804566 -1.284710 17.800000
-5.025946 -0.829397 -1.197695 17.820000
-5.472369 -0.852335 -1.095688 17.840000
-4.802268 -0.873266 -0.997004 17.860000
-3.983312 -0.892116 -0.887715 17.880000
-3.220531 -0.908664 -0.767048 17.900000
-2.565227 -0.922702 -0.636792 17.920000
-3.051469 -0.934061 -0.499209 17.940000
-3.150240 -0.942736 -0.368475 17.960000
-3.651950 -0.948821 -0.240273 17.980000
-3.065471 -0.952416 -0.119592 18.000000
-3.892233 -0.953550 0.005831 18.020000
-4.120750 -0.952295 0.119276 18.040000
-3.305954 -0.948823 0.227428 18.060000
-2.778540 -0.943123 0.342052 18.080000
-2.247218 -0.935102 0.459426 18.100000
-3.177656 -0.924708 0.579296 18.120000
-3.295766 -0.912070 0.683849 18.140000
-2.811196 -0.897398 0.782583 18.160000
-2.471959 -0.880737 0.882711 18.180000
-1.760519 -0.862079 0.982239 18.200000
-2.041209 -0.841389 1.085856 18.220000
-1.881597 -0.818718 1.180300 18.240000
-2.584149 -0.794193 1.271234 18.260000
-3.241755 -0.768007 1.346361 18.280000
-2.904873 -0.740475 1.405801 18.300000
-3.860380 -0.711768 1.463806 18.320000
-4.448579 -0.682111 1.500763 18.340000
-3.488255 -0.651874 1.521877 18.360000
-3.843212 -0.621128 1.551535 18.380000
-3.504668 -0.589915 1.568689 18.400000
-3.034736 -0.558369 1.584743 18.420000
-2.117769 -0.526490 1.602064 18.440000
-1.487179 -0.494173 1.628533 18.460000
-2.201888 -0.461283 1.659350 18.480000
-1.267663 -0.427972 1.670589 18.500000
-1.387201 -0.394334 1.692050 18.520000
-1.278667 -0.360357 1.704499 18.540000
-0.367524 -0.326179 1.712207 18.560000
-0.079564 -0.291742 1.730368 18.580000
-0.058190 -0.256955 1.747153 18.600000
-0.538775 -0.221898 1.757446 18.620000
-0.791396 -0.186796 1.751564 18.640000
-1.052023 -0.151929 1.734125 18.660000
-0.935214 -0.117525 1.705188 18.680000
-1.842492 -0.083739 1.672472 18.700000
-1.413740 -0.050845 1.615974 18.720000
-2.183796 -0.019049 1.562752 18.740000
-1.980863 0.011478 1.489268 18.760000
-1.044330 0.040533 1.415491 18.780000
-1.905124 0.068257 1.356236 18.800000
-2.147073 0.094585 1.275967 18.820000
-1.930163 0.119227 1.187689 18.840000
-1.173439 0.142117 1.100960 18.860000
-1.834240 0.163398 1.026637 18.880000
-1.051054 0.183038 0.937053 18.900000
-1.959330 0.201021 0.861005 18.920000
-1.551925 0.217290 0.765679 18.940000
-1.371131 0.231722 0.677327 18.960000
-0.694163 0.244413 0.591739 18.980000
-0.825534 0.255518 0.518675 19.000000
-0.210226 0.265132 0.442635 19.020000
-0.662848 0.273341 0.378217 19.040000
-0.004269 0.280173 0.305056 19.060000
-0.104217 0.285671 0.244741 19.080000
0.733269 0.289946 0.182814 19.100000
0.410425 0.293147 0.137308 19.120000
-0.142306 0.295379 0.086068 19.140000
0.258277 0.296489 0.025057 19.160000
0.581126 0.296465 -0.027258 19.180000
0.366227 0.295467 -0.072323 19.200000
0.672414 0.293539 -0.120293 19.220000
1.046993 0.290723 -0.161058 19.240000
1.210746 0.287177 -0.193301 19.260000
2.069358 0.283032 -0.221053 19.280000
1.254344 0.278509 -0.231077 19.300000
1.674739 0.273640 -0.255506 19.320000
1.791876 0.268379 -0.270447 19.340000
1.346101 0.262854 -0.281796 19.360000
0.403540 0.257030 -0.300338 19.380000
-0.004040 0.250669 -0.335398 19.400000
-0.571411 0.243549 -0.376310 19.420000
-0.147338 0.235522 -0.425903 19.440000
-0.634889 0.226612 -0.464760 19.460000
-0.920241 0.216854 -0.510508 19.480000
-0.584956 0.206155 -0.558964 19.500000
0.292680 0.194581 -0.597878 19.520000
-0.210077 0.182431 -0.616712 19.540000
-0.381602 0.169833 -0.642603 19.560000
-1.094535 0.156713 -0.668881 19.580000
-0.948995 0.142958 -0.706041 19.600000
-1.461609 0.128523 -0.736944 19.620000
-0.789159 0.113402 -0.774504 19.640000
-0.143700 0.097700 -0.795153 19.660000
-0.383332 0.081747 -0.799626 19.680000
0.060688 0.065688 -0.805651 19.700000
-0.239142 0.049630 -0.799673 19.720000
0.695708 0.033662 -0.796643 19.740000
-0.074126 0.017970 -0.772093 19.760000
0.453225 0.002642 -0.760263 19.780000
0.608284 -0.012318 -0.735283 19.800000
0.347690 -0.026723 -0.704879 19.820000
1.113103 -0.040550 -0.677501 19.840000
1.976463 -0.053657 -0.632914 19.860000
2.509269 -0.065685 -0.569718 19.880000
2.651791 -0.076334 -0.495081 19.900000
2.330369 -0.085458 -0.417232 19.920000
2.222819 -0.093087 -0.345684 19.940000
1.890145 -0.099307 -0.276366 19.960000
1.837589 -0.104209 -0.213926 19.980000
