-0.787735 0.262312 0.241245 0.000000
-0.619365 0.266430 0.170683 0.020000
-1.217902 0.269177 0.104106 0.040000
-2.185053 0.270486 0.027049 0.060000
-2.571322 0.270083 -0.067024 0.080000
-3.569493 0.267745 -0.166367 0.100000
-4.390714 0.263254 -0.282226 0.120000
-4.555224 0.256320 -0.410543 0.140000
-5.554685 0.246827 -0.538111 0.160000
-4.669999 0.234632 -0.680573 0.180000
-3.962599 0.219809 -0.800935 0.200000
-4.315436 0.202766 -0.902515 0.220000
-4.225446 0.183674 -1.005789 0.240000
-3.381979 0.162589 -1.101741 0.260000
-4.057334 0.139809 -1.175371 0.280000
-4.979252 0.115480 -1.256501 0.300000
-4.677978 0.089408 -1.349562 0.320000
-5.137796 0.061602 -1.429856 0.340000
-4.751921 0.032169 -1.512274 0.360000
-5.301659 0.001237 -1.579659 0.380000
-6.291678 -0.031077 -1.650461 0.400000
-5.504810 -0.064925 -1.732919 0.420000
-5.677039 -0.100180 -1.791238 0.440000
-4.915919 -0.136552 -1.844481 0.460000
-4.630251 -0.173752 -1.874137 0.480000
-4.774365 -0.211406 -1.889866 0.500000
-5.487259 -0.249320 -1.900164 0.520000
-5.540417 -0.287494 -1.915830 0.540000
-5.456156 -0.325906 -1.923881 0.560000
-4.659469 -0.364377 -1.921782 0.580000
-4.246338 -0.402574 -1.896664 0.600000
-3.742516 -0.440117 -1.856444 0.620000
-4.213674 -0.476695 -1.800236 0.640000
-4.747710 -0.512167 -1.745919 0.660000
-3.869015 -0.546582 -1.694465 0.680000
-3.807442 -0.579756 -1.622059 0.700000
-3.373147 -0.611419 -1.543454 0.720000
-3.812167 -0.641393 -1.453205 0.740000
-4.341637 -0.669591 -1.365949 0.760000
-4.872623 -0.696088 -1.283113 0.780000
-5.472959 -0.720972 -1.204660 0.800000
-6.248943 -0.744340 -1.131544 0.820000
-7.215365 -0.766323 -1.066163 0.840000
-7.839693 -0.787100 -1.010904 0.860000
-7.947855 -0.806821 -0.960557 0.880000
-8.000000 -0.825512 -0.907942 0.900000
-7.339135 -0.843123 -0.852574 0.920000
-6.823825 -0.859508 -0.785471 0.940000
-7.025654 -0.874459 -0.709382 0.960000
-7.275685 -0.887897 -0.634104 0.980000
-7.614472 -0.899845 -0.560494 1.000000
-6.877562 -0.910351 -0.489865 1.020000
-7.698245 -0.919344 -0.409411 1.040000
-7.624167 -0.926824 -0.338496 1.060000
-8.000000 -0.932874 -0.266496 1.080000
-8.000000 -0.937529 -0.199074 1.100000
-7.873176 -0.940839 -0.132021 1.120000
-7.581221 -0.942800 -0.064180 1.140000
-8.000000 -0.943379 0.006018 1.160000
-8.000000 -0.942617 0.069931 1.180000
-8.000000 -0.940593 0.132240 1.200000
-8.000000 -0.937340 0.192674 1.220000
-7.754161 -0.932900 0.250978 1.240000
-6.942068 -0.927288 0.309815 1.260000
-6.328453 -0.920428 0.375689 1.280000
-5.429596 -0.912206 0.445944 1.300000
-5.211307 -0.902503 0.523817 1.320000
-5.529188 -0.891251 0.600699 1.340000
-5.855417 -0.878541 0.669647 1.360000
-5.550522 -0.864535 0.730287 1.380000
-4.927779 -0.849319 0.790550 1.400000
-5.914692 -0.832861 0.854503 1.420000
-5.547764 -0.815303 0.900462 1.440000
-5.872859 -0.796824 0.946606 1.460000
-5.573597 -0.777517 0.983243 1.480000
-4.797036 -0.757485 1.019094 1.500000
-5.734383 -0.736675 1.061089 1.520000
-6.093459 -0.715216 1.083979 1.540000
-5.633442 -0.693405 1.096212 1.560000
-5.211360 -0.671331 1.110307 1.580000
-5.763097 -0.648961 1.125806 1.600000
-5.340770 -0.626421 1.127343 1.620000
-4.657607 -0.603833 1.130624 1.640000
-5.334021 -0.581117 1.140085 1.660000
-6.258656 -0.558376 1.133238 1.680000
-6.727603 -0.535977 1.105905 1.700000
-7.362349 -0.514250 1.065997 1.720000
-8.000000 -0.493475 1.010884 1.740000
-8.000000 -0.473952 0.940842 1.760000
-8.000000 -0.455863 0.867580 1.780000
-8.000000 -0.439267 0.791537 1.800000
-8.000000 -0.424217 0.713154 1.820000
-8.000000 -0.410754 0.632872 1.840000
-7.951414 -0.398912 0.551128 1.860000
-8.000000 -0.388707 0.469242 1.880000
-8.000000 -0.380155 0.385841 1.900000
-7.769544 -0.373274 0.302248 1.920000
-7.507662 -0.368021 0.223120 1.940000
-6.678515 -0.364298 0.149342 1.960000
-6.137628 -0.361889 0.091662 1.980000
-5.422262 -0.360526 0.044717 2.000000
-6.314732 -0.359962 0.011748 2.020000
-5.536297 -0.360218 -0.037148 2.040000
-5.258252 -0.361296 -0.070496 2.060000
-5.355535 -0.362980 -0.097729 2.080000
-4.416678 -0.365217 -0.125794 2.100000
-3.718337 -0.367830 -0.135410 2.120000
-3.953637 -0.370498 -0.131373 2.140000
-3.244046 -0.373125 -0.131208 2.160000
-2.826239 -0.375612 -0.117430 2.180000
-3.370445 -0.377744 -0.095757 2.200000
-3.693247 -0.379543 -0.084135 2.220000
-3.411125 -0.381168 -0.078328 2.240000
-2.871439 -0.382623 -0.067132 2.260000
-3.161129 -0.383754 -0.045978 2.280000
-2.962210 -0.384517 -0.030372 2.300000
-3.624742 -0.384933 -0.011303 2.320000
-4.173897 -0.385093 -0.004717 2.340000
-4.604630 -0.385223 -0.008311 2.360000
-3.668600 -0.385504 -0.019698 2.380000
-4.488013 -0.385837 -0.013614 2.400000
-4.383134 -0.386200 -0.022615 2.420000
-5.266304 -0.386721 -0.029420 2.440000
-6.008377 -0.387537 -0.052147 2.460000
-5.843185 -0.388938 -0.087786 2.480000
-6.224870 -0.391011 -0.119302 2.500000
-5.649080 -0.393773 -0.156640 2.520000
-5.132605 -0.397161 -0.182015 2.540000
-4.867195 -0.400950 -0.196663 2.560000
-4.730132 -0.404972 -0.205331 2.580000
-4.000620 -0.409131 -0.210449 2.600000
-4.939064 -0.413250 -0.201329 2.620000
-4.759565 -0.417351 -0.208536 2.640000
-4.993146 -0.421552 -0.211452 2.660000
-5.225677 -0.425845 -0.217612 2.680000
-5.667708 -0.430292 -0.226890 2.700000
-6.016987 -0.434992 -0.242928 2.720000
-5.942650 -0.440062 -0.263824 2.740000
-5.260060 -0.445521 -0.281784 2.760000
-6.032246 -0.451200 -0.285946 2.780000
-5.834494 -0.457088 -0.302497 2.800000
-6.250589 -0.463254 -0.313842 2.820000
-6.048502 -0.469704 -0.330904 2.840000
-6.069728 -0.476442 -0.342553 2.860000
-5.599518 -0.483398 -0.352786 2.880000
-5.267520 -0.490459 -0.352989 2.900000
-4.563252 -0.497449 -0.345827 2.920000
-5.467517 -0.504160 -0.325061 2.940000
-5.951779 -0.510602 -0.318956 2.960000
-6.017469 -0.516993 -0.319900 2.980000
-5.017615 -0.523400 -0.320502 3.000000
-5.579190 -0.529632 -0.302529 3.020000
-4.704102 -0.535591 -0.293169 3.040000
-4.882595 -0.541202 -0.267820 3.060000
-5.711924 -0.546329 -0.244848 3.080000
-5.965864 -0.551132 -0.235274 3.100000
-6.935962 -0.555778 -0.229108 3.120000
-7.201634 -0.560454 -0.238305 3.140000
-7.644142 -0.565346 -0.250635 3.160000
-8.000000 -0.570544 -0.268897 3.180000
-7.489425 -0.576150 -0.291396 3.200000
-7.989651 -0.582102 -0.303543 3.220000
-7.840292 -0.588363 -0.322222 3.240000
-7.311014 -0.594953 -0.336472 3.260000
-8.000000 -0.601722 -0.340122 3.280000
-8.000000 -0.608659 -0.353265 3.300000
-8.000000 -0.615839 -0.364384 3.320000
-8.000000 -0.623221 -0.373463 3.340000
-8.000000 -0.630764 -0.380494 3.360000
-7.072256 -0.638427 -0.385484 3.380000
-6.666947 -0.646022 -0.373749 3.400000
-5.668518 -0.653303 -0.354073 3.420000
-5.170681 -0.660019 -0.317483 3.440000
-4.428630 -0.665919 -0.272444 3.460000
-4.031291 -0.670799 -0.215598 3.480000
-3.523013 -0.674483 -0.152839 3.500000
-3.158311 -0.676838 -0.082859 3.520000
-3.193367 -0.677748 -0.008319 3.540000
-3.601677 -0.677186 0.064237 3.560000
-3.583081 -0.675253 0.128809 3.580000
-3.110308 -0.672043 0.191885 3.600000
-3.965407 -0.667517 0.260294 3.620000
-2.985049 -0.661780 0.313038 3.640000
-2.588018 -0.654857 0.378822 3.660000
-1.749108 -0.646583 0.448115 3.680000
-2.604015 -0.636820 0.527669 3.700000
-1.807511 -0.625636 0.590127 3.720000
-2.590506 -0.613109 0.661969 3.740000
-3.066236 -0.599310 0.717281 3.760000
-3.732492 -0.584521 0.760973 3.780000
-3.725602 -0.569008 0.789776 3.800000
-4.687360 -0.552954 0.814915 3.820000
-4.528053 -0.536600 0.819957 3.840000
-4.052717 -0.520153 0.824111 3.860000
-4.775684 -0.503577 0.832873 3.880000
-4.166753 -0.486988 0.825401 3.900000
-4.680671 -0.470476 0.825210 3.920000
-3.745629 -0.454094 0.812451 3.940000
-3.291004 -0.437833 0.813144 3.960000
-3.198816 -0.421509 0.818633 3.980000
-3.744072 -0.405093 0.822349 4.000000
-4.733549 -0.388738 0.812699 4.020000
-3.885219 -0.372789 0.781688 4.040000
-2.922182 -0.357331 0.763613 4.060000
-2.443426 -0.342084 0.760612 4.080000
-2.237217 -0.326837 0.763544 4.100000
-1.453387 -0.311524 0.767250 4.120000
-2.428553 -0.296019 0.782642 4.140000
-3.203476 -0.280426 0.776191 4.160000
-2.572304 -0.265140 0.752001 4.180000
-2.971148 -0.250242 0.737301 4.200000
-3.018926 -0.235742 0.712275 4.220000
-2.619852 -0.221776 0.683940 4.240000
-3.491199 -0.208322 0.661114 4.260000
-2.610533 -0.195516 0.619196 4.280000
-2.463962 -0.183394 0.592700 4.300000
-3.359778 -0.171791 0.567210 4.320000
-3.154813 -0.160892 0.522481 4.340000
-4.030723 -0.150860 0.480532 4.360000
-5.003430 -0.141850 0.420332 4.380000
-4.912524 -0.134242 0.340550 4.400000
-4.295692 -0.128209 0.262732 4.420000
-4.566695 -0.123608 0.197487 4.440000
-5.175138 -0.120360 0.127410 4.460000
-5.831231 -0.118626 0.046248 4.480000
-6.691119 -0.118630 -0.046388 4.500000
-7.370860 -0.120637 -0.153892 4.520000
-8.000000 -0.124901 -0.271975 4.540000
-8.000000 -0.131617 -0.398921 4.560000
-8.000000 -0.140830 -0.521652 4.580000
-8.000000 -0.152452 -0.639716 4.600000
-7.134153 -0.166385 -0.752681 4.620000
-6.635131 -0.182353 -0.843261 4.640000
-6.586567 -0.199981 -0.918702 4.660000
-6.453749 -0.219055 -0.987737 4.680000
-5.459580 -0.239427 -1.048546 4.700000
-5.171118 -0.260767 -1.084503 4.720000
-5.845208 -0.282716 -1.109581 4.740000
-5.213476 -0.305243 -1.142160 4.760000
-4.357232 -0.328246 -1.157195 4.780000
-3.780416 -0.351335 -1.150941 4.800000
-2.970370 -0.374144 -1.129264 4.820000
-2.496363 -0.396328 -1.088468 4.840000
-2.798632 -0.417573 -1.035477 4.860000
-1.816622 -0.437781 -0.984891 4.880000
-1.134807 -0.456773 -0.913863 4.900000
-1.228501 -0.474201 -0.828715 4.920000
-0.576989 -0.489929 -0.743864 4.940000
-0.013153 -0.503835 -0.646644 4.960000
-0.989590 -0.515694 -0.539341 4.980000
-1.290114 -0.525579 -0.449103 5.000000
-0.568809 -0.533711 -0.364187 5.020000
0.319722 -0.540026 -0.267377 5.040000
0.313214 -0.544262 -0.156502 5.060000
-0.403579 -0.546298 -0.047423 5.080000
0.430647 -0.546294 0.047530 5.100000
0.092783 -0.544269 0.154555 5.120000
0.316639 -0.540187 0.253234 5.140000
-0.116144 -0.534120 0.352928 5.160000
0.581473 -0.526164 0.442102 5.180000
0.735414 -0.516338 0.539988 5.200000
-0.025119 -0.504563 0.636832 5.220000
-0.338585 -0.491023 0.716461 5.240000
-0.778034 -0.475986 0.786566 5.260000
-0.519064 -0.459666 0.844759 5.280000
-0.225621 -0.442178 0.903360 5.300000
-1.005469 -0.423508 0.962824 5.320000
-1.755987 -0.403837 1.003538 5.340000
-0.936532 -0.383535 1.025994 5.360000
0.049041 -0.362676 1.059146 5.380000
0.246360 -0.341016 1.105968 5.400000
0.000656 -0.318433 1.151520 5.420000
0.569250 -0.295036 1.187327 5.440000
-0.335238 -0.270866 1.228822 5.460000
-1.265742 -0.246092 1.247671 5.480000
-1.924315 -0.221172 1.243499 5.500000
-1.505640 -0.196512 1.221817 5.520000
-1.472305 -0.172247 1.203878 5.540000
-1.460906 -0.148379 1.182221 5.560000
-1.759807 -0.124984 1.156578 5.580000
-1.448747 -0.102202 1.121032 5.600000
-1.072103 -0.080106 1.087912 5.620000
-0.228920 -0.058635 1.058626 5.640000
-1.206151 -0.037618 1.042460 5.660000
-1.650754 -0.017155 1.003238 5.680000
-2.132122 0.002403 0.952095 5.700000
-2.235112 0.020815 0.888748 5.720000
-2.459935 0.037918 0.821186 5.740000
-1.831230 0.053606 0.747361 5.760000
-1.633268 0.067928 0.684560 5.780000
-1.954404 0.081018 0.624292 5.800000
-1.797465 0.092828 0.556505 5.820000
-2.185574 0.103304 0.491041 5.840000
-2.877619 0.112389 0.417379 5.860000
-3.519012 0.119862 0.330004 5.880000
-3.510089 0.125466 0.230536 5.900000
-3.715049 0.129093 0.132366 5.920000
-2.994991 0.130730 0.031632 5.940000
-3.022511 0.130513 -0.053096 5.960000
-2.377538 0.128613 -0.136489 5.980000
-1.672591 0.125195 -0.205067 6.000000
-0.946001 0.120564 -0.257676 6.020000
-0.844973 0.115044 -0.293993 6.040000
-0.719062 0.108836 -0.326484 6.060000
0.182711 0.102022 -0.354606 6.080000
-0.615265 0.094843 -0.363055 6.100000
-0.464733 0.087353 -0.385656 6.120000
-1.436897 0.079459 -0.403360 6.140000
-2.167392 0.071039 -0.438342 6.160000
-2.835628 0.061797 -0.485375 6.180000
-1.948316 0.051510 -0.542826 6.200000
-2.243680 0.040281 -0.579527 6.220000
-2.132975 0.028290 -0.619114 6.240000
-2.953122 0.015560 -0.653341 6.260000
-3.611731 0.002014 -0.700593 6.280000
-3.759957 -0.012570 -0.757225 6.300000
-4.698002 -0.028277 -0.812717 6.320000
-5.541081 -0.045237 -0.882473 6.340000
-5.910182 -0.063711 -0.964011 6.360000
-5.296148 -0.083834 -1.047350 6.380000
-4.727542 -0.105444 -1.112688 6.400000
-5.706235 -0.128190 -1.161019 6.420000
-5.777765 -0.152039 -1.222824 6.440000
-5.136598 -0.177075 -1.279692 6.460000
-5.914185 -0.203058 -1.317574 6.480000
-6.506026 -0.229887 -1.364185 6.500000
-5.583030 -0.257694 -1.415355 6.520000
-4.897813 -0.286276 -1.441683 6.540000
-5.828144 -0.315186 -1.448275 6.560000
-5.998843 -0.344340 -1.465940 6.580000
-5.892666 -0.373810 -1.479923 6.600000
-5.888772 -0.403471 -1.485056 6.620000
-5.191752 -0.433167 -1.483359 6.640000
-5.272224 -0.462636 -1.462592 6.660000
-5.624454 -0.491644 -1.437230 6.680000
-4.916453 -0.520148 -1.412136 6.700000
-3.969799 -0.547970 -1.369165 6.720000
-4.305551 -0.574721 -1.305269 6.740000
-3.502416 -0.600209 -1.242801 6.760000
-4.473981 -0.624276 -1.163392 6.780000
-5.235254 -0.646880 -1.096418 6.800000
-6.221074 -0.668231 -1.038127 6.820000
-5.346991 -0.688536 -0.991682 6.840000
-5.415522 -0.707741 -0.928386 6.860000
-5.337418 -0.725663 -0.863352 6.880000
-5.321506 -0.742247 -0.794725 6.900000
-4.349295 -0.757436 -0.723818 6.920000
-5.093099 -0.771049 -0.637342 6.940000
-4.158610 -0.783030 -0.560532 6.960000
-4.210109 -0.793334 -0.469868 6.980000
-3.472262 -0.801831 -0.379880 7.000000
-4.135958 -0.808429 -0.280077 7.020000
-4.620191 -0.813131 -0.190268 7.040000
-5.358048 -0.816113 -0.108078 7.060000
-5.692975 -0.817563 -0.037077 7.080000
-6.385079 -0.817650 0.028142 7.100000
-6.493228 -0.816541 0.082577 7.120000
-5.732735 -0.814371 0.134096 7.140000
-6.488468 -0.811084 0.194331 7.160000
-6.010071 -0.806715 0.242213 7.180000
-6.128605 -0.801343 0.294614 7.200000
-5.885011 -0.794963 0.343042 7.220000
-5.252481 -0.787604 0.392372 7.240000
-6.039476 -0.779197 0.447871 7.260000
-5.473861 -0.769821 0.489250 7.280000
-5.906065 -0.759566 0.535707 7.300000
-5.037745 -0.748476 0.572704 7.320000
-4.483470 -0.736553 0.619088 7.340000
-5.014616 -0.723655 0.670115 7.360000
-5.018891 -0.709852 0.709472 7.380000
-5.982072 -0.695302 0.744980 7.400000
-6.909894 -0.680227 0.761891 7.420000
-6.239168 -0.664995 0.760674 7.440000
-7.098211 -0.649718 0.766381 7.460000
-6.547694 -0.634500 0.754850 7.480000
-6.453358 -0.619458 0.748752 7.500000
-7.357014 -0.604557 0.740811 7.520000
-8.000000 -0.589996 0.714803 7.540000
-8.000000 -0.576091 0.675226 7.560000
-7.006570 -0.563004 0.633072 7.580000
-6.656305 -0.550616 0.605291 7.600000
-5.747075 -0.538749 0.581109 7.620000
-6.103355 -0.527232 0.570180 7.640000
-6.825366 -0.516018 0.550790 7.660000
-6.893459 -0.505339 0.516806 7.680000
-6.858074 -0.495370 0.479882 7.700000
-5.961041 -0.486148 0.442046 7.720000
-5.220870 -0.477539 0.418611 7.740000
-5.611682 -0.469282 0.406778 7.760000
-5.769827 -0.461347 0.386480 7.780000
-5.248953 -0.453860 0.362052 7.800000
-4.289413 -0.446780 0.345762 7.820000
-5.005409 -0.439866 0.345426 7.840000
-4.174026 -0.433101 0.330794 7.860000
-5.157972 -0.426491 0.329966 7.880000
-4.438992 -0.420090 0.310012 7.900000
-3.692541 -0.413967 0.302104 7.920000
-3.663107 -0.407877 0.306606 7.940000
-3.916095 -0.401706 0.310285 7.960000
-2.921719 -0.395521 0.307993 7.980000
-2.495729 -0.389212 0.322641 8.000000
-2.374933 -0.382548 0.343509 8.020000
-1.797701 -0.375462 0.364821 8.040000
-2.700986 -0.367861 0.394911 8.060000
-2.300857 -0.359847 0.406170 8.080000
-2.911071 -0.351552 0.423000 8.100000
-2.849830 -0.343054 0.426469 8.120000
-3.488419 -0.334494 0.429289 8.140000
-2.667980 -0.326014 0.418368 8.160000
-2.197127 -0.317614 0.421341 8.180000
-2.556178 -0.309084 0.431427 8.200000
-3.320696 -0.300438 0.432827 8.220000
-3.469281 -0.291927 0.417996 8.240000
-2.843354 -0.283756 0.398928 8.260000
-1.957198 -0.275859 0.390502 8.280000
-1.734776 -0.267976 0.397557 8.300000
-0.937942 -0.259926 0.407152 8.320000
-0.359112 -0.251549 0.430213 8.340000
-0.986188 -0.242620 0.462268 8.360000
-0.826247 -0.233195 0.479871 8.380000
-1.462514 -0.223409 0.498354 8.400000
-1.641850 -0.213399 0.502258 8.420000
-1.276905 -0.203367 0.500647 8.440000
-2.149844 -0.193315 0.504179 8.460000
-2.550303 -0.183383 0.488705 8.480000
-2.121861 -0.173856 0.463798 8.500000
-1.208648 -0.164757 0.445888 8.520000
-1.051288 -0.155851 0.444404 8.540000
-0.256349 -0.146961 0.444291 8.560000
-0.917326 -0.137935 0.458019 8.580000
-1.097886 -0.128784 0.456746 8.600000
-2.082260 -0.119712 0.450173 8.620000
-2.047117 -0.110982 0.422623 8.640000
-2.190989 -0.102808 0.394643 8.660000
-1.953665 -0.095231 0.362827 8.680000
-1.962925 -0.088253 0.334887 8.700000
-2.737869 -0.081843 0.306000 8.720000
-3.402824 -0.076171 0.261195 8.740000
-2.794061 -0.071528 0.203123 8.760000
-2.382478 -0.067923 0.157413 8.780000
-1.400239 -0.065148 0.120113 8.800000
-1.150206 -0.062922 0.102476 8.820000
-1.273543 -0.061000 0.089726 8.840000
-1.261113 -0.059358 0.074442 8.860000
-1.178171 -0.058019 0.059416 8.880000
-2.154210 -0.056964 0.046095 8.900000
-2.095951 -0.056368 0.013574 8.920000
-1.514340 -0.056406 -0.017205 8.940000
-0.626902 -0.056937 -0.035817 8.960000
-0.398204 -0.057659 -0.036388 8.980000
-1.330409 -0.058346 -0.032289 9.000000
-1.776755 -0.059135 -0.046560 9.020000
-2.453924 -0.060294 -0.069183 9.040000
-2.630971 -0.062032 -0.104463 9.060000
-3.267163 -0.064500 -0.142130 9.080000
-2.378848 -0.067835 -0.191053 9.100000
-2.935765 -0.071955 -0.220715 9.120000
-3.256369 -0.076764 -0.259911 9.140000
-2.529443 -0.082402 -0.303626 9.160000
-3.382515 -0.088751 -0.330938 9.180000
-2.732494 -0.095796 -0.373209 9.200000
-3.448763 -0.103536 -0.400355 9.220000
-4.344853 -0.111938 -0.439466 9.240000
-3.429220 -0.121274 -0.493652 9.260000
-2.875306 -0.131483 -0.526787 9.280000
-3.382445 -0.142218 -0.546288 9.300000
-3.374249 -0.153417 -0.573142 9.320000
-2.728177 -0.165123 -0.596990 9.340000
-2.599270 -0.177151 -0.605352 9.360000
-1.800983 -0.189295 -0.608613 9.380000
-1.571736 -0.201323 -0.593877 9.400000
-1.015413 -0.212992 -0.572651 9.420000
-0.888151 -0.224109 -0.538852 9.440000
0.080323 -0.234512 -0.501184 9.460000
-0.014148 -0.243962 -0.443711 9.480000
-0.179335 -0.252275 -0.387521 9.500000
-0.543734 -0.259492 -0.334149 9.520000
-1.499895 -0.265709 -0.287538 9.540000
-2.250311 -0.271176 -0.259001 9.560000
-2.691904 -0.276210 -0.244317 9.580000
-1.800609 -0.281028 -0.237352 9.600000
-2.104632 -0.285529 -0.212638 9.620000
-1.780779 -0.289589 -0.193347 9.640000
-1.652471 -0.293198 -0.167535 9.660000
-0.717757 -0.296265 -0.139149 9.680000
-0.275891 -0.298587 -0.093097 9.700000
-0.050117 -0.299909 -0.039250 9.720000
-0.106502 -0.300120 0.017946 9.740000
-1.096126 -0.299210 0.072877 9.760000
-0.661217 -0.297402 0.107731 9.780000
0.306899 -0.294825 0.149713 9.800000
-0.340117 -0.291239 0.208637 9.820000
-0.361626 -0.286616 0.253353 9.840000
-0.290525 -0.281121 0.295822 9.860000
-0.168147 -0.274782 0.337689 9.880000
0.403380 -0.267604 0.379788 9.900000
-0.063938 -0.259496 0.430546 9.920000
0.509462 -0.250489 0.469752 9.940000
1.232275 -0.240613 0.517420 9.960000
0.609631 -0.229672 0.576128 9.980000
0.922354 -0.217710 0.619547 10.000000
1.355103 -0.204851 0.665842 10.020000
0.946589 -0.191015 0.717137 10.040000
0.435800 -0.176269 0.756809 10.060000
1.175775 -0.160867 0.782890 10.080000
2.099571 -0.144832 0.819949 10.100000
3.081552 -0.127912 0.871293 10.120000
3.690544 -0.109815 0.937654 10.140000
4.226915 -0.090318 1.011200 10.160000
4.941739 -0.069296 1.090096 10.180000
5.208158 -0.046610 1.177457 10.200000
5.524595 -0.022186 1.263900 10.220000
4.556950 0.003965 1.350047 10.240000
4.932574 0.031577 1.410093 10.260000
4.932092 0.060398 1.470826 10.280000
5.472103 0.090363 1.524477 10.300000
5.797905 0.121436 1.581532 10.320000
5.712675 0.153638 1.637337 10.340000
5.479364 0.186860 1.683521 10.360000
6.061025 0.220880 1.717146 10.380000
5.245998 0.255605 1.753972 10.400000
5.237920 0.290827 1.766894 10.420000
5.294335 0.326226 1.771789 10.440000
5.445202 0.361657 1.769951 10.460000
5.523488 0.397001 1.763187 10.480000
6.221148 0.432148 1.750197 10.500000
6.635802 0.467084 1.742128 10.520000
6.618744 0.501854 1.733512 10.540000
6.784567 0.536369 1.716688 10.560000
5.845011 0.570498 1.694965 10.580000
6.750609 0.603961 1.650208 10.600000
6.359409 0.636610 1.613478 10.620000
7.036985 0.668393 1.563729 10.640000
7.899784 0.699222 1.518157 10.660000
7.330151 0.729207 1.479155 10.680000
6.379596 0.758261 1.425271 10.700000
5.953993 0.786043 1.352126 10.720000
6.415825 0.812256 1.268435 10.740000
7.346264 0.836817 1.187048 10.760000
7.933665 0.859835 1.114120 10.780000
8.000000 0.881432 1.044848 10.800000
8.000000 0.901613 0.972661 10.820000
7.488665 0.920316 0.897146 10.840000
6.871431 0.937418 0.812702 10.860000
6.076352 0.952738 0.718971 10.880000
6.583863 0.966077 0.614857 10.900000
6.865540 0.977386 0.515893 10.920000
6.820379 0.986742 0.419748 10.940000
7.248318 0.994171 0.323167 10.960000
6.952095 0.999718 0.231679 10.980000
7.466711 1.003412 0.137799 11.000000
7.234887 1.005294 0.050634 11.020000
7.718149 1.005422 -0.037495 11.040000
6.877639 1.003858 -0.118581 11.060000
6.241273 1.000604 -0.206462 11.080000
5.514472 0.995549 -0.298518 11.100000
5.044738 0.988604 -0.395367 11.120000
5.826997 0.979706 -0.493877 11.140000
5.211633 0.968962 -0.579856 11.160000
4.735688 0.956469 -0.668711 11.180000
5.641788 0.942188 -0.758665 11.200000
4.878651 0.926260 -0.833299 11.220000
5.823455 0.908797 -0.912201 11.240000
5.531590 0.889923 -0.974345 11.260000
4.879298 0.869822 -1.034813 11.280000
3.915442 0.848483 -1.098190 11.300000
3.293159 0.825805 -1.168674 11.320000
2.362033 0.801690 -1.241811 11.340000
2.707578 0.776042 -1.321968 11.360000
2.723746 0.748901 -1.391066 11.380000
2.592559 0.720444 -1.453589 11.400000
1.676360 0.690782 -1.511577 11.420000
1.369312 0.659884 -1.577057 11.440000
2.194591 0.627696 -1.640624 11.460000
2.189251 0.594439 -1.683882 11.480000
2.737774 0.560387 -1.720140 11.500000
2.958701 0.525774 -1.739941 11.520000
3.049994 0.490875 -1.748747 11.540000
2.330396 0.455888 -1.748822 11.560000
2.614624 0.420840 -1.754767 11.580000
2.719188 0.385795 -1.748547 11.600000
2.175412 0.350963 -1.733554 11.620000
2.867237 0.316396 -1.722067 11.640000
2.436968 0.282255 -1.690917 11.660000
2.676733 0.248718 -1.661764 11.680000
2.908714 0.215872 -1.621929 11.700000
2.209656 0.183924 -1.571869 11.720000
1.434869 0.152896 -1.530112 11.740000
0.785807 0.122603 -1.498296 11.760000
0.304445 0.092871 -1.474007 11.780000
-0.536638 0.063582 -1.453958 11.800000
-1.328338 0.034580 -1.445288 11.820000
-0.528572 0.005649 -1.446860 11.840000
-0.045125 -0.023098 -1.426968 11.860000
-0.987146 -0.051299 -1.392368 11.880000
-0.057999 -0.078948 -1.371658 11.900000
0.118895 -0.105949 -1.327704 11.920000
0.006426 -0.131993 -1.276020 11.940000
0.219577 -0.156986 -1.222662 11.960000
0.977764 -0.180833 -1.161518 11.980000
0.426032 -0.203277 -1.082442 12.000000
1.036119 -0.224222 -1.011573 12.020000
0.128028 -0.243606 -0.926575 12.040000
-0.645521 -0.261448 -0.857262 12.060000
-1.288994 -0.278033 -0.800873 12.080000
-1.036451 -0.293593 -0.754773 12.100000
-0.373688 -0.308162 -0.701898 12.120000
-0.705921 -0.321532 -0.634918 12.140000
-1.354880 -0.333615 -0.573122 12.160000
-1.972725 -0.344573 -0.522506 12.180000
-1.632377 -0.354623 -0.482376 12.200000
-1.980003 -0.363797 -0.434850 12.220000
-2.546966 -0.372077 -0.393007 12.240000
-2.500425 -0.379618 -0.360895 12.260000
-3.332029 -0.386499 -0.327130 12.280000
-3.071424 -0.392851 -0.307958 12.300000
-3.006216 -0.398764 -0.283148 12.320000
-3.214797 -0.404161 -0.256496 12.340000
-2.651781 -0.409058 -0.233127 12.360000
-2.887298 -0.413380 -0.199061 12.380000
-3.672727 -0.417063 -0.169143 12.400000
-4.366769 -0.420288 -0.153338 12.420000
-3.466297 -0.423320 -0.149742 12.440000
-4.068245 -0.426111 -0.129346 12.460000
-3.991549 -0.428602 -0.119664 12.480000
-4.141679 -0.430882 -0.108292 12.500000
-3.585163 -0.432959 -0.099389 12.520000
-3.606742 -0.434755 -0.080253 12.540000
-3.649003 -0.436173 -0.061553 12.560000
-3.378931 -0.437226 -0.043726 12.580000
-2.529337 -0.437875 -0.021232 12.600000
-3.521716 -0.437925 0.016128 12.620000
-2.596023 -0.437414 0.034898 12.640000
-1.647484 -0.436366 0.069750 12.660000
-1.666950 -0.434459 0.120655 12.680000
-0.833549 -0.431553 0.169744 12.700000
-0.579322 -0.427530 0.232208 12.720000
-0.975356 -0.422232 0.297168 12.740000
-1.628626 -0.415731 0.352603 12.760000
-2.298329 -0.408263 0.393787 12.780000
-1.904088 -0.400117 0.420469 12.800000
-1.588647 -0.391387 0.452169 12.820000
-1.165304 -0.381988 0.487271 12.840000
-1.140122 -0.371835 0.527598 12.860000
-1.707009 -0.360898 0.565596 12.880000
-1.509435 -0.349336 0.590180 12.900000
-2.102038 -0.337272 0.615672 12.920000
-2.156741 -0.324839 0.627192 12.940000
-1.218310 -0.312213 0.634984 12.960000
-0.955648 -0.299280 0.657819 12.980000
-0.255308 -0.285870 0.682647 13.000000
0.449730 -0.271861 0.717691 13.020000
-0.232141 -0.257050 0.762807 13.040000
0.675810 -0.241505 0.791125 13.060000
0.321538 -0.225253 0.833364 13.080000
0.488739 -0.208265 0.864819 13.100000
1.466957 -0.190654 0.895633 13.120000
1.527573 -0.172275 0.941497 13.140000
1.623964 -0.153012 0.984132 13.160000
1.347475 -0.132921 1.024127 13.180000
0.643757 -0.112132 1.054049 13.200000
1.074527 -0.090929 1.065524 13.220000
1.649114 -0.069455 1.081176 13.240000
2.360675 -0.047598 1.103716 13.260000
2.730797 -0.025196 1.135638 13.280000
3.098136 -0.002132 1.169873 13.300000
2.224818 0.021637 1.206163 13.320000
2.141653 0.045905 1.219752 13.340000
1.992128 0.070377 1.226652 13.360000
1.540595 0.094908 1.225647 13.380000
1.064788 0.119282 1.210953 13.400000
0.071379 0.143223 1.182464 13.420000
-0.419280 0.166358 1.130505 13.440000
-1.139211 0.188325 1.065687 13.460000
-0.965096 0.208827 0.984159 13.480000
-1.582563 0.227712 0.903964 13.500000
-1.575103 0.244855 0.810140 13.520000
-1.767111 0.260112 0.715389 13.540000
-1.693252 0.273429 0.616282 13.560000
-2.324404 0.284776 0.518355 13.580000
-1.729246 0.294044 0.408565 13.600000
-0.883318 0.301236 0.310800 13.620000
0.038666 0.306642 0.229854 13.640000
0.826976 0.310610 0.167068 13.660000
0.333114 0.313478 0.119753 13.680000
1.119188 0.315310 0.063628 13.700000
0.298509 0.316177 0.023163 13.720000
-0.378152 0.316087 -0.032025 13.740000
-0.486338 0.314776 -0.098729 13.760000
-0.161029 0.312128 -0.165790 13.780000
-1.146396 0.308219 -0.224790 13.800000
-0.966652 0.302963 -0.300390 13.820000
-0.165920 0.296255 -0.370023 13.840000
0.356725 0.288333 -0.421772 13.860000
0.690147 0.279501 -0.461007 13.880000
-0.011429 0.269973 -0.491377 13.900000
0.393863 0.259728 -0.532671 13.920000
0.305609 0.248763 -0.563388 13.940000
0.696578 0.237193 -0.593052 13.960000
1.083763 0.225135 -0.612345 13.980000
2.034685 0.212793 -0.621423 14.000000
2.599292 0.200480 -0.609491 14.020000
2.660394 0.188538 -0.584418 14.040000
3.349782 0.177128 -0.556314 14.060000
2.713587 0.166431 -0.513097 14.080000
3.694638 0.156487 -0.481085 14.100000
3.747786 0.147389 -0.428593 14.120000
4.530572 0.139359 -0.374362 14.140000
5.311291 0.132571 -0.304343 14.160000
5.652426 0.127338 -0.219149 14.180000
6.062372 0.123867 -0.128043 14.200000
5.612720 0.122288 -0.030162 14.220000
4.823986 0.122560 0.057075 14.240000
5.262457 0.124403 0.126861 14.260000
5.021206 0.127708 0.203354 14.280000
4.702248 0.132474 0.272763 14.300000
4.458281 0.138540 0.333422 14.320000
3.880662 0.145745 0.386735 14.340000
3.028417 0.153878 0.426106 14.360000
2.498709 0.162606 0.446311 14.380000
1.578083 0.171612 0.453984 14.400000
1.956312 0.180572 0.441758 14.420000
1.490989 0.189346 0.435395 14.440000
2.221354 0.197886 0.418399 14.460000
2.684392 0.206216 0.414259 14.480000
2.924263 0.214536 0.417513 14.500000
2.649893 0.222951 0.423659 14.520000
2.371336 0.231417 0.422683 14.540000
1.859935 0.239793 0.414668 14.560000
2.805900 0.247895 0.395336 14.580000
3.679295 0.255781 0.392958 14.600000
3.968465 0.263771 0.405743 14.620000
4.679220 0.272053 0.422120 14.640000
4.983680 0.280778 0.449947 14.660000
5.356243 0.290093 0.481095 14.680000
6.310426 0.300075 0.516620 14.700000
6.084038 0.310919 0.567209 14.720000
6.648660 0.322697 0.610011 14.740000
6.952987 0.335402 0.659828 14.760000
6.429731 0.349121 0.711341 14.780000
6.272370 0.363729 0.748869 14.800000
7.266378 0.379019 0.779359 14.820000
6.775192 0.395059 0.823933 14.840000
5.940410 0.411854 0.854824 14.860000
6.626819 0.429070 0.866069 14.880000
5.745618 0.446593 0.885488 14.900000
6.002329 0.464303 0.884763 14.920000
5.958235 0.482003 0.884604 14.940000
5.039027 0.499652 0.879664 14.960000
5.608548 0.517004 0.854944 14.980000
5.767239 0.533926 0.836736 15.000000
5.691328 0.550478 0.817838 15.020000
5.299758 0.566605 0.794360 15.040000
5.523638 0.582166 0.761282 15.060000
6.279617 0.597076 0.729196 15.080000
7.083055 0.611441 0.706817 15.100000
6.640881 0.625460 0.694580 15.120000
6.191635 0.639132 0.672204 15.140000
6.395003 0.652258 0.640024 15.160000
6.343287 0.664750 0.608739 15.180000
5.730469 0.676585 0.574462 15.200000
6.671361 0.687621 0.528811 15.220000
6.872622 0.697872 0.496043 15.240000
6.336763 0.707482 0.464645 15.260000
5.920570 0.716367 0.423651 15.280000
5.250111 0.724358 0.375343 15.300000
5.609140 0.731276 0.316414 15.320000
4.872818 0.737066 0.262573 15.340000
4.236988 0.741671 0.197887 15.360000
3.275969 0.744892 0.124396 15.380000
3.229480 0.746513 0.037896 15.400000
2.427508 0.746412 -0.047708 15.420000
3.356667 0.744500 -0.143099 15.440000
3.678992 0.740839 -0.222555 15.460000
4.154587 0.735661 -0.294884 15.480000
4.319153 0.729131 -0.357646 15.500000
4.255216 0.721397 -0.415302 15.520000
3.342241 0.712529 -0.471091 15.540000
3.815265 0.702436 -0.537603 15.560000
4.353378 0.691119 -0.593567 15.580000
4.427401 0.678799 -0.637831 15.600000
4.579412 0.665640 -0.677456 15.620000
5.068187 0.651749 -0.711117 15.640000
4.372619 0.637297 -0.733405 15.660000
5.354307 0.622325 -0.763211 15.680000
5.260119 0.606953 -0.773382 15.700000
4.590489 0.591398 -0.781490 15.720000
3.767863 0.575606 -0.797071 15.740000
4.142757 0.559402 -0.822686 15.760000
4.797614 0.542788 -0.838118 15.780000
5.704375 0.526015 -0.838599 15.800000
6.143322 0.509425 -0.819866 15.820000
7.057079 0.493319 -0.790207 15.840000
7.772530 0.477997 -0.741536 15.860000
8.000000 0.463801 -0.677705 15.880000
7.590270 0.450942 -0.607816 15.900000
7.028811 0.439425 -0.543666 15.920000
6.421039 0.429104 -0.488261 15.940000
5.709130 0.419793 -0.442623 15.960000
5.953673 0.411277 -0.408750 15.980000
5.147584 0.403495 -0.369282 16.000000
5.038523 0.396364 -0.343628 16.020000
4.906153 0.389736 -0.318974 16.040000
4.759435 0.383587 -0.295849 16.060000
3.795104 0.377881 -0.274597 16.080000
4.711640 0.372430 -0.270339 16.100000
5.275411 0.367244 -0.248130 16.120000
5.820464 0.362613 -0.214876 16.140000
6.349628 0.358752 -0.171250 16.160000
5.912819 0.355861 -0.117919 16.180000
6.795407 0.353951 -0.073215 16.200000
6.330731 0.353093 -0.012687 16.220000
7.014074 0.353349 0.038074 16.240000
7.940933 0.354736 0.100341 16.260000
8.000000 0.357524 0.178101 16.280000
8.000000 0.361855 0.254573 16.300000
8.000000 0.367688 0.328322 16.320000
7.485301 0.374967 0.399047 16.340000
7.912002 0.383533 0.457008 16.360000
8.000000 0.393304 0.519484 16.380000
7.008084 0.404304 0.579843 16.400000
6.970030 0.416291 0.618219 16.420000
6.278916 0.429002 0.652261 16.440000
5.782518 0.442232 0.670182 16.460000
5.302011 0.455697 0.675837 16.480000
5.959355 0.469159 0.669836 16.500000
5.063253 0.482588 0.672562 16.520000
4.064573 0.495883 0.656536 16.540000
3.398364 0.508658 0.620642 16.560000
3.894439 0.520581 0.571395 16.580000
4.293136 0.531591 0.529306 16.600000
4.869729 0.541812 0.492646 16.620000
4.085646 0.551385 0.464389 16.640000
3.892047 0.560246 0.421510 16.660000
3.982626 0.568207 0.374495 16.680000
3.536774 0.575237 0.328383 16.700000
3.361733 0.581265 0.274446 16.720000
4.010947 0.586186 0.217585 16.740000
4.100521 0.590078 0.171675 16.760000
3.180506 0.593069 0.127440 16.780000
4.003963 0.595026 0.068471 16.800000
3.352350 0.595949 0.023890 16.820000
3.516094 0.595880 -0.030578 16.840000
4.129074 0.594761 -0.081162 16.860000
5.122759 0.592743 -0.120368 16.880000
4.420624 0.590118 -0.141978 16.900000
3.932638 0.586955 -0.174098 16.920000
4.321209 0.583083 -0.212900 16.940000
3.812175 0.578515 -0.243633 16.960000
4.106760 0.573263 -0.281187 16.980000
4.890479 0.567329 -0.311943 17.000000
4.233615 0.560930 -0.327693 17.020000
4.804955 0.554122 -0.352745 17.040000
5.218953 0.546930 -0.366192 17.060000
5.554065 0.539557 -0.370784 17.080000
5.788645 0.532167 -0.367956 17.100000
6.621016 0.524890 -0.359535 17.120000
6.046229 0.517939 -0.335380 17.140000
5.317784 0.511382 -0.320037 17.160000
5.805073 0.505019 -0.316132 17.180000
5.504180 0.498831 -0.302456 17.200000
5.026477 0.492875 -0.292924 17.220000
5.339482 0.487038 -0.290618 17.240000
5.996169 0.481313 -0.281609 17.260000
5.061267 0.475896 -0.260001 17.280000
4.659654 0.470753 -0.254106 17.300000
3.960045 0.465667 -0.254310 17.320000
4.042828 0.460464 -0.265802 17.340000
4.850328 0.455059 -0.274489 17.360000
4.990996 0.449637 -0.267482 17.380000
5.733202 0.444391 -0.256946 17.400000
6.290718 0.439499 -0.232226 17.420000
5.671460 0.435206 -0.196962 17.440000
5.635285 0.431510 -0.172617 17.460000
5.515374 0.428297 -0.148635 17.480000
5.796457 0.425544 -0.126625 17.500000
6.024623 0.423284 -0.099420 17.520000
5.319768 0.421608 -0.068191 17.540000
5.771253 0.420426 -0.050002 17.560000
5.908350 0.419689 -0.023795 17.580000
5.544942 0.419497 0.004476 17.600000
6.153017 0.419798 0.025601 17.620000
6.326019 0.420627 0.057179 17.640000
6.785677 0.422111 0.090996 17.660000
7.054375 0.424343 0.132021 17.680000
7.807709 0.427431 0.176463 17.700000
7.764338 0.431526 0.232749 17.720000
8.000000 0.436718 0.286020 17.740000
7.550673 0.442993 0.341079 17.760000
7.400314 0.450262 0.385371 17.780000
6.531395 0.458363 0.424265 17.800000
6.018324 0.467060 0.444978 17.820000
6.892002 0.476055 0.454179 17.840000
7.025439 0.485366 0.476462 17.860000
7.771200 0.495119 0.498393 17.880000
8.000000 0.505413 0.530476 17.900000
7.625604 0.516356 0.563282 17.920000
7.813041 0.527857 0.586237 17.940000
7.830951 0.539816 0.609074 17.960000
6.857566 0.552200 0.628766 17.980000
7.182246 0.564779 0.628638 18.000000
7.305785 0.577380 0.630943 18.020000
6.545110 0.590017 0.632211 18.040000
7.359281 0.602523 0.617947 18.060000
6.383579 0.614850 0.614298 18.080000
5.461960 0.626918 0.592042 18.100000
4.839314 0.638369 0.552784 18.120000
5.122163 0.648919 0.502014 18.140000
5.979996 0.658486 0.454559 18.160000
5.471686 0.667229 0.419464 18.180000
4.860349 0.675178 0.375295 18.200000
5.397874 0.682141 0.320941 18.220000
5.769095 0.688096 0.274543 18.240000
6.510483 0.693178 0.233530 18.260000
6.837134 0.697549 0.203554 18.280000
6.111998 0.701367 0.178175 18.300000
6.612255 0.704564 0.141514 18.320000
6.025472 0.707104 0.112472 18.340000
6.087292 0.708975 0.074663 18.360000
6.805673 0.710102 0.038194 18.380000
6.232495 0.710614 0.013051 18.400000
7.185391 0.710541 -0.020251 18.420000
7.965310 0.709953 -0.038507 18.440000
8.000000 0.709122 -0.044509 18.460000
7.713057 0.708180 -0.049650 18.480000
7.968133 0.707095 -0.058754 18.500000
8.000000 0.705871 -0.063549 18.520000
7.842015 0.704561 -0.067451 18.540000
8.000000 0.703152 -0.073321 18.560000
8.000000 0.701655 -0.076325 18.580000
7.204878 0.700102 -0.078888 18.600000
7.974023 0.698382 -0.093044 18.620000
7.095473 0.696502 -0.094808 18.640000
6.925663 0.694459 -0.109408 18.660000
6.255030 0.692105 -0.125780 18.680000
6.937896 0.689331 -0.151459 18.700000
7.199210 0.686160 -0.165499 18.720000
7.817116 0.682758 -0.174469 18.740000
8.000000 0.679283 -0.172925 18.760000
7.786034 0.675875 -0.167734 18.780000
7.011583 0.672545 -0.165113 18.800000
6.448808 0.669155 -0.173728 18.820000
7.292191 0.665515 -0.190091 18.840000
7.276358 0.661692 -0.192103 18.860000
8.000000 0.657835 -0.193395 18.880000
8.000000 0.654076 -0.182381 18.900000
8.000000 0.650544 -0.170671 18.920000
8.000000 0.647253 -0.158340 18.940000
8.000000 0.644215 -0.145460 18.960000
7.615866 0.641438 -0.132108 18.980000
8.000000 0.638872 -0.124454 19.000000
8.000000 0.636524 -0.110233 19.020000
8.000000 0.634464 -0.095743 19.040000
8.000000 0.632696 -0.081061 19.060000
7.475327 0.631222 -0.066265 19.080000
6.777833 0.629961 -0.059814 19.100000
6.146350 0.628719 -0.064355 19.120000
7.042795 0.627288 -0.078613 19.140000
7.453166 0.625723 -0.077861 19.160000
8.000000 0.624242 -0.070167 19.180000
8.000000 0.623006 -0.053501 19.200000
7.922710 0.622102 -0.036897 19.220000
8.000000 0.621516 -0.021681 19.240000
8.000000 0.621246 -0.005415 19.260000
8.000000 0.621298 0.010557 19.280000
7.117889 0.621666 0.026159 19.300000
6.695957 0.622199 0.027137 19.320000
6.434835 0.622682 0.021183 19.340000
5.525222 0.623004 0.011052 19.360000
5.982655 0.622978 -0.013547 19.380000
5.173521 0.622540 -0.030246 19.400000
5.930446 0.621641 -0.059488 19.420000
5.494979 0.620288 -0.075711 19.440000
4.514487 0.618547 -0.098286 19.460000
4.733240 0.616204 -0.135798 19.480000
3.786961 0.613159 -0.168460 19.500000
2.984197 0.609321 -0.215093 19.520000
3.055141 0.604436 -0.272981 19.540000
3.802230 0.598428 -0.327511 19.560000
3.034647 0.591474 -0.367445 19.580000
2.203022 0.583618 -0.417737 19.600000
2.434076 0.574644 -0.479176 19.620000
3.344440 0.564510 -0.533761 19.640000
3.049953 0.553468 -0.569968 19.660000
2.237789 0.541681 -0.608154 19.680000
1.878398 0.529024 -0.657007 19.700000
1.944235 0.515362 -0.708561 19.720000
2.718079 0.500717 -0.755304 19.740000
2.461539 0.485310 -0.784782 19.760000
2.656698 0.469305 -0.815098 19.780000
1.688687 0.452766 -0.838176 19.800000
1.314425 0.435630 -0.874782 19.820000
0.877872 0.417735 -0.914082 19.840000
0.171169 0.399015 -0.957097 19.860000
0.157313 0.379350 -1.008648 19.880000
0.435085 0.358698 -1.055773 19.900000
0.760480 0.337203 -1.092939 19.920000
1.503989 0.315074 -1.119205 19.940000
1.890183 0.292607 -1.126679 19.960000
2.765577 0.270110 -1.122284 19.980000
