0.865235 -0.041829 0.623667 0.000000
1.176725 -0.029234 0.635333 0.020000
0.994713 -0.016372 0.650472 0.040000
1.932901 -0.003270 0.659192 0.060000
2.222151 0.010164 0.683747 0.080000
2.033529 0.024116 0.710881 0.100000
1.161422 0.038540 0.730975 0.120000
1.394832 0.053160 0.730575 0.140000
1.487736 0.067790 0.731945 0.160000
0.938030 0.082437 0.732261 0.180000
1.933174 0.096953 0.718869 0.200000
2.726847 0.111372 0.722526 0.220000
2.147848 0.125991 0.738859 0.240000
1.822642 0.140790 0.740568 0.260000
1.641747 0.155530 0.732946 0.280000
2.363596 0.170054 0.719051 0.300000
2.415391 0.184416 0.716663 0.320000
3.142189 0.198712 0.712472 0.340000
3.135396 0.213038 0.719598 0.360000
2.895138 0.227475 0.723534 0.380000
2.258222 0.241913 0.719831 0.400000
2.959462 0.256126 0.701078 0.420000
3.913379 0.270075 0.693304 0.440000
3.067127 0.284023 0.701032 0.460000
3.309474 0.297934 0.689650 0.480000
3.238598 0.311638 0.680265 0.500000
2.917966 0.325114 0.666948 0.520000
2.277625 0.338239 0.645171 0.540000
2.868929 0.350787 0.609291 0.560000
3.519307 0.362710 0.582676 0.580000
3.670609 0.374202 0.566245 0.600000
3.719551 0.385374 0.550587 0.620000
2.836504 0.396222 0.533855 0.640000
3.338420 0.406554 0.499155 0.660000
3.965603 0.416270 0.472246 0.680000
4.448933 0.425548 0.455268 0.700000
5.083808 0.434558 0.445415 0.720000
4.097585 0.443468 0.445230 0.740000
3.501201 0.452178 0.425515 0.760000
3.598838 0.460373 0.393811 0.780000
2.672056 0.467941 0.362851 0.800000
3.006280 0.474717 0.314675 0.820000
3.703945 0.480585 0.272089 0.840000
4.546630 0.485721 0.241485 0.860000
3.554991 0.490390 0.225220 0.880000
2.725933 0.494552 0.191027 0.900000
3.531885 0.497885 0.142305 0.920000
4.499434 0.500388 0.107991 0.940000
5.042448 0.502375 0.090706 0.960000
5.890149 0.504110 0.082789 0.980000
5.413268 0.505833 0.089348 1.000000
5.784184 0.507598 0.087122 1.020000
6.225020 0.509380 0.090966 1.040000
6.625499 0.511310 0.101934 1.060000
7.231649 0.513522 0.119124 1.080000
6.704878 0.516173 0.145856 1.100000
7.363602 0.519257 0.162304 1.120000
7.461958 0.522772 0.188970 1.140000
6.526918 0.526823 0.215882 1.160000
6.724571 0.531236 0.225245 1.180000
5.976573 0.535858 0.236742 1.200000
6.721255 0.540569 0.234193 1.220000
7.447109 0.545346 0.243245 1.240000
8.000000 0.550413 0.263235 1.260000
8.000000 0.555958 0.290861 1.280000
8.000000 0.562035 0.316495 1.300000
8.000000 0.568604 0.340048 1.320000
7.796488 0.575622 0.361443 1.340000
7.264006 0.583013 0.377246 1.360000
7.119817 0.590609 0.382101 1.380000
7.458257 0.598260 0.382653 1.400000
7.049112 0.605959 0.386879 1.420000
7.185050 0.613655 0.382501 1.440000
7.596197 0.621269 0.378574 1.460000
6.694037 0.628853 0.379501 1.480000
6.563369 0.636292 0.364153 1.500000
6.854552 0.643389 0.345325 1.520000
6.591799 0.650143 0.329857 1.540000
6.499447 0.656533 0.309007 1.560000
5.505678 0.662482 0.285685 1.580000
5.618187 0.667800 0.246027 1.600000
5.468840 0.672339 0.207819 1.620000
5.959450 0.676088 0.167140 1.640000
6.549424 0.679101 0.134097 1.660000
7.363980 0.681543 0.110178 1.680000
7.222092 0.683633 0.098727 1.700000
6.364513 0.685469 0.084849 1.720000
6.431616 0.686894 0.057711 1.740000
6.697481 0.687790 0.031871 1.760000
7.253632 0.688212 0.010460 1.780000
6.787817 0.688296 -0.002078 1.800000
6.977830 0.688060 -0.021477 1.820000
6.715493 0.687469 -0.037485 1.840000
6.468370 0.686523 -0.057011 1.860000
6.844785 0.685155 -0.079667 1.880000
7.528981 0.683400 -0.095735 1.900000
7.902303 0.681436 -0.100528 1.920000
8.000000 0.679440 -0.098993 1.940000
7.558777 0.677495 -0.095490 1.960000
7.062582 0.675555 -0.098385 1.980000
7.493621 0.673486 -0.108408 2.000000
7.495633 0.671290 -0.111042 2.020000
7.368978 0.669049 -0.113052 2.040000
6.709824 0.666753 -0.116436 2.060000
7.240473 0.664292 -0.129447 2.080000
7.548189 0.661664 -0.133318 2.100000
7.248293 0.659013 -0.131661 2.120000
6.311707 0.656354 -0.134088 2.140000
5.845752 0.653506 -0.150516 2.160000
6.439073 0.650267 -0.173255 2.180000
6.939579 0.646678 -0.185409 2.200000
6.197622 0.642937 -0.188550 2.220000
6.744462 0.639025 -0.202498 2.240000
6.940902 0.634932 -0.206545 2.260000
7.020688 0.630801 -0.206406 2.280000
7.844429 0.626696 -0.204012 2.300000
8.000000 0.622780 -0.187471 2.320000
7.025439 0.619226 -0.167825 2.340000
7.162604 0.615912 -0.163449 2.360000
7.412659 0.612715 -0.156161 2.380000
6.914133 0.609710 -0.144216 2.400000
7.364985 0.606868 -0.139901 2.420000
6.969566 0.604192 -0.127672 2.440000
6.157618 0.601699 -0.121511 2.460000
5.891887 0.599201 -0.128147 2.480000
6.391826 0.596534 -0.138412 2.500000
6.087203 0.593752 -0.139656 2.520000
6.834327 0.590902 -0.145229 2.540000
6.488169 0.588072 -0.137742 2.560000
6.879028 0.585339 -0.135454 2.580000
7.463601 0.582722 -0.126131 2.600000
8.000000 0.580393 -0.106729 2.620000
8.000000 0.578543 -0.078311 2.640000
8.000000 0.577260 -0.050067 2.660000
8.000000 0.576538 -0.022132 2.680000
8.000000 0.576371 0.005359 2.700000
7.546010 0.576749 0.032280 2.720000
8.000000 0.577582 0.050980 2.740000
8.000000 0.578859 0.076582 2.760000
8.000000 0.580640 0.101297 2.780000
8.000000 0.582905 0.125017 2.800000
7.025731 0.585633 0.147645 2.820000
7.847642 0.588641 0.153041 2.840000
7.055623 0.591885 0.171111 2.860000
8.000000 0.595347 0.174987 2.880000
8.000000 0.599033 0.193401 2.900000
8.000000 0.603075 0.210485 2.920000
8.000000 0.607444 0.226180 2.940000
8.000000 0.612112 0.240435 2.960000
7.530314 0.617051 0.253207 2.980000
8.000000 0.622154 0.256896 3.000000
7.752640 0.627394 0.266793 3.020000
6.887613 0.632776 0.271205 3.040000
6.245398 0.638094 0.260417 3.060000
6.101277 0.643084 0.238420 3.080000
5.531549 0.647604 0.213487 3.100000
5.956410 0.651530 0.179100 3.120000
6.443741 0.654834 0.151279 3.140000
6.928400 0.657657 0.130965 3.160000
7.730728 0.660147 0.118030 3.180000
7.647953 0.662502 0.117318 3.200000
8.000000 0.664823 0.114750 3.220000
8.000000 0.667143 0.117146 3.240000
8.000000 0.669505 0.118907 3.260000
8.000000 0.671895 0.120038 3.280000
8.000000 0.674302 0.120546 3.300000
8.000000 0.676713 0.120439 3.320000
8.000000 0.679116 0.119732 3.340000
7.211212 0.681498 0.118440 3.360000
6.536704 0.683728 0.104471 3.380000
7.108354 0.685572 0.079938 3.400000
6.457893 0.687014 0.064270 3.420000
6.716233 0.688043 0.038659 3.440000
7.662130 0.688602 0.017325 3.460000
8.000000 0.688883 0.010780 3.480000
7.991767 0.689086 0.009472 3.500000
7.578197 0.689261 0.008017 3.520000
7.893756 0.689343 0.000236 3.540000
8.000000 0.689320 -0.002574 3.560000
8.000000 0.689257 -0.003694 3.580000
8.000000 0.689172 -0.004773 3.600000
7.876775 0.689066 -0.005806 3.620000
8.000000 0.688921 -0.008672 3.640000
7.189302 0.688739 -0.009556 3.660000
7.430881 0.688415 -0.022759 3.680000
7.094499 0.687868 -0.031900 3.700000
7.639135 0.687090 -0.045847 3.720000
8.000000 0.686121 -0.050966 3.740000
7.351046 0.685109 -0.050206 3.760000
6.914254 0.684015 -0.059156 3.780000
7.602389 0.682679 -0.074344 3.800000
6.826829 0.681151 -0.078308 3.820000
7.415482 0.679430 -0.093738 3.840000
7.935792 0.677498 -0.099353 3.860000
7.603117 0.675540 -0.096346 3.880000
7.301046 0.673595 -0.098059 3.900000
6.543879 0.671574 -0.103931 3.920000
5.901098 0.669324 -0.120921 3.940000
6.174842 0.666643 -0.146998 3.960000
5.954676 0.663495 -0.167635 3.980000
6.022160 0.659911 -0.190536 4.000000
6.378285 0.655893 -0.211067 4.020000
7.028670 0.651534 -0.224643 4.040000
7.335446 0.647019 -0.226663 4.060000
8.000000 0.642523 -0.222709 4.080000
8.000000 0.638223 -0.207212 4.100000
8.000000 0.634240 -0.190984 4.120000
7.787170 0.630588 -0.174123 4.140000
7.622924 0.627244 -0.160130 4.160000
8.000000 0.624159 -0.148255 4.180000
7.176693 0.621378 -0.129827 4.200000
6.698236 0.618835 -0.124372 4.220000
6.709725 0.616329 -0.126145 4.240000
6.597128 0.613795 -0.127104 4.260000
7.017070 0.611231 -0.129269 4.280000
6.644207 0.608697 -0.123976 4.300000
5.744875 0.606214 -0.124254 4.320000
5.908524 0.603584 -0.138581 4.340000
6.293307 0.600704 -0.149334 4.360000
6.891550 0.597680 -0.152912 4.380000
7.874408 0.594691 -0.145919 4.400000
7.013279 0.592009 -0.122249 4.420000
6.730271 0.589660 -0.112592 4.440000
7.516609 0.587461 -0.107246 4.460000
7.645249 0.585502 -0.088543 4.480000
7.663877 0.583941 -0.067655 4.500000
7.637108 0.582799 -0.046542 4.520000
7.839217 0.582073 -0.026061 4.540000
7.224306 0.581788 -0.002517 4.560000
7.420120 0.581867 0.010409 4.580000
6.565978 0.582235 0.026265 4.600000
6.623284 0.582773 0.027568 4.620000
6.485326 0.583346 0.029662 4.640000
5.890955 0.583936 0.029298 4.660000
5.462709 0.584419 0.018996 4.680000
5.593858 0.584625 0.001745 4.700000
5.171484 0.584512 -0.013008 4.720000
4.844901 0.584038 -0.034382 4.740000
4.642191 0.583087 -0.060575 4.760000
4.612611 0.581586 -0.089339 4.780000
5.470935 0.579515 -0.117642 4.800000
5.434431 0.577030 -0.130664 4.820000
4.837127 0.574288 -0.143454 4.840000
4.522684 0.571198 -0.165289 4.860000
4.045159 0.567631 -0.191221 4.880000
4.967361 0.563478 -0.223807 4.900000
5.553172 0.558844 -0.239372 4.920000
6.017532 0.554011 -0.243750 4.940000
6.059724 0.549181 -0.239130 4.960000
5.462393 0.544460 -0.232799 4.980000
4.496490 0.539773 -0.235656 5.000000
3.639460 0.534876 -0.253829 5.020000
2.836968 0.529483 -0.285177 5.040000
2.986755 0.523343 -0.328471 5.060000
2.768782 0.516384 -0.367047 5.080000
3.725372 0.508638 -0.407165 5.100000
3.300416 0.500280 -0.428321 5.120000
3.551835 0.491446 -0.454693 5.140000
4.505994 0.482152 -0.474309 5.160000
4.716423 0.472657 -0.474828 5.180000
4.733921 0.463210 -0.469595 5.200000
4.806618 0.453889 -0.462133 5.220000
3.939128 0.444750 -0.451532 5.240000
3.967361 0.435684 -0.454719 5.260000
3.872251 0.426579 -0.455436 5.280000
4.102173 0.417462 -0.455951 5.300000
4.932172 0.408395 -0.450389 5.320000
5.593968 0.399610 -0.427941 5.340000
6.292424 0.391408 -0.391998 5.360000
7.267590 0.384065 -0.342236 5.380000
6.288668 0.377903 -0.273996 5.400000
5.779536 0.372924 -0.223849 5.420000
6.089632 0.368854 -0.183072 5.440000
7.049376 0.365658 -0.136563 5.460000
6.925503 0.363568 -0.072619 5.480000
7.757683 0.362724 -0.011898 5.500000
7.320730 0.363239 0.063069 5.520000
7.576122 0.365154 0.128176 5.540000
7.732640 0.368401 0.196113 5.560000
7.654636 0.373013 0.264670 5.580000
7.789645 0.378956 0.329182 5.600000
8.000000 0.386186 0.393340 5.620000
7.296367 0.394707 0.458205 5.640000
6.679243 0.404362 0.506762 5.660000
6.246963 0.414843 0.540773 5.680000
6.185962 0.425893 0.563806 5.700000
5.476963 0.437364 0.582718 5.720000
6.348109 0.449055 0.585931 5.740000
5.393655 0.460939 0.601964 5.760000
5.515759 0.472943 0.598053 5.780000
5.287690 0.484865 0.593716 5.800000
5.948393 0.496635 0.582842 5.820000
6.358354 0.508278 0.581072 5.840000
6.188120 0.519931 0.583765 5.860000
7.070768 0.531581 0.580795 5.880000
7.655289 0.543297 0.590223 5.900000
7.514417 0.555269 0.606513 5.920000
7.367846 0.567512 0.617154 5.940000
8.000000 0.579910 0.622142 5.960000
7.666317 0.592481 0.634437 5.980000
8.000000 0.605210 0.637873 6.000000
8.000000 0.618029 0.643509 6.020000
8.000000 0.630928 0.645818 6.040000
8.000000 0.643840 0.644851 6.060000
8.000000 0.656701 0.640677 6.080000
7.124074 0.669446 0.633379 6.100000
6.162714 0.681880 0.609532 6.120000
5.398432 0.693663 0.568543 6.140000
6.250646 0.704493 0.514208 6.160000
6.326116 0.714353 0.471510 6.180000
7.005005 0.723356 0.428636 6.200000
7.950238 0.731592 0.394685 6.220000
7.862074 0.739275 0.373403 6.240000
7.744636 0.746505 0.349395 6.260000
8.000000 0.753225 0.322430 6.280000
8.000000 0.759432 0.298084 6.300000
7.961595 0.765142 0.272732 6.320000
8.000000 0.770330 0.245974 6.340000
8.000000 0.774982 0.219065 6.360000
7.491915 0.779089 0.191596 6.380000
6.884741 0.782571 0.156576 6.400000
7.829551 0.785266 0.112985 6.420000
8.000000 0.787225 0.082936 6.440000
7.649844 0.788609 0.055451 6.460000
7.110551 0.789396 0.023353 6.480000
7.249685 0.789471 -0.015737 6.500000
7.940265 0.788792 -0.052039 6.520000
7.232112 0.787493 -0.077739 6.540000
6.849494 0.785589 -0.112440 6.560000
6.023861 0.782949 -0.151276 6.580000
6.927462 0.779431 -0.200237 6.600000
7.886924 0.775080 -0.234596 6.620000
6.970108 0.770196 -0.253580 6.640000
6.881015 0.764817 -0.283985 6.660000
6.188909 0.758836 -0.313725 6.680000
5.628567 0.752182 -0.351373 6.700000
4.986210 0.744716 -0.394815 6.720000
5.482891 0.736312 -0.445056 6.740000
4.871946 0.727006 -0.485119 6.760000
5.160267 0.716836 -0.531356 6.780000
5.484054 0.705816 -0.570128 6.800000
5.282004 0.694101 -0.600794 6.820000
4.693132 0.681775 -0.631314 6.840000
3.918718 0.668780 -0.667591 6.860000
4.660046 0.654973 -0.712436 6.880000
4.039206 0.640425 -0.741829 6.900000
4.808828 0.625226 -0.777420 6.920000
5.463187 0.609478 -0.796715 6.940000
6.014338 0.593489 -0.801550 6.960000
5.421195 0.577531 -0.793653 6.980000
6.411092 0.561667 -0.792184 7.000000
7.218670 0.546034 -0.770579 7.020000
7.418096 0.531002 -0.732113 7.040000
6.501649 0.516802 -0.687484 7.060000
6.791096 0.503361 -0.656246 7.080000
6.832017 0.490619 -0.617548 7.100000
6.577346 0.478680 -0.576005 7.120000
5.974797 0.467546 -0.537068 7.140000
5.259088 0.457102 -0.507083 7.160000
4.674523 0.447146 -0.488136 7.180000
4.611889 0.437483 -0.477870 7.200000
5.315468 0.428033 -0.466878 7.220000
5.177640 0.418947 -0.441411 7.240000
5.661229 0.410361 -0.417001 7.260000
6.224851 0.402364 -0.382461 7.280000
6.503206 0.395172 -0.336626 7.300000
7.117264 0.388955 -0.285084 7.320000
8.000000 0.383884 -0.222007 7.340000
8.000000 0.380235 -0.142938 7.360000
8.000000 0.378160 -0.064752 7.380000
8.000000 0.377637 0.012195 7.400000
7.690525 0.378638 0.087560 7.420000
8.000000 0.381070 0.155328 7.440000
8.000000 0.384894 0.226699 7.460000
7.763495 0.390121 0.295571 7.480000
7.713608 0.396655 0.357341 7.500000
6.913705 0.404386 0.415276 7.520000
6.084967 0.413099 0.455560 7.540000
5.667891 0.422438 0.477940 7.560000
6.306869 0.432124 0.490204 7.580000
7.080269 0.442145 0.511491 7.600000
6.855507 0.452704 0.543814 7.620000
7.476595 0.463837 0.568944 7.640000
8.000000 0.475551 0.601869 7.660000
8.000000 0.487980 0.640429 7.680000
8.000000 0.501142 0.675079 7.700000
7.497670 0.514956 0.705719 7.720000
6.727702 0.529257 0.723654 7.740000
6.703473 0.543745 0.724634 7.760000
6.528753 0.558215 0.721781 7.780000
7.466637 0.572565 0.712677 7.800000
8.000000 0.586857 0.715955 7.820000
7.515145 0.601267 0.724429 7.840000
7.353188 0.615730 0.721248 7.860000
7.855268 0.630068 0.712006 7.880000
7.891811 0.644269 0.707477 7.900000
8.000000 0.658350 0.700097 7.920000
8.000000 0.672267 0.691061 7.940000
7.969376 0.685971 0.678744 7.960000
8.000000 0.699391 0.662805 7.980000
7.527526 0.712468 0.644329 8.000000
7.685520 0.725075 0.615959 8.020000
6.766243 0.737113 0.587472 8.040000
7.520551 0.748423 0.543264 8.060000
6.707803 0.758942 0.508278 8.080000
5.762081 0.768626 0.459901 8.100000
6.326248 0.777195 0.396956 8.120000
5.612198 0.784581 0.341453 8.140000
5.387806 0.790751 0.275541 8.160000
5.064904 0.795572 0.206632 8.180000
4.637974 0.798974 0.133748 8.200000
3.720588 0.800868 0.055868 8.220000
3.835998 0.801091 -0.033328 8.240000
3.691159 0.799564 -0.119041 8.260000
4.209453 0.796324 -0.204607 8.280000
4.532620 0.791468 -0.280519 8.300000
4.547740 0.785165 -0.349323 8.320000
4.434669 0.777516 -0.415150 8.340000
4.013553 0.768563 -0.479602 8.360000
4.822090 0.758293 -0.546875 8.380000
5.238242 0.746828 -0.598999 8.400000
5.972796 0.734417 -0.641532 8.420000
6.513233 0.721300 -0.669632 8.440000
5.591944 0.707736 -0.686102 8.460000
6.540521 0.693739 -0.713006 8.480000
6.241039 0.679386 -0.721724 8.500000
5.280386 0.664847 -0.731554 8.520000
5.495237 0.649997 -0.752886 8.540000
5.783239 0.634791 -0.767115 8.560000
6.759166 0.619383 -0.773061 8.580000
7.436387 0.604050 -0.759611 8.600000
7.940193 0.589132 -0.731763 8.620000
7.265719 0.574883 -0.692582 8.640000
7.928725 0.561333 -0.661986 8.660000
7.836200 0.548533 -0.617660 8.680000
6.847103 0.536626 -0.572723 8.700000
7.670020 0.525468 -0.542732 8.720000
7.666925 0.515071 -0.496648 8.740000
7.700285 0.505611 -0.449110 8.760000
7.663598 0.497121 -0.399750 8.780000
8.000000 0.489621 -0.350063 8.800000
8.000000 0.483182 -0.293777 8.820000
7.101091 0.477872 -0.237164 8.840000
7.284433 0.473537 -0.196320 8.860000
7.195981 0.470053 -0.152125 8.880000
6.747353 0.467436 -0.109641 8.900000
7.678305 0.465585 -0.075406 8.920000
7.317939 0.464582 -0.025033 8.940000
6.449215 0.464514 0.018089 8.960000
5.464490 0.465145 0.044906 8.980000
5.703548 0.466131 0.053576 9.000000
5.314388 0.467328 0.066060 9.020000
5.077039 0.468701 0.071129 9.040000
5.972083 0.470128 0.071595 9.060000
6.020235 0.471721 0.087522 9.080000
6.722382 0.473633 0.103585 9.100000
5.914247 0.475983 0.131217 9.120000
5.967298 0.478731 0.143486 9.140000
6.145905 0.481726 0.155794 9.160000
6.265255 0.484988 0.170282 9.180000
6.116771 0.488551 0.185793 9.200000
5.302920 0.492386 0.197552 9.220000
5.779003 0.496303 0.194002 9.240000
5.994659 0.500224 0.197941 9.260000
6.706132 0.504252 0.204651 9.280000
5.943215 0.508527 0.222609 9.300000
6.328439 0.513015 0.226001 9.320000
6.341005 0.517626 0.234933 9.340000
6.195681 0.522406 0.242822 9.360000
5.248802 0.527305 0.246945 9.380000
4.869389 0.532113 0.233686 9.400000
4.517501 0.536583 0.213202 9.420000
4.010166 0.540578 0.186226 9.440000
3.152309 0.543944 0.150394 9.460000
4.132788 0.546448 0.100136 9.480000
3.268038 0.548120 0.067044 9.500000
3.506753 0.548986 0.019728 9.520000
3.330656 0.548955 -0.022700 9.540000
3.889388 0.548054 -0.067170 9.560000
3.353918 0.546371 -0.101050 9.580000
3.569929 0.543929 -0.142902 9.600000
4.057825 0.540701 -0.179691 9.620000
3.637246 0.536834 -0.206738 9.640000
4.488365 0.532369 -0.239550 9.660000
3.604121 0.527409 -0.256205 9.680000
3.612953 0.521978 -0.286585 9.700000
3.492385 0.515959 -0.315043 9.720000
2.897349 0.509368 -0.343732 9.740000
2.889572 0.502119 -0.380756 9.760000
3.829847 0.494151 -0.415678 9.780000
3.458483 0.485672 -0.431845 9.800000
2.615082 0.476826 -0.452418 9.820000
2.062781 0.467441 -0.485603 9.840000
2.222183 0.457321 -0.526003 9.860000
1.662707 0.446449 -0.560745 9.880000
2.414684 0.434810 -0.602637 9.900000
2.250985 0.422499 -0.627878 9.920000
2.205807 0.409685 -0.653114 9.940000
2.741478 0.396387 -0.676116 9.960000
2.373123 0.382759 -0.686209 9.980000
3.036142 0.368890 -0.700135 10.000000
2.478920 0.354897 -0.698744 10.020000
1.951938 0.340855 -0.704913 10.040000
2.739265 0.326621 -0.718003 10.060000
2.580498 0.312304 -0.713226 10.080000
1.879376 0.298080 -0.708669 10.100000
1.075732 0.283842 -0.714652 10.120000
0.510108 0.269360 -0.733005 10.140000
0.884268 0.254435 -0.758980 10.160000
0.914437 0.239096 -0.774373 10.180000
1.196839 0.223488 -0.785896 10.200000
1.559349 0.207736 -0.788697 10.220000
2.097144 0.192031 -0.781340 10.240000
2.517719 0.176607 -0.760599 10.260000
2.688887 0.161707 -0.729049 10.280000
2.209413 0.147494 -0.691869 10.300000
2.678644 0.133951 -0.662055 10.320000
3.449330 0.121118 -0.621000 10.340000
4.099915 0.109274 -0.563136 10.360000
3.624213 0.098728 -0.491358 10.380000
4.424151 0.089530 -0.428398 10.400000
3.481654 0.081754 -0.349202 10.420000
3.617543 0.075374 -0.288766 10.440000
3.726239 0.070230 -0.225698 10.460000
3.812758 0.066365 -0.160837 10.480000
3.713483 0.063809 -0.094913 10.500000
3.427638 0.062543 -0.031879 10.520000
2.610853 0.062470 0.024389 10.540000
2.669329 0.063348 0.063315 10.560000
1.771224 0.065007 0.102376 10.580000
1.402927 0.067258 0.122526 10.600000
0.505432 0.069829 0.134527 10.620000
1.034985 0.072456 0.128049 10.640000
0.219015 0.075054 0.131653 10.660000
-0.439825 0.077556 0.118573 10.680000
-0.768959 0.079665 0.092294 10.700000
-0.084578 0.081184 0.059689 10.720000
-0.348848 0.082191 0.040997 10.740000
-0.375973 0.082773 0.017306 10.760000
-0.268460 0.082880 -0.006518 10.780000
0.138041 0.082537 -0.027725 10.800000
0.486516 0.081855 -0.040388 10.820000
0.647622 0.080993 -0.045771 10.840000
0.317272 0.080058 -0.047693 10.860000
0.549260 0.079022 -0.055907 10.880000
-0.333725 0.077870 -0.059165 10.900000
-0.121008 0.076482 -0.079549 10.920000
0.148644 0.074735 -0.095026 10.940000
0.085633 0.072739 -0.104507 10.960000
0.984153 0.070546 -0.114640 10.980000
0.787524 0.068336 -0.106390 11.000000
1.542257 0.066254 -0.101772 11.020000
1.313771 0.064416 -0.081945 11.040000
1.887408 0.062930 -0.066703 11.060000
2.222103 0.061862 -0.040173 11.080000
3.041531 0.061387 -0.007400 11.100000
3.181229 0.061724 0.040937 11.120000
2.736791 0.063045 0.090914 11.140000
2.392927 0.065264 0.130766 11.160000
3.228631 0.068198 0.162524 11.180000
3.719120 0.071922 0.209510 11.200000
3.724035 0.076664 0.264415 11.220000
3.005373 0.082485 0.317277 11.240000
2.855319 0.089198 0.353658 11.260000
3.632617 0.096587 0.384958 11.280000
3.326103 0.104735 0.429414 11.300000
4.263783 0.113686 0.465238 11.320000
3.722897 0.123513 0.516914 11.340000
4.110416 0.134235 0.554855 11.360000
3.265626 0.145763 0.597395 11.380000
3.349481 0.157943 0.620135 11.400000
3.314737 0.170565 0.641558 11.420000
3.590381 0.183579 0.659284 11.440000
4.057216 0.196970 0.679342 11.460000
3.143811 0.210822 0.705274 11.480000
2.517157 0.224981 0.710135 11.500000
2.881437 0.239087 0.699948 11.520000
3.731185 0.253032 0.694151 11.540000
3.036138 0.266998 0.701913 11.560000
3.971714 0.280955 0.693380 11.580000
4.376823 0.294894 0.699952 11.600000
5.230655 0.309010 0.711128 11.620000
5.672350 0.323479 0.735137 11.640000
4.693606 0.338474 0.763748 11.660000
4.413184 0.353819 0.770211 11.680000
5.314222 0.369208 0.768058 11.700000
5.338681 0.384687 0.779260 11.720000
4.934295 0.400358 0.787271 11.740000
4.807614 0.416080 0.784318 11.760000
3.988603 0.431686 0.775736 11.780000
3.497086 0.446941 0.749307 11.800000
3.925502 0.461553 0.711529 11.820000
3.900288 0.475463 0.679152 11.840000
4.157212 0.488700 0.644149 11.860000
4.877393 0.501261 0.611639 11.880000
4.383366 0.513278 0.589663 11.900000
3.411677 0.524748 0.557083 11.920000
2.612300 0.535383 0.506205 11.940000
3.455133 0.544853 0.440732 11.960000
4.426449 0.553152 0.389083 11.980000
4.399079 0.560577 0.353209 12.000000
4.184071 0.567271 0.316097 12.020000
3.809428 0.573181 0.274809 12.040000
4.259262 0.578199 0.226978 12.060000
3.528861 0.582335 0.186613 12.080000
4.145247 0.585542 0.134213 12.100000
3.205839 0.587809 0.092469 12.120000
3.304784 0.589089 0.035709 12.140000
4.043195 0.589260 -0.018441 12.160000
3.179921 0.588481 -0.059295 12.180000
3.485990 0.586752 -0.113312 12.200000
2.620124 0.584009 -0.160766 12.220000
1.743589 0.580189 -0.220949 12.240000
2.163759 0.575039 -0.293628 12.260000
2.216611 0.568530 -0.356810 12.280000
3.090112 0.560793 -0.416526 12.300000
2.880523 0.552035 -0.458819 12.320000
3.100208 0.542422 -0.502005 12.340000
2.852890 0.532011 -0.538639 12.360000
3.750550 0.520853 -0.576641 12.380000
4.031480 0.509120 -0.596168 12.400000
3.894096 0.497074 -0.607986 12.420000
3.943728 0.484795 -0.619432 12.440000
4.628876 0.472324 -0.627208 12.460000
4.221072 0.459847 -0.620106 12.480000
4.466419 0.447464 -0.617738 12.500000
4.797573 0.435198 -0.608420 12.520000
3.947602 0.423203 -0.590734 12.540000
4.400388 0.411430 -0.586223 12.560000
4.866761 0.399852 -0.571118 12.580000
4.263713 0.388684 -0.545363 12.600000
5.179446 0.377939 -0.528829 12.620000
4.423254 0.367713 -0.493510 12.640000
3.913637 0.358068 -0.470729 12.660000
3.896938 0.348800 -0.455860 12.680000
3.757695 0.339841 -0.439693 12.700000
3.379386 0.331196 -0.424614 12.720000
3.336791 0.322795 -0.415159 12.740000
2.769841 0.314591 -0.404988 12.760000
2.608731 0.306498 -0.404041 12.780000
3.483593 0.298410 -0.404528 12.800000
4.354571 0.290494 -0.386815 12.820000
4.186998 0.283112 -0.351332 12.840000
4.798435 0.276414 -0.318260 12.860000
4.362453 0.270503 -0.272861 12.880000
3.629778 0.265418 -0.235522 12.900000
4.206133 0.260943 -0.211933 12.920000
3.318364 0.257054 -0.176913 12.940000
3.064125 0.253696 -0.158845 12.960000
3.417393 0.250653 -0.145358 12.980000
4.086317 0.247952 -0.124773 13.000000
4.165688 0.245792 -0.091250 13.020000
4.348139 0.244315 -0.056487 13.040000
3.888253 0.243565 -0.018675 13.060000
4.257785 0.243475 0.009636 13.080000
3.797486 0.244017 0.044442 13.100000
3.143429 0.245158 0.069536 13.120000
2.284060 0.246668 0.081293 13.140000
2.500739 0.248241 0.076001 13.160000
3.278808 0.249748 0.074665 13.180000
2.536464 0.251375 0.087973 13.200000
1.839047 0.253120 0.086434 13.220000
1.890301 0.254697 0.071221 13.240000
2.311370 0.255979 0.057010 13.260000
1.326978 0.257058 0.050915 13.280000
0.705001 0.257826 0.025901 13.300000
1.108381 0.257977 -0.010618 13.320000
1.378124 0.257484 -0.038656 13.340000
1.176573 0.256488 -0.060827 13.360000
1.245916 0.255016 -0.086180 13.380000
2.062127 0.253059 -0.109370 13.400000
1.535523 0.250804 -0.116035 13.420000
0.592571 0.248321 -0.132205 13.440000
0.310907 0.245340 -0.165632 13.460000
-0.478375 0.241650 -0.203174 13.480000
-1.250685 0.237071 -0.254374 13.500000
-1.181522 0.231339 -0.318478 13.520000
-1.728746 0.224362 -0.378812 13.540000
-1.501099 0.216097 -0.447125 13.560000
-1.688893 0.206541 -0.508052 13.580000
-1.291731 0.195759 -0.569546 13.600000
-0.847581 0.183858 -0.620011 13.620000
0.004594 0.171068 -0.658518 13.640000
-0.599724 0.157706 -0.677146 13.660000
-1.545933 0.143883 -0.704634 13.680000
-0.927281 0.129356 -0.747445 13.700000
-0.485580 0.114131 -0.774440 13.720000
-0.578259 0.098489 -0.789256 13.740000
0.171222 0.082565 -0.802573 13.760000
0.014507 0.066557 -0.797749 13.780000
0.703175 0.050644 -0.793024 13.800000
0.090857 0.034992 -0.771704 13.820000
1.035447 0.019671 -0.759920 13.840000
1.508355 0.004801 -0.726729 13.860000
1.652537 -0.009289 -0.682018 13.880000
1.975138 -0.022439 -0.632696 13.900000
2.670744 -0.034523 -0.575525 13.920000
2.159130 -0.045315 -0.503517 13.940000
1.950560 -0.054762 -0.441117 13.960000
2.525470 -0.062998 -0.382385 13.980000
3.121589 -0.069942 -0.312003 14.000000
3.630781 -0.075361 -0.230063 14.020000
2.793312 -0.079048 -0.138831 14.040000
3.505280 -0.081089 -0.065403 14.060000
3.426831 -0.081532 0.020860 14.080000
4.221288 -0.080282 0.103790 14.100000
4.695641 -0.077236 0.200359 14.120000
5.100061 -0.072191 0.303628 14.140000
5.067067 -0.065032 0.411701 14.160000
5.321743 -0.055754 0.515442 14.180000
6.040356 -0.044391 0.620223 14.200000
5.476588 -0.030832 0.734792 14.220000
5.100571 -0.015145 0.833143 14.240000
4.699460 0.002384 0.918900 14.260000
5.448846 0.021496 0.991453 14.280000
5.920883 0.042156 1.073504 14.300000
6.199941 0.064491 1.158998 14.320000
7.097520 0.088528 1.243642 14.340000
7.072919 0.114369 1.339202 14.360000
7.084062 0.142042 1.426794 14.380000
6.791173 0.171391 1.506824 14.400000
6.112495 0.202204 1.573093 14.420000
5.494586 0.234129 1.618110 14.440000
5.005584 0.266756 1.643378 14.460000
4.474067 0.299720 1.651763 14.480000
3.841774 0.332678 1.642898 14.500000
2.893031 0.365272 1.615479 14.520000
2.154488 0.397081 1.564447 14.540000
1.197744 0.427680 1.494749 14.560000
0.520308 0.456669 1.403515 14.580000
1.172129 0.483678 1.296957 14.600000
1.860965 0.508645 1.199272 14.620000
0.979911 0.531752 1.111012 14.640000
1.700866 0.552919 1.005438 14.660000
2.598416 0.572081 0.910497 14.680000
2.303601 0.589479 0.828981 14.700000
1.831525 0.605182 0.741108 14.720000
1.999787 0.619040 0.644580 14.740000
2.646681 0.630990 0.550355 14.760000
3.502879 0.641157 0.466312 14.780000
4.191692 0.649778 0.395723 14.800000
3.307706 0.657093 0.335799 14.820000
3.202091 0.663070 0.261873 14.840000
3.052117 0.667555 0.186755 14.860000
3.444579 0.670522 0.110081 14.880000
3.018485 0.672026 0.040589 14.900000
2.172518 0.672087 -0.034282 14.920000
3.092729 0.670534 -0.120648 14.940000
2.639003 0.667419 -0.190589 14.960000
2.317909 0.662854 -0.265483 14.980000
2.076371 0.656765 -0.342931 15.000000
2.451459 0.649117 -0.421396 15.020000
2.086119 0.639990 -0.490862 15.040000
1.271574 0.629446 -0.562962 15.060000
0.453461 0.617363 -0.644680 15.080000
-0.157536 0.603551 -0.735817 15.100000
-0.393872 0.587858 -0.832731 15.120000
-0.054000 0.570233 -0.928979 15.140000
-0.674952 0.550789 -1.014669 15.160000
-0.965214 0.529575 -1.105855 15.180000
-0.605676 0.506540 -1.196672 15.200000
-0.044216 0.481808 -1.275587 15.220000
0.195735 0.455655 -1.338782 15.240000
0.420093 0.428339 -1.391780 15.260000
1.117541 0.400064 -1.434706 15.280000
0.183527 0.371119 -1.458775 15.300000
-0.684885 0.341580 -1.494179 15.320000
-0.744413 0.311230 -1.539661 15.340000
-0.801050 0.280025 -1.579810 15.360000
-1.202492 0.248071 -1.614483 15.380000
-0.487017 0.215412 -1.650256 15.400000
0.180345 0.182245 -1.665354 15.420000
0.869398 0.148973 -1.660832 15.440000
0.289540 0.115989 -1.636495 15.460000
-0.063191 0.083438 -1.617686 15.480000
-0.529672 0.051251 -1.599944 15.500000
0.144959 0.019386 -1.585581 15.520000
-0.607381 -0.011999 -1.552010 15.540000
-0.750006 -0.042808 -1.527966 15.560000
0.127563 -0.073109 -1.501277 15.580000
-0.827509 -0.102650 -1.451977 15.600000
-0.425171 -0.131346 -1.416827 15.620000
-0.461456 -0.159212 -1.368986 15.640000
-0.285770 -0.186084 -1.317519 15.660000
0.407567 -0.211851 -1.258595 15.680000
1.260754 -0.236269 -1.182658 15.700000
0.930059 -0.258974 -1.087440 15.720000
0.325436 -0.279816 -0.996476 15.740000
0.592917 -0.298936 -0.915164 15.760000
1.132499 -0.316361 -0.827060 15.780000
1.060657 -0.331908 -0.727589 15.800000
1.167224 -0.345474 -0.628866 15.820000
2.082315 -0.357041 -0.527910 15.840000
2.147234 -0.366421 -0.410183 15.860000
2.413925 -0.373443 -0.292225 15.880000
3.115971 -0.378070 -0.170727 15.900000
2.520436 -0.380155 -0.038174 15.920000
2.794829 -0.379723 0.080930 15.940000
3.545138 -0.376885 0.202460 15.960000
4.267400 -0.371507 0.334755 15.980000
4.582681 -0.363385 0.476730 16.000000
4.764443 -0.352407 0.620293 16.020000
5.005170 -0.338571 0.762526 16.040000
5.487358 -0.321895 0.904135 16.060000
5.891743 -0.302352 1.049258 16.080000
5.421370 -0.279889 1.195963 16.100000
5.634205 -0.254647 1.327093 16.120000
5.042177 -0.226810 1.455449 16.140000
5.588061 -0.196593 1.565034 16.160000
4.902930 -0.164152 1.677729 16.180000
4.376617 -0.129672 1.768964 16.200000
5.300179 -0.093552 1.841678 16.220000
5.436431 -0.055877 1.924360 16.240000
5.429357 -0.016609 2.000869 16.260000
5.542530 0.024095 2.068032 16.280000
5.410987 0.066071 2.127973 16.300000
4.705973 0.109123 2.175588 16.320000
4.337583 0.152890 2.199533 16.340000
3.352912 0.196969 2.206769 16.360000
4.135809 0.240908 2.185708 16.380000
3.680482 0.284491 2.171097 16.400000
3.223643 0.327607 2.139105 16.420000
3.242821 0.369915 2.090392 16.440000
2.771795 0.411176 2.034470 16.460000
3.113472 0.451161 1.962911 16.480000
2.220030 0.489710 1.891003 16.500000
1.699572 0.526604 1.797505 16.520000
2.045641 0.561489 1.690225 16.540000
2.546322 0.594244 1.584647 16.560000
1.885075 0.624932 1.483468 16.580000
2.345170 0.653453 1.368250 16.600000
2.317011 0.679717 1.257631 16.620000
2.744284 0.703739 1.144243 16.640000
3.221761 0.725538 1.035421 16.660000
4.065729 0.745215 0.932007 16.680000
3.175167 0.762932 0.839347 16.700000
2.753504 0.778652 0.732595 16.720000
1.847569 0.792173 0.619387 16.740000
2.598711 0.803303 0.493735 16.760000
3.137672 0.812031 0.379253 16.780000
3.393833 0.818553 0.273054 16.800000
2.753437 0.822996 0.171441 16.820000
3.227313 0.825333 0.062612 16.840000
2.625366 0.825577 -0.037917 16.860000
2.263372 0.823750 -0.144404 16.880000
1.732256 0.819769 -0.253169 16.900000
2.203238 0.813571 -0.366139 16.920000
2.221315 0.805211 -0.469283 16.940000
1.555641 0.794826 -0.568579 16.960000
2.268462 0.782400 -0.673289 16.980000
1.860370 0.768023 -0.763705 17.000000
2.307510 0.751823 -0.855575 17.020000
2.669123 0.733897 -0.936254 17.040000
3.343450 0.714459 -1.006704 17.060000
3.440287 0.693764 -1.061941 17.080000
2.878125 0.672030 -1.110531 17.100000
2.026450 0.649290 -1.162627 17.120000
1.136611 0.625426 -1.222842 17.140000
0.409883 0.600269 -1.291847 17.160000
1.389009 0.573671 -1.366994 17.180000
0.487834 0.545794 -1.419658 17.200000
-0.176826 0.516772 -1.481540 17.220000
-0.591105 0.486460 -1.548589 17.240000
0.397583 0.454799 -1.616356 17.260000
-0.195094 0.422028 -1.659598 17.280000
-1.060701 0.388353 -1.706781 17.300000
-1.322206 0.353644 -1.762913 17.320000
-0.728808 0.317836 -1.816660 17.340000
-1.373869 0.281140 -1.851724 17.360000
-0.829026 0.243693 -1.891667 17.380000
-0.991360 0.205629 -1.913434 17.400000
-1.905481 0.167175 -1.930789 17.420000
-1.678350 0.128269 -1.958431 17.440000
-0.912860 0.088935 -1.973711 17.460000
-0.046134 0.049524 -1.966068 17.480000
0.706301 0.010514 -1.933851 17.500000
0.213160 -0.027634 -1.879883 17.520000
0.991786 -0.064738 -1.829456 17.540000
1.246134 -0.100618 -1.757600 17.560000
2.042753 -0.134957 -1.675454 17.580000
1.112382 -0.167448 -1.573022 17.600000
0.768724 -0.198034 -1.484915 17.620000
1.130306 -0.226887 -1.399680 17.640000
1.827854 -0.253928 -1.303987 17.660000
1.823582 -0.278893 -1.192123 17.680000
2.590323 -0.301601 -1.078344 17.700000
3.113608 -0.321872 -0.948613 17.720000
4.032863 -0.339443 -0.808472 17.740000
3.244872 -0.354040 -0.651371 17.760000
3.136329 -0.365652 -0.509963 17.780000
2.449793 -0.374466 -0.371744 17.800000
1.708513 -0.380659 -0.247717 17.820000
2.685289 -0.384523 -0.138951 17.840000
3.227527 -0.386048 -0.013962 17.860000
2.780879 -0.384998 0.118540 17.880000
3.717447 -0.381409 0.239850 17.900000
4.015490 -0.375252 0.375216 17.920000
3.377041 -0.366371 0.512245 17.940000
4.102669 -0.354909 0.633174 17.960000
3.521903 -0.340938 0.763198 17.980000
3.220543 -0.324523 0.877406 18.000000
2.275357 -0.305932 0.980845 18.020000
2.024253 -0.285504 1.061091 18.040000
2.285177 -0.263572 1.131282 18.060000
3.283282 -0.240239 1.201082 18.080000
2.904986 -0.215373 1.284472 18.100000
3.350214 -0.188975 1.354364 18.120000
4.271638 -0.161153 1.426679 18.140000
3.804363 -0.131770 1.510440 18.160000
4.210129 -0.100875 1.577883 18.180000
4.731450 -0.068623 1.646139 18.200000
4.764935 -0.034977 1.717160 18.220000
5.725337 0.000017 1.780892 18.240000
5.965276 0.036395 1.855452 18.260000
5.976296 0.074224 1.925929 18.280000
6.310110 0.113373 1.987437 18.300000
5.945374 0.153725 2.046080 18.320000
6.160004 0.195080 2.087828 18.340000
5.490439 0.237215 2.123998 18.360000
4.682741 0.279845 2.137419 18.380000
4.151299 0.322494 2.126061 18.400000
3.639004 0.364729 2.095958 18.420000
4.230255 0.406183 2.048234 18.440000
3.377581 0.446715 2.003641 18.460000
3.906411 0.486127 1.936405 18.480000
3.705420 0.524220 1.871804 18.500000
2.734334 0.560922 1.797341 18.520000
3.577169 0.595913 1.700960 18.540000
3.186444 0.629067 1.613636 18.560000
3.986513 0.660365 1.515455 18.580000
4.299252 0.689784 1.425759 18.600000
5.201948 0.717416 1.336857 18.620000
5.246618 0.743368 1.257615 18.640000
4.896468 0.767702 1.175240 18.660000
4.764021 0.790305 1.084591 18.680000
5.160968 0.811050 0.989458 18.700000
4.167900 0.829924 0.897565 18.720000
4.607574 0.846808 0.790651 18.740000
4.467075 0.861601 0.688558 18.760000
4.028174 0.874327 0.583996 18.780000
3.196312 0.884904 0.473724 18.800000
2.929798 0.893175 0.353515 18.820000
2.660102 0.899020 0.231183 18.840000
1.958322 0.902400 0.107192 18.860000
1.456798 0.903235 -0.023291 18.880000
1.057528 0.901424 -0.157270 18.900000
1.919743 0.896916 -0.293062 18.920000
0.926782 0.889832 -0.414666 18.940000
0.106365 0.880229 -0.545045 18.960000
-0.236924 0.867954 -0.681757 18.980000
-0.576165 0.852944 -0.818458 19.000000
-0.683176 0.835202 -0.954881 19.020000
-0.327158 0.814768 -1.087712 19.040000
-0.833625 0.791778 -1.210337 19.060000
-0.640688 0.766320 -1.334476 19.080000
-1.068771 0.738466 -1.449941 19.100000
-0.383946 0.708301 -1.565555 19.120000
-0.780280 0.675991 -1.664262 19.140000
-0.892429 0.641714 -1.762334 19.160000
-0.167767 0.605527 -1.855112 19.180000
0.141214 0.567678 -1.928563 19.200000
0.142712 0.528488 -1.989100 19.220000
-0.110680 0.488167 -2.041690 19.240000
-0.493610 0.446830 -2.090665 19.260000
0.279790 0.404526 -2.138296 19.280000
0.781280 0.361496 -2.163326 19.300000
0.364151 0.318143 -2.170570 19.320000
0.566620 0.274650 -2.177356 19.340000
-0.205510 0.231143 -2.171914 19.360000
0.488459 0.187678 -2.173211 19.380000
-0.136023 0.144406 -2.152691 19.400000
0.345504 0.101501 -2.136516 19.420000
1.103108 0.059093 -2.102931 19.440000
1.815705 0.017584 -2.046870 19.460000
1.601590 -0.022594 -1.969865 19.480000
1.157664 -0.061213 -1.891009 19.500000
0.234585 -0.098285 -1.815221 19.520000
0.122707 -0.133968 -1.752149 19.540000
0.685939 -0.168356 -1.685799 19.560000
0.864646 -0.201256 -1.603375 19.580000
1.730579 -0.232427 -1.513121 19.600000
1.291925 -0.261588 -1.402445 19.620000
1.604080 -0.288590 -1.297307 19.640000
1.947668 -0.313404 -1.183714 19.660000
2.717688 -0.335862 -1.061788 19.680000
3.148175 -0.355724 -0.924321 19.700000
2.882989 -0.372752 -0.778599 19.720000
3.474197 -0.386919 -0.638175 19.740000
2.593888 -0.398176 -0.487703 19.760000
2.624505 -0.406598 -0.354755 19.780000
3.183667 -0.412371 -0.222762 19.800000
3.686163 -0.415420 -0.082553 19.820000
3.195394 -0.415598 0.064229 19.840000
2.620589 -0.412961 0.199023 19.860000
3.113044 -0.407764 0.320111 19.880000
3.073661 -0.400089 0.446753 19.900000
3.119886 -0.389927 0.568786 19.920000
4.029819 -0.377357 0.687471 19.940000
3.032740 -0.362290 0.818428 19.960000
2.999228 -0.344840 0.925772 19.980000
