-0.821790 0.029457 0.717484 0.000000
-1.147353 0.043435 0.679927 0.020000
-0.972558 0.056577 0.634055 0.040000
-1.790165 0.068821 0.590103 0.060000
-2.616152 0.080010 0.528618 0.080000
-2.739531 0.089797 0.450051 0.100000
-3.199357 0.097987 0.368911 0.120000
-3.406405 0.104464 0.278939 0.140000
-2.474207 0.109108 0.185636 0.160000
-2.348949 0.112081 0.111825 0.180000
-1.498359 0.113613 0.041520 0.200000
-1.573131 0.113918 -0.010825 0.220000
-1.956819 0.113172 -0.063563 0.240000
-1.257274 0.111309 -0.122561 0.260000
-1.756266 0.108419 -0.166170 0.280000
-2.751725 0.104573 -0.218101 0.300000
-1.941490 0.099511 -0.287774 0.320000
-2.301441 0.093239 -0.339028 0.340000
-2.553659 0.085894 -0.395076 0.360000
-2.505240 0.077403 -0.453493 0.380000
-1.889424 0.067783 -0.508078 0.400000
-2.609407 0.057222 -0.547487 0.420000
-2.579275 0.045760 -0.598247 0.440000
-2.504114 0.033320 -0.645116 0.460000
-3.299295 0.019993 -0.687090 0.480000
-4.169451 0.005702 -0.741315 0.500000
-3.655172 -0.009807 -0.808814 0.520000
-4.476492 -0.026519 -0.861650 0.540000
-4.166530 -0.044406 -0.926308 0.560000
-4.774980 -0.063476 -0.979896 0.580000
-4.534928 -0.083690 -1.040534 0.600000
-5.154834 -0.105014 -1.091055 0.620000
-4.926076 -0.127418 -1.148343 0.640000
-4.795991 -0.150864 -1.195297 0.660000
-3.950571 -0.175165 -1.233847 0.680000
-3.907327 -0.200014 -1.250076 0.700000
-4.429511 -0.225123 -1.260006 0.720000
-4.790363 -0.250479 -1.274581 0.740000
-5.335395 -0.276138 -1.290417 0.760000
-6.217610 -0.302161 -1.310792 0.780000
-6.717010 -0.328696 -1.341679 0.800000
-6.535350 -0.355877 -1.375271 0.820000
-7.255759 -0.383627 -1.398570 0.840000
-6.274809 -0.411907 -1.428163 0.860000
-6.132174 -0.440527 -1.432780 0.880000
-5.761229 -0.469148 -1.428225 0.900000
-5.885018 -0.497548 -1.410753 0.920000
-5.247263 -0.525560 -1.389417 0.940000
-4.543735 -0.552977 -1.351391 0.960000
-5.086596 -0.579463 -1.296435 0.980000
-4.637508 -0.604895 -1.245994 1.000000
-4.545930 -0.629200 -1.183902 1.020000
-3.841362 -0.652211 -1.116594 1.040000
-3.079940 -0.673731 -1.034970 1.060000
-2.863363 -0.693476 -0.939162 1.080000
-2.040741 -0.711254 -0.838446 1.100000
-1.707825 -0.726883 -0.724393 1.120000
-1.339750 -0.740179 -0.605215 1.140000
-2.105569 -0.751040 -0.481036 1.160000
-2.451724 -0.759537 -0.368809 1.180000
-3.261579 -0.765849 -0.262507 1.200000
-3.678889 -0.770161 -0.168925 1.220000
-3.960251 -0.772673 -0.082493 1.240000
-3.513790 -0.773510 -0.001444 1.260000
-3.878743 -0.772678 0.084328 1.280000
-2.929793 -0.770203 0.162909 1.300000
-3.215098 -0.766041 0.252809 1.320000
-3.736605 -0.760149 0.335940 1.340000
-3.446155 -0.752698 0.408679 1.360000
-2.504173 -0.743780 0.482620 1.380000
-2.461748 -0.733277 0.567054 1.400000
-2.152981 -0.721116 0.648433 1.420000
-1.584364 -0.707320 0.730509 1.440000
-2.125613 -0.691837 0.817009 1.460000
-2.969158 -0.674752 0.890722 1.480000
-2.585379 -0.656371 0.946678 1.500000
-3.363599 -0.636856 1.003998 1.520000
-3.547857 -0.616368 1.043966 1.540000
-2.844266 -0.595160 1.076037 1.560000
-3.489555 -0.573243 1.114781 1.580000
-4.471160 -0.550711 1.137638 1.600000
-3.802149 -0.527938 1.138793 1.620000
-4.553169 -0.505076 1.146603 1.640000
-4.095502 -0.482238 1.136445 1.660000
-4.432063 -0.459568 1.129701 1.680000
-3.618738 -0.437140 1.112350 1.700000
-4.052010 -0.414957 1.105260 1.720000
-3.156840 -0.393038 1.085866 1.740000
-2.625700 -0.371385 1.078732 1.760000
-2.239930 -0.349819 1.077184 1.780000
-2.035584 -0.328254 1.078557 1.800000
-1.078793 -0.306667 1.079474 1.820000
-0.340918 -0.284922 1.094229 1.840000
-0.555257 -0.262787 1.118543 1.860000
-0.181390 -0.240253 1.134037 1.880000
0.744071 -0.217384 1.152098 1.900000
0.965685 -0.194021 1.183345 1.920000
0.145150 -0.170040 1.213849 1.940000
0.703494 -0.145662 1.223150 1.960000
0.503130 -0.121037 1.238533 1.980000
0.922832 -0.096194 1.244941 2.000000
0.529406 -0.071189 1.254715 2.020000
0.799620 -0.046117 1.251701 2.040000
-0.040764 -0.021099 1.249251 2.060000
-0.447804 0.003654 1.225384 2.080000
-0.994773 0.027807 1.189182 2.100000
-0.643049 0.051087 1.138276 2.120000
0.011447 0.073385 1.090937 2.140000
-0.196813 0.094833 1.053240 2.160000
-1.164677 0.115451 1.008122 2.180000
-1.796606 0.134947 0.941020 2.200000
-1.431668 0.152953 0.859312 2.220000
-1.078240 0.169380 0.783147 2.240000
-1.399403 0.184339 0.712454 2.260000
-0.823017 0.197807 0.634260 2.280000
-0.879711 0.209816 0.566440 2.300000
-0.060859 0.220449 0.496755 2.320000
0.547072 0.229842 0.442402 2.340000
-0.425227 0.238258 0.399159 2.360000
-0.674170 0.245616 0.336566 2.380000
-1.545671 0.251673 0.269186 2.400000
-1.144096 0.256218 0.185454 2.420000
-0.654405 0.259175 0.110396 2.440000
-1.567689 0.260735 0.045788 2.460000
-1.587350 0.260839 -0.035170 2.480000
-1.879579 0.259336 -0.114775 2.500000
-2.402031 0.256205 -0.197984 2.520000
-1.570964 0.251332 -0.288846 2.540000
-2.110464 0.244830 -0.360950 2.560000
-2.930699 0.236808 -0.440689 2.580000
-2.091407 0.227065 -0.533070 2.600000
-2.712764 0.215673 -0.605542 2.620000
-2.587798 0.202746 -0.686418 2.640000
-2.703984 0.188267 -0.760806 2.660000
-1.826105 0.172320 -0.833229 2.680000
-0.963011 0.155140 -0.884046 2.700000
-1.296285 0.137156 -0.913669 2.720000
-0.328000 0.118554 -0.945783 2.740000
0.485377 0.099544 -0.954627 2.760000
0.235484 0.080556 -0.943593 2.780000
-0.373136 0.061774 -0.934046 2.800000
0.447922 0.043096 -0.933093 2.820000
0.747470 0.024637 -0.912310 2.840000
-0.000864 0.006684 -0.882470 2.860000
-0.685412 -0.010792 -0.864603 2.880000
-1.524994 -0.028016 -0.857279 2.900000
-1.840671 -0.045228 -0.863371 2.920000
-0.858922 -0.062590 -0.872211 2.940000
-1.503625 -0.079898 -0.858081 2.960000
-2.299954 -0.097021 -0.853597 2.980000
-1.916212 -0.114178 -0.861526 3.000000
-2.841628 -0.131382 -0.858351 3.020000
-3.470674 -0.148672 -0.869986 3.040000
-3.753397 -0.166280 -0.890200 3.060000
-2.999957 -0.184308 -0.911915 3.080000
-2.143569 -0.202582 -0.914842 3.100000
-3.100956 -0.220711 -0.897449 3.120000
-2.897685 -0.238644 -0.895283 3.140000
-2.620960 -0.256459 -0.885626 3.160000
-3.545697 -0.273993 -0.867295 3.180000
-3.640482 -0.291306 -0.863416 3.200000
-3.770188 -0.308525 -0.857848 3.220000
-3.011416 -0.325622 -0.851284 3.240000
-2.733907 -0.342411 -0.827129 3.260000
-1.867324 -0.358636 -0.794943 3.280000
-2.622465 -0.374031 -0.744194 3.300000
-3.182758 -0.388531 -0.705431 3.320000
-2.761485 -0.402337 -0.674856 3.340000
-2.441294 -0.415434 -0.634495 3.360000
-2.250071 -0.427647 -0.586621 3.380000
-2.620388 -0.438855 -0.533955 3.400000
-2.954169 -0.449065 -0.486871 3.420000
-2.936063 -0.458383 -0.444734 3.440000
-3.549229 -0.466845 -0.401334 3.460000
-3.632784 -0.474540 -0.368006 3.480000
-2.880827 -0.481574 -0.335300 3.500000
-3.576664 -0.487815 -0.288700 3.520000
-3.296601 -0.493243 -0.254025 3.540000
-3.315985 -0.497925 -0.214122 3.560000
-3.290506 -0.501811 -0.174483 3.580000
-3.644557 -0.504900 -0.134484 3.600000
-3.994362 -0.507253 -0.100863 3.620000
-4.034405 -0.508997 -0.073542 3.640000
-4.866781 -0.510203 -0.047148 3.660000
-4.102698 -0.511029 -0.035449 3.680000
-3.445789 -0.511490 -0.010644 3.700000
-3.405665 -0.511344 0.025050 3.720000
-4.225579 -0.510486 0.060628 3.740000
-5.100543 -0.509068 0.081095 3.760000
-4.106309 -0.507399 0.085691 3.780000
-4.704531 -0.505470 0.107025 3.800000
-4.361996 -0.503228 0.117125 3.820000
-4.710458 -0.500730 0.132464 3.840000
-4.550561 -0.497996 0.140885 3.860000
-4.318811 -0.495072 0.151315 3.880000
-4.666861 -0.491908 0.164932 3.900000
-4.057021 -0.488542 0.171505 3.920000
-3.065845 -0.484947 0.187878 3.940000
-2.837384 -0.480860 0.220510 3.960000
-2.241758 -0.476096 0.255627 3.980000
-2.201463 -0.470542 0.299526 4.000000
-1.873085 -0.464122 0.342111 4.020000
-1.931258 -0.456813 0.388353 4.040000
-1.222282 -0.448614 0.431165 4.060000
-1.199079 -0.439456 0.484147 4.080000
-1.003265 -0.429263 0.534698 4.100000
-1.609001 -0.418053 0.585787 4.120000
-0.978859 -0.405963 0.622709 4.140000
-1.831788 -0.393050 0.668012 4.160000
-1.494556 -0.379422 0.694289 4.180000
-1.671582 -0.365237 0.723573 4.200000
-1.167218 -0.350534 0.746221 4.220000
-2.160704 -0.335317 0.774931 4.240000
-1.837851 -0.319747 0.781501 4.260000
-1.076769 -0.304017 0.790933 4.280000
-1.198968 -0.287987 0.811483 4.300000
-0.412574 -0.271604 0.826185 4.320000
-0.104324 -0.254812 0.852429 4.340000
0.757933 -0.237473 0.880833 4.360000
0.717288 -0.219438 0.921964 4.380000
1.072847 -0.200631 0.958062 4.400000
0.621531 -0.181075 0.996765 4.420000
1.386210 -0.160878 1.022174 4.440000
1.151870 -0.140067 1.058165 4.460000
1.595264 -0.118629 1.084861 4.480000
2.285952 -0.096616 1.115631 4.500000
1.321586 -0.073900 1.155169 4.520000
2.177123 -0.050635 1.170486 4.540000
2.118545 -0.026942 1.197911 4.560000
1.560591 -0.002764 1.219017 4.580000
1.851184 0.021673 1.223937 4.600000
2.329754 0.046218 1.229744 4.620000
2.813978 0.070925 1.240081 4.640000
2.044625 0.095883 1.254882 4.660000
1.698274 0.120933 1.249276 4.680000
0.972964 0.145754 1.232055 4.700000
1.044994 0.170043 1.196152 4.720000
0.217739 0.193588 1.157711 4.740000
0.243460 0.216166 1.099503 4.760000
-0.684926 0.237553 1.038758 4.780000
-1.102159 0.257519 0.957464 4.800000
-1.591297 0.275759 0.866289 4.820000
-1.564868 0.292068 0.764495 4.840000
-2.099141 0.306339 0.662515 4.860000
-2.012023 0.318466 0.550166 4.880000
-2.099688 0.328364 0.439792 4.900000
-2.399094 0.336045 0.328461 4.920000
-3.170824 0.341454 0.212632 4.940000
-2.824035 0.344417 0.084005 4.960000
-3.305145 0.344894 -0.035888 4.980000
-2.411090 0.342908 -0.162252 5.000000
-2.227654 0.338592 -0.268917 5.020000
-1.440123 0.332206 -0.369142 5.040000
-1.591231 0.323995 -0.451382 5.060000
-2.326627 0.314143 -0.533254 5.080000
-2.594726 0.302549 -0.625507 5.100000
-1.921395 0.289099 -0.718862 5.120000
-2.126290 0.273952 -0.795105 5.140000
-1.706943 0.257284 -0.870944 5.160000
-0.811002 0.239226 -0.934155 5.180000
-1.584890 0.220122 -0.975479 5.200000
-0.845042 0.200086 -1.027337 5.220000
-1.789979 0.179205 -1.060011 5.240000
-1.587336 0.157531 -1.106488 5.260000
-1.785876 0.135018 -1.143961 5.280000
-1.546352 0.111767 -1.180290 5.300000
-0.900103 0.087889 -1.206726 5.320000
-0.606414 0.063660 -1.215287 5.340000
0.249966 0.039368 -1.213198 5.360000
0.426937 0.015333 -1.189519 5.380000
-0.420636 -0.008150 -1.158190 5.400000
-0.403016 -0.031137 -1.139759 5.420000
-1.120769 -0.053710 -1.116918 5.440000
-1.884043 -0.075930 -1.104367 5.460000
-2.248259 -0.098009 -1.102801 5.480000
-2.735708 -0.120085 -1.104092 5.500000
-2.634008 -0.142239 -1.110549 5.520000
-3.534564 -0.164457 -1.110455 5.540000
-2.856057 -0.186804 -1.123468 5.560000
-1.982954 -0.209231 -1.118486 5.580000
-2.280035 -0.231345 -1.092236 5.600000
-1.710485 -0.252952 -1.067892 5.620000
-1.642191 -0.273926 -1.028896 5.640000
-2.426656 -0.294074 -0.985344 5.660000
-2.612571 -0.313469 -0.953622 5.680000
-2.095987 -0.332232 -0.922215 5.700000
-2.201563 -0.350240 -0.878104 5.720000
-1.930008 -0.367359 -0.833372 5.740000
-1.362718 -0.383509 -0.781249 5.760000
-0.892260 -0.398491 -0.716745 5.780000
-1.299715 -0.412083 -0.642251 5.800000
-2.251201 -0.424249 -0.574225 5.820000
-2.509323 -0.435219 -0.522510 5.840000
-2.425090 -0.445189 -0.474405 5.860000
-2.548618 -0.454174 -0.423888 5.880000
-2.945331 -0.462163 -0.374906 5.900000
-3.300819 -0.469237 -0.332438 5.920000
-3.713590 -0.475520 -0.295748 5.940000
-2.870012 -0.481137 -0.265839 5.960000
-3.446023 -0.486002 -0.220649 5.980000
-4.279376 -0.490064 -0.185547 6.000000
-4.069538 -0.493569 -0.164921 6.020000
-3.276100 -0.496622 -0.140355 6.040000
-3.217869 -0.499044 -0.101894 6.060000
-4.177938 -0.500690 -0.062773 6.080000
-4.687513 -0.501726 -0.040836 6.100000
-4.020819 -0.502414 -0.028000 6.120000
-3.467195 -0.502731 -0.003738 6.140000
-2.995192 -0.502470 0.029659 6.160000
-2.650328 -0.501467 0.070461 6.180000
-3.059464 -0.499599 0.116163 6.200000
-3.393033 -0.496901 0.153394 6.220000
-4.120916 -0.493530 0.183469 6.240000
-3.701701 -0.489699 0.199507 6.260000
-3.396539 -0.485484 0.221720 6.280000
-3.433083 -0.480785 0.247927 6.300000
-3.719890 -0.475584 0.271967 6.320000
-3.455589 -0.469968 0.289371 6.340000
-2.700096 -0.463972 0.309905 6.360000
-3.618707 -0.457448 0.342159 6.380000
-3.543347 -0.450463 0.356085 6.400000
-2.874459 -0.443203 0.369615 6.420000
-3.779211 -0.435570 0.393337 6.440000
-3.335827 -0.427646 0.398755 6.460000
-2.826414 -0.419552 0.410409 6.480000
-3.093458 -0.411150 0.429380 6.500000
-3.524271 -0.402439 0.441404 6.520000
-2.726664 -0.393586 0.443543 6.540000
-3.501712 -0.384563 0.458417 6.560000
-4.188667 -0.375407 0.456919 6.580000
-4.468594 -0.366426 0.440900 6.600000
-4.054701 -0.357833 0.418159 6.620000
-4.811813 -0.349631 0.401773 6.640000
-4.524491 -0.341913 0.369932 6.660000
-5.405409 -0.334787 0.342495 6.680000
-6.170139 -0.328384 0.297663 6.700000
-6.516443 -0.323027 0.238084 6.720000
-6.292703 -0.318925 0.172122 6.740000
-5.550157 -0.316096 0.110898 6.760000
-5.910176 -0.314344 0.064360 6.780000
-6.850167 -0.313585 0.011688 6.800000
-7.361716 -0.314048 -0.057685 6.820000
-7.329817 -0.315979 -0.135047 6.840000
-6.524555 -0.319429 -0.209658 6.860000
-5.547918 -0.324197 -0.266712 6.880000
-5.673582 -0.329899 -0.303135 6.900000
-5.602240 -0.336332 -0.339860 6.920000
-5.036108 -0.343465 -0.373029 6.940000
-5.971260 -0.351132 -0.393367 6.960000
-6.486636 -0.359360 -0.428949 6.980000
-6.393663 -0.368368 -0.471441 7.000000
-7.099823 -0.378180 -0.509236 7.020000
-6.790020 -0.388848 -0.556929 7.040000
-7.531799 -0.400377 -0.595426 7.060000
-8.000000 -0.412777 -0.643889 7.080000
-7.907968 -0.426191 -0.696796 7.100000
-8.000000 -0.440602 -0.743628 7.120000
-8.000000 -0.455922 -0.787571 7.140000
-7.494026 -0.472074 -0.826803 7.160000
-6.510746 -0.488873 -0.852334 7.180000
-6.356784 -0.505965 -0.856155 7.200000
-6.355429 -0.523065 -0.853275 7.220000
-5.426334 -0.540069 -0.846488 7.240000
-4.649538 -0.556742 -0.820237 7.260000
-5.443434 -0.572728 -0.777891 7.280000
-5.661351 -0.587973 -0.746207 7.300000
-5.486251 -0.602594 -0.715420 7.320000
-4.598820 -0.616544 -0.679207 7.340000
-4.095865 -0.629604 -0.626449 7.360000
-4.474323 -0.641511 -0.564092 7.380000
-4.267059 -0.652220 -0.506644 7.400000
-5.017576 -0.661738 -0.444980 7.420000
-5.143827 -0.670133 -0.394389 7.440000
-4.522169 -0.677528 -0.345066 7.460000
-5.182025 -0.683836 -0.285678 7.480000
-5.131826 -0.689057 -0.236383 7.500000
-5.373095 -0.693284 -0.186281 7.520000
-5.233247 -0.696546 -0.140041 7.540000
-6.059299 -0.698866 -0.091989 7.560000
-5.758503 -0.700355 -0.056996 7.580000
-6.536752 -0.701103 -0.017891 7.600000
-7.041119 -0.701194 0.008754 7.620000
-7.809478 -0.700833 0.027205 7.640000
-8.000000 -0.700225 0.033538 7.660000
-7.904761 -0.699523 0.036697 7.680000
-8.000000 -0.698745 0.041051 7.700000
-7.069858 -0.697897 0.043672 7.720000
-7.894713 -0.696858 0.060128 7.740000
-8.000000 -0.695622 0.063449 7.760000
-7.360154 -0.694339 0.064788 7.780000
-8.000000 -0.692935 0.075511 7.800000
-8.000000 -0.691420 0.075909 7.820000
-7.455195 -0.689901 0.075919 7.840000
-7.245301 -0.688302 0.083868 7.860000
-8.000000 -0.686518 0.094461 7.880000
-7.545499 -0.684644 0.092830 7.900000
-7.900537 -0.682737 0.097738 7.920000
-8.000000 -0.680793 0.096616 7.940000
-8.000000 -0.678891 0.093505 7.960000
-8.000000 -0.677056 0.089987 7.980000
-7.818590 -0.675294 0.086088 8.000000
-8.000000 -0.673586 0.084638 8.020000
-7.167859 -0.671940 0.079990 8.040000
-7.406118 -0.670259 0.087927 8.060000
-7.727992 -0.668463 0.091588 8.080000
-7.647580 -0.666650 0.089729 8.100000
-7.132073 -0.664864 0.088715 8.120000
-8.000000 -0.663023 0.095317 8.140000
-8.000000 -0.661192 0.087788 8.160000
-8.000000 -0.659514 0.079968 8.180000
-8.000000 -0.657994 0.071902 8.200000
-7.925515 -0.656639 0.063636 8.220000
-8.000000 -0.655438 0.056384 8.240000
-7.682284 -0.654396 0.047824 8.260000
-7.087709 -0.653476 0.044184 8.280000
-7.732474 -0.652536 0.049742 8.300000
-7.367112 -0.651590 0.044812 8.320000
-6.507245 -0.650687 0.045507 8.340000
-5.798340 -0.649636 0.059510 8.360000
-5.291867 -0.648198 0.084134 8.380000
-5.693849 -0.646196 0.115887 8.400000
-5.034208 -0.643634 0.140151 8.420000
-4.530165 -0.640492 0.173762 8.440000
-4.469198 -0.636612 0.213968 8.460000
-5.099213 -0.631935 0.253454 8.480000
-4.191647 -0.626587 0.281021 8.500000
-3.311385 -0.620560 0.321404 8.520000
-3.698714 -0.613603 0.373868 8.540000
-4.384665 -0.605685 0.417541 8.560000
-4.251482 -0.597030 0.447478 8.580000
-4.357961 -0.587780 0.477135 8.600000
-4.257475 -0.577980 0.502461 8.620000
-4.353154 -0.567682 0.526849 8.640000
-3.526613 -0.556940 0.546952 8.660000
-3.505832 -0.545683 0.578289 8.680000
-3.205406 -0.533824 0.607021 8.700000
-2.386777 -0.521370 0.637864 8.720000
-3.130298 -0.508190 0.679647 8.740000
-2.660193 -0.494337 0.705083 8.760000
-1.872326 -0.479926 0.735413 8.780000
-1.602785 -0.464804 0.776137 8.800000
-1.438773 -0.448858 0.817891 8.820000
-1.610339 -0.432085 0.858670 8.840000
-1.601214 -0.414569 0.892316 8.860000
-2.084996 -0.396418 0.922063 8.880000
-2.270633 -0.377802 0.938831 8.900000
-2.154877 -0.358926 0.948168 8.920000
-2.566732 -0.339880 0.955730 8.940000
-2.867383 -0.320800 0.951664 8.960000
-2.108876 -0.301895 0.938207 8.980000
-2.101391 -0.283151 0.935597 9.000000
-3.047714 -0.264494 0.929477 9.020000
-2.431810 -0.246178 0.901676 9.040000
-3.212751 -0.228329 0.882614 9.060000
-3.346411 -0.211045 0.845320 9.080000
-3.747853 -0.194560 0.802742 9.100000
-3.794254 -0.179030 0.749940 9.120000
-3.417604 -0.164585 0.694218 9.140000
-4.397229 -0.151199 0.644131 9.160000
-3.423103 -0.139023 0.573253 9.180000
-2.751969 -0.128083 0.520542 9.200000
-2.439894 -0.118076 0.479961 9.220000
-3.177915 -0.108831 0.444409 9.240000
-3.518931 -0.100453 0.393276 9.260000
-2.837548 -0.093171 0.334871 9.280000
-2.582743 -0.086924 0.289714 9.300000
-3.323949 -0.081534 0.249327 9.320000
-2.580465 -0.077099 0.194134 9.340000
-2.299971 -0.073619 0.153934 9.360000
-3.085230 -0.070885 0.119458 9.380000
-2.105576 -0.068995 0.069695 9.400000
-2.260906 -0.067898 0.039981 9.420000
-2.388723 -0.067423 0.007632 9.440000
-3.093399 -0.067614 -0.026630 9.460000
-3.093375 -0.068623 -0.074021 9.480000
-2.602268 -0.070567 -0.120181 9.500000
-1.923689 -0.073324 -0.155257 9.520000
-2.816981 -0.076634 -0.175637 9.540000
-3.588515 -0.080519 -0.212546 9.560000
-3.421380 -0.085278 -0.263097 9.580000
-3.549837 -0.090996 -0.308304 9.600000
-4.331012 -0.097622 -0.353918 9.620000
-4.697613 -0.105291 -0.412591 9.640000
-4.058723 -0.114179 -0.475647 9.660000
-4.485632 -0.124170 -0.522968 9.680000
-4.047307 -0.135161 -0.575610 9.700000
-3.156332 -0.147086 -0.616273 9.720000
-3.438369 -0.159615 -0.636197 9.740000
-3.927623 -0.172569 -0.658667 9.760000
-4.490151 -0.186037 -0.687546 9.780000
-4.786349 -0.200158 -0.723959 9.800000
-5.653651 -0.215028 -0.762377 9.820000
-5.207136 -0.230795 -0.813574 9.840000
-4.769341 -0.247455 -0.851683 9.860000
-4.715404 -0.264749 -0.877025 9.880000
-4.307186 -0.282497 -0.897119 9.900000
-3.502819 -0.300528 -0.905270 9.920000
-4.181462 -0.318529 -0.894288 9.940000
-4.277320 -0.336404 -0.892555 9.960000
-3.868701 -0.354225 -0.888885 9.980000
-3.306501 -0.371859 -0.873973 10.000000
-3.305141 -0.389057 -0.845382 10.020000
-3.474659 -0.405655 -0.813879 10.040000
-2.518068 -0.421625 -0.782748 10.060000
-2.940257 -0.436774 -0.731812 10.080000
-2.813386 -0.450961 -0.686548 10.100000
-3.490546 -0.464201 -0.637182 10.120000
-3.837471 -0.476558 -0.598209 10.140000
-3.386491 -0.488180 -0.563647 10.160000
-3.678171 -0.499014 -0.519579 10.180000
-4.351509 -0.509005 -0.479334 10.200000
-4.658320 -0.518296 -0.449525 10.220000
-5.117184 -0.527031 -0.423669 10.240000
-5.918023 -0.535313 -0.404339 10.260000
-5.869770 -0.543331 -0.397221 10.280000
-6.853621 -0.551183 -0.387629 10.300000
-6.646491 -0.558992 -0.393017 10.320000
-6.410209 -0.566855 -0.392975 10.340000
-6.403176 -0.574660 -0.387158 10.360000
-7.092302 -0.582329 -0.379546 10.380000
-7.223293 -0.589945 -0.381684 10.400000
-6.867521 -0.597606 -0.384101 10.420000
-7.058390 -0.605238 -0.378817 10.440000
-7.296249 -0.612778 -0.374941 10.460000
-7.388207 -0.620263 -0.373188 10.480000
-8.000000 -0.627709 -0.371142 10.500000
-8.000000 -0.635195 -0.377104 10.520000
-8.000000 -0.642780 -0.381061 10.540000
-7.288214 -0.650424 -0.383034 10.560000
-6.762300 -0.657976 -0.371876 10.580000
-7.611873 -0.665206 -0.350932 10.600000
-6.738000 -0.672137 -0.341940 10.620000
-5.960764 -0.678738 -0.317954 10.640000
-6.197326 -0.684729 -0.281011 10.660000
-6.409748 -0.690011 -0.247152 10.680000
-5.474030 -0.694644 -0.216074 10.700000
-5.209734 -0.698509 -0.170416 10.720000
-5.307706 -0.701422 -0.120919 10.740000
-5.224464 -0.703364 -0.073362 10.760000
-6.060459 -0.704348 -0.025174 10.780000
-5.501627 -0.704503 0.009563 10.800000
-5.973096 -0.703886 0.051996 10.820000
-5.165083 -0.702502 0.086247 10.840000
-6.020340 -0.700320 0.131645 10.860000
-5.705286 -0.697376 0.162624 10.880000
-5.747570 -0.693776 0.197043 10.900000
-6.694622 -0.689511 0.229263 10.920000
-7.159267 -0.684762 0.245341 10.940000
-6.176986 -0.679778 0.252817 10.960000
-7.045038 -0.674507 0.274078 10.980000
-7.424444 -0.668961 0.280226 11.000000
-8.000000 -0.663367 0.279012 11.020000
-7.647947 -0.657900 0.267472 11.040000
-7.334581 -0.652620 0.260345 11.060000
-7.616808 -0.647444 0.257014 11.080000
-8.000000 -0.642392 0.248041 11.100000
-8.000000 -0.637590 0.231945 11.120000
-8.000000 -0.633120 0.215008 11.140000
-7.910822 -0.628995 0.197331 11.160000
-8.000000 -0.625216 0.180447 11.180000
-8.000000 -0.621795 0.161565 11.200000
-8.000000 -0.618756 0.142250 11.220000
-7.518453 -0.616107 0.122607 11.240000
-6.986104 -0.613776 0.110522 11.260000
-7.695323 -0.611602 0.106754 11.280000
-8.000000 -0.609624 0.091054 11.300000
-7.712464 -0.608010 0.070272 11.320000
-8.000000 -0.606766 0.054222 11.340000
-7.800784 -0.605888 0.033548 11.360000
-8.000000 -0.605389 0.016356 11.380000
-8.000000 -0.605265 -0.003818 11.400000
-8.000000 -0.605539 -0.023573 11.420000
-7.587972 -0.606204 -0.042820 11.440000
-7.567979 -0.607181 -0.054774 11.460000
-8.000000 -0.608389 -0.065898 11.480000
-8.000000 -0.609884 -0.083490 11.500000
-8.000000 -0.611723 -0.100317 11.520000
-7.545892 -0.613891 -0.116309 11.540000
-8.000000 -0.616296 -0.124066 11.560000
-8.000000 -0.618922 -0.138388 11.580000
-7.817774 -0.621825 -0.151734 11.600000
-7.875060 -0.624955 -0.161130 11.620000
-7.015972 -0.628273 -0.170460 11.640000
-7.851457 -0.631629 -0.165023 11.660000
-7.044582 -0.635003 -0.172231 11.680000
-6.896588 -0.638382 -0.165606 11.700000
-7.134150 -0.641599 -0.155971 11.720000
-7.193135 -0.644655 -0.149550 11.740000
-7.819056 -0.647587 -0.143469 11.760000
-7.403178 -0.650489 -0.146685 11.780000
-7.520832 -0.653383 -0.142568 11.800000
-7.266136 -0.656207 -0.139687 11.820000
-6.980174 -0.658926 -0.132191 11.840000
-6.819937 -0.661446 -0.119736 11.860000
-6.513347 -0.663688 -0.104458 11.880000
-6.605680 -0.665575 -0.084216 11.900000
-7.387072 -0.667072 -0.065419 11.920000
-7.094407 -0.668314 -0.058829 11.940000
-7.413243 -0.669378 -0.047542 11.960000
-7.225981 -0.670266 -0.041195 11.980000
-6.933612 -0.670996 -0.031872 12.000000
-7.460139 -0.671495 -0.018049 12.020000
-6.503297 -0.671801 -0.012570 12.040000
-6.248467 -0.671850 0.007678 12.060000
-5.736172 -0.671457 0.031437 12.080000
-5.484592 -0.670517 0.062521 12.100000
-6.290278 -0.668923 0.096612 12.120000
-5.607486 -0.666785 0.117089 12.140000
-6.424273 -0.664140 0.147249 12.160000
-6.119310 -0.661031 0.163419 12.180000
-6.765463 -0.657562 0.183283 12.200000
-7.019168 -0.653810 0.191785 12.220000
-6.044093 -0.649938 0.195226 12.240000
-6.236755 -0.645853 0.213050 12.260000
-7.179608 -0.641455 0.226505 12.280000
-6.817883 -0.636952 0.223682 12.300000
-5.913908 -0.632457 0.225603 12.320000
-6.039662 -0.627790 0.240870 12.340000
-5.787743 -0.622852 0.252730 12.360000
-5.954529 -0.617649 0.267263 12.380000
-5.091962 -0.612198 0.277612 12.400000
-4.871835 -0.606414 0.300494 12.420000
-3.964889 -0.600154 0.325206 12.440000
-3.324983 -0.593270 0.362878 12.460000
-3.563745 -0.585548 0.408843 12.480000
-3.077105 -0.576972 0.448330 12.500000
-2.335823 -0.567551 0.493328 12.520000
-1.666095 -0.557134 0.547906 12.540000
-0.903427 -0.545543 0.610620 12.560000
-0.090656 -0.532602 0.682808 12.580000
0.290944 -0.518117 0.765075 12.600000
0.975033 -0.501961 0.849710 12.620000
0.835754 -0.484039 0.941751 12.640000
1.069755 -0.464348 1.026451 12.660000
0.964512 -0.442973 1.110227 12.680000
1.498804 -0.419994 1.186760 12.700000
1.002944 -0.395442 1.267464 12.720000
0.453831 -0.369426 1.333217 12.740000
0.816327 -0.342255 1.382850 12.760000
1.020401 -0.314083 1.433318 12.780000
0.035677 -0.284925 1.481500 12.800000
-0.412408 -0.255053 1.504599 12.820000
0.076775 -0.224868 1.512985 12.840000
-0.558674 -0.194479 1.524896 12.860000
-0.469632 -0.164036 1.518402 12.880000
0.443794 -0.133763 1.507913 12.900000
0.532912 -0.103577 1.509745 12.920000
-0.262772 -0.073395 1.507498 12.940000
0.592268 -0.043473 1.483768 12.960000
0.489797 -0.013910 1.471663 12.980000
0.835135 0.015337 1.452067 13.000000
0.171156 0.044207 1.434051 13.020000
-0.187326 0.072532 1.397698 13.040000
0.247328 0.100012 1.349581 13.060000
-0.375537 0.126573 1.305764 13.080000
-1.083179 0.152092 1.245567 13.100000
-1.273429 0.176233 1.167999 13.120000
-0.434875 0.198756 1.083895 13.140000
0.529571 0.219736 1.013672 13.160000
0.423090 0.239474 0.959623 13.180000
0.876511 0.258083 0.900937 13.200000
0.762035 0.275583 0.848650 13.220000
1.433802 0.291993 0.791975 13.240000
1.841669 0.307377 0.746111 13.260000
0.948160 0.321901 0.705942 13.280000
1.863621 0.335434 0.647074 13.300000
2.656664 0.347947 0.603989 13.320000
3.347925 0.359731 0.574122 13.340000
3.777974 0.371029 0.555325 13.360000
3.707130 0.382011 0.542538 13.380000
4.564095 0.392704 0.526452 13.400000
3.826614 0.403214 0.524132 13.420000
3.500274 0.413520 0.506225 13.440000
2.991571 0.423392 0.480665 13.460000
2.517938 0.432645 0.444480 13.480000
2.798089 0.441078 0.398734 13.500000
2.065814 0.448640 0.357329 13.520000
2.713927 0.455237 0.302288 13.540000
2.588976 0.460847 0.258677 13.560000
2.098405 0.465560 0.212695 13.580000
1.116164 0.469268 0.158123 13.600000
1.627800 0.471715 0.086701 13.620000
2.353210 0.472834 0.025391 13.640000
2.596545 0.472866 -0.022020 13.660000
2.482005 0.472003 -0.064119 13.680000
2.176500 0.470288 -0.107152 13.700000
1.609772 0.467671 -0.154308 13.720000
2.521087 0.464026 -0.209954 13.740000
2.300711 0.459448 -0.247566 13.760000
1.615729 0.454095 -0.287376 13.780000
1.065798 0.447843 -0.337480 13.800000
0.682954 0.440512 -0.395144 13.820000
0.169028 0.431986 -0.457074 13.840000
0.200357 0.422156 -0.525372 13.860000
0.486652 0.410998 -0.589877 13.880000
-0.197304 0.398636 -0.645780 13.900000
0.168930 0.385064 -0.710726 13.920000
0.421621 0.370300 -0.765115 13.940000
0.069055 0.354532 -0.810966 13.960000
-0.471869 0.337821 -0.859473 13.980000
-1.140688 0.320079 -0.913996 14.000000
-0.870947 0.301164 -0.976728 14.020000
-0.763119 0.281093 -1.029616 14.040000
-0.314820 0.260032 -1.075661 14.060000
0.393520 0.238185 -1.108247 14.080000
-0.391945 0.215871 -1.122385 14.100000
-1.180957 0.193168 -1.147171 14.120000
-2.120539 0.169862 -1.182488 14.140000
-2.535632 0.145718 -1.231040 14.160000
-2.293189 0.120576 -1.282196 14.180000
-1.560467 0.094517 -1.322784 14.200000
-1.882410 0.067848 -1.343122 14.220000
-1.238186 0.040765 -1.364276 14.240000
-1.855061 0.013443 -1.367020 14.260000
-0.923014 -0.014003 -1.376623 14.280000
-0.761490 -0.041400 -1.362245 14.300000
-1.046802 -0.068427 -1.339659 14.320000
-0.888677 -0.095011 -1.317935 14.340000
-0.582570 -0.121082 -1.288389 14.360000
-0.802475 -0.146457 -1.248408 14.380000
-0.632016 -0.171034 -1.208682 14.400000
-1.177397 -0.194745 -1.161739 14.420000
-0.240929 -0.217586 -1.121811 14.440000
-0.387437 -0.239412 -1.060263 14.460000
-0.316870 -0.260006 -0.998722 14.480000
-1.204882 -0.279330 -0.933270 14.500000
-0.273025 -0.297492 -0.882447 14.520000
0.495443 -0.314436 -0.811650 14.540000
1.074939 -0.329802 -0.724810 14.560000
1.503658 -0.343313 -0.626250 14.580000
2.344997 -0.354770 -0.519472 14.600000
3.341240 -0.363938 -0.397439 14.620000
3.715469 -0.370491 -0.258113 14.640000
2.928388 -0.374206 -0.113837 14.660000
2.743595 -0.375206 0.013437 14.680000
3.367784 -0.373720 0.134745 14.700000
3.203941 -0.369720 0.264725 14.720000
2.936026 -0.363184 0.388274 14.740000
2.671681 -0.354263 0.503178 14.760000
3.530194 -0.343132 0.609262 14.780000
3.286416 -0.329759 0.727272 14.800000
4.206723 -0.314118 0.836026 14.820000
3.209104 -0.296177 0.957248 14.840000
2.873785 -0.276055 1.054042 14.860000
3.372047 -0.254116 1.138944 14.880000
2.604637 -0.230439 1.227784 14.900000
2.211034 -0.205193 1.295774 14.920000
2.967731 -0.178725 1.350121 14.940000
2.310988 -0.151081 1.413217 14.960000
3.150420 -0.122368 1.457019 14.980000
3.306216 -0.092676 1.511019 15.000000
3.757255 -0.061941 1.561361 15.020000
2.814884 -0.030178 1.613702 15.040000
2.986096 0.002372 1.640175 15.060000
2.772921 0.035417 1.663143 15.080000
1.781207 0.068809 1.674927 15.100000
1.388222 0.102172 1.660316 15.120000
1.213438 0.135102 1.631747 15.140000
1.295681 0.167368 1.593931 15.160000
1.049214 0.198839 1.552240 15.180000
0.066098 0.229375 1.500547 15.200000
-0.551444 0.258639 1.425191 15.220000
-0.515497 0.286239 1.334204 15.240000
0.287515 0.311994 1.240813 15.260000
-0.406557 0.336005 1.159831 15.280000
0.045349 0.358239 1.063245 15.300000
-0.360927 0.378606 0.973110 15.320000
-1.263191 0.397077 0.873802 15.340000
-2.133245 0.413386 0.756974 15.360000
-2.377158 0.427197 0.624203 15.380000
-1.429865 0.438314 0.487693 15.400000
-0.778751 0.446883 0.369306 15.420000
-0.730489 0.453211 0.263663 15.440000
-1.339095 0.457446 0.160085 15.460000
-0.739744 0.459516 0.047221 15.480000
-1.469416 0.459455 -0.052930 15.500000
-0.616168 0.457283 -0.163870 15.520000
-0.288166 0.453071 -0.256919 15.540000
-0.977398 0.447083 -0.341412 15.560000
-1.728514 0.439310 -0.435374 15.580000
-1.228942 0.429555 -0.539502 15.600000
-1.038092 0.417845 -0.630806 15.620000
-0.247761 0.404384 -0.714727 15.640000
-0.762584 0.389428 -0.780127 15.660000
-0.605532 0.373111 -0.850917 15.680000
-0.431301 0.355450 -0.914421 15.700000
0.113175 0.336596 -0.970173 15.720000
0.053519 0.316776 -1.011118 15.740000
0.226883 0.296171 -1.048636 15.760000
-0.301859 0.274894 -1.078221 15.780000
-0.523678 0.252972 -1.113269 15.800000
-1.498996 0.230353 -1.147735 15.820000
-1.830856 0.206906 -1.196079 15.840000
-1.249194 0.182481 -1.245512 15.860000
-1.384435 0.157237 -1.278033 15.880000
-2.294071 0.131370 -1.307760 15.900000
-2.421281 0.104784 -1.349837 15.920000
-1.538772 0.077390 -1.388507 15.940000
-1.385368 0.049459 -1.403715 15.960000
-1.692153 0.021310 -1.410191 15.980000
-2.436698 -0.006973 -1.417157 16.000000
-3.384199 -0.035486 -1.433209 16.020000
-4.056802 -0.064450 -1.462063 16.040000
-4.235398 -0.094060 -1.497827 16.060000
-4.721079 -0.124353 -1.530383 16.080000
-5.036563 -0.155325 -1.565602 16.100000
-4.189560 -0.186991 -1.599821 16.120000
-5.160000 -0.219104 -1.610256 16.140000
-4.485642 -0.251543 -1.632478 16.160000
-5.456266 -0.284224 -1.634430 16.180000
-5.379118 -0.317059 -1.647787 16.200000
-6.332029 -0.350071 -1.652254 16.220000
-6.822087 -0.383277 -1.667005 16.240000
-7.154049 -0.416789 -1.682834 16.260000
-6.575626 -0.450596 -1.696501 16.280000
-6.172433 -0.484491 -1.691665 16.300000
-5.303276 -0.518141 -1.672072 16.320000
-5.283022 -0.551177 -1.630413 16.340000
-5.950587 -0.583312 -1.582061 16.360000
-6.047563 -0.614529 -1.538629 16.380000
-6.874912 -0.644832 -1.490642 16.400000
-6.681069 -0.674246 -1.449773 16.420000
-5.783538 -0.702752 -1.399896 16.440000
-5.533091 -0.730070 -1.331079 16.460000
-5.835902 -0.755929 -1.254096 16.480000
-4.869332 -0.780251 -1.177521 16.500000
-5.851161 -0.802870 -1.083865 16.520000
-5.735963 -0.823723 -1.000985 16.540000
-4.902266 -0.842876 -0.913873 16.560000
-4.464726 -0.860154 -0.813712 16.580000
-3.527246 -0.875359 -0.706680 16.600000
-4.259116 -0.888299 -0.587261 16.620000
-5.155640 -0.898943 -0.477206 16.640000
-6.071310 -0.907500 -0.378527 16.660000
-6.068157 -0.914199 -0.291396 16.680000
-5.193907 -0.919159 -0.204707 16.700000
-4.698390 -0.922288 -0.108394 16.720000
-3.815273 -0.923445 -0.007639 16.740000
-3.912639 -0.922500 0.101692 16.760000
-3.561123 -0.919406 0.207333 16.780000
-4.247139 -0.914184 0.314369 16.800000
-5.109425 -0.906936 0.409865 16.820000
-5.030344 -0.897918 0.491374 16.840000
-5.929999 -0.887295 0.570285 16.860000
-6.037564 -0.875245 0.634032 16.880000
-6.415654 -0.861974 0.692422 16.900000
-5.451926 -0.847625 0.741741 16.920000
-4.886683 -0.832206 0.799494 16.940000
-5.103785 -0.815600 0.860336 16.960000
-5.450549 -0.797853 0.913502 16.980000
-6.219697 -0.779140 0.956982 17.000000
-5.887867 -0.759716 0.984577 17.020000
-6.679229 -0.739742 1.011991 17.040000
-6.383039 -0.719387 1.022700 17.060000
-7.084754 -0.698823 1.032878 17.080000
-6.883831 -0.678212 1.027386 17.100000
-7.427628 -0.657728 1.020213 17.120000
-7.169817 -0.637521 0.999770 17.140000
-7.063695 -0.617726 0.978993 17.160000
-7.933040 -0.598372 0.955646 17.180000
-8.000000 -0.579671 0.913891 17.200000
-8.000000 -0.561853 0.867309 17.220000
-7.133292 -0.545001 0.817339 17.240000
-6.953594 -0.529032 0.779039 17.260000
-7.844345 -0.513828 0.740862 17.280000
-7.271927 -0.499570 0.684524 17.300000
-6.709689 -0.486362 0.635930 17.320000
-6.081222 -0.474048 0.595128 17.340000
-5.250693 -0.462459 0.563455 17.360000
-5.690140 -0.451375 0.544595 17.380000
-5.020324 -0.440767 0.515868 17.400000
-4.350911 -0.430631 0.497420 17.420000
-5.092030 -0.420761 0.489235 17.440000
-5.700428 -0.411209 0.465720 17.460000
-4.747302 -0.402254 0.429583 17.480000
-5.092258 -0.393859 0.409634 17.500000
-5.440262 -0.385941 0.382003 17.520000
-4.604922 -0.378651 0.346867 17.540000
-3.825874 -0.371917 0.326279 17.560000
-3.701643 -0.365462 0.319083 17.580000
-4.538615 -0.359139 0.312998 17.600000
-4.816495 -0.353105 0.290214 17.620000
-4.765099 -0.347588 0.261479 17.640000
-5.326769 -0.342640 0.233146 17.660000
-4.421232 -0.338370 0.193899 17.680000
-3.695982 -0.334715 0.171497 17.700000
-4.561604 -0.331376 0.162373 17.720000
-4.690799 -0.328386 0.136552 17.740000
-5.668349 -0.325938 0.108240 17.760000
-4.985199 -0.324240 0.061696 17.780000
-4.456693 -0.323337 0.028618 17.800000
-4.118050 -0.322992 0.005989 17.820000
-4.591500 -0.323031 -0.009864 17.840000
-4.569991 -0.323473 -0.034245 17.860000
-5.261266 -0.324393 -0.057594 17.880000
-6.023623 -0.325903 -0.093197 17.900000
-6.134529 -0.328257 -0.141976 17.920000
-6.328401 -0.331592 -0.191234 17.940000
-6.022009 -0.335930 -0.242289 17.960000
-5.033416 -0.341212 -0.285527 17.980000
-5.302835 -0.347152 -0.308224 18.000000
-5.555462 -0.353579 -0.334145 18.020000
-6.441464 -0.360552 -0.362776 18.040000
-6.352949 -0.368240 -0.405623 18.060000
-6.472556 -0.376743 -0.444149 18.080000
-5.516546 -0.386010 -0.482096 18.100000
-5.070031 -0.395831 -0.499605 18.120000
-5.312331 -0.405895 -0.506423 18.140000
-6.254030 -0.416117 -0.515295 18.160000
-6.769548 -0.426662 -0.538728 18.180000
-7.251741 -0.437739 -0.568505 18.200000
-6.695419 -0.449467 -0.603666 18.220000
-7.017514 -0.461763 -0.625383 18.240000
-7.521266 -0.474517 -0.649448 18.260000
-7.588451 -0.487806 -0.678806 18.280000
-7.588822 -0.501655 -0.705479 18.300000
-7.394662 -0.515999 -0.728211 18.320000
-7.373555 -0.530724 -0.743629 18.340000
-7.098724 -0.545715 -0.754794 18.360000
-7.407375 -0.560843 -0.757464 18.380000
-8.000000 -0.576040 -0.761608 18.400000
-8.000000 -0.591381 -0.771759 18.420000
-8.000000 -0.606884 -0.777861 18.440000
-7.255443 -0.622469 -0.779959 18.460000
-7.732076 -0.637936 -0.766216 18.480000
-7.435073 -0.653170 -0.756579 18.500000
-8.000000 -0.668129 -0.738755 18.520000
-8.000000 -0.682787 -0.726410 18.540000
-8.000000 -0.697163 -0.710671 18.560000
-7.508766 -0.711192 -0.691686 18.580000
-8.000000 -0.724736 -0.662294 18.600000
-7.097228 -0.737739 -0.637490 18.620000
-7.060446 -0.750086 -0.596848 18.640000
-7.476172 -0.761594 -0.553643 18.660000
-7.534594 -0.772279 -0.514594 18.680000
-7.122699 -0.782174 -0.474649 18.700000
-6.342086 -0.791197 -0.427437 18.720000
-6.294777 -0.799156 -0.368324 18.740000
-6.847271 -0.805920 -0.308072 18.760000
-6.058441 -0.811553 -0.255178 18.780000
-6.754842 -0.816019 -0.191430 18.800000
-6.893039 -0.819308 -0.137525 18.820000
-6.626411 -0.821541 -0.085919 18.840000
-6.419514 -0.822713 -0.031345 18.860000
-6.537898 -0.822774 0.025075 18.880000
-5.963128 -0.821734 0.078671 18.900000
-6.799909 -0.819558 0.138602 18.920000
-7.773834 -0.816315 0.185420 18.940000
-6.946154 -0.812286 0.217228 18.960000
-7.493523 -0.807524 0.258633 18.980000
-6.520654 -0.802030 0.290503 19.000000
-6.914727 -0.795783 0.333763 19.020000
-5.987476 -0.788750 0.369170 19.040000
-6.903760 -0.780902 0.415129 19.060000
-7.232669 -0.772293 0.445410 19.080000
-7.522313 -0.763151 0.468322 19.100000
-7.919438 -0.753619 0.484379 19.120000
-8.000000 -0.743851 0.492006 19.140000
-7.200403 -0.733968 0.495855 19.160000
-7.464992 -0.723916 0.508947 19.180000
-6.513672 -0.713668 0.515400 19.200000
-5.934761 -0.703174 0.533509 19.220000
-6.730591 -0.692258 0.557569 19.240000
-7.009654 -0.681013 0.566472 19.260000
-6.870190 -0.669662 0.568233 19.280000
-6.261629 -0.658280 0.569424 19.300000
-7.059556 -0.646807 0.577464 19.320000
-6.674940 -0.635327 0.570041 19.340000
-6.215800 -0.623961 0.566190 19.360000
-6.102615 -0.612623 0.567161 19.380000
-5.753980 -0.601273 0.567350 19.400000
-5.360559 -0.589889 0.570655 19.420000
-5.171358 -0.578399 0.577826 19.440000
-5.593338 -0.566762 0.585454 19.460000
-6.394570 -0.555070 0.583300 19.480000
-6.269224 -0.543583 0.565064 19.500000
-6.750889 -0.532461 0.546703 19.520000
-5.918513 -0.521812 0.517953 19.540000
-5.232737 -0.511612 0.501659 19.560000
-4.463259 -0.501639 0.495280 19.580000
-5.447964 -0.491680 0.500235 19.600000
-5.341070 -0.481817 0.485742 19.620000
-4.824745 -0.472244 0.471259 19.640000
-5.522579 -0.462887 0.464102 19.660000
-6.511917 -0.453817 0.442697 19.680000
-6.831109 -0.445367 0.402116 19.700000
-7.139969 -0.437796 0.354775 19.720000
-7.394017 -0.431236 0.301175 19.740000
-8.000000 -0.425798 0.242646 19.760000
-7.268261 -0.421640 0.173195 19.780000
-8.000000 -0.418734 0.117501 19.800000
-7.962710 -0.417069 0.049123 19.820000
-7.931217 -0.416754 -0.017464 19.840000
-7.787207 -0.417752 -0.082078 19.860000
-8.000000 -0.420000 -0.142414 19.880000
-7.516410 -0.423475 -0.204713 19.900000
-7.444286 -0.428087 -0.256075 19.920000
-7.456053 -0.433690 -0.303902 19.940000
-8.000000 -0.440229 -0.349547 19.960000
-7.293673 -0.447752 -0.402341 19.980000
