-0.844993 -0.105942 -0.370367 0.000000
-1.305822 -0.113232 -0.358435 0.020000
-1.968012 -0.120363 -0.354402 0.040000
-1.149960 -0.127530 -0.362064 0.060000
-1.222616 -0.134674 -0.352096 0.080000
-0.710802 -0.141621 -0.342375 0.100000
-0.254707 -0.148261 -0.321486 0.120000
-0.730868 -0.154385 -0.290842 0.140000
0.110514 -0.159984 -0.268991 0.160000
0.728189 -0.164975 -0.230100 0.180000
0.601750 -0.169067 -0.179047 0.200000
0.893565 -0.172164 -0.130795 0.220000
0.720532 -0.174244 -0.077316 0.240000
1.512937 -0.175296 -0.027977 0.260000
2.353662 -0.175214 0.035931 0.280000
2.723840 -0.173704 0.114824 0.300000
3.418129 -0.170562 0.198952 0.320000
3.445302 -0.165626 0.294235 0.340000
3.553958 -0.158807 0.387101 0.360000
3.289134 -0.150142 0.478853 0.380000
3.951162 -0.139729 0.561866 0.400000
3.144403 -0.127562 0.654161 0.420000
3.310936 -0.113749 0.726393 0.440000
3.643658 -0.098500 0.797773 0.460000
4.068069 -0.081802 0.871320 0.480000
4.181603 -0.063595 0.948519 0.500000
3.978400 -0.043873 1.022857 0.520000
4.552944 -0.022757 1.087813 0.540000
4.805624 -0.000282 1.158670 0.560000
5.376115 0.023601 1.228628 0.580000
4.408233 0.048935 1.303661 0.600000
4.236035 0.075511 1.352906 0.620000
3.938173 0.102974 1.392369 0.640000
3.778201 0.131104 1.419584 0.660000
3.438477 0.159684 1.437378 0.680000
4.255856 0.188491 1.442352 0.700000
4.790703 0.217498 1.457205 0.720000
4.028599 0.246841 1.476013 0.740000
3.106802 0.276348 1.473645 0.760000
3.686939 0.305570 1.447711 0.780000
4.563476 0.334330 1.427295 0.800000
4.232191 0.362789 1.417670 0.820000
5.036436 0.390936 1.396090 0.840000
4.401077 0.418744 1.383665 0.860000
3.722374 0.446130 1.354047 0.880000
4.689533 0.472750 1.307223 0.900000
4.883924 0.498559 1.272857 0.920000
5.823109 0.523666 1.237059 0.940000
6.658681 0.548171 1.212595 0.960000
6.288354 0.572278 1.197149 0.980000
6.016382 0.595960 1.170284 1.000000
6.684968 0.619012 1.134140 1.020000
5.831573 0.641404 1.104247 1.040000
6.111227 0.663016 1.056348 1.060000
6.445735 0.683676 1.008992 1.080000
7.420693 0.703403 0.963086 1.100000
7.674662 0.722323 0.928242 1.120000
7.880152 0.740545 0.893322 1.140000
6.913670 0.758061 0.857681 1.160000
6.192747 0.774690 0.804717 1.180000
6.018790 0.790130 0.738914 1.200000
5.870580 0.804209 0.668705 1.220000
5.663966 0.816847 0.594919 1.240000
6.626851 0.827970 0.517224 1.260000
6.795900 0.837661 0.451673 1.280000
6.428285 0.846054 0.387593 1.300000
6.531377 0.853113 0.318204 1.320000
6.767356 0.858796 0.250102 1.340000
6.682899 0.863149 0.185269 1.360000
5.801803 0.866198 0.119790 1.380000
5.506438 0.867832 0.043786 1.400000
5.719784 0.867921 -0.034677 1.420000
5.670015 0.866484 -0.108711 1.440000
6.486031 0.863579 -0.181457 1.460000
7.366311 0.859346 -0.241480 1.480000
6.371181 0.854049 -0.287827 1.500000
6.472869 0.847718 -0.344869 1.520000
6.097544 0.840285 -0.397908 1.540000
5.632178 0.831771 -0.453084 1.560000
6.420858 0.822120 -0.511411 1.580000
6.911142 0.811443 -0.555713 1.600000
6.222125 0.799982 -0.589911 1.620000
6.520596 0.787774 -0.630237 1.640000
5.532315 0.774838 -0.662746 1.660000
6.166293 0.761148 -0.705643 1.680000
6.300894 0.746730 -0.735496 1.700000
6.130192 0.731774 -0.759477 1.720000
6.641331 0.716352 -0.782056 1.740000
6.976382 0.700595 -0.792972 1.760000
7.860867 0.684710 -0.794876 1.780000
8.000000 0.668962 -0.779322 1.800000
8.000000 0.653583 -0.758027 1.820000
7.546525 0.638663 -0.733361 1.840000
7.725372 0.624197 -0.712756 1.860000
6.993139 0.610203 -0.686185 1.880000
6.536187 0.596649 -0.668685 1.900000
5.870229 0.583399 -0.655859 1.920000
5.255736 0.570323 -0.651272 1.940000
5.639193 0.557264 -0.654110 1.960000
5.148198 0.544243 -0.647552 1.980000
5.548827 0.531297 -0.646570 2.000000
5.838564 0.518467 -0.635917 2.020000
5.193486 0.505928 -0.617643 2.040000
4.770587 0.493665 -0.608145 2.060000
5.626298 0.481544 -0.603558 2.080000
5.140630 0.469691 -0.581406 2.100000
4.655185 0.458216 -0.565689 2.120000
5.048654 0.446991 -0.556443 2.140000
5.196406 0.436044 -0.537952 2.160000
4.459522 0.425513 -0.514825 2.180000
3.968622 0.415329 -0.503210 2.200000
3.394695 0.405308 -0.498587 2.220000
2.551864 0.395294 -0.502429 2.240000
3.459891 0.385070 -0.519559 2.260000
2.785029 0.374695 -0.517598 2.280000
2.452036 0.364255 -0.526000 2.300000
3.158871 0.353608 -0.538291 2.320000
2.896684 0.342871 -0.535052 2.340000
2.519038 0.332171 -0.534592 2.360000
1.952614 0.321431 -0.539058 2.380000
1.495436 0.310517 -0.551934 2.400000
0.894794 0.299283 -0.571016 2.420000
0.377815 0.287580 -0.598881 2.440000
1.026303 0.275248 -0.633734 2.460000
0.436699 0.262375 -0.653132 2.480000
-0.487526 0.249029 -0.680918 2.500000
0.376407 0.234981 -0.723321 2.520000
1.040965 0.220287 -0.745531 2.540000
0.449853 0.205311 -0.751602 2.560000
0.355860 0.190128 -0.766103 2.580000
0.431644 0.174670 -0.779201 2.600000
0.491419 0.158997 -0.787566 2.620000
0.439226 0.143200 -0.791557 2.640000
1.144257 0.127345 -0.793430 2.660000
1.178327 0.111622 -0.778344 2.680000
1.536853 0.096236 -0.759846 2.700000
1.119197 0.081317 -0.731679 2.720000
0.803970 0.066902 -0.709446 2.740000
0.296262 0.052892 -0.691112 2.760000
0.293938 0.039172 -0.680489 2.780000
0.004229 0.025688 -0.667480 2.800000
-0.900429 0.012431 -0.657871 2.820000
-1.476786 -0.000790 -0.663800 2.840000
-1.593052 -0.014218 -0.678442 2.860000
-1.093019 -0.027932 -0.692456 2.880000
-0.695037 -0.041797 -0.693606 2.900000
-1.540037 -0.055579 -0.684166 2.920000
-0.579942 -0.069315 -0.688941 2.940000
-0.113782 -0.082928 -0.671982 2.960000
-0.769991 -0.096087 -0.643561 2.980000
-0.026329 -0.108787 -0.626131 3.000000
-0.594976 -0.120971 -0.591992 3.020000
-0.819437 -0.132568 -0.567411 3.040000
-1.000904 -0.143700 -0.545516 3.060000
-0.024575 -0.154413 -0.525486 3.080000
0.270562 -0.164517 -0.484731 3.100000
0.908374 -0.173738 -0.437170 3.120000
0.915617 -0.181875 -0.376467 3.140000
0.208510 -0.188793 -0.315412 3.160000
-0.359720 -0.194629 -0.268122 3.180000
0.181629 -0.199628 -0.231778 3.200000
0.057157 -0.203794 -0.184772 3.220000
-0.035097 -0.207045 -0.140407 3.240000
-0.499773 -0.209430 -0.098175 3.260000
-0.286231 -0.211065 -0.065399 3.280000
0.146711 -0.212007 -0.028890 3.300000
0.576990 -0.212141 0.015382 3.320000
1.429080 -0.211315 0.067044 3.340000
0.601391 -0.209302 0.133921 3.360000
1.324041 -0.206131 0.182955 3.380000
1.350742 -0.201855 0.244335 3.400000
0.407834 -0.196366 0.304115 3.420000
0.174643 -0.189889 0.343273 3.440000
0.266205 -0.182695 0.375824 3.460000
-0.285925 -0.174852 0.408084 3.480000
-1.223660 -0.166494 0.427387 3.500000
-0.227048 -0.157954 0.426351 3.520000
0.154659 -0.149255 0.443159 3.540000
-0.295448 -0.140166 0.465402 3.560000
-0.684096 -0.130743 0.476595 3.580000
-0.273218 -0.121193 0.478096 3.600000
-0.509109 -0.111550 0.485786 3.620000
-0.108241 -0.101821 0.486804 3.640000
-0.498308 -0.092012 0.493808 3.660000
-0.398419 -0.082160 0.491074 3.680000
-1.176173 -0.072361 0.488458 3.700000
-1.416792 -0.062788 0.468643 3.720000
-1.198285 -0.053673 0.442638 3.740000
-1.896201 -0.045047 0.419739 3.760000
-1.413284 -0.037030 0.381859 3.780000
-1.769130 -0.029682 0.352788 3.800000
-1.210571 -0.022994 0.315880 3.820000
-1.561287 -0.016939 0.289522 3.840000
-0.956087 -0.011487 0.255622 3.860000
-0.582129 -0.006596 0.233375 3.880000
-1.350114 -0.002081 0.218063 3.900000
-1.849934 0.001970 0.187010 3.920000
-1.526019 0.005300 0.145957 3.940000
-1.604242 0.007874 0.111560 3.960000
-2.319849 0.009748 0.075864 3.980000
-2.644325 0.010770 0.026421 4.000000
-1.874115 0.010746 -0.028565 4.020000
-1.753799 0.009788 -0.067112 4.040000
-1.442676 0.008093 -0.102255 4.060000
-0.661297 0.005767 -0.130150 4.080000
-1.631053 0.003049 -0.141525 4.100000
-1.165191 -0.000082 -0.171316 4.120000
-1.542515 -0.003703 -0.190634 4.140000
-0.997895 -0.007774 -0.216296 4.160000
-1.554988 -0.012238 -0.229833 4.180000
-2.518979 -0.017071 -0.253232 4.200000
-2.647021 -0.022549 -0.294255 4.220000
-3.309903 -0.028853 -0.335850 4.240000
-2.818620 -0.036100 -0.388419 4.260000
-2.555108 -0.044275 -0.428709 4.280000
-2.770092 -0.053180 -0.461310 4.300000
-2.021566 -0.062754 -0.495701 4.320000
-2.426193 -0.072842 -0.512679 4.340000
-2.424691 -0.083326 -0.535289 4.360000
-3.365705 -0.094236 -0.555310 4.380000
-2.640900 -0.105707 -0.591268 4.400000
-2.756208 -0.117723 -0.609896 4.420000
-2.422853 -0.130107 -0.627994 4.440000
-2.105044 -0.142758 -0.636694 4.460000
-2.832062 -0.155494 -0.636471 4.480000
-2.566209 -0.168343 -0.647929 4.500000
-1.611201 -0.181340 -0.651380 4.520000
-1.469766 -0.194194 -0.633592 4.540000
-1.200407 -0.206642 -0.610923 4.560000
-0.429742 -0.218565 -0.581101 4.580000
-0.937015 -0.229726 -0.534740 4.600000
-1.678422 -0.240046 -0.497018 4.620000
-1.849192 -0.249742 -0.472360 4.640000
-1.711362 -0.258964 -0.449607 4.660000
-1.504331 -0.267691 -0.422901 4.680000
-1.410178 -0.275833 -0.391119 4.700000
-2.145417 -0.283312 -0.356653 4.720000
-2.717235 -0.290234 -0.335439 4.740000
-1.884268 -0.296832 -0.324148 4.760000
-0.990812 -0.303035 -0.296029 4.780000
-1.711611 -0.308500 -0.250446 4.800000
-2.299539 -0.313189 -0.218389 4.820000
-2.823220 -0.317345 -0.197176 4.840000
-2.701064 -0.321172 -0.185439 4.860000
-3.527539 -0.324736 -0.170894 4.880000
-3.436000 -0.328161 -0.171441 4.900000
-3.144844 -0.331572 -0.169557 4.920000
-2.831602 -0.334884 -0.161569 4.940000
-3.716910 -0.337972 -0.147229 4.960000
-4.683180 -0.340937 -0.149099 4.980000
-3.830822 -0.344113 -0.168323 5.000000
-3.796372 -0.347503 -0.170579 5.020000
-3.796022 -0.350924 -0.171439 5.040000
-3.725744 -0.354356 -0.171563 5.060000
-4.196865 -0.357769 -0.169667 5.080000
-5.002036 -0.361225 -0.175831 5.100000
-4.263427 -0.364946 -0.196025 5.120000
-5.245506 -0.368921 -0.201328 5.140000
-5.217143 -0.373175 -0.223785 5.160000
-5.839036 -0.377858 -0.244298 5.180000
-6.608791 -0.383051 -0.274763 5.200000
-5.963387 -0.388978 -0.317509 5.220000
-4.980345 -0.395618 -0.346154 5.240000
-4.666465 -0.402630 -0.354755 5.260000
-4.231835 -0.409739 -0.355941 5.280000
-3.547857 -0.416778 -0.347698 5.300000
-2.955410 -0.423515 -0.325793 5.320000
-2.341952 -0.429697 -0.292309 5.340000
-2.272101 -0.435093 -0.247293 5.360000
-2.412560 -0.439575 -0.200949 5.380000
-1.947274 -0.443157 -0.157254 5.400000
-1.100930 -0.445784 -0.105496 5.420000
-1.122659 -0.447229 -0.039254 5.440000
-1.848894 -0.447365 0.025434 5.460000
-1.715187 -0.446351 0.075788 5.480000
-0.860052 -0.444319 0.127242 5.500000
-1.190119 -0.441118 0.192485 5.520000
-2.001271 -0.436692 0.249820 5.540000
-2.101573 -0.431285 0.290529 5.560000
-2.136591 -0.425102 0.327505 5.580000
-2.470812 -0.418205 0.361847 5.600000
-2.867224 -0.410702 0.388048 5.620000
-2.453715 -0.402769 0.404994 5.640000
-2.147558 -0.394440 0.427520 5.660000
-1.355089 -0.385626 0.453512 5.680000
-0.601870 -0.376169 0.491771 5.700000
-0.598688 -0.365833 0.541292 5.720000
-1.141671 -0.354536 0.587883 5.740000
-0.909465 -0.342440 0.621266 5.760000
-1.392867 -0.329662 0.655961 5.780000
-0.403012 -0.316314 0.678413 5.800000
-0.290256 -0.302359 0.716460 5.820000
-0.420410 -0.287657 0.753201 5.840000
-0.117879 -0.272280 0.783912 5.860000
0.519337 -0.256266 0.816829 5.880000
0.292510 -0.239509 0.858243 5.900000
-0.293586 -0.222007 0.891275 5.920000
-0.681325 -0.203998 0.908966 5.940000
-1.017028 -0.185749 0.915304 5.960000
-1.383177 -0.167476 0.911441 5.980000
-1.950498 -0.149387 0.896953 6.000000
-1.888470 -0.131731 0.868121 6.020000
-1.385804 -0.114669 0.837652 6.040000
-1.594957 -0.098144 0.814376 6.060000
-0.920819 -0.082153 0.784251 6.080000
-1.226575 -0.066657 0.764953 6.100000
-1.308065 -0.051633 0.737017 6.120000
-0.522431 -0.037207 0.705150 6.140000
0.326748 -0.023285 0.686705 6.160000
1.219656 -0.009586 0.682760 6.180000
1.091508 0.004186 0.693914 6.200000
0.252242 0.018126 0.699618 6.220000
-0.746297 0.031985 0.685887 6.240000
-0.511404 0.045347 0.650022 6.260000
0.430795 0.058020 0.616998 6.280000
1.218152 0.070202 0.600852 6.300000
1.158044 0.082197 0.598228 6.320000
1.394764 0.094104 0.592134 6.340000
0.869239 0.105915 0.588510 6.360000
0.487927 0.117526 0.572318 6.380000
0.688456 0.128719 0.546730 6.400000
0.641532 0.139424 0.523464 6.420000
0.270155 0.149638 0.497708 6.440000
0.661257 0.159250 0.463273 6.460000
1.356304 0.168238 0.435374 6.480000
1.689789 0.176793 0.419891 6.500000
1.538800 0.185090 0.409564 6.520000
2.232705 0.193137 0.394894 6.540000
2.282255 0.201013 0.392429 6.560000
1.559163 0.208834 0.389413 6.580000
0.868004 0.216439 0.370919 6.600000
1.273216 0.223529 0.337990 6.620000
1.464746 0.230033 0.312222 6.640000
1.061910 0.236051 0.289436 6.660000
0.162556 0.241528 0.258224 6.680000
0.375077 0.246204 0.209363 6.700000
0.484841 0.249945 0.164754 6.720000
1.278382 0.252817 0.122507 6.740000
2.092386 0.255000 0.095830 6.760000
2.786976 0.256807 0.084893 6.780000
3.482560 0.258528 0.087126 6.800000
3.654108 0.260423 0.102267 6.820000
3.810870 0.262647 0.119968 6.840000
2.910040 0.265246 0.139819 6.860000
3.456525 0.268061 0.141502 6.880000
4.350109 0.271007 0.153003 6.900000
3.973016 0.274346 0.180677 6.920000
3.170447 0.278153 0.199865 6.940000
2.589133 0.282179 0.202579 6.960000
1.673208 0.286140 0.193373 6.980000
1.966990 0.289736 0.166195 7.000000
1.065270 0.292843 0.144475 7.020000
0.280180 0.295342 0.105539 7.040000
0.212716 0.296918 0.052109 7.060000
1.029047 0.297420 -0.001733 7.080000
0.823377 0.297010 -0.039058 7.100000
1.201238 0.295824 -0.079386 7.120000
0.968444 0.293914 -0.111459 7.140000
0.883789 0.291329 -0.146878 7.160000
1.777262 0.288031 -0.182639 7.180000
1.868717 0.284203 -0.200033 7.200000
2.140014 0.280055 -0.214560 7.220000
2.615509 0.275680 -0.222793 7.240000
1.882122 0.271241 -0.220920 7.260000
2.464441 0.266708 -0.232188 7.280000
2.669942 0.262073 -0.231195 7.300000
2.888370 0.257506 -0.225367 7.320000
3.208572 0.253105 -0.214566 7.340000
3.385658 0.248989 -0.196974 7.360000
4.244371 0.245264 -0.175530 7.380000
3.648942 0.242135 -0.137303 7.400000
4.413213 0.239655 -0.110702 7.420000
4.132754 0.237854 -0.069479 7.440000
5.127977 0.236819 -0.034175 7.460000
6.061918 0.236676 0.019715 7.480000
6.428202 0.237780 0.090418 7.500000
6.686653 0.240351 0.166371 7.520000
6.508226 0.244470 0.245056 7.540000
7.456508 0.250102 0.317680 7.560000
8.000000 0.257340 0.405633 7.580000
7.982065 0.266407 0.500404 7.600000
8.000000 0.277325 0.590667 7.620000
7.822536 0.290007 0.676767 7.640000
7.771402 0.304330 0.754676 7.660000
7.560098 0.320151 0.826585 7.680000
7.503798 0.337319 0.889269 7.700000
7.535545 0.355676 0.945527 7.720000
6.818687 0.375109 0.996841 7.740000
7.598371 0.395379 1.029307 7.760000
7.861918 0.416387 1.070548 7.780000
8.000000 0.438209 1.110617 7.800000
8.000000 0.460796 1.146985 7.820000
7.456478 0.484047 1.177032 7.840000
6.713480 0.507739 1.191249 7.860000
7.461366 0.531528 1.186679 7.880000
7.951210 0.555298 1.189297 7.900000
7.551870 0.579143 1.194264 7.920000
7.507821 0.602962 1.186639 7.940000
7.554481 0.626564 1.172649 7.960000
8.000000 0.649839 1.153949 7.980000
8.000000 0.672757 1.136924 8.000000
7.813897 0.695280 1.114542 8.020000
7.434397 0.717276 1.084222 8.040000
7.858921 0.738561 1.043523 8.060000
7.802435 0.759051 1.004722 8.080000
7.614967 0.778714 0.960906 8.100000
7.207331 0.797435 0.910605 8.120000
6.741285 0.815059 0.851286 8.140000
7.192957 0.831404 0.782841 8.160000
7.197930 0.846417 0.718132 8.180000
6.397234 0.860116 0.651391 8.200000
5.793623 0.872358 0.572657 8.220000
6.425426 0.882939 0.485313 8.240000
5.606112 0.891848 0.405535 8.260000
5.067602 0.899057 0.315413 8.280000
5.216113 0.904401 0.219159 8.300000
6.101857 0.907849 0.125751 8.320000
6.316231 0.909549 0.044460 8.340000
5.317159 0.909663 -0.032807 8.360000
4.846628 0.908126 -0.120549 8.380000
5.481247 0.904798 -0.211805 8.400000
4.809884 0.899749 -0.292644 8.420000
4.238103 0.893028 -0.378973 8.440000
4.119834 0.884540 -0.469239 8.460000
3.451628 0.874267 -0.557446 8.480000
4.446546 0.862182 -0.650365 8.500000
4.838046 0.848409 -0.726212 8.520000
4.461210 0.833214 -0.792569 8.540000
4.994344 0.816686 -0.859479 8.560000
4.556152 0.798939 -0.914385 8.580000
4.563622 0.780082 -0.970539 8.600000
3.597133 0.760152 -1.021567 8.620000
4.165592 0.739113 -1.081437 8.640000
4.693545 0.717014 -1.127586 8.660000
5.159181 0.694126 -1.160349 8.680000
5.888866 0.670708 -1.180473 8.700000
6.403797 0.647058 -1.183697 8.720000
6.993106 0.623478 -1.173329 8.740000
7.279233 0.600255 -1.148189 8.760000
7.279604 0.577631 -1.113368 8.780000
8.000000 0.555751 -1.073861 8.800000
7.136045 0.534828 -1.017777 8.820000
8.000000 0.514918 -0.972557 8.840000
7.821323 0.496101 -0.908638 8.860000
7.681255 0.478563 -0.844640 8.880000
7.689355 0.462309 -0.780265 8.900000
8.000000 0.447370 -0.713254 8.920000
8.000000 0.433849 -0.638576 8.940000
8.000000 0.421838 -0.562279 8.960000
8.000000 0.411366 -0.484773 8.980000
7.736683 0.402452 -0.406464 9.000000
7.618847 0.395062 -0.332551 9.020000
7.196167 0.389130 -0.260674 9.040000
7.396368 0.384556 -0.196731 9.060000
7.172976 0.381295 -0.129463 9.080000
7.391023 0.379331 -0.067023 9.100000
7.914857 0.378648 -0.001499 9.120000
7.380583 0.379359 0.072363 9.140000
7.777270 0.381432 0.134603 9.160000
7.695297 0.384804 0.202259 9.180000
7.238996 0.389492 0.266113 9.200000
7.539303 0.395348 0.319097 9.220000
8.000000 0.402294 0.375012 9.240000
8.000000 0.410413 0.436417 9.260000
8.000000 0.419728 0.494501 9.280000
8.000000 0.430170 0.549046 9.300000
8.000000 0.441665 0.599848 9.320000
7.946186 0.454138 0.646729 9.340000
7.017480 0.467498 0.688575 9.360000
7.929137 0.481488 0.709887 9.380000
8.000000 0.496028 0.743348 9.400000
7.204830 0.511206 0.773728 9.420000
7.633877 0.526810 0.786030 9.440000
6.809119 0.542694 0.801628 9.460000
7.319541 0.558708 0.799099 9.480000
6.592812 0.574719 0.801369 9.500000
6.782205 0.590615 0.787717 9.520000
6.193229 0.606236 0.773748 9.540000
6.388305 0.621447 0.746880 9.560000
6.851486 0.636123 0.720244 9.580000
7.266271 0.650312 0.698138 9.600000
7.879856 0.664095 0.679665 9.620000
8.000000 0.677575 0.667785 9.640000
7.967337 0.690804 0.654658 9.660000
8.000000 0.703736 0.638017 9.680000
8.000000 0.716311 0.619007 9.700000
7.655666 0.728478 0.597275 9.720000
8.000000 0.740134 0.567928 9.740000
8.000000 0.751231 0.541379 9.760000
7.842399 0.761775 0.512651 9.780000
7.275932 0.771701 0.479687 9.800000
6.576399 0.780870 0.437007 9.820000
6.361822 0.789075 0.383292 9.840000
7.127589 0.796167 0.325905 9.860000
7.955747 0.802215 0.278747 9.880000
7.946975 0.807429 0.242564 9.900000
7.362379 0.811913 0.205775 9.920000
7.076803 0.815578 0.160753 9.940000
6.262530 0.818305 0.111987 9.960000
6.324176 0.819950 0.052660 9.980000
6.888813 0.820426 -0.004895 10.000000
7.421320 0.819838 -0.053668 10.020000
7.294909 0.818360 -0.094032 10.040000
6.435772 0.816068 -0.134857 10.060000
7.255383 0.812858 -0.185896 10.080000
7.640504 0.808757 -0.223913 10.100000
6.796977 0.803966 -0.254838 10.120000
6.345012 0.798459 -0.295523 10.140000
6.922196 0.792097 -0.340292 10.160000
6.250953 0.784944 -0.374589 10.180000
6.400416 0.777035 -0.415885 10.200000
6.733255 0.768348 -0.452375 10.220000
6.941178 0.759007 -0.481326 10.240000
5.959862 0.749144 -0.504468 10.260000
6.786050 0.738704 -0.539060 10.280000
7.083003 0.727724 -0.558419 10.300000
6.378651 0.716431 -0.570369 10.320000
5.517848 0.704823 -0.589927 10.340000
5.410242 0.692724 -0.619428 10.360000
4.752241 0.680051 -0.647279 10.380000
4.995331 0.666753 -0.681931 10.400000
4.117244 0.652836 -0.709225 10.420000
4.381318 0.638269 -0.746817 10.440000
5.247807 0.623031 -0.776393 10.460000
4.610935 0.607379 -0.788149 10.480000
5.344183 0.591425 -0.806632 10.500000
4.765356 0.575260 -0.809221 10.520000
5.068686 0.558983 -0.817852 10.540000
4.726202 0.542622 -0.817690 10.560000
4.398425 0.526241 -0.819799 10.580000
4.259370 0.509797 -0.823981 10.600000
4.398123 0.493281 -0.827002 10.620000
4.478314 0.476765 -0.824048 10.640000
5.407713 0.460357 -0.816238 10.660000
5.962717 0.444304 -0.788562 10.680000
4.981604 0.428934 -0.747994 10.700000
5.130996 0.414223 -0.722570 10.720000
4.910057 0.400076 -0.691794 10.740000
4.580178 0.386527 -0.662647 10.760000
4.285023 0.373524 -0.637272 10.780000
3.593804 0.360996 -0.615126 10.800000
3.119963 0.348805 -0.603644 10.820000
2.443942 0.336777 -0.598724 10.840000
1.821854 0.324745 -0.604117 10.860000
2.306137 0.312512 -0.618686 10.880000
2.580442 0.300107 -0.621408 10.900000
3.366902 0.287725 -0.616410 10.920000
3.552167 0.275616 -0.594090 10.940000
3.585892 0.264010 -0.566245 10.960000
4.283171 0.252985 -0.535978 10.980000
3.673329 0.242715 -0.490730 11.000000
3.486017 0.233246 -0.456057 11.020000
4.437901 0.224445 -0.423806 11.040000
5.276357 0.216485 -0.372080 11.060000
4.522665 0.209728 -0.303612 11.080000
4.625280 0.204194 -0.249811 11.100000
4.568968 0.199755 -0.194047 11.120000
5.310312 0.196419 -0.139671 11.140000
5.967541 0.194310 -0.071400 11.160000
6.229307 0.193684 0.008582 11.180000
7.025142 0.194693 0.092025 11.200000
6.927909 0.197506 0.188867 11.220000
7.665450 0.202211 0.281085 11.240000
7.365355 0.208873 0.384540 11.260000
7.185326 0.217509 0.478441 11.280000
8.000000 0.227949 0.564894 11.300000
7.993226 0.240234 0.662818 11.320000
8.000000 0.254427 0.755675 11.340000
8.000000 0.270427 0.843382 11.360000
8.000000 0.288125 0.925486 11.380000
8.000000 0.307407 1.001688 11.400000
8.000000 0.328152 1.071717 11.420000
7.783134 0.350233 1.135328 11.440000
7.748186 0.373480 1.188297 11.460000
8.000000 0.397714 1.233947 11.480000
7.211779 0.422839 1.277382 11.500000
7.888417 0.448620 1.299641 11.520000
7.617323 0.474901 1.327292 11.540000
7.279617 0.501617 1.343184 11.560000
6.764401 0.528525 1.346432 11.580000
6.237834 0.555343 1.334415 11.600000
6.098343 0.581773 1.307575 11.620000
5.608343 0.607587 1.272969 11.640000
4.900597 0.632578 1.225350 11.660000
4.328298 0.656458 1.162038 11.680000
4.791142 0.678945 1.086142 11.700000
4.812213 0.699955 1.014365 11.720000
4.385268 0.719504 0.940077 11.740000
3.697529 0.737479 0.857033 11.760000
4.052590 0.753673 0.762175 11.780000
3.195777 0.768010 0.671363 11.800000
2.477035 0.780400 0.567607 11.820000
1.530402 0.790613 0.453780 11.840000
1.850798 0.798424 0.327530 11.860000
1.660335 0.803768 0.207161 11.880000
0.926987 0.806695 0.085898 11.900000
0.069134 0.807118 -0.043273 11.920000
-0.365591 0.804865 -0.181512 11.940000
-1.081514 0.799819 -0.322499 11.960000
-0.759449 0.791889 -0.469768 11.980000
-1.292795 0.781100 -0.608481 12.000000
-1.509512 0.767503 -0.750443 12.020000
-0.652306 0.751082 -0.890874 12.040000
-1.268523 0.732027 -1.013850 12.060000
-1.951836 0.710471 -1.140795 12.080000
-2.261075 0.686328 -1.272599 12.100000
-2.109150 0.659558 -1.403380 12.120000
-2.418947 0.630258 -1.525632 12.140000
-3.357249 0.598526 -1.646438 12.160000
-3.070586 0.564290 -1.775978 12.180000
-3.522646 0.527583 -1.893540 12.200000
-2.808887 0.488520 -2.011398 12.220000
-2.523152 0.447306 -2.108738 12.240000
-3.057234 0.404278 -2.192636 12.260000
-3.959314 0.359559 -2.277718 12.280000
-3.482932 0.313060 -2.370663 12.300000
-3.845330 0.264886 -2.445122 12.320000
-3.976773 0.215251 -2.516798 12.340000
-4.001160 0.164257 -2.580887 12.360000
-3.128762 0.112080 -2.634971 12.380000
-3.626849 0.059102 -2.661093 12.400000
-3.690996 0.005608 -2.686438 12.420000
-4.124692 -0.048296 -2.702151 12.440000
-5.054944 -0.102490 -2.715449 12.460000
-4.234046 -0.157022 -2.735803 12.480000
-3.533059 -0.211684 -2.728450 12.500000
-4.491940 -0.265950 -2.696461 12.520000
-4.530503 -0.319655 -2.672186 12.540000
-4.947074 -0.372773 -2.637777 12.560000
-4.608599 -0.425172 -2.600393 12.580000
-3.619049 -0.476657 -2.546433 12.600000
-2.870140 -0.526791 -2.465471 12.620000
-1.943455 -0.575093 -2.363446 12.640000
-1.828806 -0.621128 -2.239137 12.660000
-1.846778 -0.664602 -2.107405 12.680000
-1.858268 -0.705396 -1.971178 12.700000
-2.830108 -0.743424 -1.831061 12.720000
-2.372449 -0.778756 -1.701496 12.740000
-2.850958 -0.811397 -1.562118 12.760000
-2.736586 -0.841289 -1.426675 12.780000
-3.114761 -0.868434 -1.287537 12.800000
-2.821549 -0.892828 -1.151624 12.820000
-2.226315 -0.914455 -1.010903 12.840000
-3.169629 -0.933190 -0.862581 12.860000
-3.586861 -0.949071 -0.725581 12.880000
-4.050025 -0.962263 -0.593676 12.900000
-3.272996 -0.972874 -0.467572 12.920000
-2.594232 -0.980885 -0.333721 12.940000
-2.563869 -0.986159 -0.194000 12.960000
-2.322490 -0.988656 -0.056133 12.980000
-2.522984 -0.988395 0.081798 13.000000
-3.300875 -0.985426 0.214573 13.020000
-3.412831 -0.979919 0.335542 13.040000
-3.931094 -0.972040 0.451784 13.060000
-3.936241 -0.961932 0.558409 13.080000
-3.340208 -0.949731 0.660911 13.100000
-3.722994 -0.935455 0.765983 13.120000
-2.905573 -0.919169 0.861851 13.140000
-3.341800 -0.900915 0.962707 13.160000
-3.999846 -0.880749 1.052951 13.180000
-4.181003 -0.858917 1.129334 13.200000
-4.427662 -0.835638 1.197614 13.220000
-3.877273 -0.811085 1.256637 13.240000
-3.310856 -0.785337 1.317138 13.260000
-3.561458 -0.758361 1.379428 13.280000
-4.482826 -0.730239 1.431708 13.300000
-3.952987 -0.701274 1.463710 13.320000
-3.381797 -0.671654 1.497173 13.340000
-2.605660 -0.641342 1.532921 13.360000
-2.980589 -0.610257 1.574415 13.380000
-2.127150 -0.578471 1.603005 13.400000
-1.650162 -0.546039 1.639074 13.420000
-1.685444 -0.512873 1.676424 13.440000
-0.867647 -0.479035 1.706215 13.460000
-1.287139 -0.444526 1.743505 13.480000
-1.510342 -0.409418 1.766136 13.500000
-1.481549 -0.373968 1.777593 13.520000
-1.382229 -0.338355 1.782549 13.540000
-2.312637 -0.302694 1.782402 13.560000
-2.375807 -0.267282 1.757699 13.580000
-2.642156 -0.232442 1.725272 13.600000
-3.061562 -0.198365 1.681451 13.620000
-4.048726 -0.165305 1.623595 13.640000
-3.279484 -0.133650 1.541031 13.660000
-4.084126 -0.103543 1.468962 13.680000
-4.460920 -0.075081 1.376596 13.700000
-4.342521 -0.048578 1.273124 13.720000
-4.444473 -0.024152 1.168998 13.740000
-4.628825 -0.001855 1.060334 13.760000
-5.448860 0.018212 0.946056 13.780000
-5.747201 0.035815 0.814180 13.800000
-4.883834 0.050716 0.675922 13.820000
-4.645675 0.063025 0.554917 13.840000
-4.201113 0.072962 0.438928 13.860000
-5.194819 0.080674 0.332366 13.880000
-5.545993 0.086066 0.207078 13.900000
-6.315651 0.088899 0.076585 13.920000
-6.286232 0.088993 -0.066777 13.940000
-5.620805 0.086255 -0.206476 13.960000
-4.833434 0.080889 -0.329533 13.980000
-4.999660 0.073253 -0.433403 14.000000
-4.613349 0.063544 -0.536881 14.020000
-3.925141 0.051882 -0.628666 14.040000
-4.389165 0.038562 -0.702652 14.060000
-4.794446 0.023711 -0.781669 14.080000
-4.690598 0.007245 -0.864139 14.100000
-3.840921 -0.010800 -0.939580 14.120000
-3.162229 -0.030135 -0.993053 14.140000
-3.197173 -0.050355 -1.028151 14.160000
-3.769739 -0.071236 -1.059196 14.180000
-3.079322 -0.092804 -1.096723 14.200000
-3.485769 -0.114935 -1.115531 14.220000
-3.776086 -0.137473 -1.137489 14.240000
-3.699152 -0.160458 -1.160108 14.260000
-2.984529 -0.183828 -1.176058 14.280000
-2.142383 -0.207327 -1.173021 14.300000
-2.588375 -0.230554 -1.149040 14.320000
-1.612025 -0.253347 -1.129539 14.340000
-1.468646 -0.275521 -1.087245 14.360000
-2.049876 -0.296787 -1.038818 14.380000
-1.287258 -0.317163 -0.998283 14.400000
-0.595102 -0.336554 -0.940327 14.420000
-1.582559 -0.354630 -0.867030 14.440000
-2.518929 -0.371407 -0.810226 14.460000
-2.916350 -0.387199 -0.768644 14.480000
-2.568249 -0.402210 -0.732094 14.500000
-3.367190 -0.416405 -0.687004 14.520000
-3.119381 -0.429823 -0.654501 14.540000
-3.940450 -0.442526 -0.615526 14.560000
-3.085156 -0.454580 -0.589479 14.580000
-2.813154 -0.465940 -0.546327 14.600000
-1.894433 -0.476376 -0.497040 14.620000
-2.820164 -0.485653 -0.430645 14.640000
-2.204144 -0.493762 -0.380102 14.660000
-1.483440 -0.500747 -0.318347 14.680000
-0.588005 -0.506370 -0.244108 14.700000
-0.269606 -0.510359 -0.154963 14.720000
-1.239707 -0.512522 -0.061546 14.740000
-1.301342 -0.513000 0.013504 14.760000
-0.813280 -0.512003 0.085956 14.780000
-1.731391 -0.509489 0.165086 14.800000
-1.430075 -0.505573 0.226187 14.820000
-0.528851 -0.500403 0.290458 14.840000
-1.050014 -0.493813 0.368064 14.860000
-1.953725 -0.485790 0.433738 14.880000
-2.034418 -0.476642 0.480687 14.900000
-1.913081 -0.466595 0.523457 14.920000
-1.724416 -0.455701 0.565526 14.940000
-2.152303 -0.443961 0.607965 14.960000
-2.735432 -0.431480 0.639586 14.980000
-3.569679 -0.418503 0.657587 15.000000
-4.196565 -0.405348 0.657483 15.020000
-4.260080 -0.392337 0.643240 15.040000
-4.111284 -0.379646 0.625400 15.060000
-3.120579 -0.367308 0.608010 15.080000
-3.250418 -0.355157 0.606746 15.100000
-2.334370 -0.343079 0.600625 15.120000
-3.172055 -0.330976 0.609278 15.140000
-2.893796 -0.318883 0.599631 15.160000
-2.708502 -0.306953 0.592970 15.180000
-2.788937 -0.295144 0.587543 15.200000
-2.909301 -0.283481 0.578335 15.220000
-3.197910 -0.272048 0.564685 15.240000
-3.186414 -0.260963 0.543511 15.260000
-3.347164 -0.250317 0.520762 15.280000
-3.454909 -0.240174 0.493258 15.300000
-3.183749 -0.230617 0.462210 15.320000
-3.997836 -0.221642 0.435116 15.340000
-3.694864 -0.213379 0.391062 15.360000
-3.205664 -0.205946 0.352130 15.380000
-3.241906 -0.199203 0.322008 15.400000
-2.942127 -0.193077 0.290474 15.420000
-2.181943 -0.187529 0.264212 15.440000
-1.669761 -0.182364 0.252191 15.460000
-1.234771 -0.177347 0.249378 15.480000
-2.007718 -0.172310 0.254116 15.500000
-2.826995 -0.167340 0.242692 15.520000
-3.008685 -0.162767 0.214542 15.540000
-3.146382 -0.158796 0.182540 15.560000
-3.367944 -0.155494 0.147747 15.580000
-4.100313 -0.152929 0.108716 15.600000
-4.911197 -0.151286 0.055694 15.620000
-5.802217 -0.150855 -0.012369 15.640000
-5.430721 -0.151947 -0.096463 15.660000
-4.828379 -0.154627 -0.171223 15.680000
-5.080120 -0.158663 -0.232016 15.700000
-5.580522 -0.163943 -0.295564 15.720000
-5.295445 -0.170567 -0.366388 15.740000
-5.359169 -0.178523 -0.428716 15.760000
-4.902270 -0.187708 -0.489253 15.780000
-4.025518 -0.197982 -0.537660 15.800000
-4.694819 -0.209022 -0.565867 15.820000
-4.197549 -0.220727 -0.604120 15.840000
-5.128710 -0.233069 -0.629495 15.860000
-4.524633 -0.246066 -0.669649 15.880000
-3.672484 -0.259714 -0.694584 15.900000
-4.078507 -0.273663 -0.699836 15.920000
-3.659613 -0.287765 -0.709814 15.940000
-2.917848 -0.301955 -0.708699 15.960000
-2.197595 -0.315953 -0.690692 15.980000
-2.873706 -0.329431 -0.656731 16.000000
-1.983352 -0.342337 -0.633477 16.020000
-1.068115 -0.354590 -0.591569 16.040000
-0.164590 -0.365819 -0.531228 16.060000
-0.506971 -0.375666 -0.453414 16.080000
-0.075742 -0.384018 -0.381785 16.100000
0.009449 -0.390858 -0.302271 16.120000
-0.493535 -0.396097 -0.221687 16.140000
-1.155320 -0.399823 -0.151081 16.160000
-1.441386 -0.402267 -0.093377 16.180000
-0.779119 -0.403616 -0.041674 16.200000
-1.072354 -0.403818 0.021215 16.220000
-0.204810 -0.402830 0.077443 16.240000
-0.980082 -0.400572 0.148069 16.260000
-1.189731 -0.397062 0.202626 16.280000
-1.549121 -0.392517 0.251517 16.300000
-1.346265 -0.387080 0.291914 16.320000
-1.871683 -0.380816 0.334118 16.340000
-1.223894 -0.373826 0.364550 16.360000
-0.331611 -0.366128 0.404915 16.380000
-0.093658 -0.357479 0.459457 16.400000
0.533408 -0.347723 0.515647 16.420000
1.111675 -0.336756 0.580525 16.440000
0.358820 -0.324416 0.652857 16.460000
0.102112 -0.310809 0.707294 16.480000
0.284496 -0.296198 0.753223 16.500000
0.549840 -0.280670 0.798916 16.520000
-0.346247 -0.264216 0.845808 16.540000
-1.092124 -0.247037 0.871495 16.560000
-1.283811 -0.229525 0.879023 16.580000
-0.293535 -0.211936 0.879294 16.600000
0.147307 -0.194184 0.895323 16.620000
-0.409789 -0.176062 0.916181 16.640000
-0.313105 -0.157672 0.922264 16.660000
-0.379732 -0.139177 0.926562 16.680000
-0.943367 -0.120647 0.925892 16.700000
-0.126199 -0.102277 0.910567 16.720000
-1.048028 -0.084084 0.908098 16.740000
-1.732223 -0.066158 0.883973 16.760000
-2.626612 -0.048881 0.843362 16.780000
-1.863127 -0.032618 0.782576 16.800000
-2.507414 -0.017439 0.735036 16.820000
-2.235648 -0.003357 0.672827 16.840000
-1.835505 0.009519 0.614615 16.860000
-2.129591 0.021298 0.563093 16.880000
-1.518558 0.031977 0.504599 16.900000
-1.716369 0.041599 0.457403 16.920000
-1.869966 0.050228 0.405469 16.940000
-1.985342 0.057783 0.349972 16.960000
-2.592061 0.064203 0.291954 16.980000
-2.908733 0.069341 0.221989 17.000000
-3.429209 0.073023 0.146316 17.020000
-3.620904 0.075097 0.061317 17.040000
-2.866167 0.075448 -0.026014 17.060000
-3.503721 0.074218 -0.096624 17.080000
-4.295154 0.071468 -0.178052 17.100000
-3.760929 0.066955 -0.272821 17.120000
-2.915176 0.060680 -0.354138 17.140000
-2.202340 0.052977 -0.415795 17.160000
-1.438389 0.044209 -0.460557 17.180000
-0.538793 0.034724 -0.487559 17.200000
-0.902174 0.024901 -0.494352 17.220000
-1.442405 0.014891 -0.506285 17.240000
-1.839246 0.004557 -0.526710 17.260000
-2.242100 -0.006240 -0.552542 17.280000
-2.567436 -0.017607 -0.583687 17.300000
-2.996805 -0.029633 -0.618377 17.320000
-3.908184 -0.042407 -0.658455 17.340000
-4.588879 -0.056129 -0.713166 17.360000
-5.329505 -0.071042 -0.777412 17.380000
-5.622416 -0.087343 -0.851886 17.400000
-5.790744 -0.105143 -0.927204 17.420000
-5.129743 -0.124429 -1.000546 17.440000
-4.180779 -0.144997 -1.055337 17.460000
-4.511507 -0.166420 -1.086132 17.480000
-4.283275 -0.188473 -1.118305 17.500000
-3.826956 -0.211073 -1.140778 17.520000
-4.417991 -0.233982 -1.149268 17.540000
-5.159391 -0.257125 -1.164192 17.560000
-5.189092 -0.280657 -1.188078 17.580000
-5.143523 -0.304616 -1.206952 17.600000
-4.362071 -0.328889 -1.219385 17.620000
-4.705390 -0.353209 -1.211722 17.640000
-4.294722 -0.377389 -1.205421 17.660000
-3.737326 -0.401316 -1.186553 17.680000
-3.972351 -0.424718 -1.152931 17.700000
-3.414461 -0.447448 -1.119412 17.720000
-4.189228 -0.469368 -1.071981 17.740000
-3.696067 -0.490442 -1.034723 17.760000
-2.954554 -0.510647 -0.985293 17.780000
-2.470754 -0.529705 -0.920071 17.800000
-3.025063 -0.547352 -0.844298 17.820000
-3.207352 -0.563559 -0.776118 17.840000
-2.923049 -0.578416 -0.709280 17.860000
-3.759077 -0.591873 -0.636279 17.880000
-2.904065 -0.603997 -0.575937 17.900000
-2.814958 -0.614764 -0.500591 17.920000
-3.381005 -0.624004 -0.423382 17.940000
-4.109091 -0.631789 -0.355158 17.960000
-3.391588 -0.638326 -0.298489 17.980000
-3.258850 -0.643614 -0.230344 18.000000
-3.373069 -0.647522 -0.160551 18.020000
-3.787704 -0.650059 -0.093318 18.040000
-2.980945 -0.651327 -0.033580 18.060000
-2.720902 -0.651282 0.037803 18.080000
-2.149096 -0.649784 0.111724 18.100000
-1.197560 -0.646735 0.192782 18.120000
-0.372689 -0.641937 0.286593 18.140000
-1.124467 -0.635159 0.390679 18.160000
-0.457190 -0.626452 0.479437 18.180000
-1.443082 -0.615896 0.575541 18.200000
-1.653262 -0.603616 0.651865 18.220000
-0.683078 -0.589882 0.720944 18.240000
-1.635899 -0.574644 0.802102 18.260000
-2.114650 -0.557986 0.863010 18.280000
-1.750735 -0.540234 0.911495 18.300000
-1.325285 -0.521493 0.961804 18.320000
-1.628771 -0.501718 1.014889 18.340000
-1.311797 -0.480982 1.057920 18.360000
-0.972494 -0.459378 1.101736 18.380000
-1.169159 -0.436885 1.146650 18.400000
-0.338493 -0.413581 1.182912 18.420000
-1.316615 -0.389451 1.229163 18.440000
-0.468511 -0.364631 1.252027 18.460000
-0.983539 -0.339247 1.285421 18.480000
-1.918428 -0.313347 1.303718 18.500000
-1.375831 -0.287311 1.299013 18.520000
-0.551760 -0.261316 1.299623 18.540000
-1.357181 -0.235202 1.310975 18.560000
-1.252452 -0.209068 1.301542 18.580000
-1.634549 -0.183152 1.289245 18.600000
-2.234548 -0.157605 1.264705 18.620000
-1.831943 -0.132712 1.223928 18.640000
-2.125326 -0.108595 1.187018 18.660000
-2.362999 -0.085315 1.140390 18.680000
-2.387021 -0.063051 1.085504 18.700000
-1.954535 -0.041921 1.026964 18.720000
-1.350755 -0.021905 0.974114 18.740000
-1.040355 -0.002855 0.930463 18.760000
-1.295775 0.015357 0.890207 18.780000
-2.119959 0.032685 0.842248 18.800000
-1.266104 0.048868 0.775691 18.820000
-2.003718 0.063871 0.724346 18.840000
-1.067929 0.077683 0.656678 18.860000
-1.776272 0.090316 0.606302 18.880000
-2.160948 0.101787 0.540651 18.900000
-2.940268 0.111861 0.466684 18.920000
-2.700897 0.120298 0.377108 18.940000
-2.415145 0.126995 0.292607 18.960000
-2.751682 0.132063 0.214300 18.980000
-2.006106 0.135506 0.130145 19.000000
-1.009879 0.137423 0.061793 19.020000
-0.312738 0.138181 0.014090 19.040000
-0.682066 0.138130 -0.019057 19.060000
0.210248 0.137351 -0.058714 19.080000
-0.573316 0.135964 -0.079870 19.100000
-1.132191 0.134006 -0.115663 19.120000
-0.583703 0.131235 -0.161269 19.140000
-0.221398 0.127674 -0.194597 19.160000
0.067257 0.123532 -0.219409 19.180000
0.127682 0.118963 -0.237218 19.200000
-0.053060 0.114063 -0.252571 19.220000
0.285194 0.108833 -0.270200 19.240000
0.173577 0.103331 -0.279783 19.260000
-0.459819 0.097628 -0.290290 19.280000
-0.825980 0.091603 -0.311945 19.300000
0.046593 0.085089 -0.339187 19.320000
0.096504 0.078221 -0.347380 19.340000
-0.489933 0.071214 -0.353081 19.360000
-0.827925 0.063991 -0.368880 19.380000
-1.518398 0.056403 -0.389618 19.400000
-0.782707 0.048282 -0.422089 19.420000
-0.375198 0.039681 -0.437749 19.440000
0.522328 0.030867 -0.443348 19.460000
0.989191 0.022137 -0.429365 19.480000
0.691011 0.013794 -0.404754 19.500000
1.480379 0.005895 -0.384959 19.520000
1.120378 -0.001440 -0.348441 19.540000
0.890958 -0.008110 -0.318418 19.560000
0.917797 -0.014218 -0.292295 19.580000
1.601888 -0.019792 -0.265026 19.600000
2.385312 -0.024680 -0.223737 19.620000
2.653091 -0.028586 -0.166904 19.640000
1.668123 -0.031306 -0.105257 19.660000
0.789442 -0.032997 -0.063907 19.680000
0.115227 -0.034041 -0.040507 19.700000
1.109084 -0.034753 -0.030748 19.720000
1.280912 -0.035074 -0.001407 19.740000
1.856488 -0.034779 0.030755 19.760000
1.996791 -0.033735 0.073545 19.780000
1.232770 -0.031817 0.117980 19.800000
0.836535 -0.029176 0.145968 19.820000
0.394183 -0.026065 0.165000 19.840000
0.903218 -0.022671 0.174266 19.860000
1.222780 -0.018999 0.192744 19.880000
1.991759 -0.014905 0.216432 19.900000
1.327144 -0.010197 0.254029 19.920000
0.690621 -0.004887 0.276746 19.940000
1.170821 0.000736 0.285345 19.960000
1.644730 0.006614 0.302169 19.980000
