-0.451610 -0.002052 -0.200931 0.000000
-0.991244 -0.006114 -0.205103 0.020000
-0.684090 -0.010358 -0.219074 0.040000
0.134392 -0.014809 -0.225839 0.060000
-0.721971 -0.019222 -0.215400 0.080000
-0.084478 -0.023590 -0.221275 0.100000
0.535725 -0.027940 -0.213562 0.120000
0.449941 -0.032005 -0.192907 0.140000
0.614755 -0.035671 -0.173610 0.160000
0.793646 -0.038915 -0.150764 0.180000
0.465418 -0.041665 -0.124251 0.200000
1.258801 -0.043950 -0.104271 0.220000
1.871596 -0.045679 -0.068600 0.240000
2.785479 -0.046576 -0.021258 0.260000
3.250921 -0.046353 0.043294 0.280000
3.376183 -0.044761 0.115602 0.300000
3.340409 -0.041717 0.188514 0.320000
3.301979 -0.037242 0.258554 0.340000
3.625499 -0.031398 0.325457 0.360000
4.288388 -0.024177 0.396187 0.380000
4.460114 -0.015439 0.477107 0.400000
4.274569 -0.005082 0.557985 0.420000
4.427783 0.006819 0.631429 0.440000
4.274939 0.020180 0.703993 0.460000
3.941912 0.034920 0.769340 0.480000
3.129442 0.050859 0.823781 0.500000
2.414557 0.067682 0.857838 0.520000
3.243722 0.085003 0.873723 0.540000
2.671909 0.102769 0.902180 0.560000
1.715846 0.120950 0.915229 0.580000
1.482457 0.139164 0.905619 0.600000
1.449893 0.157106 0.888067 0.620000
1.582727 0.174660 0.866742 0.640000
0.886465 0.191782 0.845026 0.660000
1.144701 0.208306 0.806919 0.680000
0.226854 0.224093 0.771435 0.700000
0.140010 0.238970 0.715981 0.720000
0.329406 0.252705 0.657244 0.740000
0.787972 0.265288 0.600814 0.760000
0.082964 0.276818 0.551974 0.780000
-0.176615 0.287225 0.488595 0.800000
-0.987285 0.296308 0.419729 0.820000
-0.587449 0.303859 0.335353 0.840000
-0.106096 0.309801 0.258987 0.860000
-0.466841 0.314313 0.192260 0.880000
-0.441385 0.317428 0.119362 0.900000
0.534513 0.319099 0.047953 0.920000
0.389671 0.319538 -0.003881 0.940000
0.603287 0.318923 -0.057396 0.960000
0.983543 0.317291 -0.105621 0.980000
0.855883 0.314779 -0.145342 1.000000
0.834875 0.311462 -0.186127 1.020000
0.893761 0.307340 -0.225792 1.040000
-0.008416 0.302453 -0.262704 1.060000
0.076383 0.296673 -0.314941 1.080000
-0.862101 0.289886 -0.363369 1.100000
-1.305571 0.281974 -0.427301 1.120000
-1.402961 0.272728 -0.496855 1.140000
-1.828224 0.262103 -0.565103 1.160000
-2.266694 0.250065 -0.638104 1.180000
-2.602668 0.236519 -0.715796 1.200000
-3.413103 0.221395 -0.795875 1.220000
-2.919800 0.204556 -0.887210 1.240000
-2.597451 0.186036 -0.964032 1.260000
-1.896188 0.166091 -1.029583 1.280000
-2.557535 0.145024 -1.076361 1.300000
-2.029432 0.122940 -1.131166 1.320000
-1.612016 0.099916 -1.170286 1.340000
-0.967231 0.076245 -1.195979 1.360000
-1.496002 0.052239 -1.203862 1.380000
-2.190122 0.028018 -1.217403 1.400000
-1.889358 0.003438 -1.239709 1.420000
-1.465177 -0.021476 -1.250816 1.440000
-0.639100 -0.046476 -1.248442 1.460000
-1.635022 -0.071217 -1.224926 1.480000
-2.233648 -0.095642 -1.216752 1.500000
-1.601548 -0.119975 -1.215742 1.520000
-2.095232 -0.144115 -1.197542 1.540000
-1.912024 -0.167945 -1.184646 1.560000
-1.619009 -0.191436 -1.163743 1.580000
-2.000853 -0.214409 -1.132974 1.600000
-2.232388 -0.236803 -1.105730 1.620000
-1.350236 -0.258658 -1.079091 1.640000
-0.978851 -0.279773 -1.031862 1.660000
-1.082266 -0.299841 -0.974526 1.680000
-1.897567 -0.318756 -0.916551 1.700000
-1.084374 -0.336641 -0.871498 1.720000
-0.336910 -0.353447 -0.808787 1.740000
0.656946 -0.368841 -0.730417 1.760000
0.728279 -0.382472 -0.632626 1.780000
-0.168780 -0.394131 -0.533248 1.800000
-0.650589 -0.403967 -0.450343 1.820000
-0.354490 -0.412233 -0.376212 1.840000
-0.857534 -0.418963 -0.296813 1.860000
-0.948851 -0.424200 -0.226999 1.880000
-0.069478 -0.428063 -0.159378 1.900000
0.162809 -0.430421 -0.076687 1.920000
0.638971 -0.431097 0.008815 1.940000
0.539219 -0.429994 0.101155 1.960000
0.921509 -0.427084 0.189526 1.980000
1.211194 -0.422360 0.282387 2.000000
1.622351 -0.415754 0.377688 2.020000
1.036032 -0.407199 0.477291 2.040000
1.074695 -0.396793 0.562665 2.060000
0.461596 -0.384709 0.645131 2.080000
-0.420840 -0.371127 0.712470 2.100000
-0.419165 -0.356400 0.759626 2.120000
-0.722391 -0.340766 0.803074 2.140000
-1.238736 -0.324359 0.837008 2.160000
-0.348974 -0.307409 0.857404 2.180000
-0.100072 -0.289919 0.890925 2.200000
-1.032474 -0.271751 0.925167 2.220000
-1.637916 -0.253119 0.937445 2.240000
-1.213307 -0.234396 0.934235 2.260000
-1.761885 -0.215691 0.935614 2.280000
-2.548039 -0.197102 0.922698 2.300000
-2.354286 -0.178959 0.891119 2.320000
-1.962500 -0.161439 0.860382 2.340000
-1.676880 -0.144486 0.834492 2.360000
-2.263821 -0.128022 0.811417 2.380000
-3.160354 -0.112163 0.774077 2.400000
-3.058024 -0.097251 0.716771 2.420000
-2.720354 -0.083483 0.659761 2.440000
-2.339863 -0.070804 0.607925 2.460000
-2.921668 -0.059100 0.562229 2.480000
-3.301236 -0.048439 0.503733 2.500000
-2.927752 -0.039032 0.436912 2.520000
-2.621516 -0.030891 0.377083 2.540000
-1.828795 -0.023889 0.323021 2.560000
-1.537630 -0.017814 0.284452 2.580000
-1.455873 -0.012456 0.251300 2.600000
-1.062280 -0.007748 0.219446 2.620000
-1.646547 -0.003601 0.195158 2.640000
-2.319826 -0.000059 0.159033 2.660000
-2.834668 0.002627 0.109682 2.680000
-2.953041 0.004229 0.050695 2.700000
-2.114253 0.004638 -0.009662 2.720000
-1.994268 0.004018 -0.052189 2.740000
-2.075624 0.002581 -0.091297 2.760000
-2.922176 0.000357 -0.130886 2.780000
-2.363025 -0.002814 -0.185936 2.800000
-1.511104 -0.006957 -0.228109 2.820000
-0.553165 -0.011758 -0.251703 2.840000
0.388772 -0.016825 -0.254897 2.860000
0.334901 -0.021759 -0.238403 2.880000
-0.032348 -0.026368 -0.222376 2.900000
-0.486723 -0.030724 -0.213070 2.920000
-0.118445 -0.034977 -0.212109 2.940000
-0.583439 -0.039130 -0.203059 2.960000
-0.775522 -0.043187 -0.202595 2.980000
0.133754 -0.047266 -0.205151 3.000000
0.330258 -0.051207 -0.188886 3.020000
0.317376 -0.054780 -0.168329 3.040000
0.723059 -0.057942 -0.147782 3.060000
-0.252946 -0.060610 -0.119058 3.080000
-0.066191 -0.062898 -0.109720 3.100000
-0.418134 -0.064960 -0.096453 3.120000
-1.313944 -0.066825 -0.090025 3.140000
-0.611283 -0.068737 -0.101060 3.160000
-0.058539 -0.070724 -0.097611 3.180000
0.293426 -0.072530 -0.082942 3.200000
0.570035 -0.073972 -0.061296 3.220000
0.424606 -0.074928 -0.034383 3.240000
-0.256073 -0.075379 -0.010740 3.260000
-0.240439 -0.075495 -0.000955 3.280000
-0.627816 -0.075415 0.008948 3.300000
-0.897085 -0.075216 0.010976 3.320000
-0.892554 -0.075030 0.007608 3.340000
-0.213509 -0.074910 0.004367 3.360000
-0.998977 -0.074721 0.014572 3.380000
-1.107232 -0.074485 0.009019 3.400000
-0.907673 -0.074381 0.001405 3.420000
-0.630754 -0.074388 -0.002126 3.440000
-0.312785 -0.074410 -0.000115 3.460000
-0.451809 -0.074330 0.008132 3.480000
-0.395637 -0.074114 0.013441 3.500000
-1.269940 -0.073782 0.019701 3.520000
-2.020903 -0.073500 0.008506 3.540000
-1.620438 -0.073589 -0.017321 3.560000
-1.520702 -0.074110 -0.034665 3.580000
-1.087303 -0.074953 -0.049562 3.600000
-0.732311 -0.076003 -0.055418 3.620000
-0.055765 -0.077097 -0.053937 3.640000
0.484330 -0.078026 -0.038929 3.660000
0.538107 -0.078549 -0.013413 3.680000
-0.120928 -0.078555 0.012711 3.700000
0.373429 -0.078174 0.025268 3.720000
0.445821 -0.077448 0.047231 3.740000
1.082413 -0.076275 0.070005 3.760000
0.441357 -0.074527 0.104619 3.780000
1.303540 -0.072224 0.125495 3.800000
0.396206 -0.069342 0.162493 3.820000
-0.400206 -0.065913 0.180221 3.840000
0.191954 -0.062298 0.181174 3.860000
0.321830 -0.058554 0.193102 3.880000
0.761177 -0.054555 0.206613 3.900000
1.063576 -0.050209 0.227739 3.920000
1.565611 -0.045394 0.253545 3.940000
2.371535 -0.039978 0.287787 3.960000
2.074688 -0.033735 0.336180 3.980000
2.319901 -0.026605 0.376450 4.000000
1.675280 -0.018643 0.419322 4.020000
2.594813 -0.009976 0.446971 4.040000
2.816440 -0.000597 0.490538 4.060000
2.030075 0.009671 0.535724 4.080000
1.043543 0.020656 0.562372 4.100000
0.513231 0.031952 0.566786 4.120000
1.218323 0.043207 0.558421 4.140000
1.347631 0.054415 0.561989 4.160000
0.355127 0.065697 0.565848 4.180000
0.841235 0.076837 0.547830 4.200000
-0.031598 0.087695 0.537631 4.220000
-0.879037 0.098157 0.508343 4.240000
-0.536478 0.107852 0.460992 4.260000
-0.935552 0.116659 0.419554 4.280000
-0.099422 0.124550 0.369490 4.300000
0.195665 0.131601 0.335423 4.320000
-0.775162 0.138021 0.306527 4.340000
-0.890370 0.143667 0.258003 4.360000
-1.317108 0.148319 0.207204 4.380000
-0.583438 0.151873 0.148277 4.400000
-1.037945 0.154398 0.104308 4.420000
-0.621120 0.155959 0.051928 4.440000
-1.447791 0.156562 0.008537 4.460000
-1.556536 0.156144 -0.050186 4.480000
-0.695338 0.154542 -0.109685 4.500000
-1.548099 0.151936 -0.150752 4.520000
-0.999915 0.148354 -0.207120 4.540000
-0.403530 0.143771 -0.250863 4.560000
0.303747 0.138449 -0.281107 4.580000
0.763062 0.132677 -0.295810 4.600000
0.787368 0.126717 -0.300067 4.620000
1.365721 0.120688 -0.302596 4.640000
2.035123 0.114735 -0.292532 4.660000
1.248586 0.109125 -0.268359 4.680000
0.998373 0.103849 -0.259082 4.700000
1.622291 0.098718 -0.253901 4.720000
1.746252 0.093822 -0.235544 4.740000
2.143637 0.089324 -0.214184 4.760000
2.428473 0.085336 -0.184572 4.780000
1.473157 0.081999 -0.149202 4.800000
2.314273 0.079178 -0.132787 4.820000
1.505613 0.076855 -0.099584 4.840000
2.113566 0.075033 -0.082602 4.860000
2.570679 0.073671 -0.053636 4.880000
2.786501 0.072976 -0.016011 4.900000
3.226595 0.073069 0.025192 4.920000
4.086357 0.074065 0.074164 4.940000
4.824689 0.076198 0.138837 4.960000
3.995518 0.079752 0.216242 4.980000
4.230607 0.084667 0.274892 5.000000
4.435212 0.090779 0.335916 5.020000
3.735323 0.098127 0.398412 5.040000
3.282934 0.106558 0.444288 5.060000
3.690391 0.115791 0.478574 5.080000
3.536086 0.125764 0.518269 5.100000
3.047113 0.136473 0.552062 5.120000
3.588417 0.147731 0.573379 5.140000
4.438686 0.159496 0.602558 5.160000
3.851511 0.171980 0.645309 5.180000
2.952815 0.185170 0.673119 5.200000
3.226802 0.198708 0.680166 5.220000
3.463506 0.212411 0.689637 5.240000
4.176514 0.226319 0.700691 5.260000
3.939527 0.240556 0.722387 5.280000
4.393321 0.255146 0.736101 5.300000
4.445548 0.270065 0.755162 5.320000
4.056106 0.285339 0.771665 5.340000
4.804266 0.300833 0.777209 5.360000
5.490116 0.316547 0.793498 5.380000
6.223699 0.332678 0.818931 5.400000
5.841800 0.349414 0.853956 5.420000
6.413149 0.366735 0.877377 5.440000
5.920867 0.384586 0.906945 5.460000
5.762252 0.402891 0.922808 5.480000
6.463351 0.421439 0.931339 5.500000
7.272230 0.440242 0.948140 5.520000
6.943503 0.459479 0.974659 5.540000
6.897437 0.479136 0.990219 5.560000
6.319262 0.499046 1.000002 5.580000
5.641907 0.519003 0.994890 5.600000
5.648362 0.538696 0.973722 5.620000
5.081538 0.557926 0.948724 5.640000
5.273845 0.576524 0.910518 5.660000
5.504215 0.594358 0.872279 5.680000
5.814041 0.611433 0.834729 5.700000
5.690111 0.627777 0.799216 5.720000
6.192274 0.643362 0.758844 5.740000
6.692256 0.658193 0.723795 5.760000
5.784403 0.672375 0.693916 5.780000
6.776957 0.685792 0.647401 5.800000
7.387588 0.698410 0.614043 5.820000
6.700152 0.710431 0.587668 5.840000
7.264029 0.721798 0.548707 5.860000
7.056320 0.732451 0.516292 5.880000
7.323074 0.742407 0.478996 5.900000
6.516261 0.751640 0.444036 5.920000
6.484532 0.760042 0.396016 5.940000
7.454500 0.767470 0.346676 5.960000
7.745166 0.774043 0.310494 5.980000
8.000000 0.779926 0.277626 6.000000
8.000000 0.785180 0.247621 6.020000
8.000000 0.789826 0.216975 6.040000
7.346638 0.793855 0.185856 6.060000
8.000000 0.797168 0.145381 6.080000
7.814438 0.799762 0.114031 6.100000
7.804371 0.801704 0.080179 6.120000
8.000000 0.802970 0.046464 6.140000
7.971965 0.803592 0.015875 6.160000
7.111315 0.803604 -0.014572 6.180000
6.736113 0.802895 -0.056166 6.200000
7.614914 0.801313 -0.101832 6.220000
8.000000 0.798953 -0.134012 6.240000
8.000000 0.796014 -0.159581 6.260000
7.391993 0.792578 -0.183849 6.280000
7.411556 0.788585 -0.215183 6.300000
7.628539 0.783984 -0.244588 6.320000
7.759968 0.778844 -0.269184 6.340000
7.924482 0.773248 -0.290123 6.360000
8.000000 0.767275 -0.306884 6.380000
7.891627 0.760995 -0.320709 6.400000
7.347518 0.754443 -0.334216 6.420000
7.900257 0.747561 -0.353665 6.440000
7.512180 0.740391 -0.362976 6.460000
7.609850 0.732998 -0.375985 6.480000
7.962292 0.725380 -0.385464 6.500000
8.000000 0.717646 -0.387629 6.520000
8.000000 0.709894 -0.387252 6.540000
8.000000 0.702169 -0.384944 6.560000
7.428627 0.694509 -0.380753 6.580000
6.804306 0.686863 -0.383453 6.600000
7.724858 0.679087 -0.393816 6.620000
6.814809 0.671267 -0.387900 6.640000
7.147529 0.663441 -0.394328 6.660000
6.784862 0.655559 -0.393565 6.680000
6.304385 0.647654 -0.396634 6.700000
6.021485 0.639630 -0.405376 6.720000
5.564733 0.631407 -0.416585 6.740000
5.004223 0.622908 -0.432998 6.760000
5.002689 0.614012 -0.456201 6.780000
5.424337 0.604676 -0.477003 6.800000
4.874884 0.595017 -0.488446 6.820000
3.910819 0.585063 -0.506539 6.840000
3.906808 0.574613 -0.538053 6.860000
2.918981 0.563559 -0.566805 6.880000
3.082598 0.551793 -0.609245 6.900000
2.277096 0.539239 -0.645695 6.920000
2.350176 0.525850 -0.692600 6.940000
1.815312 0.511571 -0.734683 6.960000
2.015586 0.496394 -0.782380 6.980000
1.653053 0.480337 -0.822695 7.000000
0.908941 0.463448 -0.865468 7.020000
1.575379 0.445613 -0.917366 7.040000
0.598905 0.426903 -0.952930 7.060000
0.565210 0.407347 -1.001844 7.080000
0.378862 0.386854 -1.046741 7.100000
0.805987 0.365475 -1.090328 7.120000
1.428624 0.343352 -1.121117 7.140000
1.346517 0.320779 -1.135431 7.160000
0.624710 0.297951 -1.146627 7.180000
0.526018 0.274808 -1.166870 7.200000
1.494895 0.251289 -1.184163 7.220000
1.527973 0.227660 -1.177976 7.240000
0.706626 0.204206 -1.166663 7.260000
-0.050537 0.180863 -1.166952 7.280000
-0.138532 0.157410 -1.177491 7.300000
-1.060480 0.133777 -1.185037 7.320000
-1.086313 0.109859 -1.205994 7.340000
-0.096246 0.085566 -1.222449 7.360000
0.380723 0.061190 -1.214359 7.380000
0.531085 0.037116 -1.192303 7.400000
0.988816 0.013556 -1.163080 7.420000
0.296016 -0.009290 -1.120863 7.440000
-0.491195 -0.031393 -1.088844 7.460000
-0.557779 -0.052976 -1.068804 7.480000
0.017818 -0.074133 -1.046324 7.500000
0.669979 -0.094691 -1.008874 7.520000
0.185480 -0.114338 -0.955436 7.540000
0.024843 -0.132986 -0.908916 7.560000
-0.338398 -0.150710 -0.862977 7.580000
-1.036274 -0.167561 -0.821736 7.600000
-0.744850 -0.183700 -0.791747 7.620000
-1.305373 -0.199157 -0.753611 7.640000
-1.731373 -0.213939 -0.724176 7.660000
-2.676943 -0.228192 -0.700724 7.680000
-3.338059 -0.242135 -0.693174 7.700000
-4.145320 -0.256029 -0.695666 7.720000
-4.310166 -0.270098 -0.710688 7.740000
-5.221238 -0.284466 -0.725582 7.760000
-5.525791 -0.299272 -0.754397 7.780000
-4.737738 -0.314674 -0.785129 7.800000
-3.914275 -0.330502 -0.797036 7.820000
-4.348835 -0.346377 -0.789928 7.840000
-5.026162 -0.362159 -0.787728 7.860000
-4.215110 -0.377990 -0.794727 7.880000
-4.091891 -0.393775 -0.783271 7.900000
-4.764129 -0.409277 -0.766490 7.920000
-5.144952 -0.424537 -0.758981 7.940000
-5.465792 -0.439685 -0.755191 7.960000
-5.769921 -0.454781 -0.753894 7.980000
-4.994284 -0.469872 -0.754664 8.000000
-4.377628 -0.484808 -0.738397 8.020000
-5.061646 -0.499281 -0.708484 8.040000
-5.848972 -0.513250 -0.687998 8.060000
-6.018874 -0.526919 -0.678434 8.080000
-6.151158 -0.540397 -0.668889 8.100000
-5.412983 -0.553678 -0.658723 8.120000
-5.798916 -0.566603 -0.633369 8.140000
-5.801050 -0.579062 -0.612131 8.160000
-6.486304 -0.591073 -0.588593 8.180000
-6.133587 -0.602704 -0.574085 8.200000
-6.648785 -0.613963 -0.551468 8.220000
-6.746062 -0.624832 -0.535078 8.240000
-5.905327 -0.635367 -0.518060 8.260000
-5.556690 -0.645407 -0.485603 8.280000
-5.742172 -0.654726 -0.446110 8.300000
-6.223483 -0.663272 -0.408329 8.320000
-7.208216 -0.671127 -0.376958 8.340000
-6.990559 -0.678496 -0.359698 8.360000
-7.876679 -0.685472 -0.337706 8.380000
-8.000000 -0.692133 -0.328079 8.400000
-8.000000 -0.698605 -0.318883 8.420000
-7.867220 -0.704879 -0.308272 8.440000
-7.038988 -0.710907 -0.294332 8.460000
-7.942557 -0.716519 -0.266818 8.480000
-7.356348 -0.721710 -0.252031 8.500000
-6.491381 -0.726507 -0.227591 8.520000
-6.529021 -0.730681 -0.189767 8.540000
-6.493646 -0.734102 -0.152373 8.560000
-6.128294 -0.736771 -0.114497 8.580000
-6.740540 -0.738630 -0.071495 8.600000
-7.437749 -0.739724 -0.037975 8.620000
-7.661472 -0.740255 -0.015128 8.640000
-6.825456 -0.740365 0.004072 8.660000
-5.913739 -0.739972 0.035084 8.680000
-6.459567 -0.738833 0.078645 8.700000
-6.874944 -0.736914 0.113004 8.720000
-6.571945 -0.734382 0.140070 8.740000
-6.257639 -0.731275 0.170397 8.760000
-5.389303 -0.727528 0.203972 8.780000
-4.491077 -0.722997 0.248812 8.800000
-4.958974 -0.717455 0.305046 8.820000
-4.542058 -0.710882 0.351923 8.840000
-4.199178 -0.703331 0.402658 8.860000
-5.139224 -0.694741 0.455921 8.880000
-5.705873 -0.685258 0.491940 8.900000
-6.108316 -0.675169 0.516418 8.920000
-7.023860 -0.664682 0.531875 8.940000
-6.291241 -0.654056 0.530292 8.960000
-5.352169 -0.643371 0.537761 8.980000
-4.563169 -0.632414 0.557535 9.000000
-4.901603 -0.620962 0.587120 9.020000
-5.600392 -0.609004 0.608180 9.040000
-5.588353 -0.596769 0.614822 9.060000
-5.502415 -0.584428 0.618793 9.080000
-6.394443 -0.572022 0.621351 9.100000
-5.788761 -0.559742 0.606199 9.120000
-5.589063 -0.547689 0.598734 9.140000
-4.965053 -0.535776 0.592105 9.160000
-5.456356 -0.523914 0.593616 9.180000
-4.788279 -0.512133 0.584074 9.200000
-4.614153 -0.500451 0.583689 9.220000
-4.746083 -0.488772 0.583825 9.240000
-4.039452 -0.477138 0.579147 9.260000
-4.510991 -0.465497 0.584523 9.280000
-4.644596 -0.453858 0.578984 9.300000
-5.062951 -0.442378 0.568701 9.320000
-5.226603 -0.431200 0.548678 9.340000
-5.727457 -0.420473 0.523710 9.360000
-5.163129 -0.410355 0.487871 9.380000
-5.978482 -0.400865 0.460825 9.400000
-5.516269 -0.392081 0.417419 9.420000
-5.309675 -0.384090 0.381463 9.440000
-4.826574 -0.376791 0.348332 9.460000
-3.888064 -0.370074 0.323230 9.480000
-4.654067 -0.363694 0.314568 9.500000
-4.285506 -0.357641 0.290582 9.520000
-3.497885 -0.352007 0.272666 9.540000
-3.205321 -0.346593 0.268596 9.560000
-3.184692 -0.341215 0.268950 9.580000
-2.291019 -0.335838 0.268585 9.600000
-1.431752 -0.330311 0.283844 9.620000
-2.215982 -0.324332 0.313775 9.640000
-2.838905 -0.317920 0.327178 9.660000
-2.941727 -0.311373 0.327299 9.680000
-3.122083 -0.304857 0.324157 9.700000
-2.185497 -0.298449 0.316356 9.720000
-2.070310 -0.292032 0.325153 9.740000
-1.375232 -0.285431 0.334672 9.760000
-1.561773 -0.278523 0.355889 9.780000
-2.409977 -0.271243 0.371754 9.800000
-1.614545 -0.263827 0.369665 9.820000
-2.152382 -0.256314 0.381352 9.840000
-1.740130 -0.248687 0.381009 9.860000
-1.995978 -0.241004 0.387074 9.880000
-1.768497 -0.233265 0.386577 9.900000
-2.273162 -0.225507 0.388942 9.920000
-2.978243 -0.217815 0.379988 9.940000
-2.607952 -0.210453 0.356063 9.960000
-2.851401 -0.203507 0.338345 9.980000
-3.511184 -0.196973 0.314900 10.000000
-4.146462 -0.191045 0.277840 10.020000
-4.744606 -0.185986 0.228035 10.040000
-5.577051 -0.182040 0.166641 10.060000
-5.235161 -0.179480 0.089566 10.080000
-5.238210 -0.178383 0.020297 10.100000
-4.504920 -0.178660 -0.047745 10.120000
-4.984339 -0.180139 -0.099962 10.140000
-5.468478 -0.182743 -0.160063 10.160000
-5.583335 -0.186624 -0.227722 10.180000
-5.411517 -0.191859 -0.295315 10.200000
-6.170587 -0.198386 -0.356984 10.220000
-6.609133 -0.206267 -0.430637 10.240000
-6.444259 -0.215675 -0.509466 10.260000
-6.851200 -0.226589 -0.581335 10.280000
-6.963798 -0.238980 -0.657085 10.300000
-7.730567 -0.252865 -0.730596 10.320000
-8.000000 -0.268320 -0.814063 10.340000
-8.000000 -0.285443 -0.897299 10.360000
-7.653440 -0.304173 -0.974746 10.380000
-8.000000 -0.324327 -1.039605 10.400000
-7.942340 -0.345782 -1.104828 10.420000
-7.377205 -0.368466 -1.162472 10.440000
-8.000000 -0.392132 -1.203068 10.460000
-7.916497 -0.416659 -1.248533 10.480000
-8.000000 -0.442012 -1.285566 10.500000
-8.000000 -0.468051 -1.317118 10.520000
-7.876262 -0.494650 -1.341604 10.540000
-7.182759 -0.521646 -1.356868 10.560000
-7.032652 -0.548759 -1.353357 10.580000
-6.578379 -0.575712 -1.340917 10.600000
-7.010206 -0.602280 -1.314854 10.620000
-7.375765 -0.628339 -1.290141 10.640000
-6.795029 -0.653906 -1.265560 10.660000
-7.136110 -0.678833 -1.226291 10.680000
-6.139719 -0.702977 -1.187226 10.700000
-6.952420 -0.726139 -1.128362 10.720000
-6.313792 -0.748205 -1.077474 10.740000
-5.441269 -0.769119 -1.013344 10.760000
-6.284192 -0.788593 -0.933612 10.780000
-5.460003 -0.806565 -0.863126 10.800000
-4.863346 -0.822989 -0.778983 10.820000
-4.848632 -0.837633 -0.685253 10.840000
-4.256961 -0.850391 -0.590425 10.860000
-4.652690 -0.861169 -0.487438 10.880000
-5.582322 -0.869941 -0.389709 10.900000
-4.667095 -0.876879 -0.304203 10.920000
-4.832484 -0.881996 -0.207574 10.940000
-4.918184 -0.885210 -0.114126 10.960000
-5.294192 -0.886581 -0.023151 10.980000
-4.439064 -0.886195 0.061410 11.000000
-5.119701 -0.884030 0.154760 11.020000
-5.276621 -0.880107 0.237110 11.040000
-4.428330 -0.874582 0.314889 11.060000
-3.964935 -0.867422 0.400649 11.080000
-3.680874 -0.858518 0.489131 11.100000
-3.222438 -0.847843 0.577734 11.120000
-3.644882 -0.835374 0.668512 11.140000
-3.748584 -0.821187 0.749467 11.160000
-3.699620 -0.805439 0.824636 11.180000
-3.992061 -0.788226 0.895894 11.200000
-4.685007 -0.769676 0.958241 11.220000
-5.544194 -0.750028 1.005689 11.240000
-5.963837 -0.729608 1.035515 11.260000
-6.153394 -0.708704 1.053994 11.280000
-6.088746 -0.687511 1.064509 11.300000
-6.153012 -0.666148 1.070976 11.320000
-6.038778 -0.644715 1.071445 11.340000
-5.158701 -0.623304 1.068836 11.360000
-4.628797 -0.601851 1.075667 11.380000
-3.835833 -0.580223 1.086385 11.400000
-3.736167 -0.558296 1.105491 11.420000
-4.490387 -0.536019 1.121376 11.440000
-4.072276 -0.513603 1.119443 11.460000
-3.345049 -0.491200 1.120039 11.480000
-2.658646 -0.468704 1.128704 11.500000
-1.996972 -0.445961 1.144802 11.520000
-2.867072 -0.422826 1.167931 11.540000
-1.928140 -0.399435 1.170308 11.560000
-2.427724 -0.375873 1.185140 11.580000
-2.641927 -0.352155 1.185830 11.600000
-1.760805 -0.328511 1.177800 11.620000
-2.562701 -0.304907 1.181775 11.640000
-2.572946 -0.281423 1.165859 11.660000
-1.750301 -0.258304 1.145390 11.680000
-1.945993 -0.235477 1.136516 11.700000
-2.744038 -0.212910 1.119572 11.720000
-2.024441 -0.190877 1.083064 11.740000
-2.434992 -0.169471 1.056939 11.760000
-2.110011 -0.148704 1.019125 11.780000
-3.044568 -0.128664 0.984373 11.800000
-2.093174 -0.109535 0.928054 11.820000
-1.678183 -0.091371 0.887880 11.840000
-1.062569 -0.073956 0.853188 11.860000
-0.652311 -0.057139 0.827996 11.880000
-1.345325 -0.040773 0.808184 11.900000
-0.347650 -0.024968 0.771917 11.920000
0.178289 -0.009713 0.753103 11.940000
0.231501 0.005244 0.742146 11.960000
-0.690965 0.019966 0.729579 11.980000
-0.462447 0.034227 0.696183 12.000000
-0.856872 0.047845 0.665273 12.020000
0.126607 0.060746 0.624610 12.040000
-0.195995 0.073013 0.601763 12.060000
0.433602 0.084740 0.570674 12.080000
1.191672 0.095954 0.550407 12.100000
0.318740 0.106895 0.543329 12.120000
0.260532 0.117502 0.517104 12.140000
-0.357854 0.127558 0.488255 12.160000
0.617995 0.136902 0.445961 12.180000
1.355343 0.145582 0.421918 12.200000
2.350018 0.153915 0.411144 12.220000
2.594266 0.162214 0.418410 12.240000
3.448977 0.170688 0.428634 12.260000
3.663682 0.179514 0.453597 12.280000
4.118731 0.188858 0.480399 12.300000
4.988996 0.198802 0.513545 12.320000
5.963581 0.209550 0.560779 12.340000
6.048787 0.221400 0.623558 12.360000
6.071146 0.234483 0.684053 12.380000
6.463755 0.248739 0.740817 12.400000
6.767297 0.264162 0.800747 12.420000
7.534911 0.280795 0.861741 12.440000
8.000000 0.298744 0.932230 12.460000
8.000000 0.318135 1.005816 12.480000
8.000000 0.338936 1.073242 12.500000
7.449267 0.361022 1.134276 12.520000
7.627474 0.384161 1.178566 12.540000
7.328872 0.408155 1.219690 12.560000
6.784489 0.432850 1.248802 12.580000
7.704070 0.457966 1.261700 12.600000
6.747918 0.483440 1.284669 12.620000
6.954731 0.509140 1.284316 12.640000
7.573733 0.534809 1.281494 12.660000
7.347159 0.560465 1.283109 12.680000
6.781159 0.586053 1.274664 12.700000
6.387477 0.611319 1.250967 12.720000
6.222996 0.635992 1.215516 12.740000
6.222354 0.659881 1.172552 12.760000
5.361953 0.682864 1.125065 12.780000
5.573244 0.704723 1.060298 12.800000
5.383802 0.725286 0.995377 12.820000
6.228753 0.744490 0.924614 12.840000
5.863732 0.762376 0.863471 12.860000
5.981709 0.778959 0.794465 12.880000
5.963716 0.794157 0.724984 12.900000
6.183702 0.807944 0.653435 12.920000
5.755836 0.820315 0.583424 12.940000
6.640269 0.831215 0.506472 12.960000
7.079402 0.840687 0.440598 12.980000
7.279122 0.848892 0.379793 13.000000
8.000000 0.855901 0.321020 13.020000
8.000000 0.861824 0.271212 13.040000
7.819592 0.866747 0.221054 13.060000
7.824674 0.870643 0.168495 13.080000
7.923272 0.873489 0.116222 13.100000
8.000000 0.875307 0.065669 13.120000
7.433567 0.876130 0.016768 13.140000
8.000000 0.875912 -0.038421 13.160000
7.688113 0.874674 -0.085154 13.180000
7.750562 0.872475 -0.134505 13.200000
7.619360 0.869313 -0.181434 13.220000
8.000000 0.865213 -0.228233 13.240000
7.102064 0.860246 -0.268110 13.260000
6.453419 0.854386 -0.317501 13.280000
6.821778 0.847477 -0.372892 13.300000
7.456915 0.839537 -0.420669 13.320000
8.000000 0.830754 -0.457132 13.340000
8.000000 0.821344 -0.483398 13.360000
8.000000 0.811438 -0.506745 13.380000
7.684676 0.801094 -0.527113 13.400000
8.000000 0.790330 -0.548821 13.420000
7.859094 0.779206 -0.563001 13.440000
8.000000 0.767810 -0.576088 13.460000
8.000000 0.756204 -0.584046 13.480000
8.000000 0.744469 -0.588929 13.500000
8.000000 0.732667 -0.590771 13.520000
7.745215 0.720858 -0.589622 13.540000
7.603323 0.709063 -0.589351 13.560000
7.742183 0.697282 -0.588315 13.580000
6.839963 0.685571 -0.582297 13.600000
6.748137 0.673869 -0.587402 13.620000
6.915190 0.662080 -0.591060 13.640000
6.836993 0.650272 -0.589247 13.660000
7.785467 0.638516 -0.585911 13.680000
7.155021 0.627005 -0.564737 13.700000
6.890101 0.615841 -0.551329 13.720000
7.887002 0.604925 -0.539833 13.740000
8.000000 0.594426 -0.509722 13.760000
7.925028 0.584568 -0.475819 13.780000
7.687250 0.575392 -0.441457 13.800000
6.872151 0.566880 -0.409543 13.820000
7.730326 0.558883 -0.389891 13.840000
7.485813 0.551439 -0.354352 13.860000
8.000000 0.544674 -0.321908 13.880000
7.988797 0.538656 -0.279826 13.900000
7.234129 0.533483 -0.237382 13.920000
8.000000 0.529034 -0.207477 13.940000
8.000000 0.525318 -0.164073 13.960000
7.657249 0.522471 -0.120717 13.980000
7.302209 0.520429 -0.083503 14.000000
6.653061 0.519067 -0.052716 14.020000
6.467610 0.518206 -0.033441 14.040000
5.764998 0.517696 -0.017579 14.060000
6.410764 0.517380 -0.014030 14.080000
7.389111 0.517246 0.000616 14.100000
7.617805 0.517571 0.031795 14.120000
8.000000 0.518552 0.066133 14.140000
8.000000 0.520276 0.106035 14.160000
8.000000 0.522785 0.144623 14.180000
8.000000 0.526051 0.181731 14.200000
7.892611 0.530043 0.217207 14.220000
7.973876 0.534709 0.249074 14.240000
7.184430 0.540008 0.280464 14.260000
7.591943 0.545780 0.296470 14.280000
6.921185 0.551924 0.317617 14.300000
6.600628 0.558358 0.325518 14.320000
6.922916 0.564879 0.326350 14.340000
6.203259 0.571456 0.331015 14.360000
6.833062 0.577989 0.322066 14.380000
7.587856 0.584434 0.322230 14.400000
7.564170 0.590993 0.333296 14.420000
7.715270 0.597750 0.342124 14.440000
6.929854 0.604690 0.351567 14.460000
6.431155 0.611672 0.346339 14.480000
7.088845 0.618452 0.331510 14.500000
8.000000 0.625030 0.326015 14.520000
7.681808 0.631630 0.333653 14.540000
8.000000 0.638313 0.334402 14.560000
8.000000 0.645046 0.338532 14.580000
7.190707 0.651843 0.340886 14.600000
6.893610 0.658542 0.328792 14.620000
7.034955 0.664939 0.310718 14.640000
6.054817 0.670985 0.293726 14.660000
5.667042 0.676529 0.260515 14.680000
5.528649 0.681342 0.220812 14.700000
5.444425 0.685338 0.178794 14.720000
4.800620 0.688481 0.135535 14.740000
5.262066 0.690663 0.082714 14.760000
5.512964 0.691865 0.037625 14.780000
5.110228 0.692211 -0.002911 14.800000
5.423435 0.691693 -0.048767 14.820000
5.832036 0.690316 -0.088732 14.840000
6.542820 0.688214 -0.121279 14.860000
6.514047 0.685582 -0.141766 14.880000
7.245438 0.682546 -0.161631 14.900000
7.858121 0.679237 -0.169108 14.920000
7.237707 0.675883 -0.166178 14.940000
7.967068 0.672499 -0.172068 14.960000
8.000000 0.669120 -0.165709 14.980000
8.000000 0.665880 -0.158136 15.000000
8.000000 0.662799 -0.149920 15.020000
7.462006 0.659887 -0.141117 15.040000
8.000000 0.657073 -0.140201 15.060000
8.000000 0.654368 -0.130182 15.080000
7.886753 0.651869 -0.119709 15.100000
7.504444 0.649565 -0.110628 15.120000
8.000000 0.647386 -0.107204 15.140000
7.364435 0.645358 -0.095497 15.160000
6.413288 0.643466 -0.093597 15.180000
7.050288 0.641466 -0.106347 15.200000
6.738608 0.639319 -0.108246 15.220000
6.560015 0.637090 -0.114543 15.240000
6.892062 0.634713 -0.123019 15.260000
6.266592 0.632227 -0.125458 15.280000
6.375659 0.629599 -0.137247 15.300000
6.364912 0.626761 -0.146426 15.320000
6.107186 0.623746 -0.154918 15.340000
5.301241 0.620528 -0.166671 15.360000
5.755876 0.616955 -0.190420 15.380000
4.893267 0.612994 -0.205517 15.400000
5.236944 0.608602 -0.233376 15.420000
4.671015 0.603725 -0.254092 15.440000
4.815126 0.598356 -0.282524 15.460000
5.401750 0.592460 -0.306831 15.480000
5.155638 0.586192 -0.319693 15.500000
4.619540 0.579642 -0.334955 15.520000
4.029014 0.572716 -0.357348 15.540000
3.179018 0.565263 -0.387622 15.560000
3.363383 0.557083 -0.429934 15.580000
4.350545 0.548113 -0.466602 15.600000
3.691260 0.538604 -0.483954 15.620000
3.713441 0.528659 -0.510154 15.640000
3.123831 0.518219 -0.533370 15.660000
2.314898 0.507239 -0.564108 15.680000
1.656503 0.495533 -0.606021 15.700000
1.897747 0.482904 -0.656271 15.720000
2.536456 0.469348 -0.698829 15.740000
2.592203 0.455088 -0.726575 15.760000
2.198397 0.440317 -0.749925 15.780000
1.337057 0.425043 -0.776927 15.800000
1.999709 0.409108 -0.815952 15.820000
1.093748 0.392551 -0.839054 15.840000
0.495726 0.375404 -0.875059 15.860000
-0.022134 0.357465 -0.918101 15.880000
-0.463567 0.338611 -0.966524 15.900000
-1.259677 0.318751 -1.018722 15.920000
-1.005577 0.297744 -1.081202 15.940000
-0.172480 0.275585 -1.133769 15.960000
0.295062 0.252587 -1.165270 15.980000
0.123165 0.229098 -1.182805 16.000000
-0.544446 0.205273 -1.198814 16.020000
-1.368010 0.181048 -1.222906 16.040000
-1.016529 0.156230 -1.257966 16.060000
-0.585960 0.130834 -1.280734 16.080000
-1.513615 0.105121 -1.289730 16.100000
-1.440558 0.079096 -1.311882 16.120000
-1.990189 0.052697 -1.327142 16.140000
-1.272104 0.025937 -1.347865 16.160000
-2.088916 -0.001038 -1.348769 16.180000
-1.911716 -0.028141 -1.360584 16.200000
-2.171156 -0.055389 -1.363353 16.220000
-3.169869 -0.082690 -1.365850 16.240000
-2.320982 -0.110185 -1.382590 16.260000
-1.342915 -0.137788 -1.376809 16.280000
-0.973082 -0.165029 -1.346546 16.300000
-0.616824 -0.191546 -1.304409 16.320000
-0.658799 -0.217108 -1.251140 16.340000
0.175732 -0.241575 -1.194929 16.360000
-0.209266 -0.264722 -1.119269 16.380000
-0.377113 -0.286401 -1.048266 16.400000
-0.589452 -0.306667 -0.977919 16.420000
-0.126797 -0.325543 -0.909297 16.440000
-0.556576 -0.342939 -0.829975 16.460000
-0.939874 -0.358812 -0.757163 16.480000
-1.808159 -0.373287 -0.690066 16.500000
-2.459365 -0.386567 -0.637666 16.520000
-2.709970 -0.398904 -0.595746 16.540000
-2.997913 -0.410432 -0.556858 16.560000
-2.941856 -0.421221 -0.521733 16.580000
-3.246462 -0.431282 -0.484194 16.600000
-3.218616 -0.440635 -0.450918 16.620000
-2.487213 -0.449306 -0.415975 16.640000
-2.176765 -0.457137 -0.367029 16.660000
-1.981437 -0.463929 -0.312112 16.680000
-2.195643 -0.469586 -0.253627 16.700000
-2.573039 -0.474113 -0.199108 16.720000
-1.851964 -0.477619 -0.151540 16.740000
-1.305232 -0.480050 -0.091658 16.760000
-0.696909 -0.481195 -0.023022 16.780000
-0.701672 -0.480872 0.055011 16.800000
-0.935330 -0.479007 0.131219 16.820000
-0.417570 -0.475678 0.201342 16.840000
-1.035877 -0.470876 0.278467 16.860000
-1.012118 -0.464666 0.342160 16.880000
-0.187962 -0.457202 0.403763 16.900000
-0.780128 -0.448386 0.477334 16.920000
-0.087512 -0.438236 0.537179 16.940000
-1.062643 -0.426795 0.606324 16.960000
-1.181586 -0.414183 0.654333 16.980000
-1.582089 -0.400666 0.696796 17.000000
-1.247295 -0.386407 0.728482 17.020000
-0.912937 -0.371488 0.762905 17.040000
0.076306 -0.355853 0.799936 17.060000
0.710291 -0.339331 0.851628 17.080000
-0.156068 -0.321696 0.911055 17.100000
-0.692687 -0.303082 0.949719 17.120000
-0.613167 -0.283838 0.973917 17.140000
0.245656 -0.264138 0.995449 17.160000
0.738687 -0.243883 1.029212 17.180000
1.504490 -0.222904 1.067948 17.200000
1.116498 -0.201049 1.116760 17.220000
1.998085 -0.178343 1.152952 17.240000
1.264757 -0.154791 1.201318 17.260000
1.193299 -0.130471 1.229904 17.280000
0.866891 -0.105644 1.251869 17.300000
0.439570 -0.080495 1.262201 17.320000
-0.216810 -0.055274 1.259045 17.340000
-0.248300 -0.030295 1.238110 17.360000
-0.253607 -0.005786 1.212162 17.380000
0.009880 0.018162 1.181920 17.400000
-0.815875 0.041517 1.152905 17.420000
0.078922 0.064089 1.103679 17.440000
-0.413505 0.085820 1.068834 17.460000
-0.460559 0.106722 1.020845 17.480000
-1.213680 0.126624 0.968961 17.500000
-0.796450 0.145314 0.899633 17.520000
-1.308833 0.162678 0.836445 17.540000
-0.520694 0.178659 0.761356 17.560000
0.194587 0.193277 0.700244 17.580000
-0.727817 0.206798 0.651576 17.600000
-1.668276 0.219151 0.583546 17.620000
-1.071449 0.229952 0.496548 17.640000
-1.748261 0.239128 0.420957 17.660000
-1.583891 0.246660 0.332319 17.680000
-1.434166 0.252456 0.247394 17.700000
-1.629093 0.256590 0.166127 17.720000
-2.047530 0.259070 0.082139 17.740000
-1.457632 0.259804 -0.008483 17.760000
-0.878723 0.258856 -0.085998 17.780000
-0.196717 0.256488 -0.150590 17.800000
-0.277329 0.252976 -0.200290 17.820000
0.074421 0.248472 -0.249804 17.840000
-0.653918 0.243064 -0.290652 17.860000
-0.273154 0.236718 -0.343595 17.880000
-0.499889 0.229410 -0.386884 17.900000
-0.107961 0.221214 -0.432236 17.920000
0.001868 0.212213 -0.467499 17.940000
0.579013 0.202552 -0.498167 17.960000
1.324250 0.192415 -0.515136 17.980000
1.398488 0.182107 -0.515296 18.000000
1.460748 0.171831 -0.511991 18.020000
1.966066 0.161653 -0.505531 18.040000
1.427422 0.151722 -0.487339 18.060000
0.720364 0.142064 -0.478125 18.080000
0.685591 0.132469 -0.481079 18.100000
1.455528 0.122827 -0.482788 18.120000
1.353904 0.113322 -0.467459 18.140000
0.641471 0.104119 -0.452600 18.160000
1.056186 0.095087 -0.450291 18.180000
0.237569 0.086200 -0.438106 18.200000
-0.015845 0.077410 -0.440597 18.220000
0.722783 0.068538 -0.446333 18.240000
0.250657 0.059716 -0.435641 18.260000
-0.201229 0.051029 -0.432795 18.280000
0.380374 0.042325 -0.437259 18.300000
-0.321581 0.033665 -0.428439 18.320000
-0.564439 0.025058 -0.432016 18.340000
-1.212526 0.016348 -0.438652 18.360000
-0.219708 0.007395 -0.456281 18.380000
0.738206 -0.001692 -0.452145 18.400000
0.192430 -0.010489 -0.427382 18.420000
-0.065090 -0.018888 -0.412252 18.440000
0.409416 -0.027022 -0.400917 18.460000
0.308426 -0.034821 -0.378866 18.480000
0.222158 -0.042189 -0.357782 18.500000
0.576746 -0.049143 -0.337436 18.520000
0.985741 -0.055610 -0.309179 18.540000
0.073312 -0.061425 -0.272209 18.560000
0.936221 -0.066678 -0.252941 18.580000
1.784841 -0.071368 -0.216041 18.600000
2.379796 -0.075150 -0.162294 18.620000
2.603016 -0.077745 -0.097254 18.640000
3.260755 -0.079003 -0.028728 18.660000
2.949886 -0.078772 0.051525 18.680000
3.535858 -0.077015 0.123862 18.700000
4.506949 -0.073714 0.205861 18.720000
4.712361 -0.068604 0.304628 18.740000
3.931854 -0.061509 0.404354 18.760000
3.411692 -0.052608 0.485165 18.780000
3.010035 -0.042228 0.552254 18.800000
3.678447 -0.030621 0.607963 18.820000
3.025859 -0.017800 0.673455 18.840000
2.400601 -0.003838 0.722142 18.860000
3.096469 0.010936 0.754694 18.880000
3.327470 0.026464 0.797433 18.900000
3.148185 0.042853 0.840776 18.920000
4.062096 0.060032 0.876410 18.940000
4.301516 0.078063 0.925921 18.960000
4.379536 0.097085 0.975473 18.980000
4.708932 0.117065 1.021650 19.000000
4.034638 0.137982 1.069235 19.020000
3.277994 0.159666 1.098299 19.040000
2.281156 0.181732 1.107547 19.060000
2.847696 0.203742 1.092767 19.080000
3.722115 0.225526 1.084882 19.100000
4.683049 0.247278 1.089598 19.120000
3.832344 0.269264 1.108112 19.140000
4.582066 0.291407 1.105394 19.160000
5.366031 0.313592 1.112302 19.180000
4.486021 0.336014 1.129046 19.200000
3.652003 0.358554 1.124160 19.220000
4.490840 0.380795 1.099200 19.240000
4.061742 0.402649 1.085525 19.260000
4.280975 0.424108 1.059715 19.280000
4.082891 0.445051 1.033902 19.300000
4.697061 0.465403 1.000705 19.320000
3.876024 0.485164 0.974776 19.340000
3.960525 0.504226 0.930873 19.360000
4.240898 0.522394 0.885443 19.380000
3.317710 0.539673 0.842027 19.400000
3.406783 0.555901 0.780348 19.420000
2.759211 0.570890 0.718268 19.440000
1.898851 0.584512 0.643815 19.460000
2.255884 0.596494 0.554224 19.480000
2.008828 0.606738 0.470218 19.500000
2.312369 0.615262 0.382133 19.520000
1.707187 0.622075 0.299299 19.540000
2.514229 0.627140 0.207288 19.560000
1.956264 0.630504 0.129280 19.580000
1.938501 0.632228 0.043424 19.600000
2.012609 0.632248 -0.041172 19.620000
2.634984 0.630606 -0.122762 19.640000
2.245380 0.627451 -0.192335 19.660000
1.841149 0.622863 -0.266059 19.680000
0.871358 0.616760 -0.343859 19.700000
0.035879 0.608970 -0.434581 19.720000
-0.259133 0.599262 -0.535644 19.740000
-0.974021 0.587521 -0.637824 19.760000
-0.827999 0.573657 -0.747785 19.780000
-1.413805 0.557663 -0.850848 19.800000
-2.074554 0.539556 -0.959107 19.820000
-2.507009 0.519220 -1.073590 19.840000
-1.785699 0.496574 -1.190103 19.860000
-1.939274 0.471781 -1.288176 19.880000
-2.655560 0.445059 -1.382993 19.900000
-3.615208 0.416374 -1.484424 19.920000
-4.058505 0.385551 -1.596694 19.940000
-3.771120 0.352472 -1.710038 19.960000
-4.657863 0.317254 -1.810487 19.980000
