-0.871408 0.222106 0.260735 0.000000
-0.669964 0.226668 0.195549 0.020000
-0.341355 0.229971 0.134813 0.040000
-0.470736 0.232129 0.081109 0.060000
-1.406925 0.233195 0.025673 0.080000
-1.691379 0.232982 -0.046786 0.100000
-2.384250 0.231280 -0.123118 0.120000
-2.547671 0.227936 -0.210843 0.140000
-2.927364 0.222831 -0.299231 0.160000
-3.862434 0.215912 -0.392137 0.180000
-4.846841 0.206985 -0.499905 0.200000
-4.322345 0.195750 -0.622885 0.220000
-3.920969 0.182203 -0.731095 0.240000
-4.666672 0.166616 -0.826777 0.260000
-5.289015 0.149018 -0.932186 0.280000
-5.185623 0.129242 -1.044382 0.300000
-5.716430 0.107303 -1.148586 0.320000
-4.852407 0.083236 -1.257004 0.340000
-4.879353 0.057239 -1.341595 0.360000
-5.638145 0.029611 -1.419993 0.380000
-6.067494 0.000335 -1.506425 0.400000
-5.430637 -0.030681 -1.593796 0.420000
-5.714444 -0.063237 -1.660550 0.440000
-5.573181 -0.097106 -1.724924 0.460000
-5.914823 -0.132151 -1.778207 0.480000
-6.203107 -0.168245 -1.829762 0.500000
-6.334991 -0.205339 -1.878186 0.520000
-5.410370 -0.243338 -1.920121 0.540000
-5.065810 -0.281905 -1.935168 0.560000
-4.676208 -0.320621 -1.935045 0.580000
-4.586833 -0.359178 -1.919309 0.600000
-4.639724 -0.397324 -1.894023 0.620000
-4.305104 -0.434898 -1.862089 0.640000
-3.679522 -0.471699 -1.816844 0.660000
-3.891172 -0.507417 -1.753887 0.680000
-3.817213 -0.541851 -1.688612 0.700000
-4.364494 -0.574911 -1.616434 0.720000
-3.421763 -0.606565 -1.548088 0.740000
-4.289715 -0.636647 -1.459473 0.760000
-4.511345 -0.665055 -1.380546 0.780000
-5.317751 -0.691876 -1.300934 0.800000
-4.428040 -0.717189 -1.229685 0.820000
-4.087248 -0.740906 -1.141422 0.840000
-3.915572 -0.762777 -1.045364 0.860000
-3.159914 -0.782681 -0.944674 0.880000
-2.824213 -0.800448 -0.831841 0.900000
-3.711837 -0.815903 -0.713659 0.920000
-2.963387 -0.829113 -0.607286 0.940000
-2.981524 -0.840094 -0.490827 0.960000
-3.282092 -0.848753 -0.375212 0.980000
-3.148749 -0.855148 -0.264507 1.000000
-3.227397 -0.859324 -0.153334 1.020000
-3.727638 -0.861303 -0.044844 1.040000
-3.561313 -0.861196 0.055206 1.060000
-3.376318 -0.859088 0.155220 1.080000
-3.715912 -0.854980 0.255091 1.100000
-3.509785 -0.848948 0.347653 1.120000
-3.845565 -0.841068 0.439813 1.140000
-3.311030 -0.831423 0.524102 1.160000
-2.640063 -0.820056 0.611933 1.180000
-2.829147 -0.806880 0.704938 1.200000
-3.658206 -0.791913 0.791068 1.220000
-3.521282 -0.775384 0.861085 1.240000
-4.382879 -0.757481 0.928408 1.260000
-4.203615 -0.738405 0.978393 1.280000
-4.058856 -0.718352 1.026085 1.300000
-3.224496 -0.697373 1.070887 1.320000
-3.534561 -0.675423 1.123283 1.340000
-3.406570 -0.652526 1.165511 1.360000
-2.954663 -0.628818 1.204350 1.380000
-3.945132 -0.604316 1.244981 1.400000
-4.064185 -0.579219 1.263739 1.420000
-4.548874 -0.553823 1.274954 1.440000
-5.401228 -0.528340 1.272440 1.460000
-5.937185 -0.503108 1.249886 1.480000
-5.956253 -0.478472 1.212888 1.500000
-5.374552 -0.454628 1.170797 1.520000
-5.805527 -0.431566 1.134644 1.540000
-6.547618 -0.409348 1.086414 1.560000
-6.409060 -0.388271 1.020748 1.580000
-6.222280 -0.368515 0.954262 1.600000
-5.231167 -0.350086 0.888226 1.620000
-4.512321 -0.332819 0.837990 1.640000
-5.194978 -0.316449 0.798590 1.660000
-4.430772 -0.301022 0.743712 1.680000
-4.287015 -0.286569 0.701185 1.700000
-5.146245 -0.272961 0.659277 1.720000
-4.373307 -0.260376 0.599033 1.740000
-5.263930 -0.248860 0.552223 1.760000
-5.315330 -0.238467 0.486925 1.780000
-6.126491 -0.229399 0.419855 1.800000
-5.949616 -0.221833 0.336682 1.820000
-6.765277 -0.215896 0.257117 1.840000
-5.970766 -0.211704 0.162252 1.860000
-5.368903 -0.209244 0.083933 1.880000
-6.318064 -0.208222 0.018455 1.900000
-6.627623 -0.208682 -0.064180 1.920000
-7.165203 -0.210836 -0.150892 1.940000
-7.952684 -0.214806 -0.245629 1.960000
-7.655056 -0.220794 -0.352625 1.980000
-6.797691 -0.228829 -0.450183 2.000000
-6.366191 -0.238610 -0.527294 2.020000
-6.532303 -0.249812 -0.592271 2.040000
-6.120674 -0.262307 -0.656545 2.060000
-5.969006 -0.275967 -0.708794 2.080000
-5.947197 -0.290602 -0.754013 2.100000
-6.017136 -0.306095 -0.794611 2.120000
-5.715274 -0.322371 -0.832218 2.140000
-6.418008 -0.339297 -0.859741 2.160000
-6.892199 -0.356863 -0.895996 2.180000
-7.865414 -0.375194 -0.936243 2.200000
-7.497447 -0.394458 -0.989224 2.220000
-7.257810 -0.414657 -1.029737 2.240000
-6.505550 -0.435566 -1.060241 2.260000
-6.751077 -0.456894 -1.071700 2.280000
-7.300111 -0.478443 -1.082319 2.300000
-6.834205 -0.500248 -1.097258 2.320000
-7.404119 -0.522215 -1.098605 2.340000
-6.432601 -0.544255 -1.104460 2.360000
-6.391564 -0.566193 -1.088523 2.380000
-5.571227 -0.587758 -1.067172 2.400000
-4.782927 -0.608715 -1.027889 2.420000
-5.134017 -0.628720 -0.972112 2.440000
-5.209242 -0.647635 -0.918885 2.460000
-4.366693 -0.665468 -0.863922 2.480000
-3.446790 -0.682043 -0.793283 2.500000
-2.520515 -0.697046 -0.706747 2.520000
-2.229150 -0.710166 -0.605229 2.540000
-2.945566 -0.721210 -0.499196 2.560000
-2.127649 -0.730243 -0.404119 2.580000
-2.564067 -0.737257 -0.297424 2.600000
-2.116526 -0.742211 -0.198197 2.620000
-1.841053 -0.745128 -0.093715 2.640000
-2.108067 -0.745931 0.013024 2.660000
-2.583043 -0.744660 0.113723 2.680000
-2.892995 -0.741468 0.205118 2.700000
-3.443578 -0.736518 0.289442 2.720000
-4.305208 -0.729989 0.362946 2.740000
-5.018435 -0.722147 0.420866 2.760000
-4.524112 -0.713280 0.465308 2.780000
-4.950521 -0.703479 0.514328 2.800000
-4.975141 -0.692792 0.553797 2.820000
-5.328709 -0.681352 0.589760 2.840000
-5.942044 -0.669278 0.617043 2.860000
-5.911452 -0.656787 0.631535 2.880000
-5.033749 -0.644033 0.643375 2.900000
-4.100685 -0.630933 0.666035 2.920000
-4.643920 -0.617263 0.700359 2.940000
-4.435897 -0.603031 0.722320 2.960000
-3.742628 -0.588360 0.744192 2.980000
-4.609592 -0.573172 0.773972 3.000000
-5.308994 -0.557571 0.785532 3.020000
-6.207110 -0.541893 0.781718 3.040000
-7.038862 -0.526478 0.759239 3.060000
-7.580735 -0.511687 0.719431 3.080000
-7.421069 -0.497812 0.667612 3.100000
-6.711537 -0.484969 0.616371 3.120000
-6.639416 -0.473045 0.575645 3.140000
-7.571202 -0.461943 0.534313 3.160000
-8.000000 -0.451850 0.474773 3.180000
-7.794841 -0.443036 0.406484 3.200000
-8.000000 -0.435558 0.341245 3.220000
-7.512438 -0.429426 0.271967 3.240000
-6.967046 -0.424591 0.211523 3.260000
-7.842670 -0.420865 0.161111 3.280000
-8.000000 -0.418304 0.095122 3.300000
-7.102659 -0.417083 0.027137 3.320000
-7.944062 -0.417047 -0.023400 3.340000
-7.078076 -0.418164 -0.088044 3.360000
-7.832662 -0.420400 -0.135334 3.380000
-8.000000 -0.423704 -0.194673 3.400000
-8.000000 -0.428203 -0.254916 3.420000
-7.897504 -0.433884 -0.312731 3.440000
-7.423234 -0.440676 -0.366047 3.460000
-7.010004 -0.448422 -0.408063 3.480000
-7.241030 -0.456907 -0.439947 3.500000
-7.593812 -0.466043 -0.473223 3.520000
-7.665843 -0.475879 -0.509811 3.540000
-8.000000 -0.486427 -0.544477 3.560000
-7.125483 -0.497694 -0.581644 3.580000
-6.581279 -0.509516 -0.600059 3.600000
-6.210352 -0.521581 -0.605883 3.620000
-5.543806 -0.533668 -0.602427 3.640000
-6.019201 -0.545546 -0.584960 3.660000
-5.101947 -0.557132 -0.573245 3.680000
-4.288816 -0.568306 -0.543802 3.700000
-5.007997 -0.578737 -0.499060 3.720000
-4.864754 -0.588380 -0.464993 3.740000
-5.401699 -0.597304 -0.427239 3.760000
-4.822230 -0.605550 -0.397158 3.780000
-5.209342 -0.613088 -0.356521 3.800000
-4.985105 -0.619869 -0.321415 3.820000
-4.981832 -0.625904 -0.282001 3.840000
-5.564077 -0.631145 -0.242102 3.860000
-5.851449 -0.635679 -0.211239 3.880000
-5.015724 -0.639639 -0.184619 3.900000
-4.724777 -0.642929 -0.144447 3.920000
-5.278952 -0.645371 -0.099847 3.940000
-5.087343 -0.647014 -0.064462 3.960000
-5.045316 -0.647922 -0.026473 3.980000
-4.192678 -0.648070 0.011540 4.000000
-3.660453 -0.647331 0.062205 4.020000
-3.553376 -0.645506 0.120017 4.040000
-4.164301 -0.642524 0.177903 4.060000
-4.570162 -0.638500 0.224247 4.080000
-5.384316 -0.633631 0.262295 4.100000
-5.936004 -0.628151 0.285479 4.120000
-6.074219 -0.622312 0.298100 4.140000
-6.402656 -0.616260 0.306896 4.160000
-5.639974 -0.610100 0.308805 4.180000
-5.486711 -0.603793 0.321641 4.200000
-6.257749 -0.597221 0.335289 4.220000
-6.577855 -0.590520 0.334538 4.240000
-7.550349 -0.583902 0.326990 4.260000
-7.500701 -0.577611 0.301976 4.280000
-8.000000 -0.571822 0.276808 4.300000
-7.496480 -0.566628 0.242468 4.320000
-8.000000 -0.562042 0.216021 4.340000
-7.766794 -0.558075 0.180606 4.360000
-6.848707 -0.554780 0.148913 4.380000
-6.959854 -0.551964 0.132569 4.400000
-7.611669 -0.549498 0.114048 4.420000
-8.000000 -0.547514 0.084347 4.440000
-8.000000 -0.546189 0.048260 4.460000
-8.000000 -0.545580 0.012649 4.480000
-8.000000 -0.545678 -0.022321 4.500000
-7.055688 -0.546468 -0.056487 4.520000
-6.708690 -0.547771 -0.073741 4.540000
-6.080351 -0.549354 -0.084443 4.560000
-6.940746 -0.551039 -0.083939 4.580000
-6.286777 -0.552855 -0.097558 4.600000
-6.415081 -0.554825 -0.099440 4.620000
-5.459667 -0.556851 -0.102983 4.640000
-5.249471 -0.558780 -0.089940 4.660000
-5.745567 -0.560412 -0.073232 4.680000
-5.721581 -0.561793 -0.064844 4.700000
-6.267951 -0.563001 -0.055930 4.720000
-6.747889 -0.564121 -0.056079 4.740000
-6.896951 -0.565323 -0.063989 4.760000
-7.292098 -0.566703 -0.073931 4.780000
-7.363454 -0.568343 -0.089918 4.800000
-7.698894 -0.570306 -0.106344 4.820000
-7.684891 -0.572647 -0.127513 4.840000
-7.240062 -0.575398 -0.147403 4.860000
-7.802495 -0.578461 -0.158799 4.880000
-7.553793 -0.581837 -0.178512 4.900000
-8.000000 -0.585552 -0.192847 4.920000
-7.426817 -0.589616 -0.213304 4.940000
-7.655775 -0.593980 -0.222881 4.960000
-6.958855 -0.598560 -0.234933 4.980000
-6.350977 -0.603254 -0.234219 5.000000
-6.301977 -0.607823 -0.222517 5.020000
-5.924357 -0.612141 -0.209223 5.040000
-5.854670 -0.616125 -0.189122 5.060000
-6.339426 -0.619692 -0.167441 5.080000
-6.246050 -0.622899 -0.153233 5.100000
-7.210931 -0.625803 -0.137101 5.120000
-7.901494 -0.628536 -0.136116 5.140000
-8.000000 -0.631354 -0.145536 5.160000
-7.633014 -0.634368 -0.155616 5.180000
-7.621918 -0.637514 -0.158877 5.200000
-6.783778 -0.640715 -0.161117 5.220000
-6.479053 -0.643820 -0.149242 5.240000
-6.979172 -0.646633 -0.132082 5.260000
-7.055862 -0.649180 -0.122538 5.280000
-7.082965 -0.651544 -0.113807 5.300000
-6.861585 -0.653734 -0.105132 5.320000
-6.031150 -0.655713 -0.092651 5.340000
-6.448090 -0.657309 -0.066964 5.360000
-5.599542 -0.658458 -0.048010 5.380000
-6.458124 -0.659097 -0.015934 5.400000
-7.353026 -0.659234 0.002149 5.420000
-7.827953 -0.659154 0.005867 5.440000
-6.897312 -0.659075 0.002054 5.460000
-6.413341 -0.658925 0.012864 5.480000
-5.921624 -0.658486 0.030971 5.500000
-5.382561 -0.657612 0.056273 5.520000
-5.908550 -0.656155 0.089267 5.540000
-4.998354 -0.654131 0.112965 5.560000
-5.033258 -0.651500 0.149990 5.580000
-4.533934 -0.648146 0.185090 5.600000
-3.897780 -0.644027 0.226588 5.620000
-3.654775 -0.638994 0.276402 5.640000
-4.158444 -0.632946 0.327982 5.660000
-3.554580 -0.625971 0.369178 5.680000
-4.133975 -0.618097 0.417752 5.700000
-3.848407 -0.609372 0.454330 5.720000
-2.936598 -0.599895 0.492961 5.740000
-2.526553 -0.589522 0.543769 5.760000
-3.065051 -0.578097 0.598235 5.780000
-3.347732 -0.565705 0.640392 5.800000
-3.298840 -0.552551 0.674458 5.820000
-3.612335 -0.538741 0.705980 5.840000
-3.506637 -0.524388 0.728706 5.860000
-3.100512 -0.509597 0.749831 5.880000
-2.306065 -0.494347 0.774536 5.900000
-3.154717 -0.478500 0.809551 5.920000
-2.891287 -0.462141 0.825775 5.940000
-2.417530 -0.445447 0.843035 5.960000
-2.853642 -0.428359 0.865080 5.980000
-3.845455 -0.410948 0.875411 6.000000
-4.345687 -0.393548 0.863968 6.020000
-4.033377 -0.376504 0.839979 6.040000
-4.534763 -0.359912 0.818668 6.060000
-5.029976 -0.343870 0.785033 6.080000
-5.311394 -0.328621 0.739471 6.100000
-4.520297 -0.314360 0.686337 6.120000
-3.982560 -0.301031 0.646195 6.140000
-3.152063 -0.288423 0.614293 6.160000
-3.443641 -0.276314 0.596245 6.180000
-3.365039 -0.264643 0.570566 6.200000
-3.905365 -0.253488 0.544558 6.220000
-4.559442 -0.242976 0.506475 6.240000
-4.783427 -0.233364 0.454472 6.260000
-4.416604 -0.224846 0.397277 6.280000
-3.588791 -0.217406 0.346627 6.300000
-4.209615 -0.210823 0.311542 6.320000
-3.251174 -0.205069 0.263856 6.340000
-3.433637 -0.200083 0.234601 6.360000
-3.213466 -0.195723 0.201433 6.380000
-2.893590 -0.191984 0.172377 6.400000
-3.379632 -0.188766 0.149413 6.420000
-2.690318 -0.186104 0.116853 6.440000
-2.404651 -0.183956 0.097871 6.460000
-2.564404 -0.182133 0.084431 6.480000
-2.868639 -0.180611 0.067810 6.500000
-3.691875 -0.179480 0.045325 6.520000
-3.660368 -0.178957 0.007073 6.540000
-3.076761 -0.179186 -0.029837 6.560000
-3.557980 -0.180031 -0.054532 6.580000
-2.932845 -0.181456 -0.087885 6.600000
-3.065100 -0.183417 -0.108055 6.620000
-3.947213 -0.185799 -0.129963 6.640000
-3.809080 -0.188781 -0.168063 6.660000
-3.387534 -0.192485 -0.202034 6.680000
-4.156434 -0.196771 -0.226322 6.700000
-3.324655 -0.201678 -0.264122 6.720000
-3.335360 -0.207161 -0.283966 6.740000
-2.583439 -0.213028 -0.302469 6.760000
-2.886711 -0.219104 -0.304842 6.780000
-3.367497 -0.225272 -0.311799 6.800000
-2.887304 -0.231659 -0.326626 6.820000
-2.722209 -0.238234 -0.330586 6.840000
-3.221854 -0.244841 -0.329959 6.860000
-3.050426 -0.251520 -0.337601 6.880000
-2.878430 -0.258302 -0.340433 6.900000
-2.717032 -0.265094 -0.338539 6.920000
-2.836339 -0.271804 -0.332236 6.940000
-3.326109 -0.278398 -0.326991 6.960000
-4.286449 -0.284969 -0.329839 6.980000
-3.514358 -0.291766 -0.349499 7.000000
-3.060285 -0.298790 -0.352683 7.020000
-2.327323 -0.305777 -0.345775 7.040000
-1.606529 -0.312474 -0.323783 7.060000
-1.275869 -0.318586 -0.287380 7.080000
-2.109707 -0.323904 -0.244374 7.100000
-2.069333 -0.328517 -0.216911 7.120000
-1.639886 -0.332571 -0.188381 7.140000
-2.357412 -0.335971 -0.151648 7.160000
-3.314892 -0.338772 -0.128452 7.180000
-2.803268 -0.341288 -0.123067 7.200000
-2.812447 -0.343596 -0.107749 7.220000
-3.402574 -0.345599 -0.092471 7.240000
-2.776962 -0.347405 -0.088107 7.260000
-2.008151 -0.349004 -0.071831 7.280000
-1.939056 -0.350135 -0.041295 7.300000
-2.073726 -0.350646 -0.009918 7.320000
-2.091734 -0.350561 0.018373 7.340000
-1.345811 -0.349919 0.045698 7.360000
-1.019426 -0.348599 0.086170 7.380000
-0.845343 -0.346419 0.131584 7.400000
-0.204501 -0.343312 0.178843 7.420000
-0.456940 -0.339156 0.236442 7.440000
-0.398367 -0.333915 0.287314 7.460000
-0.809538 -0.327666 0.337204 7.480000
-0.613638 -0.320519 0.377138 7.500000
-1.446480 -0.312558 0.418538 7.520000
-0.972133 -0.303951 0.441838 7.540000
-0.964944 -0.294809 0.471934 7.560000
-0.883822 -0.285088 0.499765 7.580000
-0.581286 -0.274820 0.526674 7.600000
-1.110094 -0.263981 0.556804 7.620000
-1.578411 -0.252667 0.574101 7.640000
-1.245618 -0.241124 0.579850 7.660000
-1.393411 -0.229425 0.589617 7.680000
-1.393981 -0.217584 0.594046 7.700000
-2.159227 -0.205679 0.596055 7.720000
-1.361352 -0.193907 0.580851 7.740000
-2.332101 -0.182303 0.579152 7.760000
-3.148273 -0.170945 0.556309 7.780000
-4.117673 -0.160222 0.515774 7.800000
-3.649416 -0.150513 0.455012 7.820000
-2.899912 -0.141934 0.402764 7.840000
-2.110017 -0.134259 0.364611 7.860000
-2.781584 -0.127199 0.341253 7.880000
-3.046942 -0.120747 0.303821 7.900000
-3.009924 -0.115101 0.260704 7.920000
-3.719049 -0.110313 0.218129 7.940000
-2.990653 -0.106516 0.161577 7.960000
-2.749273 -0.103703 0.119830 7.980000
-2.188067 -0.101673 0.083184 8.000000
-2.588600 -0.100262 0.057982 8.020000
-1.947911 -0.099431 0.025163 8.040000
-2.563966 -0.099125 0.005511 8.060000
-1.961970 -0.099330 -0.025905 8.080000
-1.295963 -0.100037 -0.044743 8.100000
-1.076936 -0.100985 -0.049919 8.120000
-1.333863 -0.101989 -0.050485 8.140000
-1.957916 -0.103053 -0.055901 8.160000
-1.298038 -0.104346 -0.073273 8.180000
-0.812938 -0.105850 -0.077027 8.200000
-1.280602 -0.107329 -0.070860 8.220000
-1.868037 -0.108775 -0.073740 8.240000
-1.478713 -0.110392 -0.087830 8.260000
-1.236505 -0.112208 -0.093638 8.280000
-1.066086 -0.114087 -0.094201 8.300000
-0.380217 -0.115940 -0.091035 8.320000
-0.550834 -0.117591 -0.074097 8.340000
-1.287005 -0.118937 -0.060560 8.360000
-2.086203 -0.120159 -0.061520 8.380000
-2.103283 -0.121554 -0.077919 8.400000
-1.290402 -0.123275 -0.094022 8.420000
-1.833359 -0.125150 -0.093472 8.440000
-1.218194 -0.127118 -0.103227 8.460000
-0.406967 -0.129154 -0.100308 8.480000
-0.863508 -0.130968 -0.081138 8.500000
-1.084697 -0.132490 -0.070989 8.520000
-0.518455 -0.133851 -0.065104 8.540000
-0.117400 -0.134982 -0.047977 8.560000
-0.557442 -0.135692 -0.023139 8.580000
0.019050 -0.135996 -0.007332 8.600000
-0.198084 -0.135874 0.019493 8.620000
0.020263 -0.135263 0.041454 8.640000
-0.605635 -0.134177 0.067103 8.660000
-0.197580 -0.132708 0.079710 8.680000
-0.540832 -0.130912 0.099763 8.700000
0.017991 -0.128790 0.112299 8.720000
-0.574691 -0.126314 0.135120 8.740000
-1.246930 -0.123508 0.145332 8.760000
-1.222880 -0.120639 0.141575 8.780000
-1.975752 -0.117844 0.137811 8.800000
-1.356763 -0.115278 0.118786 8.820000
-0.536520 -0.112971 0.111838 8.840000
-1.062060 -0.110644 0.120720 8.860000
-1.954705 -0.108250 0.118620 8.880000
-2.430770 -0.106079 0.098536 8.900000
-2.332392 -0.104403 0.069093 8.920000
-1.608209 -0.103293 0.041895 8.940000
-1.656081 -0.102581 0.029325 8.960000
-2.332010 -0.102129 0.015947 8.980000
-1.543783 -0.102076 -0.010535 9.000000
-0.557827 -0.102391 -0.020935 9.020000
-1.411596 -0.102716 -0.011639 9.040000
-1.959924 -0.103026 -0.019288 9.060000
-1.397090 -0.103595 -0.037502 9.080000
-2.003315 -0.104411 -0.044130 9.100000
-1.435404 -0.105478 -0.062384 9.120000
-1.361136 -0.106791 -0.068857 9.140000
-1.831988 -0.108215 -0.073470 9.160000
-1.689596 -0.109820 -0.086966 9.180000
-1.067138 -0.111661 -0.097053 9.200000
-0.588233 -0.113575 -0.094319 9.220000
0.318979 -0.115337 -0.081856 9.240000
0.499447 -0.116670 -0.051491 9.260000
-0.479802 -0.117364 -0.017982 9.280000
-1.178360 -0.117586 -0.004313 9.300000
-1.672339 -0.117676 -0.004625 9.320000
-1.972048 -0.117869 -0.014621 9.340000
-1.022140 -0.118318 -0.030251 9.360000
-0.521234 -0.118889 -0.026786 9.380000
-0.698154 -0.119291 -0.013444 9.400000
-0.448896 -0.119463 -0.003791 9.420000
0.256652 -0.119394 0.010584 9.440000
1.144249 -0.118902 0.038496 9.460000
1.515479 -0.117684 0.083148 9.480000
1.867959 -0.115511 0.133897 9.500000
2.821483 -0.112269 0.190063 9.520000
2.364219 -0.107733 0.263156 9.540000
2.318840 -0.101849 0.324818 9.560000
1.536216 -0.094765 0.383142 9.580000
0.734906 -0.086695 0.423442 9.600000
1.024427 -0.078002 0.445526 9.620000
1.277067 -0.068831 0.471174 9.640000
0.332233 -0.059121 0.499492 9.660000
1.310804 -0.049056 0.506660 9.680000
0.341190 -0.038674 0.531072 9.700000
1.175639 -0.028022 0.533776 9.720000
2.044957 -0.017171 0.550866 9.740000
1.330742 -0.005831 0.582687 9.760000
1.036336 0.005975 0.597486 9.780000
0.703188 0.017992 0.603847 9.800000
0.091708 0.030046 0.601145 9.820000
-0.726555 0.041902 0.584067 9.840000
0.057146 0.053234 0.548890 9.860000
0.419652 0.064003 0.527772 9.880000
0.572351 0.074406 0.512184 9.900000
0.910759 0.084510 0.497929 9.920000
0.383932 0.094379 0.488691 9.940000
0.378893 0.103942 0.467359 9.960000
0.881010 0.113063 0.444539 9.980000
1.599429 0.121814 0.430317 10.000000
1.973465 0.130408 0.428805 10.020000
1.868002 0.139029 0.432972 10.040000
2.849430 0.147694 0.433281 10.060000
3.321196 0.156541 0.451070 10.080000
3.607593 0.165815 0.475913 10.100000
2.684552 0.175618 0.503925 10.120000
2.355105 0.185774 0.511364 10.140000
2.658109 0.195993 0.510204 10.160000
3.026370 0.206228 0.512909 10.180000
2.640717 0.216567 0.520626 10.200000
2.612860 0.226963 0.518640 10.220000
1.732397 0.237294 0.514074 10.240000
2.671653 0.247343 0.490621 10.260000
1.779691 0.257089 0.483703 10.280000
1.198749 0.266508 0.457929 10.300000
0.569216 0.275287 0.419789 10.320000
1.229136 0.283174 0.368809 10.340000
1.732557 0.290162 0.329967 10.360000
2.655856 0.296465 0.300157 10.380000
3.581339 0.302340 0.287222 10.400000
2.759697 0.308123 0.290855 10.420000
3.693858 0.313810 0.277738 10.440000
2.960094 0.319403 0.281329 10.460000
2.334254 0.324917 0.269910 10.480000
1.335060 0.330076 0.245899 10.500000
0.821935 0.334562 0.202697 10.520000
0.027044 0.338088 0.149988 10.540000
-0.647391 0.340416 0.082925 10.560000
-1.371735 0.341286 0.004307 10.580000
-1.949902 0.340463 -0.086277 10.600000
-1.843862 0.337740 -0.185558 10.620000
-1.927854 0.333078 -0.280259 10.640000
-2.403143 0.326533 -0.373697 10.660000
-1.633894 0.318061 -0.472923 10.680000
-1.217993 0.307785 -0.554099 10.700000
-1.624121 0.296000 -0.623868 10.720000
-2.220073 0.282777 -0.697731 10.740000
-2.771117 0.268003 -0.779004 10.760000
-3.003267 0.251540 -0.866474 10.780000
-3.222523 0.233331 -0.953650 10.800000
-2.642044 0.213386 -1.039994 10.820000
-2.135232 0.191880 -1.109712 10.840000
-2.376758 0.169132 -1.164177 10.860000
-3.076585 0.145301 -1.217998 10.880000
-2.081314 0.120312 -1.279969 10.900000
-1.920955 0.094339 -1.316388 10.920000
-1.124095 0.067726 -1.343940 10.940000
-2.089376 0.040777 -1.350069 10.960000
-2.508189 0.013567 -1.369961 10.980000
-2.985509 -0.014067 -1.392448 11.000000
-3.008946 -0.042186 -1.418510 11.020000
-3.921446 -0.070771 -1.438949 11.040000
-2.944763 -0.099884 -1.471284 11.060000
-2.387117 -0.129386 -1.477873 11.080000
-1.958300 -0.158849 -1.467503 11.100000
-2.297965 -0.187965 -1.443141 11.120000
-1.622871 -0.216606 -1.420135 11.140000
-2.439024 -0.244605 -1.378922 11.160000
-2.619528 -0.271890 -1.348735 11.180000
-2.513448 -0.298557 -1.317182 11.200000
-1.689047 -0.324526 -1.278971 11.220000
-2.556686 -0.349532 -1.221013 11.240000
-3.452613 -0.373504 -1.175531 11.260000
-4.001355 -0.396693 -1.142698 11.280000
-3.442331 -0.419285 -1.115789 11.300000
-3.615517 -0.441196 -1.074687 11.320000
-2.855027 -0.462280 -1.033087 11.340000
-3.364196 -0.482362 -0.974663 11.360000
-3.510491 -0.501337 -0.922416 11.380000
-2.538582 -0.519266 -0.870001 11.400000
-1.807919 -0.535954 -0.798478 11.420000
-1.074578 -0.551070 -0.712923 11.440000
-1.850602 -0.564341 -0.614128 11.460000
-1.903353 -0.575763 -0.528062 11.480000
-1.924932 -0.585470 -0.442644 11.500000
-2.208862 -0.593473 -0.357656 11.520000
-2.733931 -0.599826 -0.277695 11.540000
-2.255999 -0.604671 -0.206853 11.560000
-3.206279 -0.608026 -0.128856 11.580000
-3.045417 -0.609987 -0.067349 11.600000
-2.324060 -0.610700 -0.004189 11.620000
-2.713482 -0.610045 0.069432 11.640000
-3.443684 -0.607998 0.135018 11.660000
-2.540607 -0.604776 0.186920 11.680000
-2.397372 -0.600385 0.251774 11.700000
-1.781756 -0.594696 0.316738 11.720000
-0.924981 -0.587631 0.389343 11.740000
-0.858358 -0.579000 0.473251 11.760000
-1.403000 -0.568712 0.554972 11.780000
-1.332648 -0.556916 0.624044 11.800000
-1.814698 -0.543762 0.690696 11.820000
-2.350763 -0.529395 0.745347 11.840000
-2.881983 -0.514066 0.786953 11.860000
-2.277752 -0.498035 0.815522 11.880000
-2.233878 -0.481365 0.850852 11.900000
-1.507305 -0.464020 0.882974 11.920000
-2.069500 -0.445943 0.923962 11.940000
-1.795418 -0.427191 0.950584 11.960000
-1.602716 -0.407898 0.977958 11.980000
-0.640901 -0.388066 1.004546 12.000000
-1.209539 -0.367568 1.044448 12.020000
-0.463988 -0.346425 1.069141 12.040000
0.372214 -0.324693 1.103199 12.060000
1.242291 -0.302171 1.148203 12.080000
1.069426 -0.278634 1.204608 12.100000
1.519774 -0.254056 1.252266 12.120000
0.636251 -0.228493 1.303064 12.140000
0.393488 -0.202143 1.331029 12.160000
1.271731 -0.175336 1.348731 12.180000
2.074592 -0.148058 1.378118 12.200000
1.374326 -0.120092 1.417481 12.220000
1.797035 -0.091538 1.436965 12.240000
1.638677 -0.062569 1.458923 12.260000
1.760014 -0.033252 1.471732 12.280000
1.135514 -0.003715 1.481013 12.300000
0.792874 0.025825 1.472012 12.320000
1.745272 0.055061 1.450689 12.340000
2.604363 0.084006 1.442944 12.360000
1.914813 0.112912 1.446607 12.380000
1.157015 0.141696 1.430919 12.400000
1.985795 0.169964 1.395080 12.420000
1.324852 0.197629 1.370632 12.440000
2.024283 0.224628 1.328454 12.460000
2.970636 0.250874 1.295383 12.480000
2.652974 0.276595 1.275918 12.500000
3.454809 0.301818 1.245643 12.520000
3.839526 0.326543 1.226054 12.540000
3.841571 0.350901 1.208990 12.560000
4.332837 0.374872 1.187265 12.580000
3.857191 0.398452 1.170025 12.600000
4.082797 0.421555 1.139534 12.620000
4.346357 0.444047 1.108953 12.640000
4.369443 0.465933 1.079007 12.660000
4.572208 0.487185 1.045486 12.680000
4.002995 0.507763 1.011723 12.700000
3.046162 0.527531 0.964522 12.720000
3.645160 0.546160 0.897985 12.740000
2.828815 0.563537 0.839299 12.760000
2.256185 0.579580 0.764791 12.780000
2.352470 0.594024 0.679371 12.800000
2.523740 0.606765 0.594691 12.820000
3.421712 0.617836 0.512249 12.840000
2.991603 0.627399 0.443956 12.860000
3.938929 0.635522 0.368399 12.880000
2.963660 0.642286 0.307976 12.900000
2.166350 0.647686 0.232085 12.920000
2.948850 0.651448 0.144251 12.940000
3.063178 0.653588 0.069939 12.960000
2.614009 0.654271 -0.001371 12.980000
2.147175 0.653472 -0.078319 13.000000
1.741478 0.651077 -0.160793 13.020000
1.066461 0.646990 -0.247450 13.040000
1.560673 0.641089 -0.342203 13.060000
2.484393 0.633401 -0.426069 13.080000
2.650756 0.624216 -0.492003 13.100000
2.190266 0.613769 -0.552119 13.120000
2.869300 0.602078 -0.616438 13.140000
3.647613 0.589247 -0.666087 13.160000
4.104947 0.575587 -0.699322 13.180000
5.055056 0.561373 -0.721446 13.200000
5.743910 0.546912 -0.724152 13.220000
6.118905 0.532546 -0.711958 13.240000
6.630088 0.518518 -0.690386 13.260000
6.738734 0.505037 -0.657267 13.280000
6.957672 0.492262 -0.619849 13.300000
5.970031 0.480296 -0.576442 13.320000
6.064631 0.469042 -0.548559 13.340000
5.865342 0.458383 -0.517069 13.360000
5.899741 0.448336 -0.487399 13.380000
5.143510 0.438904 -0.455508 13.400000
5.405926 0.429989 -0.435769 13.420000
5.042254 0.421531 -0.409786 13.440000
5.298523 0.413540 -0.389086 13.460000
6.199644 0.406023 -0.362450 13.480000
5.273093 0.399214 -0.318344 13.500000
5.761132 0.393123 -0.290583 13.520000
6.213257 0.387685 -0.253169 13.540000
5.969176 0.383082 -0.207077 13.560000
6.864449 0.379357 -0.165445 13.580000
5.884338 0.376629 -0.107432 13.600000
4.921436 0.374874 -0.068113 13.620000
5.841580 0.373723 -0.047002 13.640000
5.920965 0.373163 -0.009154 13.660000
6.189217 0.373367 0.029449 13.680000
5.925793 0.374384 0.072097 13.700000
6.530552 0.376194 0.108726 13.720000
7.025057 0.378837 0.155267 13.740000
7.298221 0.382485 0.209263 13.760000
7.654423 0.387244 0.266228 13.780000
7.219343 0.393184 0.327337 13.800000
6.918217 0.400239 0.377743 13.820000
6.055932 0.408220 0.419902 13.840000
6.738762 0.416860 0.443646 13.860000
7.638481 0.426074 0.477242 13.880000
6.708773 0.436093 0.524135 13.900000
6.750342 0.446849 0.550956 13.920000
6.306611 0.458118 0.575426 13.940000
5.814807 0.469766 0.588877 13.960000
6.132540 0.481566 0.590708 13.980000
5.221427 0.493432 0.595397 14.000000
4.224749 0.505205 0.581448 14.020000
4.793806 0.516502 0.548018 14.040000
4.360348 0.527212 0.522709 14.060000
5.118239 0.537324 0.488259 14.080000
4.395792 0.546863 0.465279 14.100000
3.604115 0.555803 0.428546 14.120000
3.688595 0.563864 0.377461 14.140000
3.968972 0.570912 0.327272 14.160000
4.681249 0.576999 0.281408 14.180000
5.174593 0.582285 0.247088 14.200000
5.120139 0.586962 0.220536 14.220000
5.391170 0.591095 0.192651 14.240000
4.398750 0.594711 0.168927 14.260000
3.663287 0.597687 0.128680 14.280000
4.494827 0.599739 0.076670 14.300000
4.079103 0.600895 0.038959 14.320000
4.168244 0.601233 -0.004953 14.340000
4.506603 0.600717 -0.046521 14.360000
5.077794 0.599435 -0.081548 14.380000
4.570891 0.597556 -0.106200 14.400000
3.821542 0.595110 -0.138203 14.420000
3.117179 0.591912 -0.181278 14.440000
2.491296 0.587753 -0.234346 14.460000
1.517662 0.582448 -0.295771 14.480000
2.488738 0.575776 -0.370984 14.500000
1.673276 0.567790 -0.427220 14.520000
1.649761 0.558569 -0.494362 14.540000
1.572144 0.548032 -0.558770 14.560000
1.340440 0.536227 -0.621178 14.580000
1.500287 0.523169 -0.684037 14.600000
1.876736 0.508918 -0.740419 14.620000
2.805878 0.493643 -0.786429 14.640000
3.495166 0.477649 -0.812304 14.660000
4.282586 0.461298 -0.822288 14.680000
5.157098 0.444922 -0.814703 14.700000
5.837133 0.428889 -0.788141 14.720000
5.063303 0.413539 -0.746376 14.740000
4.830918 0.398909 -0.716159 14.760000
5.596678 0.384867 -0.687671 14.780000
4.632571 0.371560 -0.642700 14.800000
4.888956 0.358993 -0.613597 14.820000
4.545268 0.347077 -0.577686 14.840000
3.874973 0.335833 -0.546406 14.860000
4.067036 0.325106 -0.525965 14.880000
4.223233 0.314843 -0.500131 14.900000
3.458923 0.305141 -0.469770 14.920000
2.483717 0.295916 -0.452482 14.940000
2.043745 0.286867 -0.452160 14.960000
1.440595 0.277758 -0.458397 14.980000
0.804767 0.268428 -0.474192 15.000000
0.630733 0.258683 -0.499976 15.020000
1.095125 0.248412 -0.526667 15.040000
0.535461 0.237722 -0.541897 15.060000
-0.293250 0.226644 -0.565505 15.080000
-0.040920 0.214959 -0.602480 15.100000
0.050651 0.202614 -0.631570 15.120000
-0.424142 0.189734 -0.655908 15.140000
-0.364159 0.176305 -0.686501 15.160000
0.059071 0.162307 -0.712716 15.180000
-0.696851 0.147901 -0.727426 15.200000
0.109834 0.133082 -0.753861 15.220000
-0.431583 0.117928 -0.761064 15.240000
0.178028 0.102553 -0.775836 15.260000
-0.324214 0.087036 -0.775327 15.280000
0.158867 0.071461 -0.781733 15.300000
-0.525478 0.055884 -0.775455 15.320000
-0.118075 0.040326 -0.779820 15.340000
0.837581 0.024793 -0.773025 15.360000
0.191635 0.009614 -0.744460 15.380000
-0.144030 -0.005099 -0.726351 15.400000
0.221962 -0.019491 -0.712425 15.420000
1.221238 -0.033506 -0.688771 15.440000
0.818798 -0.046828 -0.643159 15.460000
1.704828 -0.059302 -0.603924 15.480000
1.844984 -0.070799 -0.545643 15.500000
1.656434 -0.081094 -0.483664 15.520000
1.147111 -0.090179 -0.424788 15.540000
0.800186 -0.098183 -0.375496 15.560000
1.729016 -0.105265 -0.332576 15.580000
0.940061 -0.111300 -0.270962 15.600000
0.884888 -0.116260 -0.225055 15.620000
1.701447 -0.120313 -0.180283 15.640000
1.618470 -0.123312 -0.119672 15.660000
0.822322 -0.125122 -0.061440 15.680000
0.792357 -0.125932 -0.019760 15.700000
1.754596 -0.125923 0.020582 15.720000
2.314565 -0.124925 0.078938 15.740000
2.475082 -0.122665 0.146837 15.760000
3.182808 -0.119033 0.215997 15.780000
4.168008 -0.113900 0.296889 15.800000
4.765657 -0.106981 0.394455 15.820000
3.772748 -0.098026 0.500401 15.840000
3.310454 -0.087187 0.582844 15.860000
3.342698 -0.074829 0.652360 15.880000
2.455963 -0.061112 0.718675 15.900000
3.401253 -0.046285 0.763430 15.920000
3.414327 -0.030413 0.823066 15.940000
3.417616 -0.013389 0.878621 15.960000
3.965521 0.004703 0.929748 15.980000
3.879090 0.023879 0.987091 16.000000
4.310046 0.044136 1.037723 16.020000
4.507727 0.065440 1.091774 16.040000
4.972655 0.087810 1.144306 16.060000
4.752248 0.111266 1.200351 16.080000
3.762504 0.135740 1.246066 16.100000
4.363397 0.160874 1.266400 16.120000
4.579074 0.186477 1.292891 16.140000
4.835820 0.212593 1.317697 16.160000
4.782682 0.239195 1.341462 16.180000
4.931166 0.266200 1.358073 16.200000
5.626010 0.293505 1.371420 16.220000
6.005598 0.321148 1.391740 16.240000
6.629748 0.349203 1.412648 16.260000
7.369355 0.377725 1.438385 16.280000
6.979149 0.406827 1.470556 16.300000
6.250791 0.436426 1.488110 16.320000
7.038521 0.466172 1.485378 16.340000
7.110802 0.495935 1.489718 16.360000
6.687913 0.525726 1.488161 16.380000
6.830741 0.555343 1.472367 16.400000
7.716959 0.584601 1.452355 16.420000
8.000000 0.613539 1.440354 16.440000
8.000000 0.642215 1.426020 16.460000
8.000000 0.670535 1.404836 16.480000
8.000000 0.698364 1.377037 16.500000
7.110322 0.725574 1.342894 16.520000
6.456820 0.751909 1.289696 16.540000
6.641188 0.777034 1.222088 16.560000
5.872603 0.800790 1.152817 16.580000
6.715310 0.823015 1.069166 16.600000
6.060942 0.843649 0.993739 16.620000
5.168446 0.862658 0.906755 16.640000
5.485850 0.879790 0.806185 16.660000
4.743390 0.894937 0.708306 16.680000
4.437287 0.908024 0.600333 16.700000
3.999122 0.918912 0.488475 16.720000
4.545054 0.927513 0.371771 16.740000
5.168991 0.933854 0.262492 16.760000
4.247473 0.938094 0.161711 16.780000
4.210585 0.940224 0.051524 16.800000
3.266196 0.940164 -0.057100 16.820000
2.547830 0.937845 -0.174400 16.840000
2.071975 0.933123 -0.297229 16.860000
1.197296 0.925922 -0.422330 16.880000
0.911502 0.916150 -0.554162 16.900000
1.347345 0.903748 -0.685335 16.920000
0.860738 0.888820 -0.806685 16.940000
1.140322 0.871451 -0.929457 16.960000
2.073970 0.851711 -1.043629 16.980000
1.105686 0.829864 -1.140197 17.000000
1.188073 0.806010 -1.244275 17.020000
2.182383 0.780143 -1.341410 17.040000
2.516058 0.752535 -1.418301 17.060000
1.861302 0.723502 -1.483930 17.080000
2.720819 0.693124 -1.552805 17.100000
2.513508 0.661567 -1.601695 17.120000
3.252213 0.629069 -1.646931 17.140000
3.285241 0.595856 -1.673180 17.160000
4.102293 0.562195 -1.691781 17.180000
4.202130 0.528371 -1.689464 17.200000
4.755576 0.494680 -1.678427 17.220000
4.813333 0.461377 -1.650829 17.240000
4.073092 0.428701 -1.615628 17.260000
5.053918 0.396659 -1.587562 17.280000
5.083448 0.365420 -1.535365 17.300000
4.669166 0.335287 -1.476992 17.320000
4.599552 0.306297 -1.421166 17.340000
4.169798 0.278460 -1.361715 17.360000
5.166295 0.251777 -1.305888 17.380000
5.279516 0.226446 -1.226564 17.400000
5.966466 0.202760 -1.141422 17.420000
6.573712 0.180944 -1.039803 17.440000
6.241834 0.161303 -0.923945 17.460000
5.361554 0.143932 -0.812947 17.480000
5.654626 0.128620 -0.717994 17.500000
6.594731 0.115277 -0.616206 17.520000
6.136674 0.104161 -0.495408 17.540000
6.109215 0.095368 -0.383975 17.560000
6.028305 0.088792 -0.273718 17.580000
5.522937 0.084396 -0.166121 17.600000
4.643766 0.082038 -0.069946 17.620000
4.521576 0.081413 0.007270 17.640000
4.001888 0.082294 0.080517 17.660000
4.371238 0.084519 0.141743 17.680000
4.537531 0.088025 0.208472 17.700000
4.347135 0.092877 0.276318 17.720000
4.056312 0.099024 0.337958 17.740000
3.354175 0.106320 0.391289 17.760000
3.494046 0.114519 0.428180 17.780000
4.463049 0.123459 0.465372 17.800000
4.240933 0.133307 0.518974 17.820000
4.597902 0.144153 0.565044 17.840000
4.651564 0.155958 0.614880 17.860000
3.805114 0.168735 0.662247 17.880000
4.340781 0.182258 0.689446 17.900000
5.058646 0.196395 0.723697 17.920000
5.801211 0.211321 0.768185 17.940000
5.289424 0.227239 0.822896 17.960000
6.003392 0.244107 0.863141 17.980000
6.448147 0.261872 0.912580 18.000000
7.105493 0.280662 0.965537 18.020000
8.000000 0.300583 1.025625 18.040000
8.000000 0.321818 1.096716 18.060000
8.000000 0.344408 1.161264 18.080000
7.169359 0.368223 1.219051 18.100000
7.449079 0.392971 1.254634 18.120000
8.000000 0.418416 1.288737 18.140000
7.758048 0.444575 1.325953 18.160000
7.469203 0.471363 1.351689 18.180000
7.339091 0.498544 1.365303 18.200000
8.000000 0.525907 1.369821 18.220000
8.000000 0.553405 1.378874 18.240000
7.582223 0.581015 1.380902 18.260000
7.615365 0.608526 1.369166 18.280000
6.899381 0.635744 1.351488 18.300000
6.396134 0.662430 1.316240 18.320000
7.310639 0.688278 1.267681 18.340000
7.671162 0.713245 1.228076 18.360000
7.742162 0.737421 1.188664 18.380000
7.558830 0.760768 1.145221 18.400000
7.355554 0.783171 1.094402 18.420000
6.664597 0.804487 1.036450 18.440000
7.153334 0.824510 0.965303 18.460000
6.189673 0.843144 0.897650 18.480000
6.679063 0.860270 0.814566 18.500000
6.095419 0.875777 0.735809 18.520000
6.016255 0.889617 0.647957 18.540000
6.011241 0.901678 0.558068 18.560000
6.117989 0.911935 0.467512 18.580000
5.217973 0.920390 0.378044 18.600000
4.698480 0.926950 0.277997 18.620000
3.724234 0.931454 0.172673 18.640000
3.952150 0.933751 0.057295 18.660000
4.811765 0.933787 -0.053317 18.680000
3.882498 0.931736 -0.151419 18.700000
4.707371 0.927637 -0.257991 18.720000
4.774362 0.921535 -0.351707 18.740000
4.188831 0.913598 -0.441415 18.760000
3.801798 0.903830 -0.534761 18.780000
4.108501 0.892185 -0.629050 18.800000
3.325886 0.878734 -0.715361 18.820000
2.713287 0.863500 -0.807268 18.840000
2.367697 0.846395 -0.902465 18.860000
2.123476 0.827389 -0.997309 18.880000
1.943022 0.806504 -1.090276 18.900000
2.555522 0.783789 -1.180311 18.920000
3.019518 0.759416 -1.255990 18.940000
2.675752 0.733656 -1.319021 18.960000
2.393035 0.706645 -1.381060 18.980000
2.282336 0.678412 -1.441151 19.000000
2.248220 0.649024 -1.496566 19.020000
2.385480 0.618588 -1.545985 19.040000
1.806256 0.587252 -1.586503 19.060000
2.252676 0.555076 -1.629906 19.080000
2.540499 0.522177 -1.658878 19.100000
2.289551 0.488817 -1.675978 19.120000
1.443287 0.455139 -1.690629 19.140000
1.405917 0.421086 -1.713590 19.160000
0.532757 0.386635 -1.730308 19.180000
-0.223784 0.351758 -1.756229 19.200000
-1.084411 0.316291 -1.789255 19.220000
-1.519319 0.280073 -1.831358 19.240000
-2.318171 0.243003 -1.874329 19.260000
-3.103155 0.204996 -1.925074 19.280000
-3.037233 0.165900 -1.983129 19.300000
-2.246803 0.125739 -2.031556 19.320000
-1.562552 0.084850 -2.055957 19.340000
-1.905702 0.043692 -2.058571 19.360000
-2.184421 0.002493 -2.059999 19.380000
-2.720197 -0.038710 -2.058926 19.400000
-2.283243 -0.079917 -2.060406 19.420000
-3.145659 -0.120985 -2.045110 19.440000
-3.101286 -0.161839 -2.038912 19.460000
-3.577910 -0.202479 -2.023759 19.480000
-3.197877 -0.242829 -2.009913 19.500000
-3.586797 -0.282750 -1.980828 19.520000
-2.839503 -0.322086 -1.951586 19.540000
-2.054951 -0.360623 -1.900933 19.560000
-1.788987 -0.397934 -1.829209 19.580000
-1.164578 -0.433705 -1.746973 19.600000
-1.984262 -0.467668 -1.648574 19.620000
-1.378221 -0.499765 -1.560429 19.640000
-0.561200 -0.529952 -1.457692 19.660000
0.160292 -0.557912 -1.337874 19.680000
0.863473 -0.583332 -1.203852 19.700000
1.400877 -0.605942 -1.057101 19.720000
0.578244 -0.625527 -0.901408 19.740000
1.512201 -0.642134 -0.759369 19.760000
1.665504 -0.655757 -0.603163 19.780000
1.577649 -0.666246 -0.446020 19.800000
0.809935 -0.673624 -0.292171 19.820000
1.719051 -0.678067 -0.152448 19.840000
2.656211 -0.679597 -0.001060 19.860000
3.253510 -0.677985 0.161767 19.880000
2.258821 -0.673058 0.330211 19.900000
2.470608 -0.664958 0.479140 19.920000
2.161026 -0.653887 0.627234 19.940000
1.529188 -0.639948 0.765946 19.960000
1.401297 -0.623382 0.889826 19.980000
