-0.965796 0.127613 0.130065 0.000000
-1.580486 0.129749 0.083606 0.020000
-0.856617 0.130840 0.025689 0.040000
-1.749001 0.130926 -0.016976 0.060000
-2.430509 0.129991 -0.076241 0.080000
-1.999610 0.127752 -0.147419 0.100000
-2.760998 0.124193 -0.208180 0.120000
-3.428551 0.119288 -0.281911 0.140000
-3.199389 0.112801 -0.366255 0.160000
-4.122911 0.104703 -0.443063 0.180000
-5.114903 0.094917 -0.534884 0.200000
-5.467412 0.083137 -0.642455 0.220000
-5.494957 0.069179 -0.752475 0.240000
-6.475893 0.053066 -0.858060 0.260000
-6.570485 0.034698 -0.977719 0.280000
-6.936596 0.013978 -1.093175 0.300000
-7.667358 -0.009059 -1.209387 0.320000
-7.753414 -0.034495 -1.333030 0.340000
-7.790142 -0.062345 -1.450615 0.360000
-7.168063 -0.092472 -1.560700 0.380000
-8.000000 -0.124593 -1.649893 0.400000
-8.000000 -0.158574 -1.746682 0.420000
-8.000000 -0.194397 -1.833987 0.440000
-7.470830 -0.231868 -1.911460 0.460000
-8.000000 -0.270685 -1.968649 0.480000
-7.970643 -0.310648 -2.025819 0.500000
-7.655540 -0.351642 -2.071864 0.520000
-7.566192 -0.393392 -2.101394 0.540000
-7.378665 -0.435611 -2.118751 0.560000
-8.000000 -0.478039 -2.122306 0.580000
-8.000000 -0.520544 -2.126421 0.600000
-8.000000 -0.563025 -2.119950 0.620000
-7.025476 -0.605273 -2.103071 0.640000
-6.111047 -0.646923 -2.060408 0.660000
-6.997473 -0.687486 -1.994550 0.680000
-7.070677 -0.726788 -1.934285 0.700000
-6.315363 -0.764815 -1.867109 0.720000
-7.171738 -0.801315 -1.781831 0.740000
-6.234680 -0.836163 -1.701804 0.760000
-5.601569 -0.869221 -1.603157 0.780000
-5.981618 -0.900175 -1.491492 0.800000
-6.921805 -0.928901 -1.380437 0.820000
-7.565022 -0.955479 -1.276691 0.840000
-8.000000 -0.980017 -1.176498 0.860000
-7.171993 -1.002563 -1.077532 0.880000
-7.145329 -1.023009 -0.966728 0.900000
-7.318708 -1.041215 -0.853550 0.920000
-8.000000 -1.057159 -0.740565 0.940000
-7.544758 -1.070897 -0.633076 0.960000
-6.726070 -1.082433 -0.520507 0.980000
-7.066314 -1.091641 -0.400316 1.000000
-7.325049 -1.098482 -0.283924 1.020000
-8.000000 -1.103028 -0.170947 1.040000
-7.886035 -1.105390 -0.065470 1.060000
-7.441397 -1.105649 0.039229 1.080000
-6.820602 -1.103796 0.145630 1.100000
-6.184239 -1.099786 0.254836 1.120000
-6.295392 -1.093567 0.366564 1.140000
-7.016975 -1.085158 0.473611 1.160000
-7.727912 -1.074716 0.569907 1.180000
-8.000000 -1.062459 0.655081 1.200000
-7.266132 -1.048571 0.732929 1.220000
-7.269723 -1.033101 0.813142 1.240000
-7.305562 -1.016080 0.888105 1.260000
-7.863334 -0.997618 0.957217 1.280000
-8.000000 -0.977890 1.014545 1.300000
-7.668763 -0.957091 1.064385 1.320000
-6.922031 -0.935317 1.111935 1.340000
-6.688579 -0.912566 1.162171 1.360000
-7.625015 -0.888844 1.209003 1.380000
-7.164366 -0.864367 1.237612 1.400000
-7.714043 -0.839323 1.265699 1.420000
-8.000000 -0.813856 1.279911 1.440000
-8.000000 -0.788209 1.283653 1.460000
-7.785105 -0.762553 1.280928 1.480000
-8.000000 -0.736983 1.274973 1.500000
-7.451994 -0.711627 1.259649 1.520000
-8.000000 -0.686554 1.246622 1.540000
-7.067293 -0.661885 1.219311 1.560000
-6.116518 -0.637672 1.201130 1.580000
-5.633210 -0.613723 1.192812 1.600000
-6.325279 -0.589916 1.187096 1.620000
-5.787200 -0.566389 1.164725 1.640000
-5.265211 -0.543269 1.146469 1.660000
-5.107981 -0.520473 1.132311 1.680000
-4.541936 -0.497981 1.116165 1.700000
-5.259152 -0.475758 1.105356 1.720000
-5.198511 -0.453923 1.077352 1.740000
-5.096784 -0.432681 1.046246 1.760000
-4.420155 -0.412082 1.013005 1.780000
-4.055171 -0.392062 0.988323 1.800000
-4.559396 -0.372506 0.966627 1.820000
-3.879354 -0.353515 0.931975 1.840000
-3.025944 -0.335122 0.906702 1.860000
-2.584553 -0.317108 0.894146 1.880000
-3.065405 -0.299295 0.886531 1.900000
-3.252337 -0.281761 0.866396 1.920000
-3.914473 -0.264696 0.839578 1.940000
-4.015998 -0.248324 0.797190 1.960000
-4.796675 -0.232845 0.750388 1.980000
-4.307987 -0.218474 0.686349 2.000000
-4.124202 -0.205306 0.630150 2.020000
-4.204120 -0.193242 0.576016 2.040000
-4.323044 -0.182290 0.519025 2.060000
-3.669360 -0.172511 0.458711 2.080000
-4.394194 -0.163818 0.410454 2.100000
-5.358081 -0.156240 0.347325 2.120000
-6.352438 -0.150116 0.265171 2.140000
-6.456875 -0.145825 0.164081 2.160000
-5.847229 -0.143564 0.062257 2.180000
-6.110637 -0.143203 -0.025872 2.200000
-6.205232 -0.144639 -0.117307 2.220000
-5.747884 -0.147899 -0.208292 2.240000
-5.045977 -0.152863 -0.287653 2.260000
-5.269721 -0.159249 -0.350519 2.280000
-5.779062 -0.166909 -0.415055 2.300000
-5.280296 -0.175930 -0.486512 2.320000
-6.103766 -0.186249 -0.544793 2.340000
-6.854987 -0.197860 -0.615626 2.360000
-6.552487 -0.210993 -0.696978 2.380000
-6.046352 -0.225649 -0.767834 2.400000
-6.304854 -0.241577 -0.824195 2.420000
-6.253286 -0.258635 -0.880819 2.440000
-7.150465 -0.276767 -0.931472 2.460000
-7.551237 -0.296031 -0.994044 2.480000
-7.785764 -0.316566 -1.058428 2.500000
-7.159241 -0.338372 -1.121043 2.520000
-7.403621 -0.361248 -1.165523 2.540000
-7.413691 -0.384996 -1.208228 2.560000
-7.666946 -0.409535 -1.244596 2.580000
-7.717252 -0.434782 -1.278931 2.600000
-6.964344 -0.460656 -1.307349 2.620000
-7.470237 -0.486897 -1.315631 2.640000
-6.892463 -0.513327 -1.326324 2.660000
-5.908086 -0.539806 -1.320514 2.680000
-5.594040 -0.565940 -1.292001 2.700000
-5.668879 -0.591398 -1.253000 2.720000
-4.938675 -0.616040 -1.210407 2.740000
-4.369956 -0.639667 -1.151565 2.760000
-3.581274 -0.661988 -1.080008 2.780000
-4.035557 -0.682724 -0.993206 2.800000
-4.698575 -0.701771 -0.911164 2.820000
-4.353853 -0.719257 -0.837050 2.840000
-4.004182 -0.735189 -0.755839 2.860000
-4.154375 -0.749430 -0.668090 2.880000
-4.462192 -0.761928 -0.581622 2.900000
-3.925770 -0.772735 -0.498956 2.920000
-3.670993 -0.781808 -0.408359 2.940000
-3.846565 -0.789035 -0.314421 2.960000
-2.862676 -0.794414 -0.223600 2.980000
-3.829140 -0.797848 -0.120110 3.000000
-3.641202 -0.799363 -0.031588 3.020000
-3.759362 -0.799097 0.057893 3.040000
-4.379326 -0.797077 0.143754 3.060000
-4.986293 -0.793448 0.218784 3.080000
-5.482642 -0.788426 0.283018 3.100000
-5.534237 -0.782213 0.337864 3.120000
-4.979431 -0.774935 0.389451 3.140000
-5.437706 -0.766574 0.446215 3.160000
-5.277323 -0.757172 0.493436 3.180000
-5.142865 -0.746834 0.539919 3.200000
-5.434729 -0.735577 0.585140 3.220000
-4.641171 -0.723494 0.622678 3.240000
-5.565695 -0.710575 0.668610 3.260000
-6.072190 -0.696913 0.696918 3.280000
-5.662308 -0.682799 0.713876 3.300000
-4.916112 -0.668319 0.733595 3.320000
-4.591079 -0.653363 0.761327 3.340000
-3.889842 -0.637839 0.790401 3.360000
-3.590268 -0.621661 0.826793 3.380000
-2.738391 -0.604746 0.863964 3.400000
-2.347930 -0.586990 0.910893 3.420000
-1.774179 -0.568275 0.959877 3.440000
-1.715378 -0.548529 1.013900 3.460000
-1.524809 -0.527741 1.064125 3.480000
-1.130143 -0.505964 1.112702 3.500000
-1.375421 -0.483198 1.163088 3.520000
-2.075067 -0.459519 1.203915 3.540000
-2.294341 -0.435202 1.226974 3.560000
-2.400422 -0.410514 1.240877 3.580000
-1.770307 -0.385620 1.247707 3.600000
-1.941163 -0.360524 1.261081 3.620000
-2.228204 -0.335243 1.266121 3.640000
-1.976326 -0.309966 1.260717 3.660000
-1.046288 -0.284799 1.255187 3.680000
-0.313944 -0.259613 1.262544 3.700000
0.372366 -0.234190 1.278939 3.720000
0.279137 -0.208358 1.303395 3.740000
0.889653 -0.182108 1.320650 3.760000
1.643105 -0.155448 1.344459 3.780000
1.375289 -0.128219 1.377477 3.800000
2.061658 -0.100441 1.399390 3.820000
1.312279 -0.072146 1.429075 3.840000
1.090121 -0.043466 1.437923 3.860000
1.801631 -0.014711 1.436660 3.880000
1.987673 0.014105 1.443938 3.900000
1.138034 0.043045 1.449135 3.920000
1.262548 0.071863 1.431779 3.940000
2.021740 0.100306 1.411635 3.960000
1.137269 0.128444 1.401295 3.980000
0.968270 0.156148 1.368300 4.000000
0.251108 0.183112 1.327322 4.020000
-0.116830 0.209072 1.268082 4.040000
-0.794538 0.233739 1.198072 4.060000
-0.921103 0.256844 1.111931 4.080000
-0.812217 0.278176 1.020996 4.100000
-0.443432 0.297691 0.930220 4.120000
0.064824 0.315445 0.844836 4.140000
0.725435 0.331571 0.767608 4.160000
1.092220 0.346264 0.701414 4.180000
1.731476 0.359688 0.640714 4.200000
1.448806 0.372003 0.590603 4.220000
0.508435 0.383251 0.534004 4.240000
0.626190 0.393184 0.459266 4.260000
0.765866 0.401642 0.386475 4.280000
0.086344 0.408669 0.316248 4.300000
-0.377360 0.414170 0.233923 4.320000
0.494346 0.417947 0.144001 4.340000
1.423120 0.420096 0.071115 4.360000
1.784796 0.420968 0.016193 4.380000
2.488761 0.420816 -0.031171 4.400000
3.075598 0.419856 -0.064761 4.420000
3.409383 0.418339 -0.086822 4.440000
4.248286 0.416449 -0.102058 4.460000
5.076844 0.414413 -0.101386 4.480000
4.232938 0.412547 -0.085286 4.500000
4.732456 0.410849 -0.084435 4.520000
4.513238 0.409262 -0.074180 4.540000
4.340243 0.407842 -0.067789 4.560000
4.423098 0.406520 -0.064379 4.580000
4.204555 0.405284 -0.059256 4.600000
3.825346 0.404111 -0.057958 4.620000
2.960692 0.402898 -0.063342 4.640000
3.812945 0.401422 -0.084100 4.660000
3.051052 0.399694 -0.088578 4.680000
2.608650 0.397743 -0.106492 4.700000
3.188069 0.395359 -0.131696 4.720000
3.178785 0.392588 -0.145289 4.740000
3.473154 0.389551 -0.158192 4.760000
3.284439 0.386320 -0.164804 4.780000
2.627848 0.382930 -0.174069 4.800000
1.743578 0.379242 -0.194500 4.820000
2.534138 0.374995 -0.230018 4.840000
1.572065 0.370198 -0.249374 4.860000
1.059410 0.364851 -0.285120 4.880000
0.961441 0.358710 -0.328549 4.900000
1.453569 0.351704 -0.371694 4.920000
1.959994 0.343950 -0.403427 4.940000
2.887513 0.335677 -0.423531 4.960000
2.421499 0.327196 -0.424222 4.980000
2.894285 0.318631 -0.431930 5.000000
3.844776 0.310021 -0.428867 5.020000
3.577998 0.301668 -0.406195 5.040000
4.236347 0.293730 -0.387330 5.060000
3.349424 0.286308 -0.354757 5.080000
3.751807 0.279377 -0.338195 5.100000
3.857969 0.272864 -0.312914 5.120000
4.693663 0.266886 -0.284815 5.140000
4.613270 0.261636 -0.240129 5.160000
4.751480 0.257266 -0.196850 5.180000
4.017277 0.253788 -0.150952 5.200000
4.436554 0.251085 -0.119393 5.220000
5.027187 0.249092 -0.079924 5.240000
5.692783 0.247999 -0.029573 5.260000
6.302662 0.248032 0.032675 5.280000
6.841968 0.249414 0.105245 5.300000
6.543995 0.252333 0.186255 5.320000
6.879633 0.256791 0.259129 5.340000
6.992691 0.262745 0.335836 5.360000
7.880538 0.270226 0.411686 5.380000
8.000000 0.279360 0.501099 5.400000
7.561766 0.290265 0.588710 5.420000
8.000000 0.302795 0.663571 5.440000
7.687929 0.316861 0.742158 5.460000
6.917392 0.332389 0.809868 5.480000
6.979557 0.349077 0.858094 5.500000
6.730088 0.366692 0.902584 5.520000
7.266174 0.385101 0.937439 5.540000
7.612721 0.404255 0.977087 5.560000
8.000000 0.424211 1.017635 5.580000
8.000000 0.444992 1.059471 5.600000
7.038267 0.466550 1.095323 5.620000
7.119390 0.488595 1.108212 5.640000
7.554420 0.510856 1.117009 5.660000
8.000000 0.533314 1.127773 5.680000
7.520746 0.556005 1.140382 5.700000
6.828312 0.578809 1.139082 5.720000
6.715764 0.601417 1.120871 5.740000
7.068992 0.623593 1.095900 5.760000
6.422404 0.645279 1.071899 5.780000
5.723970 0.666336 1.033109 5.800000
4.967275 0.686468 0.979537 5.820000
4.334005 0.705380 0.911191 5.840000
3.377173 0.722804 0.830877 5.860000
3.159280 0.738461 0.734694 5.880000
3.203309 0.752154 0.634478 5.900000
3.899971 0.763844 0.534539 5.920000
3.010555 0.773635 0.444519 5.940000
2.415021 0.781500 0.342028 5.960000
1.857356 0.787238 0.231997 5.980000
1.515539 0.790711 0.115578 6.000000
1.985897 0.791826 -0.003667 6.020000
1.559419 0.790645 -0.113996 6.040000
0.580064 0.787224 -0.227711 6.060000
0.445055 0.781419 -0.352169 6.080000
0.552775 0.773141 -0.475038 6.100000
0.655563 0.762459 -0.592563 6.120000
0.653944 0.749481 -0.704528 6.140000
-0.193480 0.734306 -0.812172 6.160000
0.436990 0.716899 -0.927749 6.180000
0.233325 0.697324 -1.028883 6.200000
-0.171098 0.675747 -1.127957 6.220000
0.063609 0.652179 -1.227890 6.240000
-0.908374 0.626707 -1.318380 6.260000
-1.480138 0.599326 -1.418646 6.280000
-2.263208 0.569908 -1.522104 6.300000
-1.956049 0.538354 -1.632196 6.320000
-0.998307 0.504719 -1.730149 6.340000
-0.671785 0.469363 -1.804184 6.360000
0.081213 0.432659 -1.865015 6.380000
0.915282 0.394950 -1.904637 6.400000
0.809934 0.356678 -1.921277 6.420000
1.750529 0.318129 -1.932327 6.440000
2.282590 0.279613 -1.918056 6.460000
1.422540 0.241557 -1.886377 6.480000
0.804005 0.204038 -1.864410 6.500000
0.339643 0.166906 -1.847612 6.520000
-0.036629 0.130088 -1.833068 6.540000
0.046116 0.093554 -1.819128 6.560000
-0.203917 0.057384 -1.796808 6.580000
-0.459426 0.021676 -1.772912 6.600000
0.128489 -0.013541 -1.747673 6.620000
0.657825 -0.048072 -1.704522 6.640000
0.403143 -0.081578 -1.645172 6.660000
0.849482 -0.113895 -1.585687 6.680000
0.503376 -0.144885 -1.512538 6.700000
-0.057801 -0.174436 -1.441865 6.720000
-0.369593 -0.202642 -1.378040 6.740000
-1.171484 -0.229592 -1.316262 6.760000
-0.369656 -0.255422 -1.266093 6.780000
-1.127976 -0.280056 -1.196716 6.800000
-1.511997 -0.303414 -1.138573 6.820000
-2.438692 -0.325650 -1.084440 6.840000
-2.801129 -0.346945 -1.044495 6.860000
-1.875895 -0.367475 -1.007906 6.880000
-2.553870 -0.387068 -0.950970 6.900000
-2.926353 -0.405621 -0.903854 6.920000
-2.233782 -0.423272 -0.860835 6.940000
-1.415031 -0.439912 -0.802766 6.960000
-2.372081 -0.455223 -0.728121 6.980000
-1.905309 -0.469199 -0.669188 7.000000
-1.628905 -0.481899 -0.600611 7.020000
-2.266901 -0.493169 -0.526284 7.040000
-2.335523 -0.503058 -0.462560 7.060000
-1.971434 -0.511679 -0.399513 7.080000
-2.491895 -0.518974 -0.329912 7.100000
-3.100285 -0.524967 -0.269378 7.120000
-3.057190 -0.529854 -0.219407 7.140000
-3.762646 -0.533736 -0.168820 7.160000
-2.851565 -0.536730 -0.130574 7.180000
-2.985838 -0.538805 -0.077067 7.200000
-3.622575 -0.539841 -0.026599 7.220000
-3.201777 -0.539984 0.012168 7.240000
-3.218493 -0.539288 0.057260 7.260000
-4.052230 -0.537704 0.100948 7.280000
-4.119980 -0.535400 0.129190 7.300000
-4.618004 -0.532555 0.155181 7.320000
-5.095247 -0.529286 0.171512 7.340000
-5.043948 -0.525783 0.178628 7.360000
-5.617311 -0.522138 0.185702 7.380000
-5.279308 -0.518460 0.181982 7.400000
-4.590385 -0.514806 0.183338 7.420000
-3.710565 -0.511013 0.195736 7.440000
-3.189311 -0.506831 0.222254 7.460000
-3.586690 -0.502042 0.256365 7.480000
-3.422655 -0.496657 0.281870 7.500000
-2.867831 -0.490750 0.308575 7.520000
-1.938951 -0.484228 0.343198 7.540000
-2.751782 -0.476872 0.392075 7.560000
-1.815158 -0.468705 0.424173 7.580000
-2.760501 -0.459754 0.470531 7.600000
-2.447078 -0.450071 0.497381 7.620000
-2.160689 -0.439819 0.527323 7.640000
-2.526783 -0.428944 0.559744 7.660000
-2.286350 -0.417515 0.582744 7.680000
-1.589902 -0.405609 0.607346 7.700000
-0.670972 -0.393113 0.641775 7.720000
-0.814384 -0.379790 0.689910 7.740000
0.069877 -0.365566 0.731895 7.760000
0.818962 -0.350374 0.786701 7.780000
0.662174 -0.333984 0.851526 7.800000
0.787742 -0.316371 0.909095 7.820000
1.737649 -0.297626 0.964616 7.840000
2.727263 -0.277636 1.033572 7.860000
1.883627 -0.256127 1.116389 7.880000
2.345985 -0.233180 1.177484 7.900000
1.493632 -0.208975 1.242053 7.920000
0.667437 -0.183702 1.284326 7.940000
0.290041 -0.157801 1.304890 7.960000
0.439095 -0.131616 1.312711 7.980000
1.345928 -0.105297 1.318277 8.000000
1.917981 -0.078740 1.336539 8.020000
1.249714 -0.051759 1.360622 8.040000
1.834589 -0.024486 1.365796 8.060000
1.646523 0.002953 1.377159 8.080000
0.830844 0.030526 1.379231 8.100000
1.336944 0.057924 1.359761 8.120000
1.233742 0.084984 1.345374 8.140000
1.179435 0.111686 1.323978 8.160000
0.951218 0.137901 1.296763 8.180000
0.143069 0.163481 1.260556 8.200000
-0.454787 0.188137 1.204419 8.220000
0.317705 0.211518 1.133196 8.240000
0.840731 0.233596 1.074035 8.260000
1.586647 0.254561 1.022004 8.280000
1.752185 0.274600 0.981326 8.300000
1.850909 0.293826 0.940767 8.320000
2.008026 0.312230 0.899192 8.340000
1.658277 0.329805 0.857868 8.360000
1.022632 0.346462 0.807464 8.380000
0.959167 0.361971 0.743135 8.400000
1.046164 0.376165 0.676104 8.420000
0.172497 0.389023 0.609464 8.440000
0.703528 0.400377 0.525902 8.460000
-0.105053 0.410154 0.451757 8.480000
-0.835406 0.418299 0.362776 8.500000
-1.453160 0.424536 0.261089 8.520000
-2.244640 0.428639 0.149399 8.540000
-3.149808 0.430381 0.025189 8.560000
-2.885207 0.429499 -0.112922 8.580000
-3.096736 0.425932 -0.243195 8.600000
-2.534644 0.419755 -0.373960 8.620000
-2.255547 0.411101 -0.490819 8.640000
-1.898157 0.400199 -0.598740 8.660000
-2.609210 0.387244 -0.696061 8.680000
-2.991238 0.372253 -0.802220 8.700000
-2.513399 0.355115 -0.910742 8.720000
-1.738290 0.335947 -1.005280 8.740000
-0.780832 0.315085 -1.080058 8.760000
-0.227454 0.292960 -1.131523 8.780000
-0.473467 0.269963 -1.167347 8.800000
-0.949490 0.246253 -1.202832 8.820000
-1.062587 0.221793 -1.242305 8.840000
-1.245108 0.196575 -1.278587 8.860000
-1.671940 0.170650 -1.312941 8.880000
-0.860070 0.144011 -1.350047 8.900000
-0.381138 0.116847 -1.365434 8.920000
0.056918 0.089525 -1.365882 8.940000
-0.317928 0.062333 -1.352418 8.960000
-0.817410 0.035387 -1.341391 8.980000
-0.229157 0.008612 -1.335269 9.000000
0.156687 -0.017874 -1.312452 9.020000
-0.189108 -0.043779 -1.277362 9.040000
-0.899503 -0.069008 -1.244851 9.060000
-0.095669 -0.093686 -1.222170 9.080000
-0.882742 -0.117708 -1.179360 9.100000
-1.219596 -0.140991 -1.148292 9.120000
-0.675479 -0.163680 -1.119961 9.140000
-0.885560 -0.185657 -1.077213 9.160000
-0.173944 -0.206787 -1.035228 9.180000
-0.170935 -0.226907 -0.976317 9.200000
-0.021716 -0.245822 -0.914810 9.220000
0.768148 -0.263456 -0.848204 9.240000
1.286731 -0.279587 -0.764682 9.260000
0.580041 -0.293937 -0.670182 9.280000
-0.012093 -0.306525 -0.588522 9.300000
-0.193077 -0.317586 -0.517495 9.320000
0.754692 -0.327255 -0.449362 9.340000
0.826003 -0.335380 -0.363181 9.360000
1.780527 -0.341772 -0.276081 9.380000
1.184969 -0.346250 -0.171945 9.400000
0.423635 -0.348771 -0.080365 9.420000
1.120931 -0.349617 -0.004475 9.440000
0.771437 -0.348830 0.082893 9.460000
0.669099 -0.346380 0.161740 9.480000
1.370328 -0.342393 0.236545 9.500000
1.621616 -0.336802 0.322110 9.520000
0.977656 -0.329481 0.409557 9.540000
1.247800 -0.320562 0.481778 9.560000
1.647116 -0.310180 0.555935 9.580000
2.075291 -0.298272 0.634193 9.600000
2.831988 -0.284756 0.716785 9.620000
3.558481 -0.269484 0.809641 9.640000
4.548576 -0.252262 0.911761 9.660000
4.684654 -0.232857 1.027772 9.680000
5.247114 -0.211163 1.140658 9.700000
6.137359 -0.187162 1.258334 9.720000
6.809342 -0.160700 1.386718 9.740000
7.382174 -0.131610 1.520941 9.760000
7.876928 -0.099802 1.658451 9.780000
8.000000 -0.065232 1.797071 9.800000
7.648909 -0.027957 1.928784 9.820000
7.985942 0.011784 2.043628 9.840000
8.000000 0.053786 2.154860 9.860000
7.167417 0.097908 2.255450 9.880000
6.793123 0.143764 2.328286 9.900000
7.788477 0.190891 2.382491 9.920000
7.828126 0.239181 2.444572 9.940000
7.121370 0.288600 2.495181 9.960000
6.716879 0.338772 2.520009 9.980000
6.176429 0.389244 2.525288 10.000000
5.705572 0.439606 2.509065 10.020000
5.750322 0.489449 2.473419 10.040000
6.192814 0.538482 2.428156 10.060000
6.976158 0.586583 2.380275 10.080000
6.409450 0.633754 2.335122 10.100000
5.471389 0.679830 2.270870 10.120000
5.179189 0.724385 2.183250 10.140000
4.428433 0.767066 2.083643 10.160000
5.081671 0.807579 1.966744 10.180000
4.883333 0.845787 1.853144 10.200000
4.239107 0.881644 1.731686 10.220000
3.343645 0.914945 1.597838 10.240000
3.535803 0.945429 1.450146 10.260000
2.578267 0.972960 1.302710 10.280000
2.621193 0.997422 1.143369 10.300000
3.575662 1.018698 0.984248 10.320000
2.874593 1.036892 0.835159 10.340000
2.648534 1.052036 0.679388 10.360000
2.277855 1.064053 0.522527 10.380000
2.688583 1.072912 0.363777 10.400000
2.457183 1.078657 0.211068 10.420000
1.920783 1.081350 0.058640 10.440000
2.044800 1.080972 -0.095919 10.460000
2.890599 1.077547 -0.246019 10.480000
2.776727 1.071235 -0.384549 10.500000
1.824306 1.062179 -0.520322 10.520000
1.329870 1.050357 -0.661196 10.540000
0.494704 1.035712 -0.802515 10.560000
1.067504 1.018203 -0.947634 10.580000
0.174887 0.997900 -1.081741 10.600000
-0.628002 0.974871 -1.220276 10.620000
-1.522644 0.949035 -1.362423 10.640000
-1.224462 0.920307 -1.509466 10.660000
-0.975211 0.888731 -1.647124 10.680000
-0.477722 0.854495 -1.775468 10.700000
-0.854759 0.817822 -1.890661 10.720000
-1.500366 0.778863 -2.004023 10.740000
-1.903886 0.737617 -2.119354 10.760000
-2.179559 0.694079 -2.233184 10.780000
-2.924108 0.648299 -2.343446 10.800000
-3.514595 0.600277 -2.457448 10.820000
-3.867014 0.549961 -2.572734 10.840000
-3.573446 0.497367 -2.685133 10.860000
-2.793326 0.442670 -2.782928 10.880000
-2.744413 0.386257 -2.856583 10.900000
-2.761620 0.328486 -2.918795 10.920000
-3.571101 0.269575 -2.970405 10.940000
-3.017507 0.209589 -3.026310 10.960000
-3.572443 0.148709 -3.059735 10.980000
-3.903078 0.087169 -3.092206 11.000000
-2.924348 0.025036 -3.118997 11.020000
-3.904072 -0.037313 -3.113919 11.040000
-4.319455 -0.099634 -3.116077 11.060000
-4.887111 -0.161954 -3.113835 11.080000
-5.061880 -0.224213 -3.109881 11.100000
-4.960446 -0.286296 -3.096254 11.120000
-5.450515 -0.347957 -3.067719 11.140000
-6.065998 -0.409011 -3.035520 11.160000
-6.609180 -0.469404 -3.001571 11.180000
-5.881314 -0.529083 -2.964087 11.200000
-6.800057 -0.587757 -2.901298 11.220000
-6.756737 -0.645206 -2.841471 11.240000
-6.594652 -0.701328 -2.768755 11.260000
-6.139077 -0.755855 -2.682104 11.280000
-6.600004 -0.808476 -2.578405 11.300000
-6.493963 -0.858990 -2.471448 11.320000
-6.759372 -0.907260 -2.354126 11.340000
-7.004997 -0.953134 -2.231872 11.360000
-7.585174 -0.996513 -2.104881 11.380000
-6.701904 -1.037345 -1.977102 11.400000
-6.218828 -1.075467 -1.834246 11.420000
-7.131583 -1.110638 -1.682161 11.440000
-8.000000 -1.142808 -1.534231 11.460000
-7.927211 -1.172054 -1.389715 11.480000
-8.000000 -1.198369 -1.241368 11.500000
-8.000000 -1.221697 -1.091083 11.520000
-7.420426 -1.242001 -0.939077 11.540000
-6.798049 -1.259217 -0.782482 11.560000
-6.028473 -1.273263 -0.622178 11.580000
-7.003716 -1.284066 -0.458356 11.600000
-7.970100 -1.291663 -0.301608 11.620000
-8.000000 -1.296196 -0.152059 11.640000
-8.000000 -1.297762 -0.005009 11.660000
-8.000000 -1.296415 0.139150 11.680000
-8.000000 -1.292219 0.279883 11.700000
-7.092451 -1.285246 0.416678 11.720000
-7.875576 -1.275530 0.554180 11.740000
-8.000000 -1.263157 0.682247 11.760000
-8.000000 -1.248284 0.804184 11.780000
-7.147688 -1.231029 0.920302 11.800000
-6.372791 -1.211456 1.035954 11.820000
-6.939772 -1.189578 1.150703 11.840000
-5.994882 -1.165515 1.254525 11.860000
-6.550481 -1.139370 1.358797 11.880000
-6.773292 -1.111258 1.451132 11.900000
-6.194008 -1.081396 1.533754 11.920000
-5.517036 -1.049906 1.613857 11.940000
-5.239612 -1.016827 1.692682 11.960000
-4.320850 -0.982224 1.766313 11.980000
-5.124823 -0.946127 1.841997 12.000000
-5.883065 -0.908694 1.899903 12.020000
-5.762879 -0.870283 1.939641 12.040000
-5.271664 -0.831153 1.971856 12.060000
-4.864857 -0.791403 2.001646 12.080000
-5.243492 -0.751090 2.028189 12.100000
-4.285574 -0.710391 2.040211 12.120000
-4.732489 -0.669395 2.057852 12.140000
-4.787731 -0.628206 2.059671 12.160000
-4.738793 -0.587076 2.051825 12.180000
-4.966393 -0.546182 2.036171 12.200000
-5.209141 -0.505724 2.008198 12.220000
-4.834737 -0.465951 1.967805 12.240000
-5.332012 -0.426997 1.926250 12.260000
-5.434397 -0.389041 1.868159 12.280000
-5.419889 -0.352337 1.801129 12.300000
-6.285829 -0.317037 1.727802 12.320000
-6.270858 -0.283429 1.632034 12.340000
-6.718573 -0.251788 1.531233 12.360000
-7.342077 -0.222298 1.417116 12.380000
-8.000000 -0.195251 1.286994 12.400000
-8.000000 -0.170967 1.141023 12.420000
-7.905163 -0.149624 0.992963 12.440000
-7.356265 -0.131239 0.845414 12.460000
-6.999180 -0.115704 0.707965 12.480000
-7.321081 -0.102851 0.577295 12.500000
-8.000000 -0.092674 0.440479 12.520000
-8.000000 -0.085360 0.291171 12.540000
-8.000000 -0.081016 0.143615 12.560000
-7.381031 -0.079600 -0.001612 12.580000
-7.763465 -0.080939 -0.131748 12.600000
-7.076885 -0.084925 -0.266308 12.620000
-6.639006 -0.091430 -0.383570 12.640000
-6.534966 -0.100155 -0.488306 12.660000
-6.594599 -0.110914 -0.586906 12.680000
-5.905631 -0.123614 -0.682294 12.700000
-6.790490 -0.138039 -0.759430 12.720000
-7.409391 -0.154134 -0.849198 12.740000
-7.387097 -0.172092 -0.945665 12.760000
-7.723083 -0.191916 -1.035698 12.780000
-7.211919 -0.213544 -1.125937 12.800000
-7.409564 -0.236809 -1.199531 12.820000
-7.994674 -0.261518 -1.270130 12.840000
-8.000000 -0.287679 -1.344750 12.860000
-8.000000 -0.315257 -1.411782 12.880000
-7.539938 -0.344097 -1.470893 12.900000
-7.890795 -0.373953 -1.513368 12.920000
-7.395814 -0.404644 -1.554309 12.940000
-8.000000 -0.435981 -1.578044 12.960000
-8.000000 -0.467821 -1.604563 12.980000
-8.000000 -0.500107 -1.622710 13.000000
-8.000000 -0.532673 -1.632509 13.020000
-8.000000 -0.565353 -1.634034 13.040000
-7.981734 -0.597980 -1.627404 13.060000
-7.585506 -0.630393 -1.612492 13.080000
-8.000000 -0.662365 -1.583562 13.100000
-7.019605 -0.693751 -1.553823 13.120000
-6.179204 -0.724322 -1.502172 13.140000
-6.063986 -0.753674 -1.432126 13.160000
-6.407656 -0.781557 -1.355379 13.180000
-5.852955 -0.807907 -1.278889 13.200000
-6.659658 -0.832608 -1.190656 13.220000
-6.110534 -0.855617 -1.109623 13.240000
-6.247145 -0.876900 -1.018128 13.260000
-7.081532 -0.896342 -0.925732 13.280000
-6.777752 -0.914017 -0.841328 13.300000
-6.873387 -0.929944 -0.751103 13.320000
-7.692155 -0.944062 -0.660426 13.340000
-6.810732 -0.956448 -0.578005 13.360000
-7.471431 -0.967074 -0.484510 13.380000
-8.000000 -0.975901 -0.398097 13.400000
-7.165566 -0.983056 -0.317382 13.420000
-6.791117 -0.988505 -0.227631 13.440000
-6.643113 -0.992125 -0.134570 13.460000
-6.769129 -0.993880 -0.041164 13.480000
-7.470002 -0.993797 0.049210 13.500000
-7.183966 -0.992001 0.130006 13.520000
-7.230297 -0.988580 0.211708 13.540000
-7.395627 -0.983555 0.290331 13.560000
-7.280232 -0.977004 0.364260 13.580000
-6.960268 -0.968993 0.436336 13.600000
-7.014712 -0.959537 0.508597 13.620000
-6.843752 -0.948680 0.576524 13.640000
-6.291299 -0.936483 0.642489 13.660000
-5.688763 -0.922943 0.710805 13.680000
-4.757920 -0.908007 0.781957 13.700000
-4.146535 -0.891581 0.859895 13.720000
-3.339307 -0.873568 0.940617 13.740000
-3.176268 -0.853887 1.026588 13.760000
-2.215340 -0.832518 1.109361 13.780000
-2.296116 -0.809420 1.199523 13.800000
-2.755764 -0.784587 1.282810 13.820000
-2.052403 -0.758213 1.353579 13.840000
-1.569962 -0.730383 1.428356 13.860000
-0.807522 -0.701049 1.503952 13.880000
-0.581131 -0.670152 1.584666 13.900000
0.214646 -0.637672 1.662203 13.920000
-0.122135 -0.603582 1.745604 13.940000
0.778120 -0.567951 1.816308 13.960000
1.186154 -0.530827 1.894815 13.980000
0.802950 -0.492138 1.972763 14.000000
1.434714 -0.452036 2.036105 14.020000
2.330350 -0.410634 2.102724 14.040000
1.875829 -0.367819 2.177418 14.060000
2.515197 -0.323680 2.235008 14.080000
2.559673 -0.278356 2.295848 14.100000
1.591741 -0.231898 2.348397 14.120000
2.506052 -0.184671 2.372846 14.140000
3.292937 -0.136867 2.405895 14.160000
3.574177 -0.088343 2.444841 14.180000
3.468139 -0.039084 2.479402 14.200000
4.329172 0.010744 2.501707 14.220000
3.581704 0.061087 2.530855 14.240000
3.012515 0.111759 2.534627 14.260000
3.187074 0.162292 2.516997 14.280000
2.304758 0.212408 2.492990 14.300000
1.611942 0.261776 2.442375 14.320000
1.306318 0.309912 2.369882 14.340000
0.790287 0.356462 2.283894 14.360000
0.359581 0.401126 2.181408 14.380000
0.049578 0.443600 2.065120 14.400000
-0.158485 0.483642 1.938284 14.420000
0.614630 0.521068 1.803676 14.440000
-0.012518 0.555899 1.678851 14.460000
-0.501980 0.588095 1.540314 14.480000
-0.332486 0.617416 1.391572 14.500000
-1.051695 0.643776 1.244240 14.520000
-2.044412 0.667067 1.084779 14.540000
-1.153729 0.687014 0.910135 14.560000
-1.379644 0.703616 0.750218 14.580000
-1.737447 0.716997 0.588078 14.600000
-2.006970 0.727097 0.422326 14.620000
-1.201387 0.733865 0.254851 14.640000
-1.674583 0.737428 0.101912 14.660000
-2.045091 0.737890 -0.055189 14.680000
-1.377036 0.735188 -0.214477 14.700000
-1.657052 0.729434 -0.360277 14.720000
-1.153070 0.720760 -0.506426 14.740000
-0.301993 0.709280 -0.640892 14.760000
-1.228947 0.695282 -0.758141 14.780000
-0.831289 0.678843 -0.885047 14.800000
-0.640280 0.659975 -1.000865 14.820000
0.176967 0.638873 -1.108513 14.840000
-0.297004 0.615802 -1.197648 14.860000
-1.046859 0.590927 -1.288899 14.880000
-1.596257 0.564161 -1.386705 14.900000
-2.051050 0.535407 -1.487603 14.920000
-2.824062 0.504622 -1.589827 14.940000
-2.035317 0.471724 -1.698760 14.960000
-1.056907 0.436859 -1.786500 14.980000
-1.135127 0.400490 -1.849140 15.000000
-1.367341 0.362930 -1.905670 15.020000
-1.584788 0.324272 -1.958799 15.040000
-2.236197 0.284589 -2.008114 15.060000
-2.778278 0.243877 -2.061772 15.080000
-3.716331 0.202070 -2.117506 15.100000
-4.547295 0.159051 -2.182815 15.120000
-4.888483 0.114655 -2.255266 15.140000
-5.595696 0.068838 -2.324776 15.160000
-5.744017 0.021590 -2.398199 15.180000
-6.539934 -0.027049 -2.463915 15.200000
-7.134785 -0.077051 -2.534349 15.220000
-7.780401 -0.128462 -2.604787 15.240000
-8.000000 -0.181287 -2.675485 15.260000
-8.000000 -0.235437 -2.737339 15.280000
-7.754494 -0.290690 -2.785620 15.300000
-8.000000 -0.346723 -2.815452 15.320000
-8.000000 -0.403261 -2.836006 15.340000
-8.000000 -0.460070 -2.842511 15.360000
-7.155502 -0.516868 -2.835013 15.380000
-7.018477 -0.573234 -2.799386 15.400000
-6.057049 -0.628737 -2.748807 15.420000
-6.533011 -0.682953 -2.671045 15.440000
-7.532140 -0.735580 -2.589889 15.460000
-6.567080 -0.786625 -2.512708 15.480000
-7.514039 -0.835885 -2.411725 15.500000
-7.423831 -0.883158 -2.314045 15.520000
-8.000000 -0.928375 -2.206181 15.540000
-8.000000 -0.971418 -2.096763 15.560000
-8.000000 -1.012192 -1.979441 15.580000
-7.718744 -1.050548 -1.855055 15.600000
-8.000000 -1.086326 -1.721778 15.620000
-8.000000 -1.119411 -1.585881 15.640000
-7.939113 -1.149731 -1.445470 15.660000
-7.484233 -1.177200 -1.300890 15.680000
-6.727172 -1.201714 -1.150113 15.700000
-5.740105 -1.223139 -0.992282 15.720000
-5.505054 -1.241335 -0.827295 15.740000
-5.867076 -1.256219 -0.661286 15.760000
-6.256902 -1.267816 -0.498573 15.780000
-6.881697 -1.276195 -0.339668 15.800000
-6.600445 -1.281451 -0.186276 15.820000
-6.142027 -1.283646 -0.033647 15.840000
-5.922241 -1.282791 0.118651 15.860000
-5.423224 -1.278911 0.268769 15.880000
-5.901466 -1.272037 0.417881 15.900000
-6.416616 -1.262252 0.559878 15.920000
-5.432695 -1.249705 0.694000 15.940000
-6.159262 -1.234464 0.829225 15.960000
-6.186721 -1.216621 0.954162 15.980000
-5.319255 -1.196339 1.072963 16.000000
-4.700646 -1.173680 1.191898 16.020000
-4.148835 -1.148658 1.309246 16.040000
-4.493043 -1.121309 1.424574 16.060000
-4.669014 -1.091751 1.530057 16.080000
-5.530344 -1.060171 1.626645 16.100000
-4.931404 -1.026821 1.707035 16.120000
-5.763833 -0.991882 1.785515 16.140000
-5.120927 -0.955547 1.846472 16.160000
-5.101277 -0.918006 1.906182 16.180000
-5.047379 -0.879356 1.957389 16.200000
-5.570965 -0.839763 2.000391 16.220000
-4.869199 -0.799471 2.027313 16.240000
-5.268012 -0.758634 2.054895 16.260000
-5.523597 -0.717394 2.067582 16.280000
-5.854573 -0.676030 2.067261 16.300000
-5.233512 -0.634816 2.052672 16.320000
-5.112654 -0.593882 2.039180 16.340000
-4.349897 -0.553286 2.019045 16.360000
-4.220898 -0.513047 2.003495 16.380000
-4.551554 -0.473178 1.982037 16.400000
-5.268264 -0.433877 1.946770 16.420000
-5.688781 -0.395488 1.890895 16.440000
-6.535017 -0.358366 1.820101 16.460000
-7.473762 -0.322886 1.726877 16.480000
-7.621391 -0.289508 1.610016 16.500000
-7.246254 -0.258547 1.485310 16.520000
-7.693890 -0.230052 1.363558 16.540000
-8.000000 -0.204116 1.229524 16.560000
-7.692141 -0.180949 1.086767 16.580000
-7.123534 -0.160598 0.948071 16.600000
-7.720440 -0.142924 0.819150 16.620000
-7.500157 -0.127956 0.677603 16.640000
-7.696271 -0.115777 0.540312 16.660000
-8.000000 -0.106379 0.399615 16.680000
-7.741314 -0.099845 0.254054 16.700000
-7.662642 -0.096153 0.115408 16.720000
-6.757578 -0.095198 -0.019423 16.740000
-7.557930 -0.096733 -0.133677 16.760000
-6.883179 -0.100684 -0.260878 16.780000
-6.310243 -0.107011 -0.371194 16.800000
-5.960302 -0.115394 -0.466518 16.820000
-6.674687 -0.125577 -0.551148 16.840000
-6.231518 -0.137554 -0.645831 16.860000
-6.082896 -0.151293 -0.727245 16.880000
-5.907636 -0.166584 -0.801083 16.900000
-4.998099 -0.183269 -0.866658 16.920000
-5.054797 -0.201039 -0.909593 16.940000
-5.227487 -0.219633 -0.948958 16.960000
-5.771883 -0.238999 -0.986865 16.980000
-6.432794 -0.259179 -1.030256 17.000000
-6.803901 -0.280301 -1.080926 17.020000
-6.502801 -0.302448 -1.132834 17.040000
-6.058942 -0.325516 -1.172943 17.060000
-5.375859 -0.349242 -1.198694 17.080000
-5.505419 -0.373298 -1.205938 17.100000
-5.019739 -0.397468 -1.210123 17.120000
-5.822185 -0.421578 -1.200060 17.140000
-4.852776 -0.445581 -1.199381 17.160000
-5.312231 -0.469344 -1.176117 17.180000
-6.301591 -0.492676 -1.156282 17.200000
-6.037395 -0.515737 -1.148877 17.220000
-5.047035 -0.538552 -1.131810 17.240000
-5.949979 -0.560809 -1.093217 17.260000
-6.760708 -0.582405 -1.065660 17.280000
-6.694536 -0.603541 -1.047118 17.300000
-7.662726 -0.624248 -1.022937 17.320000
-8.000000 -0.644584 -1.009859 17.340000
-8.000000 -0.664665 -0.997361 17.360000
-8.000000 -0.684447 -0.980116 17.380000
-8.000000 -0.703839 -0.958305 17.400000
-8.000000 -0.722750 -0.932128 17.420000
-8.000000 -0.741096 -0.901805 17.440000
-7.809023 -0.758797 -0.867573 17.460000
-7.435864 -0.775748 -0.826967 17.480000
-6.746142 -0.791801 -0.777856 17.500000
-5.862629 -0.806748 -0.716455 17.520000
-6.231899 -0.820324 -0.640959 17.540000
-5.835966 -0.832427 -0.569123 17.560000
-5.629884 -0.843029 -0.490944 17.580000
-6.499514 -0.852034 -0.409500 17.600000
-7.247140 -0.859522 -0.339216 17.620000
-6.924062 -0.865698 -0.278424 17.640000
-7.383472 -0.870616 -0.213397 17.660000
-6.468572 -0.874295 -0.154520 17.680000
-7.432158 -0.876684 -0.084483 17.700000
-6.756182 -0.877804 -0.027644 17.720000
-6.126862 -0.877710 0.036744 17.740000
-6.236128 -0.876263 0.107652 17.760000
-7.167141 -0.873431 0.175302 17.780000
-6.170194 -0.869384 0.228986 17.800000
-6.652824 -0.864157 0.293304 17.820000
-5.946287 -0.857732 0.348841 17.840000
-5.333582 -0.850130 0.410883 17.860000
-5.951219 -0.841236 0.477957 17.880000
-5.832421 -0.831115 0.533522 17.900000
-6.492197 -0.819902 0.587258 17.920000
-7.422624 -0.807739 0.628419 17.940000
-8.000000 -0.794918 0.653104 17.960000
-7.391940 -0.781720 0.666102 17.980000
-7.554541 -0.768211 0.684118 18.000000
-7.673809 -0.754403 0.696148 18.020000
-7.471687 -0.740407 0.702816 18.040000
-7.051365 -0.726284 0.708869 18.060000
-7.327147 -0.712013 0.717612 18.080000
-7.727976 -0.697645 0.718608 18.100000
-8.000000 -0.683354 0.709995 18.120000
-8.000000 -0.669310 0.693848 18.140000
-7.760308 -0.655621 0.674547 18.160000
-8.000000 -0.642310 0.656029 18.180000
-7.052007 -0.629437 0.630818 18.200000
-7.521787 -0.616942 0.618182 18.220000
-6.950208 -0.604804 0.595227 18.240000
-6.214339 -0.593056 0.579160 18.260000
-5.301631 -0.581532 0.572778 18.280000
-4.319494 -0.570010 0.579039 18.300000
-3.681789 -0.558224 0.599051 18.320000
-3.763281 -0.545959 0.626896 18.340000
-4.066018 -0.533183 0.650253 18.360000
-4.569899 -0.520022 0.665304 18.380000
-5.054365 -0.506678 0.668599 18.400000
-5.952116 -0.493382 0.660561 18.420000
-5.769905 -0.480431 0.634100 18.440000
-5.181038 -0.468001 0.608498 18.460000
-5.237237 -0.456001 0.591100 18.480000
-4.731522 -0.444382 0.570452 18.500000
-4.369210 -0.433107 0.556765 18.520000
-5.218288 -0.422060 0.547474 18.540000
-5.528513 -0.411376 0.520679 18.560000
-5.478282 -0.401302 0.486494 18.580000
-6.352065 -0.391917 0.451749 18.600000
-5.754356 -0.383401 0.399691 18.620000
-6.744841 -0.375824 0.357835 18.640000
-6.356803 -0.369276 0.296962 18.660000
-5.540525 -0.363875 0.243102 18.680000
-6.222831 -0.359400 0.204316 18.700000
-5.740335 -0.355830 0.152751 18.720000
-6.218285 -0.353198 0.110475 18.740000
-6.193534 -0.351498 0.059670 18.760000
-5.905328 -0.350802 0.010063 18.780000
-5.021891 -0.351035 -0.033251 18.800000
-5.089003 -0.351960 -0.059149 18.820000
-5.844814 -0.353409 -0.085524 18.840000
-5.277910 -0.355516 -0.125031 18.860000
-6.107577 -0.358295 -0.152691 18.880000
-5.846163 -0.361770 -0.194500 18.900000
-5.013517 -0.366015 -0.229775 18.920000
-4.720462 -0.370795 -0.247959 18.940000
-3.937825 -0.375870 -0.259309 18.960000
-3.219006 -0.381014 -0.254931 18.980000
-2.568468 -0.385928 -0.236383 19.000000
-2.677901 -0.390346 -0.205324 19.020000
-2.631130 -0.394160 -0.176065 19.040000
-3.280287 -0.397379 -0.145829 19.060000
-3.336986 -0.400112 -0.127449 19.080000
-4.153383 -0.402486 -0.109946 19.100000
-4.357635 -0.404659 -0.107197 19.120000
-3.503302 -0.406809 -0.107764 19.140000
-4.339279 -0.408810 -0.092344 19.160000
-4.239134 -0.410654 -0.092022 19.180000
-4.582637 -0.412470 -0.089501 19.200000
-4.158300 -0.414295 -0.092875 19.220000
-3.615627 -0.416105 -0.088102 19.240000
-4.283247 -0.417718 -0.073234 19.260000
-4.988278 -0.419156 -0.070429 19.280000
-4.199016 -0.420662 -0.080120 19.300000
-4.803204 -0.422214 -0.075020 19.320000
-5.264277 -0.423771 -0.080606 19.340000
-4.420317 -0.425518 -0.094047 19.360000
-3.715315 -0.427375 -0.091605 19.380000
-3.333911 -0.429053 -0.076130 19.400000
-3.182573 -0.430352 -0.053787 19.420000
-2.457904 -0.431178 -0.028945 19.440000
-2.039137 -0.431381 0.008548 19.460000
-1.328502 -0.430766 0.052793 19.480000
-2.194608 -0.429148 0.108740 19.500000
-1.214648 -0.426583 0.147579 19.520000
-1.331700 -0.423077 0.202741 19.540000
-0.611558 -0.418507 0.253939 19.560000
-1.057184 -0.412802 0.316206 19.580000
-1.940378 -0.405956 0.367995 19.600000
-2.391039 -0.398259 0.401304 19.620000
-2.073472 -0.390001 0.424164 19.640000
-1.692955 -0.381248 0.450719 19.660000
-1.903881 -0.371917 0.481989 19.680000
-2.483671 -0.362025 0.506885 19.700000
-3.150709 -0.351766 0.518563 19.720000
-3.713714 -0.341422 0.515531 19.740000
-3.999304 -0.331264 0.499942 19.760000
-4.339908 -0.321490 0.477237 19.780000
-4.256986 -0.312249 0.446581 19.800000
-3.769598 -0.303619 0.416211 19.820000
-3.424187 -0.295516 0.393907 19.840000
-3.077693 -0.287805 0.376957 19.860000
-2.792264 -0.280380 0.365377 19.880000
-3.409899 -0.273144 0.357974 19.900000
-4.408826 -0.266188 0.337494 19.920000
-4.490550 -0.259842 0.296948 19.940000
-4.163469 -0.254328 0.254396 19.960000
-3.460945 -0.249605 0.217884 19.980000
