0.599543 -0.197160 0.922978 0.000000
1.523137 -0.178397 0.952593 0.020000
2.024814 -0.158904 0.996041 0.040000
1.975275 -0.138488 1.044726 0.060000
2.276340 -0.117157 1.087576 0.080000
2.130614 -0.094958 1.131409 0.100000
3.120724 -0.071963 1.167228 0.120000
3.270365 -0.048107 1.217448 0.140000
4.106727 -0.023273 1.264987 0.160000
3.958194 0.002620 1.323265 0.180000
3.715668 0.029586 1.372310 0.200000
4.451089 0.057421 1.410204 0.220000
4.491483 0.086097 1.456281 0.240000
3.539999 0.115636 1.496391 0.260000
3.131427 0.145720 1.510966 0.280000
3.406360 0.175951 1.511165 0.300000
3.073224 0.206179 1.510602 0.320000
3.046636 0.236270 1.497466 0.340000
2.869230 0.266034 1.478006 0.360000
2.568650 0.295319 1.449557 0.380000
2.418491 0.323924 1.410148 0.400000
2.694344 0.351664 1.363074 0.420000
2.575330 0.378469 1.316616 0.440000
3.172781 0.404278 1.263636 0.460000
3.275874 0.429096 1.217500 0.480000
3.310305 0.452970 1.169192 0.500000
3.358312 0.475845 1.117707 0.520000
2.712462 0.497663 1.063555 0.540000
3.012249 0.518253 0.995010 0.560000
2.124163 0.537498 0.929063 0.580000
1.314264 0.555249 0.845745 0.600000
1.669982 0.571182 0.747363 0.620000
1.187792 0.585198 0.654174 0.640000
0.276980 0.597266 0.552553 0.660000
1.031285 0.607152 0.436174 0.680000
0.187409 0.614841 0.332907 0.700000
1.107766 0.620337 0.216937 0.720000
1.872417 0.623678 0.117371 0.740000
1.713976 0.625166 0.031652 0.760000
0.751511 0.624929 -0.055025 0.780000
1.561487 0.622823 -0.155248 0.800000
2.360201 0.618867 -0.239933 0.820000
3.035562 0.613371 -0.309198 0.840000
3.474168 0.606625 -0.364990 0.860000
4.016391 0.598860 -0.411114 0.880000
3.148709 0.590287 -0.445800 0.900000
3.519595 0.580902 -0.492277 0.920000
4.358156 0.570677 -0.529743 0.940000
3.466585 0.559871 -0.550328 0.960000
3.495886 0.548531 -0.583192 0.980000
3.292109 0.536569 -0.612561 1.000000
4.267878 0.524014 -0.642351 1.020000
4.355871 0.511064 -0.652195 1.040000
4.814086 0.497961 -0.657573 1.060000
4.327460 0.484860 -0.652068 1.080000
4.956075 0.471811 -0.652403 1.100000
4.091752 0.458894 -0.638853 1.120000
3.105598 0.446119 -0.638174 1.140000
3.527202 0.433208 -0.652487 1.160000
3.900555 0.420116 -0.656288 1.180000
3.517095 0.407043 -0.650549 1.200000
3.074652 0.394041 -0.649196 1.220000
3.260164 0.381011 -0.653303 1.240000
3.595586 0.367961 -0.651263 1.260000
3.473171 0.355040 -0.640396 1.280000
3.673967 0.342339 -0.629374 1.300000
4.196916 0.329919 -0.612229 1.320000
3.415604 0.317963 -0.583077 1.340000
2.416628 0.306461 -0.566764 1.360000
2.465116 0.295116 -0.567327 1.380000
2.052402 0.283792 -0.564694 1.400000
1.357279 0.272464 -0.567710 1.420000
0.974358 0.260966 -0.581689 1.440000
0.251137 0.249140 -0.600462 1.460000
0.845343 0.236826 -0.630440 1.480000
0.620586 0.224057 -0.645984 1.500000
-0.190934 0.210962 -0.663071 1.520000
-1.053756 0.197396 -0.692995 1.540000
-0.738175 0.183095 -0.736466 1.560000
-0.340382 0.168023 -0.770174 1.580000
0.504847 0.152390 -0.792534 1.600000
0.780079 0.136511 -0.794878 1.620000
0.660576 0.120670 -0.788696 1.640000
0.182771 0.104959 -0.781920 1.660000
-0.381766 0.089318 -0.781650 1.680000
-0.189939 0.073601 -0.789494 1.700000
-0.753662 0.057797 -0.790349 1.720000
-0.349044 0.041896 -0.799270 1.740000
0.559419 0.025929 -0.796925 1.760000
0.974860 0.010219 -0.773564 1.780000
0.695085 -0.004914 -0.739442 1.800000
0.357285 -0.019399 -0.708664 1.820000
0.725806 -0.033314 -0.682432 1.840000
-0.228197 -0.046609 -0.646790 1.860000
-1.186279 -0.059363 -0.628208 1.880000
-1.118923 -0.071914 -0.626475 1.900000
-0.294188 -0.084392 -0.621002 1.920000
-0.484578 -0.096575 -0.596961 1.940000
-1.467303 -0.108296 -0.574831 1.960000
-1.936617 -0.119750 -0.570231 1.980000
-1.104577 -0.131184 -0.572699 2.000000
-1.187223 -0.142479 -0.556548 2.020000
-1.623258 -0.153449 -0.540162 2.040000
-1.400925 -0.164159 -0.530510 2.060000
-0.429461 -0.174614 -0.514627 2.080000
0.506117 -0.184543 -0.478129 2.100000
0.057333 -0.193549 -0.422331 2.120000
-0.752574 -0.201521 -0.374754 2.140000
-1.715321 -0.208693 -0.342387 2.160000
-1.984693 -0.215399 -0.327965 2.180000
-2.083624 -0.221857 -0.317741 2.200000
-2.128395 -0.228120 -0.308371 2.220000
-1.208660 -0.234194 -0.298825 2.240000
-0.253292 -0.239889 -0.270592 2.260000
-0.165803 -0.244830 -0.223515 2.280000
-0.263941 -0.248813 -0.174844 2.300000
-0.587662 -0.251845 -0.128359 2.320000
-0.916391 -0.254013 -0.088510 2.340000
-0.216767 -0.255451 -0.055408 2.360000
0.210219 -0.256098 -0.009354 2.380000
0.231509 -0.255749 0.043997 2.400000
-0.627454 -0.254342 0.096535 2.420000
-0.704585 -0.252062 0.131217 2.440000
-0.146522 -0.249116 0.163232 2.460000
0.748734 -0.245434 0.204696 2.480000
0.186259 -0.240766 0.261760 2.500000
0.832446 -0.235086 0.305909 2.520000
0.425930 -0.228418 0.360480 2.540000
0.305004 -0.220762 0.404792 2.560000
0.735136 -0.212266 0.444372 2.580000
1.144661 -0.202920 0.489824 2.600000
0.836928 -0.192612 0.540488 2.620000
1.160812 -0.181380 0.582154 2.640000
0.317950 -0.169282 0.627120 2.660000
0.364332 -0.156482 0.652386 2.680000
0.674494 -0.143198 0.675573 2.700000
0.396482 -0.129419 0.701800 2.720000
-0.174786 -0.115202 0.719372 2.740000
0.409387 -0.100777 0.722598 2.760000
0.147590 -0.086201 0.734475 2.780000
0.688466 -0.071470 0.738124 2.800000
-0.196463 -0.056589 0.749528 2.820000
-0.978790 -0.041686 0.740324 2.840000
-0.686877 -0.027149 0.712959 2.860000
-1.111724 -0.013124 0.689138 2.880000
-0.577581 0.000318 0.654706 2.900000
-0.262759 0.013158 0.628986 2.920000
-1.249870 0.025527 0.607565 2.940000
-2.220657 0.037252 0.564690 2.960000
-1.726136 0.047913 0.501292 2.980000
-2.489511 0.057397 0.447000 3.000000
-2.977907 0.065637 0.376992 3.020000
-3.725394 0.072380 0.297293 3.040000
-3.697222 0.077384 0.203297 3.060000
-3.330900 0.080524 0.110954 3.080000
-3.338305 0.081904 0.027249 3.100000
-3.417706 0.081623 -0.055047 3.120000
-3.394053 0.079699 -0.137073 3.140000
-2.794459 0.076159 -0.216492 3.160000
-2.842256 0.071174 -0.281690 3.180000
-3.039937 0.064898 -0.345473 3.200000
-3.776204 0.057333 -0.410585 3.220000
-3.904962 0.048347 -0.487395 3.240000
-4.255213 0.037834 -0.563375 3.260000
-3.387383 0.025767 -0.642626 3.280000
-3.509991 0.012328 -0.700674 3.300000
-2.673694 -0.002258 -0.757291 3.320000
-3.023168 -0.017771 -0.793299 3.340000
-3.294867 -0.034034 -0.832414 3.360000
-2.726699 -0.051094 -0.872865 3.380000
-3.444021 -0.068808 -0.897851 3.400000
-3.949074 -0.087123 -0.932952 3.420000
-3.423350 -0.106196 -0.973589 3.440000
-3.494229 -0.125932 -0.999170 3.460000
-3.958099 -0.146147 -1.021619 3.480000
-3.601839 -0.166857 -1.048563 3.500000
-3.672477 -0.187988 -1.063750 3.520000
-2.874707 -0.209390 -1.075669 3.540000
-3.699826 -0.230829 -1.067540 3.560000
-3.761280 -0.252223 -1.071115 3.580000
-3.486267 -0.273655 -1.071378 3.600000
-3.126875 -0.294996 -1.061980 3.620000
-3.122453 -0.316039 -1.041617 3.640000
-4.056650 -0.336634 -1.017334 3.660000
-4.649010 -0.356882 -1.006775 3.680000
-4.689033 -0.376989 -1.003142 3.700000
-4.010123 -0.396987 -0.996015 3.720000
-3.289993 -0.416678 -0.972415 3.740000
-2.597605 -0.435729 -0.932234 3.760000
-1.950626 -0.453823 -0.876690 3.780000
-2.818218 -0.470666 -0.807336 3.800000
-2.780407 -0.486258 -0.751519 3.820000
-2.080925 -0.500708 -0.693179 3.840000
-2.657578 -0.513853 -0.621172 3.860000
-2.367425 -0.525648 -0.558143 3.880000
-2.287169 -0.536123 -0.489243 3.900000
-3.061874 -0.545201 -0.418480 3.920000
-3.384470 -0.552992 -0.360609 3.940000
-3.178600 -0.559678 -0.307885 3.960000
-3.918780 -0.565272 -0.251527 3.980000
-4.417230 -0.569864 -0.207641 4.000000
-4.257690 -0.573661 -0.172066 4.020000
-3.552145 -0.576720 -0.133822 4.040000
-3.672553 -0.578898 -0.084084 4.060000
-2.909762 -0.580107 -0.036987 4.080000
-2.464613 -0.580256 0.021951 4.100000
-1.555650 -0.579164 0.087006 4.120000
-0.645225 -0.576635 0.165509 4.140000
-1.275314 -0.572406 0.256985 4.160000
-0.281276 -0.566479 0.335276 4.180000
-1.201869 -0.558846 0.427465 4.200000
-1.166886 -0.549557 0.500906 4.220000
-1.273012 -0.538826 0.571703 4.240000
-1.666448 -0.526730 0.637250 4.260000
-1.415502 -0.513427 0.692443 4.280000
-1.384489 -0.499013 0.748322 4.300000
-1.150962 -0.483515 0.800885 4.320000
-0.275041 -0.466963 0.853561 4.340000
-0.224875 -0.449244 0.917607 4.360000
-1.203179 -0.430280 0.978032 4.380000
-0.511964 -0.410331 1.016101 4.400000
-0.043089 -0.389540 1.062206 4.420000
0.408050 -0.367789 1.112125 4.440000
-0.151995 -0.345005 1.165388 4.460000
-0.090064 -0.321313 1.202931 4.480000
0.393017 -0.296911 1.236448 4.500000
-0.125709 -0.271798 1.273876 4.520000
0.188046 -0.246091 1.295932 4.540000
-0.571338 -0.219936 1.318700 4.560000
-0.028941 -0.193527 1.321339 4.580000
-0.048024 -0.167011 1.329397 4.600000
0.038185 -0.140390 1.331833 4.620000
0.250673 -0.113755 1.330794 4.640000
-0.547691 -0.087150 1.328832 4.660000
-0.733048 -0.060794 1.306029 4.680000
-0.203500 -0.034977 1.274940 4.700000
0.367697 -0.009720 1.249986 4.720000
-0.339024 0.015107 1.231978 4.740000
-1.140463 0.039389 1.195567 4.760000
-1.253639 0.062745 1.139409 4.780000
-0.446333 0.084922 1.077751 4.800000
-1.106950 0.105995 1.029095 4.820000
-1.846086 0.125935 0.964466 4.840000
-2.043465 0.144413 0.882966 4.860000
-2.856359 0.161204 0.795921 4.880000
-3.317413 0.176082 0.691797 4.900000
-3.879523 0.188783 0.578257 4.920000
-3.709224 0.199104 0.453989 4.940000
-3.084093 0.206981 0.333893 4.960000
-2.780119 0.212589 0.227106 4.980000
-3.158822 0.216133 0.127509 5.000000
-3.155393 0.217626 0.022112 5.020000
-2.333206 0.217032 -0.081209 5.040000
-1.817235 0.214553 -0.166305 5.060000
-2.249253 0.210495 -0.239139 5.080000
-2.273055 0.204919 -0.318023 5.100000
-1.739413 0.197787 -0.394657 5.120000
-0.951505 0.189256 -0.457978 5.140000
-0.503914 0.179642 -0.503032 5.160000
0.079651 0.169241 -0.536584 5.180000
0.309671 0.158311 -0.556045 5.200000
-0.373084 0.147061 -0.568489 5.220000
0.315581 0.135453 -0.591870 5.240000
1.257579 0.123540 -0.599011 5.260000
0.740454 0.111695 -0.585183 5.280000
-0.079930 0.100044 -0.579516 5.300000
0.415160 0.088366 -0.587869 5.320000
1.334452 0.076644 -0.584023 5.340000
1.033516 0.065202 -0.559840 5.360000
1.683905 0.054202 -0.539895 5.380000
2.655527 0.043747 -0.505386 5.400000
2.581189 0.034188 -0.450374 5.420000
2.438416 0.025721 -0.396160 5.440000
3.075281 0.018316 -0.344297 5.460000
3.339106 0.012078 -0.279517 5.480000
4.251672 0.007187 -0.209712 5.500000
4.296627 0.003867 -0.122415 5.520000
3.631001 0.002290 -0.035481 5.540000
3.971181 0.002305 0.036697 5.560000
3.971361 0.003815 0.114036 5.580000
3.383844 0.006853 0.189403 5.600000
4.370487 0.011260 0.250915 5.620000
3.522394 0.017071 0.329755 5.640000
2.613409 0.024263 0.388965 5.660000
2.054682 0.032431 0.427501 5.680000
3.002296 0.041236 0.452552 5.700000
3.056188 0.050706 0.494071 5.720000
3.467224 0.060991 0.533887 5.740000
2.710933 0.072124 0.578924 5.760000
1.840205 0.083977 0.605851 5.780000
2.592766 0.096166 0.612688 5.800000
1.727696 0.108616 0.631795 5.820000
2.059732 0.121248 0.631011 5.840000
2.910009 0.133905 0.634278 5.860000
1.945756 0.146769 0.651631 5.880000
1.155106 0.159762 0.647174 5.900000
1.104350 0.172485 0.624817 5.920000
0.317853 0.184731 0.599477 5.940000
1.213221 0.196299 0.557023 5.960000
1.064898 0.207178 0.530634 5.980000
1.190797 0.217485 0.499832 6.000000
0.400287 0.227187 0.470130 6.020000
0.454559 0.236129 0.423966 6.040000
-0.509028 0.244151 0.378143 6.060000
-0.680485 0.251065 0.313301 6.080000
0.142092 0.256651 0.245298 6.100000
1.098857 0.261038 0.193472 6.120000
1.113818 0.264575 0.160228 6.140000
2.053856 0.267450 0.127309 6.160000
2.876315 0.269849 0.112485 6.180000
2.966072 0.272106 0.113191 6.200000
3.140852 0.274390 0.115136 6.220000
3.810961 0.276742 0.119903 6.240000
4.064251 0.279311 0.136839 6.260000
4.293493 0.282258 0.157687 6.280000
3.600313 0.285655 0.181819 6.300000
2.687346 0.289390 0.191557 6.320000
1.959607 0.293137 0.183006 6.340000
1.197749 0.296568 0.160111 6.360000
0.545965 0.299395 0.122627 6.380000
0.911058 0.301351 0.073094 6.400000
1.449475 0.302393 0.031163 6.420000
2.174464 0.302705 0.000115 6.440000
2.696403 0.302539 -0.016624 6.460000
3.270465 0.302141 -0.023107 6.480000
3.623544 0.301725 -0.018522 6.500000
4.140151 0.301467 -0.007282 6.520000
4.227468 0.301531 0.013528 6.540000
3.727111 0.302022 0.035518 6.560000
4.190638 0.302853 0.047473 6.580000
4.432016 0.304006 0.067747 6.600000
3.884322 0.305604 0.091891 6.620000
4.013823 0.307572 0.104837 6.640000
3.487600 0.309817 0.119531 6.660000
4.282370 0.312248 0.123522 6.680000
3.499399 0.314904 0.141885 6.700000
2.623417 0.317770 0.144563 6.720000
2.452611 0.320517 0.130134 6.740000
2.348637 0.322941 0.112262 6.760000
2.074712 0.324987 0.092347 6.780000
1.950664 0.326584 0.067323 6.800000
1.068836 0.327659 0.040206 6.820000
0.226043 0.328029 -0.003053 6.840000
-0.717433 0.327384 -0.061232 6.860000
-0.236643 0.325411 -0.135718 6.880000
0.415741 0.322059 -0.199221 6.900000
-0.492050 0.317579 -0.248484 6.920000
-0.431579 0.311961 -0.312925 6.940000
-1.029123 0.305089 -0.373812 6.960000
-1.534549 0.296912 -0.443422 6.980000
-2.011884 0.287276 -0.519639 7.000000
-1.700299 0.276058 -0.601576 7.020000
-2.345897 0.263297 -0.673832 7.040000
-1.888501 0.249006 -0.754610 7.060000
-1.726148 0.233230 -0.822333 7.080000
-1.971554 0.216173 -0.882620 7.100000
-1.328583 0.197906 -0.943251 7.120000
-0.522506 0.178599 -0.986739 7.140000
-0.230447 0.158625 -1.009965 7.160000
-0.497171 0.138286 -1.023179 7.180000
-1.485740 0.117673 -1.037447 7.200000
-2.225396 0.096622 -1.066909 7.220000
-2.032948 0.074881 -1.106311 7.240000
-1.360975 0.052441 -1.136925 7.260000
-1.774304 0.029571 -1.149290 7.280000
-1.604930 0.006418 -1.165149 7.300000
-2.311807 -0.016969 -1.172827 7.320000
-1.492812 -0.040604 -1.189773 7.340000
-1.972460 -0.064365 -1.185543 7.360000
-1.152526 -0.088090 -1.186226 7.380000
-0.574240 -0.111620 -1.166086 7.400000
-0.382615 -0.134592 -1.130433 7.420000
-0.319231 -0.156775 -1.087354 7.440000
-0.780143 -0.178051 -1.039698 7.460000
-0.664754 -0.198433 -0.997953 7.480000
-0.097621 -0.217927 -0.950943 7.500000
0.145140 -0.236343 -0.890274 7.520000
0.702776 -0.253476 -0.822780 7.540000
1.020509 -0.269135 -0.742883 7.560000
1.648374 -0.283123 -0.655796 7.580000
2.072947 -0.295243 -0.556155 7.600000
2.395806 -0.305289 -0.448503 7.620000
2.966684 -0.313126 -0.335346 7.640000
2.143266 -0.318603 -0.212552 7.660000
1.506580 -0.321795 -0.106951 7.680000
0.731270 -0.323012 -0.015026 7.700000
1.101411 -0.322554 0.060582 7.720000
1.399943 -0.320530 0.141424 7.740000
1.021007 -0.316855 0.225773 7.760000
1.378172 -0.311587 0.300528 7.780000
1.796363 -0.304783 0.379464 7.800000
1.100140 -0.296349 0.463399 7.820000
1.540603 -0.286401 0.530852 7.840000
0.861981 -0.275053 0.603433 7.860000
0.884009 -0.262418 0.659476 7.880000
0.598686 -0.248693 0.712418 7.900000
1.095325 -0.234000 0.756212 7.920000
1.136996 -0.218373 0.805903 7.940000
0.286562 -0.201783 0.852440 7.960000
0.949679 -0.184468 0.878375 7.980000
0.460973 -0.166544 0.913386 8.000000
-0.447650 -0.148056 0.934714 8.020000
0.430555 -0.129360 0.934250 8.040000
0.687450 -0.110537 0.947434 8.060000
0.664356 -0.091438 0.961778 8.080000
-0.215998 -0.072097 0.971691 8.100000
-0.783820 -0.052771 0.960279 8.120000
-1.231985 -0.033822 0.934143 8.140000
-1.988975 -0.015515 0.896026 8.160000
-2.577702 0.001851 0.840203 8.180000
-1.960412 0.017962 0.770577 8.200000
-1.515565 0.032786 0.711566 8.220000
-1.820084 0.046502 0.659777 8.240000
-1.492898 0.059107 0.600458 8.260000
-1.147524 0.070578 0.546474 8.280000
-1.748037 0.081027 0.498282 8.300000
-1.944671 0.090384 0.437296 8.320000
-2.556929 0.098477 0.371981 8.340000
-3.237511 0.105141 0.294498 8.360000
-2.711051 0.110125 0.204055 8.380000
-3.242530 0.113414 0.124997 8.400000
-2.756917 0.115028 0.036590 8.420000
-3.581029 0.114984 -0.040657 8.440000
-3.182636 0.113250 -0.132424 8.460000
-3.672137 0.109782 -0.214050 8.480000
-4.127019 0.104608 -0.302895 8.500000
-3.732220 0.097595 -0.397813 8.520000
-4.184097 0.088795 -0.481600 8.540000
-4.003313 0.078265 -0.570839 8.560000
-4.885876 0.066024 -0.652610 8.580000
-4.652052 0.052013 -0.747736 8.600000
-5.544030 0.036192 -0.833534 8.620000
-5.711483 0.018527 -0.932099 8.640000
-4.814254 -0.001088 -1.028448 8.660000
-5.233115 -0.022394 -1.101142 8.680000
-4.734524 -0.045179 -1.176362 8.700000
-4.341759 -0.069308 -1.235572 8.720000
-3.420271 -0.094483 -1.280921 8.740000
-3.890179 -0.120323 -1.302088 8.760000
-4.177654 -0.146622 -1.326825 8.780000
-3.187198 -0.173413 -1.351296 8.800000
-3.488145 -0.200440 -1.350477 8.820000
-3.982702 -0.227454 -1.350020 8.840000
-4.347087 -0.254499 -1.353552 8.860000
-5.053106 -0.281628 -1.358347 8.880000
-5.464564 -0.308929 -1.370700 8.900000
-4.681178 -0.336493 -1.384631 8.920000
-4.502003 -0.364126 -1.377667 8.940000
-3.717448 -0.391528 -1.361644 8.960000
-3.595160 -0.418411 -1.325861 8.980000
-3.188477 -0.444508 -1.283097 9.000000
-4.099837 -0.469633 -1.228679 9.020000
-4.571600 -0.493790 -1.186367 9.040000
-4.765924 -0.517142 -1.148093 9.060000
-5.473907 -0.539720 -1.109000 9.080000
-6.004154 -0.561596 -1.077851 9.100000
-5.749613 -0.582895 -1.051356 9.120000
-6.745740 -0.603580 -1.016429 9.140000
-5.777043 -0.623689 -0.993747 9.160000
-6.029063 -0.643146 -0.951388 9.180000
-6.810650 -0.661761 -0.909572 9.200000
-7.422355 -0.679629 -0.876579 9.220000
-7.574880 -0.696895 -0.849457 9.240000
-7.388987 -0.713606 -0.821040 9.260000
-6.596494 -0.729686 -0.786405 9.280000
-6.763899 -0.744925 -0.737043 9.300000
-7.063273 -0.759176 -0.687670 9.320000
-6.069968 -0.772460 -0.640341 9.340000
-5.559916 -0.784635 -0.576931 9.360000
-4.907750 -0.795457 -0.505111 9.380000
-5.688305 -0.804744 -0.423558 9.400000
-6.686205 -0.812506 -0.352552 9.420000
-6.501604 -0.818981 -0.294965 9.440000
-6.350054 -0.824278 -0.234678 9.460000
-7.199563 -0.828349 -0.172493 9.480000
-7.512025 -0.831294 -0.122112 9.500000
-7.138655 -0.833278 -0.076313 9.520000
-7.548736 -0.834301 -0.026090 9.540000
-7.185852 -0.834382 0.017812 9.560000
-7.478809 -0.833546 0.065583 9.580000
-7.497710 -0.831806 0.108199 9.600000
-7.886328 -0.829230 0.149199 9.620000
-8.000000 -0.825901 0.183467 9.640000
-7.989253 -0.821917 0.214625 9.660000
-8.000000 -0.817325 0.244247 9.680000
-8.000000 -0.812161 0.271925 9.700000
-8.000000 -0.806461 0.297703 9.720000
-8.000000 -0.800266 0.321492 9.740000
-8.000000 -0.793615 0.343210 9.760000
-8.000000 -0.786552 0.362790 9.780000
-7.066205 -0.779118 0.380174 9.800000
-7.700113 -0.771227 0.408515 9.820000
-8.000000 -0.762885 0.425332 9.840000
-7.392916 -0.754273 0.435421 9.860000
-6.423668 -0.745396 0.451925 9.880000
-7.243032 -0.736071 0.480067 9.900000
-8.000000 -0.726332 0.493385 9.920000
-8.000000 -0.716466 0.492823 9.940000
-7.802573 -0.706636 0.489805 9.960000
-7.652357 -0.696860 0.487378 9.980000
-8.000000 -0.687133 0.484871 10.000000
-7.080280 -0.677534 0.474690 10.020000
-6.628496 -0.668018 0.476564 10.040000
-6.424594 -0.658416 0.483167 10.060000
-7.288716 -0.648675 0.490583 10.080000
-6.820012 -0.638946 0.481907 10.100000
-7.267231 -0.629338 0.478544 10.120000
-7.735107 -0.619891 0.465807 10.140000
-7.722617 -0.610795 0.443515 10.160000
-8.000000 -0.602160 0.419678 10.180000
-8.000000 -0.594064 0.389710 10.200000
-7.364700 -0.586581 0.358391 10.220000
-6.728225 -0.579631 0.336399 10.240000
-6.328236 -0.573027 0.323772 10.260000
-6.416417 -0.566621 0.316535 10.280000
-6.899436 -0.560389 0.306506 10.300000
-6.011737 -0.554451 0.287143 10.320000
-6.270654 -0.548760 0.281763 10.340000
-5.989115 -0.543232 0.270828 10.360000
-6.618212 -0.537886 0.263640 10.380000
-7.019591 -0.532801 0.244689 10.400000
-6.732458 -0.528172 0.218119 10.420000
-6.060072 -0.524030 0.195953 10.440000
-7.049934 -0.520221 0.184837 10.460000
-6.657500 -0.516812 0.156086 10.480000
-6.761305 -0.513911 0.133920 10.500000
-7.156308 -0.511474 0.109776 10.520000
-8.000000 -0.509589 0.078777 10.540000
-8.000000 -0.508468 0.033439 10.560000
-7.687993 -0.508246 -0.011167 10.580000
-7.152226 -0.508854 -0.049442 10.600000
-7.135133 -0.510124 -0.077465 10.620000
-7.231813 -0.511943 -0.104268 10.640000
-7.073990 -0.514305 -0.131710 10.660000
-8.000000 -0.517177 -0.155262 10.680000
-7.214767 -0.520667 -0.193519 10.700000
-8.000000 -0.524771 -0.216600 10.720000
-7.499151 -0.529456 -0.251616 10.740000
-8.000000 -0.534737 -0.276153 10.760000
-8.000000 -0.540576 -0.307377 10.780000
-7.858522 -0.547018 -0.336459 10.800000
-7.963590 -0.553995 -0.360911 10.820000
-7.085080 -0.561457 -0.384860 10.840000
-7.322442 -0.569226 -0.391749 10.860000
-8.000000 -0.577153 -0.400575 10.880000
-7.419268 -0.585348 -0.418495 10.900000
-6.769527 -0.593780 -0.424424 10.920000
-7.306379 -0.602203 -0.417549 10.940000
-6.918201 -0.610558 -0.417570 10.960000
-7.026271 -0.618830 -0.409297 10.980000
-7.710108 -0.626935 -0.400980 11.000000
-7.299802 -0.634967 -0.401839 11.020000
-7.324363 -0.642930 -0.394182 11.040000
-7.140700 -0.650726 -0.385158 11.060000
-7.483925 -0.658296 -0.371565 11.080000
-7.285085 -0.665633 -0.361814 11.100000
-6.917605 -0.672727 -0.347404 11.120000
-5.962572 -0.679463 -0.325931 11.140000
-5.814079 -0.685610 -0.288676 11.160000
-5.431253 -0.690983 -0.248592 11.180000
-6.087196 -0.695493 -0.202367 11.200000
-6.687960 -0.699178 -0.166125 11.220000
-6.785151 -0.702229 -0.138936 11.240000
-5.807585 -0.704749 -0.113102 11.260000
-6.480446 -0.706605 -0.072527 11.280000
-5.667595 -0.707755 -0.042553 11.300000
-5.111916 -0.708187 -0.000760 11.320000
-4.636197 -0.707707 0.048562 11.340000
-4.488652 -0.706181 0.103856 11.360000
-5.219730 -0.703541 0.159849 11.380000
-5.187156 -0.699909 0.203029 11.400000
-5.257995 -0.695426 0.244975 11.420000
-4.737072 -0.690134 0.283960 11.440000
-5.679744 -0.684001 0.328916 11.460000
-5.278064 -0.677138 0.357105 11.480000
-5.409270 -0.669669 0.389366 11.500000
-4.621886 -0.661599 0.417257 11.520000
-4.618985 -0.652871 0.455103 11.540000
-5.609831 -0.643412 0.490337 11.560000
-5.010062 -0.633434 0.507069 11.580000
-5.592994 -0.623050 0.530819 11.600000
-4.681655 -0.612314 0.542408 11.620000
-5.357018 -0.601223 0.566169 11.640000
-5.088437 -0.589797 0.575992 11.660000
-4.807555 -0.578157 0.587517 11.680000
-4.159798 -0.566268 0.600930 11.700000
-3.910666 -0.554030 0.622355 11.720000
-4.502173 -0.541352 0.644972 11.740000
-3.573068 -0.528353 0.654412 11.760000
-3.314968 -0.515035 0.676823 11.780000
-3.231117 -0.501257 0.700495 11.800000
-3.273905 -0.487023 0.722334 11.820000
-2.883808 -0.472393 0.740081 11.840000
-3.260733 -0.457373 0.761382 11.860000
-2.959537 -0.442028 0.772511 11.880000
-2.737516 -0.426440 0.785690 11.900000
-2.774335 -0.410583 0.799466 11.920000
-1.837175 -0.394491 0.809110 11.940000
-1.690020 -0.378069 0.832501 11.960000
-0.897352 -0.361189 0.854919 11.980000
0.028222 -0.343750 0.888308 12.000000
0.925619 -0.325510 0.934985 12.020000
1.141948 -0.306210 0.994183 12.040000
0.403894 -0.285733 1.052735 12.060000
0.193209 -0.264275 1.092286 12.080000
1.076256 -0.242114 1.122973 12.100000
0.699184 -0.219217 1.165854 12.120000
0.228932 -0.195588 1.196276 12.140000
0.100202 -0.171492 1.212459 12.160000
0.596486 -0.147147 1.221190 12.180000
1.224442 -0.122579 1.234799 12.200000
1.878579 -0.097665 1.255771 12.220000
1.080198 -0.072254 1.284436 12.240000
1.380571 -0.046482 1.291861 12.260000
2.266645 -0.020554 1.300099 12.280000
2.585180 0.005663 1.320678 12.300000
2.425124 0.032300 1.342021 12.320000
1.715873 0.059275 1.354530 12.340000
0.830541 0.086303 1.347471 12.360000
0.818896 0.112964 1.317833 12.380000
-0.102248 0.138984 1.283424 12.400000
0.484665 0.164091 1.226690 12.420000
0.727475 0.188143 1.177826 12.440000
1.114200 0.211228 1.130107 12.460000
1.488116 0.233399 1.086442 12.480000
1.950737 0.254736 1.046610 12.500000
1.359520 0.275331 1.012316 12.520000
1.879185 0.295093 0.963483 12.540000
1.105939 0.313950 0.921699 12.560000
1.153562 0.331797 0.862620 12.580000
0.275243 0.348450 0.802312 12.600000
-0.405515 0.363713 0.723858 12.620000
-0.553802 0.377270 0.631747 12.640000
-0.659097 0.388953 0.536497 12.660000
-1.436463 0.398711 0.439327 12.680000
-1.638609 0.406387 0.328402 12.700000
-1.900344 0.411818 0.214906 12.720000
-1.940901 0.414946 0.098206 12.740000
-2.060214 0.415752 -0.017237 12.760000
-2.971938 0.414250 -0.132499 12.780000
-2.755436 0.410304 -0.261581 12.800000
-3.544113 0.403849 -0.383365 12.820000
-2.573881 0.394849 -0.515912 12.840000
-2.438698 0.383418 -0.626499 12.860000
-2.922226 0.369842 -0.730392 12.880000
-2.019529 0.354143 -0.838789 12.900000
-1.497583 0.336492 -0.925513 12.920000
-1.167802 0.317253 -0.997591 12.940000
-0.563874 0.296683 -1.058528 12.960000
-1.216396 0.275060 -1.103008 12.980000
-2.087364 0.252471 -1.155020 13.000000
-1.410373 0.228726 -1.218541 13.020000
-1.617139 0.203898 -1.263342 13.040000
-1.995436 0.178189 -1.306616 13.060000
-2.449606 0.151597 -1.351577 13.080000
-1.959621 0.124076 -1.399526 13.100000
-1.982828 0.095754 -1.431668 13.120000
-2.198477 0.066845 -1.458209 13.140000
-1.891708 0.037424 -1.482917 13.160000
-1.454251 0.007631 -1.495366 13.180000
-0.826195 -0.022264 -1.493120 13.200000
-0.230972 -0.051931 -1.472688 13.220000
0.681335 -0.081018 -1.435179 13.240000
-0.036845 -0.109126 -1.374882 13.260000
0.387208 -0.136128 -1.324621 13.280000
0.414306 -0.162000 -1.261963 13.300000
0.754546 -0.186577 -1.195217 13.320000
0.690606 -0.209721 -1.118671 13.340000
1.573887 -0.231319 -1.040700 13.360000
1.375952 -0.251163 -0.943435 13.380000
1.682074 -0.269084 -0.848482 13.400000
2.088611 -0.285036 -0.746530 13.420000
1.905775 -0.298864 -0.636253 13.440000
1.382368 -0.310521 -0.529406 13.460000
0.715538 -0.320141 -0.432688 13.480000
1.652148 -0.327956 -0.348874 13.500000
1.173083 -0.333923 -0.247941 13.520000
2.094217 -0.337971 -0.157102 13.540000
1.875631 -0.340043 -0.050320 13.560000
2.516137 -0.340038 0.050440 13.580000
1.664653 -0.337920 0.160987 13.600000
2.119952 -0.333776 0.252899 13.620000
2.583444 -0.327736 0.350640 13.640000
3.318815 -0.319684 0.453947 13.660000
3.281963 -0.309463 0.567521 13.680000
3.008520 -0.297018 0.676278 13.700000
2.428335 -0.282493 0.775443 13.720000
2.149483 -0.266142 0.858960 13.740000
1.777032 -0.248220 0.932488 13.760000
2.731714 -0.228946 0.994086 13.780000
2.276950 -0.208303 1.069308 13.800000
2.519354 -0.186298 1.130395 13.820000
3.476278 -0.163076 1.190875 13.840000
3.456221 -0.138512 1.264511 13.860000
2.730826 -0.112540 1.331676 13.880000
2.331971 -0.085430 1.378297 13.900000
2.503334 -0.057528 1.410922 13.920000
3.354852 -0.028999 1.440898 13.940000
3.377877 0.000236 1.481582 13.960000
2.468229 0.030225 1.516167 13.980000
2.036200 0.060658 1.526145 14.000000
2.714814 0.091144 1.521402 14.020000
1.899800 0.121609 1.524115 14.040000
1.213975 0.151907 1.504730 14.060000
1.917868 0.181627 1.466406 14.080000
1.638680 0.210668 1.436778 14.100000
1.736676 0.239010 1.396673 14.120000
1.273592 0.266522 1.353761 14.140000
1.343251 0.293042 1.297580 14.160000
0.751409 0.318413 1.238818 14.180000
0.255038 0.342460 1.165370 14.200000
0.378470 0.364915 1.079788 14.220000
1.046404 0.385659 0.994220 14.240000
1.420339 0.404794 0.918914 14.260000
1.810329 0.422471 0.848446 14.280000
0.907051 0.438790 0.783189 14.300000
1.906392 0.453625 0.700110 14.320000
1.632490 0.466967 0.633842 14.340000
2.559666 0.478923 0.561649 14.360000
1.889305 0.489591 0.505022 14.380000
1.270860 0.499001 0.435869 14.400000
2.068111 0.506916 0.355722 14.420000
1.085466 0.513370 0.289637 14.440000
1.955210 0.518333 0.206850 14.460000
1.130334 0.521800 0.139897 14.480000
0.556863 0.523793 0.059603 14.500000
1.554987 0.524094 -0.029140 14.520000
1.362276 0.522811 -0.098918 14.540000
2.350217 0.520116 -0.170258 14.560000
3.018232 0.516185 -0.222582 14.580000
2.248622 0.511341 -0.261506 14.600000
1.297772 0.505603 -0.311922 14.620000
2.044682 0.498713 -0.376640 14.640000
3.034228 0.490686 -0.425691 14.660000
2.883350 0.481877 -0.454841 14.680000
2.301359 0.472482 -0.484248 14.700000
1.752419 0.462420 -0.521429 14.720000
1.733023 0.451545 -0.565599 14.740000
2.245905 0.439813 -0.607095 14.760000
2.668567 0.427374 -0.636251 14.780000
1.877878 0.414460 -0.654715 14.800000
1.552383 0.401062 -0.684572 14.820000
1.287869 0.387039 -0.717142 14.840000
0.926847 0.372350 -0.751185 14.860000
1.507857 0.356948 -0.788374 14.880000
1.683305 0.340948 -0.811056 14.900000
2.674099 0.324562 -0.826879 14.920000
1.681474 0.308083 -0.820539 14.940000
1.725968 0.291574 -0.829793 14.960000
1.947050 0.274922 -0.834777 14.980000
2.464945 0.258248 -0.832169 15.000000
2.524773 0.241757 -0.816399 15.020000
2.075866 0.225623 -0.796523 15.040000
1.302805 0.209828 -0.782523 15.060000
1.315118 0.194190 -0.780684 15.080000
0.928886 0.178623 -0.775592 15.100000
0.351034 0.163111 -0.775100 15.120000
-0.436861 0.147525 -0.782901 15.140000
0.328890 0.131661 -0.802966 15.160000
1.176756 0.115581 -0.804527 15.180000
0.360350 0.099668 -0.786263 15.200000
1.045938 0.083987 -0.781376 15.220000
1.324719 0.068568 -0.760029 15.240000
1.306526 0.053658 -0.730634 15.260000
2.208524 0.039354 -0.699331 15.280000
2.372745 0.025878 -0.648082 15.300000
2.630366 0.013474 -0.592071 15.320000
3.349323 0.002254 -0.529766 15.340000
3.047280 -0.007569 -0.452412 15.360000
2.877197 -0.015901 -0.380815 15.380000
2.980966 -0.022835 -0.312530 15.400000
2.105470 -0.028383 -0.242341 15.420000
2.010416 -0.032705 -0.189926 15.440000
2.948757 -0.036001 -0.139698 15.460000
2.133316 -0.038110 -0.071371 15.480000
1.939559 -0.039025 -0.020248 15.500000
1.157184 -0.038964 0.026110 15.520000
1.981716 -0.038142 0.055978 15.540000
2.760629 -0.036567 0.101344 15.560000
3.297398 -0.033942 0.160826 15.580000
3.565037 -0.030039 0.229128 15.600000
3.427716 -0.024739 0.300492 15.620000
3.479466 -0.018064 0.366572 15.640000
4.223279 -0.010084 0.430953 15.660000
5.068997 -0.000698 0.507113 15.680000
4.325553 0.010345 0.596532 15.700000
3.966304 0.022989 0.667144 15.720000
3.372631 0.036933 0.726637 15.740000
3.888409 0.051909 0.770357 15.760000
4.479511 0.067823 0.820361 15.780000
4.644097 0.084813 0.877776 15.800000
5.170888 0.102936 0.933771 15.820000
4.767962 0.122235 0.995235 15.840000
4.056762 0.142631 1.043498 15.860000
4.631877 0.163800 1.072610 15.880000
3.840492 0.185615 1.107965 15.900000
3.317180 0.207929 1.122664 15.920000
3.616057 0.230387 1.122350 15.940000
3.775900 0.252850 1.123209 15.960000
3.130498 0.275315 1.122483 15.980000
3.888353 0.297596 1.104874 16.000000
3.689335 0.319626 1.097402 16.020000
4.342241 0.341425 1.081780 16.040000
3.921438 0.362991 1.074110 16.060000
4.866527 0.384282 1.054290 16.080000
4.995508 0.405310 1.047717 16.100000
4.049741 0.426185 1.039079 16.120000
4.502263 0.446673 1.009132 16.140000
4.060432 0.466607 0.983586 16.160000
3.898704 0.485914 0.946579 16.180000
3.816923 0.504420 0.903532 16.200000
4.068607 0.522022 0.856185 16.220000
3.226272 0.538693 0.810546 16.240000
3.920637 0.554284 0.748203 16.260000
4.597851 0.568727 0.695753 16.280000
4.629334 0.582215 0.652727 16.300000
5.334431 0.594828 0.608302 16.320000
5.532923 0.606652 0.573686 16.340000
6.343454 0.617796 0.540450 16.360000
6.586548 0.628389 0.518501 16.380000
6.195214 0.638562 0.498470 16.400000
5.886309 0.648252 0.470313 16.420000
5.221069 0.657315 0.435709 16.440000
5.510085 0.665568 0.389445 16.460000
5.903210 0.672933 0.346896 16.480000
5.068067 0.679500 0.309732 16.500000
5.411639 0.685189 0.259091 16.520000
5.624504 0.689916 0.213599 16.540000
6.449357 0.693765 0.171321 16.560000
6.706043 0.696895 0.141656 16.580000
7.661432 0.699470 0.115815 16.600000
7.300959 0.701673 0.104394 16.620000
6.511260 0.703589 0.087244 16.640000
7.272489 0.705042 0.058106 16.660000
7.486971 0.706031 0.040741 16.680000
8.000000 0.706705 0.026753 16.700000
7.015394 0.707179 0.020628 16.720000
7.307124 0.707382 -0.000285 16.740000
7.179217 0.707215 -0.016396 16.760000
7.954511 0.706709 -0.034032 16.780000
7.385265 0.705974 -0.039487 16.800000
6.561320 0.705046 -0.053211 16.820000
7.279254 0.703724 -0.078826 16.840000
7.717231 0.702007 -0.092730 16.860000
7.296280 0.700086 -0.099290 16.880000
7.620366 0.697976 -0.111605 16.900000
7.957070 0.695677 -0.118220 16.920000
7.552427 0.693303 -0.119005 16.940000
7.852922 0.690859 -0.125343 16.960000
7.700833 0.688341 -0.126356 16.980000
7.723017 0.685785 -0.129046 17.000000
8.000000 0.683187 -0.130707 17.020000
7.795252 0.680604 -0.127435 17.040000
7.712532 0.678062 -0.126740 17.060000
7.326397 0.675526 -0.126708 17.080000
8.000000 0.672938 -0.132018 17.100000
7.285045 0.670355 -0.126151 17.120000
8.000000 0.667784 -0.130864 17.140000
7.585471 0.665237 -0.123733 17.160000
8.000000 0.662773 -0.122583 17.180000
7.343106 0.660402 -0.114383 17.200000
6.503714 0.658097 -0.116045 17.220000
7.474722 0.655632 -0.130264 17.240000
7.652270 0.653045 -0.128352 17.260000
6.805939 0.650530 -0.123059 17.280000
7.726054 0.647992 -0.130603 17.300000
8.000000 0.645457 -0.122852 17.320000
7.940046 0.643125 -0.110314 17.340000
6.955563 0.641037 -0.098422 17.360000
6.999057 0.639033 -0.101898 17.380000
7.320342 0.636972 -0.104128 17.400000
7.540480 0.634923 -0.100704 17.420000
7.305763 0.632982 -0.093352 17.440000
8.000000 0.631153 -0.089434 17.460000
8.000000 0.629518 -0.074065 17.480000
8.000000 0.628191 -0.058630 17.500000
8.000000 0.627173 -0.043208 17.520000
7.725494 0.626462 -0.027875 17.540000
7.104028 0.626012 -0.017106 17.560000
6.515189 0.625677 -0.016432 17.580000
5.626813 0.625261 -0.025137 17.600000
5.348365 0.624530 -0.047808 17.620000
4.610159 0.623308 -0.074289 17.640000
3.753686 0.621445 -0.111786 17.660000
4.690982 0.618706 -0.161862 17.680000
4.373073 0.615134 -0.195167 17.700000
5.368697 0.610858 -0.232129 17.720000
5.008077 0.606022 -0.251227 17.740000
5.761469 0.600760 -0.274717 17.760000
5.677160 0.595168 -0.284233 17.780000
6.135916 0.589386 -0.293669 17.800000
6.798101 0.583507 -0.294044 17.820000
7.556641 0.577743 -0.282110 17.840000
8.000000 0.572356 -0.256487 17.860000
7.690353 0.567563 -0.222733 17.880000
7.384700 0.563398 -0.193713 17.900000
7.934875 0.559766 -0.169436 17.920000
7.681261 0.556715 -0.135586 17.940000
6.785996 0.554300 -0.105998 17.960000
6.832961 0.552324 -0.091547 17.980000
7.210028 0.550647 -0.076160 18.000000
7.945142 0.549342 -0.054357 18.020000
7.775071 0.548596 -0.020317 18.040000
8.000000 0.548496 0.010279 18.060000
7.820521 0.549041 0.044014 18.080000
8.000000 0.550221 0.073836 18.100000
8.000000 0.552018 0.105728 18.120000
8.000000 0.554442 0.136464 18.140000
7.039165 0.557468 0.165914 18.160000
7.512731 0.560907 0.177842 18.180000
6.742787 0.564654 0.196611 18.200000
6.265204 0.568634 0.201198 18.220000
5.296733 0.572615 0.196796 18.240000
5.452198 0.576339 0.175488 18.260000
5.851464 0.579658 0.156408 18.280000
6.185119 0.582659 0.143616 18.300000
6.555439 0.585456 0.135936 18.320000
6.753465 0.588155 0.133886 18.340000
6.589450 0.590840 0.134509 18.360000
6.255227 0.593504 0.131793 18.380000
6.508110 0.596053 0.123038 18.400000
6.952922 0.598464 0.118027 18.420000
6.064402 0.600844 0.119831 18.440000
5.618238 0.603108 0.106540 18.460000
5.681545 0.605031 0.085762 18.480000
5.815876 0.606549 0.066042 18.500000
6.486912 0.607695 0.048601 18.520000
5.617312 0.608603 0.042183 18.540000
5.377146 0.609240 0.021583 18.560000
5.668864 0.609430 -0.002602 18.580000
5.632553 0.609187 -0.021563 18.600000
5.234324 0.608564 -0.040642 18.620000
5.256919 0.607500 -0.065629 18.640000
5.471826 0.605948 -0.089467 18.660000
6.250048 0.603962 -0.108945 18.680000
5.593177 0.601723 -0.114870 18.700000
5.369015 0.599264 -0.130874 18.720000
5.101844 0.596458 -0.149643 18.740000
5.216917 0.593242 -0.171760 18.760000
5.962441 0.589614 -0.190803 18.780000
5.776184 0.585741 -0.196357 18.800000
5.737925 0.581735 -0.203986 18.820000
6.332403 0.577582 -0.211179 18.840000
6.341442 0.573395 -0.207414 18.860000
5.358073 0.569293 -0.202614 18.880000
5.029157 0.565131 -0.213384 18.900000
4.504403 0.560710 -0.228502 18.920000
4.153700 0.555911 -0.251135 18.940000
4.489012 0.550615 -0.278160 18.960000
3.502478 0.544853 -0.297826 18.980000
2.957438 0.538546 -0.332566 19.000000
2.098742 0.531471 -0.374551 19.020000
1.892848 0.523432 -0.428912 19.040000
2.383519 0.514297 -0.484115 19.060000
3.188406 0.504172 -0.527934 19.080000
3.924363 0.493339 -0.554864 19.100000
3.152933 0.482124 -0.566168 19.120000
3.109078 0.470573 -0.588459 19.140000
3.267284 0.458597 -0.608717 19.160000
3.645496 0.446272 -0.623308 19.180000
3.438566 0.433751 -0.628310 19.200000
3.752424 0.421120 -0.634347 19.220000
3.140496 0.408453 -0.631980 19.240000
3.476783 0.395746 -0.638181 19.260000
3.791560 0.383005 -0.635512 19.280000
2.908308 0.370401 -0.624490 19.300000
2.250508 0.357878 -0.627419 19.320000
1.993591 0.345199 -0.639978 19.340000
2.626102 0.332249 -0.654554 19.360000
2.320504 0.319155 -0.654414 19.380000
1.886579 0.306032 -0.657406 19.400000
2.598819 0.292794 -0.665930 19.420000
2.203828 0.279549 -0.658147 19.440000
2.173344 0.266409 -0.655404 19.460000
2.744161 0.253344 -0.650694 19.480000
3.169377 0.240508 -0.632540 19.500000
2.614374 0.228139 -0.604015 19.520000
3.266777 0.216252 -0.584313 19.540000
2.321976 0.204906 -0.550032 19.560000
1.548213 0.194078 -0.532520 19.580000
0.584641 0.183466 -0.528273 19.600000
-0.258932 0.172772 -0.540802 19.620000
0.059868 0.161685 -0.567454 19.640000
0.179906 0.150154 -0.585182 19.660000
0.094201 0.138318 -0.597962 19.680000
-0.146722 0.126236 -0.609867 19.700000
0.646041 0.113893 -0.623918 19.720000
0.765858 0.101453 -0.619694 19.740000
0.279879 0.089145 -0.610785 19.760000
0.431095 0.076940 -0.609260 19.780000
0.003206 0.064820 -0.602417 19.800000
-0.574164 0.052773 -0.601824 19.820000
-1.001542 0.040648 -0.610324 19.840000
-0.398790 0.028293 -0.624747 19.860000
-1.055944 0.015796 -0.624544 19.880000
-0.664962 0.003196 -0.634927 19.900000
-1.018179 -0.009506 -0.634905 19.920000
-1.472405 -0.022254 -0.639408 19.940000
-1.746419 -0.035155 -0.650320 19.960000
-2.418989 -0.048302 -0.663899 19.980000
