0.405347 0.274343 0.454076 0.000000
0.192499 0.282879 0.399414 0.020000
-0.288440 0.290277 0.340287 0.040000
-0.666154 0.296398 0.271949 0.060000
-1.238117 0.301085 0.196820 0.080000
-2.119709 0.304168 0.111661 0.100000
-1.678180 0.305393 0.011150 0.120000
-0.998811 0.304711 -0.079076 0.140000
-0.203095 0.302373 -0.154408 0.160000
-0.249025 0.298699 -0.212654 0.180000
0.069754 0.293871 -0.269833 0.200000
0.596988 0.287980 -0.318842 0.220000
0.019877 0.281232 -0.355679 0.240000
-0.056427 0.273657 -0.401420 0.260000
0.158575 0.265176 -0.446210 0.280000
-0.622454 0.255867 -0.484335 0.300000
-1.076450 0.245670 -0.534850 0.320000
-0.643015 0.234405 -0.591111 0.340000
-1.091116 0.222131 -0.635731 0.360000
-1.142230 0.208911 -0.685758 0.380000
-1.616925 0.194715 -0.733245 0.400000
-2.349917 0.179513 -0.786294 0.420000
-2.799023 0.163146 -0.849672 0.440000
-2.549589 0.145467 -0.917453 0.460000
-2.348894 0.126528 -0.975625 0.480000
-2.624376 0.106513 -1.025071 0.500000
-3.567587 0.085503 -1.075110 0.520000
-2.842499 0.063356 -1.138710 0.540000
-3.254696 0.040136 -1.182414 0.560000
-3.112032 0.016013 -1.228875 0.580000
-3.257129 -0.008953 -1.266851 0.600000
-2.603586 -0.034652 -1.302017 0.620000
-2.508515 -0.060866 -1.318462 0.640000
-1.618267 -0.087334 -1.327518 0.660000
-0.907671 -0.113754 -1.313621 0.680000
-1.354380 -0.139707 -1.280893 0.700000
-0.873127 -0.165049 -1.252565 0.720000
-1.819562 -0.189686 -1.210521 0.740000
-1.416869 -0.213628 -1.182966 0.760000
-1.370169 -0.236899 -1.143525 0.780000
-1.818400 -0.259336 -1.099505 0.800000
-2.604197 -0.280943 -1.060629 0.820000
-1.816858 -0.301888 -1.033250 0.840000
-2.523452 -0.322100 -0.987443 0.860000
-2.042403 -0.341499 -0.951903 0.880000
-2.021189 -0.360065 -0.904329 0.900000
-2.242183 -0.377651 -0.853765 0.920000
-1.983446 -0.394241 -0.804922 0.940000
-2.163247 -0.409785 -0.749177 0.960000
-3.071044 -0.424229 -0.694889 0.980000
-3.056661 -0.437734 -0.655293 1.000000
-3.547950 -0.450426 -0.613584 1.020000
-4.426647 -0.462354 -0.578961 1.040000
-3.959261 -0.473729 -0.558167 1.060000
-4.758297 -0.484585 -0.527206 1.080000
-4.989054 -0.494947 -0.508614 1.100000
-4.772629 -0.504958 -0.492206 1.120000
-5.064522 -0.514585 -0.470243 1.140000
-4.189124 -0.523808 -0.451705 1.160000
-3.729365 -0.532493 -0.416602 1.180000
-3.829445 -0.540386 -0.372632 1.200000
-4.470198 -0.547410 -0.329705 1.220000
-5.253698 -0.553679 -0.297080 1.240000
-5.901274 -0.559422 -0.277008 1.260000
-6.215942 -0.564863 -0.266958 1.280000
-5.907721 -0.570146 -0.261148 1.300000
-5.921291 -0.575250 -0.249128 1.320000
-6.641212 -0.580108 -0.236444 1.340000
-6.039108 -0.584822 -0.234835 1.360000
-5.849731 -0.589394 -0.222239 1.380000
-6.790185 -0.593675 -0.205771 1.400000
-6.801709 -0.597776 -0.204103 1.420000
-7.642484 -0.601835 -0.201693 1.440000
-6.897046 -0.605975 -0.212071 1.460000
-6.901133 -0.610188 -0.209097 1.480000
-6.845649 -0.614333 -0.205256 1.500000
-7.757848 -0.618384 -0.199622 1.520000
-7.846282 -0.622460 -0.207840 1.540000
-8.000000 -0.626703 -0.216287 1.560000
-7.407849 -0.631128 -0.225952 1.580000
-7.864688 -0.635638 -0.224853 1.600000
-8.000000 -0.640188 -0.229944 1.620000
-7.084124 -0.644849 -0.235934 1.640000
-7.687107 -0.649471 -0.226169 1.660000
-6.762233 -0.653985 -0.224999 1.680000
-6.408349 -0.658319 -0.208245 1.700000
-5.566470 -0.662255 -0.185313 1.720000
-6.537900 -0.665597 -0.148861 1.740000
-5.795333 -0.668361 -0.127575 1.760000
-6.389562 -0.670583 -0.094597 1.780000
-5.544285 -0.672239 -0.071055 1.800000
-5.320735 -0.673295 -0.034572 1.820000
-5.407214 -0.673591 0.004798 1.840000
-6.019151 -0.673121 0.042030 1.860000
-6.727668 -0.672011 0.068871 1.880000
-6.787151 -0.670482 0.083891 1.900000
-7.075996 -0.668669 0.097297 1.920000
-6.437211 -0.666640 0.105492 1.940000
-7.021605 -0.664354 0.122962 1.960000
-6.683753 -0.661819 0.130404 1.980000
-7.462231 -0.659090 0.142356 2.000000
-7.430458 -0.656254 0.141214 2.020000
-7.711946 -0.653441 0.139905 2.040000
-8.000000 -0.650706 0.133514 2.060000
-8.000000 -0.648150 0.122051 2.080000
-7.675374 -0.645827 0.110205 2.100000
-7.027637 -0.643692 0.103174 2.120000
-7.201691 -0.641599 0.106034 2.140000
-6.258974 -0.639482 0.105570 2.160000
-5.445227 -0.637229 0.119585 2.180000
-5.485108 -0.634574 0.145728 2.200000
-5.490196 -0.631414 0.170074 2.220000
-5.448975 -0.627780 0.193107 2.240000
-6.395683 -0.623692 0.215492 2.260000
-7.054087 -0.619323 0.221254 2.280000
-7.360931 -0.614956 0.215253 2.300000
-8.000000 -0.610769 0.203377 2.320000
-8.000000 -0.606930 0.180377 2.340000
-7.889735 -0.603557 0.156932 2.360000
-7.067267 -0.600637 0.134965 2.380000
-7.937117 -0.598025 0.126200 2.400000
-7.001527 -0.595735 0.102771 2.420000
-6.356249 -0.593760 0.094626 2.440000
-7.247622 -0.591845 0.096780 2.460000
-6.595099 -0.590039 0.083798 2.480000
-6.380598 -0.588387 0.081403 2.500000
-6.055449 -0.586750 0.082206 2.520000
-5.478510 -0.585047 0.087974 2.540000
-5.605965 -0.583139 0.102749 2.560000
-5.494938 -0.580964 0.114669 2.580000
-4.551481 -0.578539 0.127680 2.600000
-4.730138 -0.575705 0.155510 2.620000
-4.319965 -0.572356 0.179163 2.640000
-4.256866 -0.568478 0.208411 2.660000
-4.856701 -0.564019 0.237261 2.680000
-4.147216 -0.559099 0.254502 2.700000
-4.961063 -0.553729 0.282225 2.720000
-4.461784 -0.547959 0.294503 2.740000
-4.482869 -0.541874 0.313709 2.760000
-3.763028 -0.535426 0.330848 2.780000
-3.666389 -0.528529 0.358519 2.800000
-3.512780 -0.521082 0.385827 2.820000
-3.007253 -0.513083 0.413659 2.840000
-3.355032 -0.504463 0.447995 2.860000
-2.766713 -0.495240 0.473832 2.880000
-2.425891 -0.485422 0.507511 2.900000
-3.247397 -0.474898 0.544503 2.920000
-3.177157 -0.463807 0.564147 2.940000
-3.625389 -0.452337 0.582366 2.960000
-4.489744 -0.440610 0.589872 2.980000
-4.844765 -0.428915 0.579285 3.000000
-4.391409 -0.417518 0.560032 3.020000
-3.673872 -0.406445 0.546957 3.040000
-4.552809 -0.395523 0.544889 3.060000
-4.011068 -0.384825 0.524520 3.080000
-3.395537 -0.374454 0.512270 3.100000
-2.451801 -0.364233 0.509474 3.120000
-1.979345 -0.353913 0.522125 3.140000
-1.707411 -0.343276 0.541237 3.160000
-2.441532 -0.332230 0.562927 3.180000
-2.214925 -0.320914 0.568240 3.200000
-3.189129 -0.309473 0.575445 3.220000
-2.351782 -0.298097 0.561832 3.240000
-2.764027 -0.286854 0.562063 3.260000
-3.508662 -0.275708 0.552212 3.280000
-4.460931 -0.264922 0.526131 3.300000
-3.590904 -0.254856 0.480193 3.320000
-4.544185 -0.245554 0.449829 3.340000
-4.350263 -0.237055 0.399900 3.360000
-4.711232 -0.229525 0.353017 3.380000
-4.492040 -0.223008 0.298628 3.400000
-4.841862 -0.217539 0.248297 3.420000
-4.276950 -0.213144 0.191163 3.440000
-3.818647 -0.209780 0.145288 3.460000
-3.994519 -0.207242 0.108590 3.480000
-4.504604 -0.205469 0.068768 3.500000
-5.222744 -0.204587 0.019568 3.520000
-4.644633 -0.204820 -0.042653 3.540000
-5.007394 -0.206171 -0.092263 3.560000
-4.848493 -0.208572 -0.147530 3.580000
-5.288724 -0.212030 -0.198007 3.600000
-5.717867 -0.216565 -0.255166 3.620000
-6.609403 -0.222305 -0.318399 3.640000
-7.188227 -0.229456 -0.396209 3.660000
-6.260414 -0.238244 -0.481887 3.680000
-5.735488 -0.248527 -0.545911 3.700000
-5.675388 -0.259955 -0.596228 3.720000
-5.405032 -0.272341 -0.641817 3.740000
-6.351154 -0.285551 -0.678575 3.760000
-6.614159 -0.299640 -0.729596 3.780000
-6.753242 -0.314756 -0.781320 3.800000
-5.841399 -0.330889 -0.831114 3.820000
-6.003367 -0.347798 -0.859138 3.840000
-5.591645 -0.365255 -0.885799 3.860000
-4.993599 -0.383124 -0.900388 3.880000
-5.360273 -0.401132 -0.899768 3.900000
-5.567754 -0.419156 -0.901906 3.920000
-5.610518 -0.437219 -0.903762 3.940000
-4.863658 -0.455287 -0.902323 3.960000
-5.604338 -0.473153 -0.883675 3.980000
-5.627827 -0.490742 -0.874556 4.000000
-5.459516 -0.508114 -0.862118 4.020000
-5.325546 -0.525173 -0.843174 4.040000
-6.180308 -0.541796 -0.818579 4.060000
-6.428648 -0.558040 -0.805279 4.080000
-7.009302 -0.574026 -0.792696 4.100000
-7.349591 -0.589822 -0.786282 4.120000
-7.137267 -0.605509 -0.781812 4.140000
-6.434345 -0.621035 -0.770207 4.160000
-5.721431 -0.636181 -0.743887 4.180000
-5.111575 -0.650658 -0.703356 4.200000
-5.327753 -0.664204 -0.650942 4.220000
-5.135049 -0.676717 -0.600116 4.240000
-4.525568 -0.688168 -0.544729 4.260000
-4.270700 -0.698405 -0.478829 4.280000
-4.472031 -0.707278 -0.408412 4.300000
-4.779462 -0.714770 -0.340754 4.320000
-4.387946 -0.720954 -0.277623 4.340000
-4.200877 -0.725817 -0.208780 4.360000
-3.287377 -0.729281 -0.137689 4.380000
-4.194980 -0.731195 -0.053990 4.400000
-3.773550 -0.731584 0.014889 4.420000
-3.227753 -0.730547 0.088553 4.440000
-3.498175 -0.727973 0.168466 4.460000
-4.449138 -0.723863 0.242164 4.480000
-4.494589 -0.718444 0.299344 4.500000
-3.603514 -0.711912 0.353491 4.520000
-2.747010 -0.704187 0.418510 4.540000
-2.968724 -0.695061 0.493583 4.560000
-3.242746 -0.684500 0.561971 4.580000
-3.022585 -0.672648 0.622676 4.600000
-3.094130 -0.659582 0.683216 4.620000
-3.671038 -0.645355 0.738837 4.640000
-3.678468 -0.630147 0.781350 4.660000
-4.489762 -0.614129 0.819783 4.680000
-4.779662 -0.597515 0.840971 4.700000
-4.082109 -0.580564 0.853431 4.720000
-3.587984 -0.563287 0.873597 4.740000
-4.530858 -0.545564 0.898056 4.760000
-5.275099 -0.527553 0.902355 4.780000
-5.729050 -0.509624 0.889939 4.800000
-5.075891 -0.492059 0.865969 4.820000
-5.466543 -0.474893 0.850028 4.840000
-5.513842 -0.458150 0.823784 4.860000
-4.738705 -0.441971 0.793563 4.880000
-5.442764 -0.426287 0.774331 4.900000
-6.282897 -0.411145 0.739416 4.920000
-7.123301 -0.396881 0.686641 4.940000
-7.681895 -0.383848 0.616415 4.960000
-8.000000 -0.372337 0.534439 4.980000
-7.406177 -0.362535 0.445689 5.000000
-6.934717 -0.354402 0.367582 5.020000
-7.225006 -0.347745 0.298070 5.040000
-6.598863 -0.342533 0.223162 5.060000
-5.708883 -0.338698 0.160386 5.080000
-4.897676 -0.335948 0.114743 5.100000
-4.666171 -0.333954 0.084659 5.120000
-5.535679 -0.332516 0.059134 5.140000
-5.614042 -0.331750 0.017597 5.160000
-6.412453 -0.331822 -0.024660 5.180000
-6.276514 -0.332880 -0.080906 5.200000
-5.564147 -0.335023 -0.133134 5.220000
-5.445749 -0.338061 -0.170425 5.240000
-6.407617 -0.341808 -0.204022 5.260000
-5.531077 -0.346391 -0.253977 5.280000
-5.252054 -0.351789 -0.285500 5.300000
-5.716286 -0.357747 -0.309966 5.320000
-5.715847 -0.364262 -0.341189 5.340000
-5.570982 -0.371380 -0.370274 5.360000
-5.967666 -0.379031 -0.394473 5.380000
-5.108079 -0.387217 -0.423730 5.400000
-5.421118 -0.395806 -0.434786 5.420000
-5.145644 -0.404652 -0.449432 5.440000
-5.860627 -0.413718 -0.456804 5.460000
-6.116048 -0.423040 -0.474961 5.480000
-5.682812 -0.432746 -0.495225 5.500000
-4.919178 -0.442753 -0.505076 5.520000
-5.491778 -0.452796 -0.498855 5.540000
-6.455392 -0.462796 -0.500755 5.560000
-7.304628 -0.472982 -0.517410 5.580000
-6.675108 -0.483624 -0.546263 5.600000
-7.643188 -0.494701 -0.560940 5.620000
-7.956248 -0.506211 -0.589513 5.640000
-8.000000 -0.518313 -0.620054 5.660000
-7.591299 -0.530996 -0.647682 5.680000
-8.000000 -0.544125 -0.664612 5.700000
-7.032808 -0.557626 -0.684857 5.720000
-6.474759 -0.571331 -0.685132 5.740000
-6.623200 -0.584917 -0.672888 5.760000
-6.285011 -0.598252 -0.660195 5.780000
-6.437888 -0.611250 -0.639159 5.800000
-5.928806 -0.623827 -0.618061 5.820000
-6.766652 -0.635874 -0.586376 5.840000
-7.205020 -0.647402 -0.565951 5.860000
-6.796653 -0.658567 -0.550153 5.880000
-6.626022 -0.669328 -0.525657 5.900000
-6.858452 -0.679553 -0.496532 5.920000
-7.312470 -0.689214 -0.469230 5.940000
-6.630485 -0.698381 -0.447160 5.960000
-6.105872 -0.706985 -0.413070 5.980000
-5.753716 -0.714816 -0.369867 6.000000
-6.162819 -0.721722 -0.320603 6.020000
-6.324898 -0.727698 -0.276960 6.040000
-5.874915 -0.732821 -0.235317 6.060000
-4.912716 -0.737043 -0.186822 6.080000
-5.701100 -0.740154 -0.124382 6.100000
-4.888657 -0.742138 -0.074166 6.120000
-4.491404 -0.743006 -0.012777 6.140000
-4.513643 -0.742599 0.053239 6.160000
-5.200306 -0.740890 0.117407 6.180000
-4.293456 -0.738015 0.169789 6.200000
-5.226454 -0.733977 0.233709 6.220000
-4.871250 -0.728819 0.281684 6.240000
-4.208541 -0.722671 0.332763 6.260000
-4.077282 -0.715426 0.391304 6.280000
-4.850062 -0.707017 0.449079 6.300000
-4.274345 -0.697599 0.492243 6.320000
-3.392593 -0.687259 0.541248 6.340000
-3.124981 -0.675835 0.600628 6.360000
-2.329639 -0.663216 0.660661 6.380000
-2.839895 -0.649308 0.729451 6.400000
-2.292962 -0.634146 0.786129 6.420000
-2.520819 -0.617803 0.847473 6.440000
-2.303693 -0.600313 0.900779 6.460000
-3.207312 -0.581765 0.953205 6.480000
-2.415640 -0.562366 0.985991 6.500000
-1.774199 -0.542222 1.027560 6.520000
-2.714274 -0.521185 1.075324 6.540000
-3.103451 -0.499405 1.101915 6.560000
-2.918717 -0.477209 1.116859 6.580000
-2.094383 -0.454730 1.130293 6.600000
-2.275415 -0.431882 1.153682 6.620000
-3.007575 -0.408648 1.168873 6.640000
-3.461576 -0.385293 1.165822 6.660000
-4.369119 -0.362130 1.149754 6.680000
-3.963003 -0.339501 1.112410 6.700000
-4.226029 -0.317584 1.078702 6.720000
-4.318623 -0.296429 1.036197 6.740000
-3.690649 -0.276177 0.988424 6.760000
-3.813128 -0.256793 0.949434 6.780000
-3.527053 -0.238244 0.904951 6.800000
-4.398412 -0.220559 0.863128 6.820000
-3.663655 -0.203906 0.801746 6.840000
-4.275827 -0.188360 0.752511 6.860000
-4.461423 -0.173939 0.689263 6.880000
-3.701603 -0.160836 0.620810 6.900000
-4.334487 -0.148966 0.566015 6.920000
-3.720500 -0.138328 0.497615 6.940000
-3.816508 -0.128945 0.440581 6.960000
-3.927394 -0.120728 0.381012 6.980000
-4.137144 -0.113728 0.318907 7.000000
-4.729179 -0.108013 0.252621 7.020000
-3.919252 -0.103739 0.174979 7.040000
-4.671537 -0.100849 0.114108 7.060000
-4.304363 -0.099318 0.039172 7.080000
-3.731912 -0.099200 -0.027209 7.100000
-3.151641 -0.100284 -0.080894 7.120000
-3.856651 -0.102312 -0.121768 7.140000
-2.868538 -0.105285 -0.175223 7.160000
-3.610909 -0.109114 -0.207475 7.180000
-3.379382 -0.113721 -0.252862 7.200000
-2.386210 -0.119170 -0.291784 7.220000
-2.266921 -0.125183 -0.309258 7.240000
-1.473271 -0.131507 -0.322818 7.260000
-0.579730 -0.137930 -0.319267 7.280000
-0.361577 -0.144094 -0.297029 7.300000
-0.684279 -0.149763 -0.269810 7.320000
-0.950240 -0.154946 -0.248400 7.340000
-1.521314 -0.159748 -0.231651 7.360000
-1.566453 -0.164320 -0.225484 7.380000
-1.053904 -0.168771 -0.219435 7.400000
-1.689436 -0.172992 -0.202648 7.420000
-2.480445 -0.176998 -0.197790 7.440000
-2.501527 -0.181054 -0.207651 7.460000
-1.607636 -0.185301 -0.216898 7.480000
-1.808393 -0.189549 -0.207717 7.500000
-2.693690 -0.193645 -0.201801 7.520000
-3.409461 -0.197789 -0.212390 7.540000
-2.437593 -0.202273 -0.235798 7.560000
-1.776608 -0.207022 -0.238953 7.580000
-0.974748 -0.211696 -0.228297 7.600000
-1.192051 -0.215994 -0.201446 7.620000
-1.922307 -0.219794 -0.178546 7.640000
-1.667848 -0.223275 -0.169501 7.660000
-1.260180 -0.226522 -0.155058 7.680000
-1.460646 -0.229397 -0.132433 7.700000
-2.061706 -0.231857 -0.113602 7.720000
-2.402077 -0.234056 -0.106273 7.740000
-2.960730 -0.236172 -0.105218 7.760000
-2.314801 -0.238370 -0.114509 7.780000
-2.735196 -0.240623 -0.110735 7.800000
-2.133882 -0.242878 -0.114672 7.820000
-2.288516 -0.245091 -0.106522 7.840000
-1.534211 -0.247167 -0.101079 7.860000
-1.245578 -0.248987 -0.080872 7.880000
-1.702667 -0.250347 -0.055214 7.900000
-1.594100 -0.251285 -0.038612 7.920000
-1.859454 -0.251872 -0.020107 7.940000
-2.089909 -0.252143 -0.006974 7.960000
-2.328506 -0.252197 0.001510 7.980000
-2.070536 -0.252129 0.005248 8.000000
-2.852585 -0.251938 0.013834 8.020000
-2.183531 -0.251728 0.007209 8.040000
-2.779777 -0.251520 0.013508 8.060000
-1.835011 -0.251303 0.008200 8.080000
-2.122877 -0.251010 0.021073 8.100000
-1.725430 -0.250518 0.028090 8.120000
-2.412448 -0.249812 0.042477 8.140000
-2.331176 -0.248954 0.043237 8.160000
-2.134527 -0.248068 0.045369 8.180000
-2.172447 -0.247103 0.051050 8.200000
-1.574284 -0.246035 0.055688 8.220000
-0.792421 -0.244762 0.071495 8.240000
-0.866988 -0.243029 0.101722 8.260000
-0.499346 -0.240714 0.129528 8.280000
-0.227648 -0.237784 0.163352 8.300000
-1.193846 -0.234137 0.201111 8.320000
-2.148830 -0.229936 0.218751 8.340000
-2.977996 -0.225579 0.216782 8.360000
-2.627773 -0.221431 0.197992 8.380000
-2.382950 -0.217595 0.185537 8.400000
-2.231844 -0.213965 0.177317 8.420000
-1.528187 -0.210476 0.171474 8.440000
-0.747692 -0.206973 0.178687 8.460000
-0.520424 -0.203183 0.200177 8.480000
0.327744 -0.198930 0.224875 8.500000
0.291975 -0.194031 0.264681 8.520000
0.182248 -0.188361 0.302003 8.540000
0.175186 -0.181985 0.335307 8.560000
0.898588 -0.174963 0.366539 8.580000
0.260457 -0.167196 0.409862 8.600000
1.248756 -0.158710 0.438323 8.620000
1.064666 -0.149484 0.483874 8.640000
1.012784 -0.139409 0.523097 8.660000
1.991282 -0.128588 0.558546 8.680000
2.669493 -0.116894 0.610390 8.700000
2.369850 -0.104061 0.672250 8.720000
2.867373 -0.090088 0.724464 8.740000
2.338515 -0.075009 0.782716 8.760000
3.151396 -0.058911 0.826412 8.780000
2.932265 -0.041818 0.882151 8.800000
2.297292 -0.023699 0.929079 8.820000
3.065742 -0.004811 0.958936 8.840000
2.459913 0.014783 0.999691 8.860000
1.489994 0.035025 1.023759 8.880000
1.688183 0.055511 1.024172 8.900000
1.934399 0.076004 1.024490 8.920000
2.245814 0.096512 1.025640 8.940000
1.977438 0.117064 1.028859 8.960000
1.632918 0.137586 1.022675 8.980000
1.922651 0.157877 1.005830 9.000000
2.899398 0.177852 0.991016 9.020000
2.697407 0.197685 0.991565 9.040000
2.208673 0.217449 0.984197 9.060000
2.748466 0.236933 0.963598 9.080000
2.532411 0.256074 0.949932 9.100000
2.155278 0.274865 0.928585 9.120000
2.930617 0.293123 0.896778 9.140000
3.365776 0.310863 0.876695 9.160000
4.059075 0.328252 0.861636 9.180000
4.862038 0.345437 0.856288 9.200000
5.803325 0.362630 0.862357 9.220000
6.497389 0.380081 0.881945 9.240000
6.080245 0.398007 0.909922 9.260000
6.901374 0.416370 0.925605 9.280000
6.305911 0.435150 0.951589 9.300000
5.919797 0.454293 0.961979 9.320000
5.811604 0.473530 0.960925 9.340000
4.848750 0.492683 0.953651 9.360000
4.582169 0.511480 0.925524 9.380000
3.950859 0.529635 0.889379 9.400000
3.080795 0.546927 0.839431 9.420000
2.539159 0.563048 0.772377 9.440000
1.601808 0.577720 0.694594 9.460000
2.088096 0.590669 0.600240 9.480000
1.386084 0.601808 0.513571 9.500000
0.996427 0.611096 0.415321 9.520000
1.855100 0.618361 0.311266 9.540000
2.546638 0.623692 0.222036 9.560000
2.318794 0.627360 0.144870 9.580000
3.167274 0.629457 0.065045 9.600000
3.512534 0.630107 0.000129 9.620000
4.074618 0.629526 -0.057981 9.640000
3.130471 0.627887 -0.105716 9.660000
3.665145 0.625155 -0.167206 9.680000
2.736107 0.621297 -0.218241 9.700000
2.559451 0.616288 -0.282366 9.720000
1.692692 0.609990 -0.347010 9.740000
1.783360 0.602283 -0.423163 9.760000
0.866550 0.593098 -0.494812 9.780000
1.686242 0.582361 -0.578352 9.800000
2.301786 0.570125 -0.644653 9.820000
2.412141 0.556702 -0.697005 9.840000
2.471966 0.542288 -0.743826 9.860000
1.719617 0.526984 -0.785863 9.880000
1.498761 0.510749 -0.836973 9.900000
1.974642 0.493495 -0.887791 9.920000
2.383614 0.475350 -0.925985 9.940000
3.277146 0.456556 -0.952667 9.960000
3.788319 0.437431 -0.959163 9.980000
3.406522 0.418309 -0.952429 10.000000
2.566072 0.399290 -0.948804 10.020000
2.844483 0.380228 -0.956745 10.040000
3.206189 0.361098 -0.955586 10.060000
4.021081 0.342097 -0.943882 10.080000
3.105181 0.323520 -0.913318 10.100000
3.481328 0.305413 -0.896772 10.120000
3.585599 0.287742 -0.869786 10.140000
4.281079 0.270662 -0.837775 10.160000
3.518478 0.254383 -0.789657 10.180000
2.727362 0.238944 -0.753824 10.200000
1.815167 0.224093 -0.730847 10.220000
1.520928 0.209550 -0.723013 10.240000
0.872131 0.195134 -0.718185 10.260000
0.933822 0.180714 -0.723249 10.280000
0.917612 0.166235 -0.724204 10.300000
1.182791 0.151762 -0.722642 10.320000
0.965666 0.137400 -0.713107 10.340000
1.239495 0.123212 -0.705235 10.360000
1.333783 0.109262 -0.689388 10.380000
1.861493 0.095671 -0.669304 10.400000
1.526952 0.082609 -0.636597 10.420000
0.547167 0.070153 -0.608638 10.440000
0.796080 0.058081 -0.598201 10.460000
0.041698 0.046289 -0.580726 10.480000
-0.165557 0.034715 -0.576254 10.500000
-1.140546 0.023212 -0.573735 10.520000
-1.896179 0.011587 -0.588333 10.540000
-1.355432 -0.000454 -0.615314 10.560000
-0.966856 -0.012899 -0.628673 10.580000
-1.427484 -0.025506 -0.631637 10.600000
-1.307241 -0.038239 -0.641196 10.620000
-1.484547 -0.051112 -0.645690 10.640000
-2.351191 -0.064084 -0.651078 10.660000
-2.991473 -0.077309 -0.670920 10.680000
-2.161947 -0.091028 -0.700352 10.700000
-2.688416 -0.105137 -0.710083 10.720000
-2.413905 -0.119515 -0.727171 10.740000
-2.594222 -0.134148 -0.735638 10.760000
-3.446217 -0.148955 -0.744547 10.780000
-4.385992 -0.164076 -0.766964 10.800000
-4.077767 -0.179794 -0.804151 10.820000
-4.076456 -0.196155 -0.831291 10.840000
-4.858533 -0.213019 -0.854444 10.860000
-4.865474 -0.230458 -0.888702 10.880000
-4.640150 -0.248539 -0.918669 10.900000
-5.614571 -0.267132 -0.939841 10.920000
-5.249893 -0.286290 -0.975169 10.940000
-6.033531 -0.306036 -0.998654 10.960000
-6.101306 -0.326352 -1.032091 10.980000
-6.172950 -0.347298 -1.061549 11.000000
-5.596730 -0.368792 -1.087006 11.020000
-6.379939 -0.390635 -1.096479 11.040000
-5.959552 -0.412761 -1.115169 11.060000
-5.090690 -0.435130 -1.120815 11.080000
-5.052840 -0.457403 -1.105785 11.100000
-5.614550 -0.479324 -1.085551 11.120000
-5.268910 -0.500895 -1.070785 11.140000
-4.637176 -0.522066 -1.045561 11.160000
-5.563637 -0.542582 -1.005464 11.180000
-5.225086 -0.562418 -0.977471 11.200000
-5.517320 -0.581599 -0.940044 11.220000
-5.010971 -0.600045 -0.904044 11.240000
-5.956501 -0.617656 -0.856530 11.260000
-5.744293 -0.634441 -0.821423 11.280000
-5.117955 -0.650459 -0.779936 11.300000
-5.334043 -0.665522 -0.725983 11.320000
-4.661627 -0.679518 -0.673320 11.340000
-4.814677 -0.692338 -0.608478 11.360000
-4.939462 -0.703872 -0.544707 11.380000
-4.779201 -0.714139 -0.481789 11.400000
-4.946005 -0.723114 -0.415700 11.420000
-4.918432 -0.730789 -0.351656 11.440000
-4.434603 -0.737175 -0.287000 11.460000
-5.325639 -0.742198 -0.215353 11.480000
-6.195749 -0.745923 -0.157224 11.500000
-6.083433 -0.748617 -0.112201 11.520000
-6.177364 -0.750398 -0.065937 11.540000
-6.198799 -0.751272 -0.021652 11.560000
-5.379681 -0.751272 0.021543 11.580000
-6.133528 -0.750298 0.075635 11.600000
-6.544146 -0.748365 0.117411 11.620000
-6.130997 -0.745670 0.151871 11.640000
-6.232462 -0.742240 0.190963 11.660000
-5.759371 -0.738058 0.226940 11.680000
-5.954880 -0.733104 0.268117 11.700000
-6.010973 -0.727375 0.304413 11.720000
-5.872878 -0.720950 0.337801 11.740000
-5.097631 -0.713857 0.371071 11.760000
-4.567097 -0.706005 0.413662 11.780000
-4.652099 -0.697248 0.461665 11.800000
-3.824811 -0.687571 0.505513 11.820000
-3.073288 -0.676920 0.559092 11.840000
-2.908430 -0.665112 0.621034 11.860000
-2.430153 -0.652076 0.681967 11.880000
-2.074737 -0.637783 0.746676 11.900000
-1.479847 -0.622179 0.813032 11.920000
-1.447749 -0.605194 0.884744 11.940000
-1.251850 -0.586814 0.952443 11.960000
-1.833574 -0.567095 1.018671 11.980000
-2.518859 -0.546198 1.070208 12.000000
-1.585048 -0.524437 1.105110 12.020000
-0.731969 -0.501866 1.151155 12.040000
-1.323157 -0.478276 1.206919 12.060000
-0.911706 -0.453730 1.246808 12.080000
-0.739779 -0.428366 1.288637 12.100000
0.023432 -0.402190 1.328008 12.120000
-0.290502 -0.375143 1.375682 12.140000
0.122532 -0.347260 1.411640 12.160000
-0.758323 -0.318640 1.449404 12.180000
-0.145817 -0.289491 1.464470 12.200000
-0.901881 -0.259983 1.485334 12.220000
0.032461 -0.230264 1.485679 12.240000
0.215022 -0.200413 1.498347 12.260000
0.157787 -0.170334 1.508621 12.280000
-0.838871 -0.140119 1.511827 12.300000
-0.328870 -0.110096 1.489606 12.320000
-0.858689 -0.080470 1.472074 12.340000
0.100768 -0.051354 1.438720 12.360000
0.211683 -0.022764 1.419399 12.380000
-0.039499 0.005410 1.397152 12.400000
-0.984313 0.033039 1.364955 12.420000
-0.283210 0.059790 1.309428 12.440000
-0.984057 0.085529 1.263796 12.460000
-1.355114 0.110177 1.200394 12.480000
-1.038868 0.133449 1.126381 12.500000
-0.723207 0.155276 1.055775 12.520000
-1.622327 0.175725 0.988748 12.540000
-2.133918 0.194634 0.901834 12.560000
-2.963213 0.211688 0.803403 12.580000
-2.924770 0.226603 0.687999 12.600000
-2.449542 0.239215 0.573200 12.620000
-3.004309 0.249624 0.467794 12.640000
-2.279898 0.257823 0.352202 12.660000
-2.564014 0.263858 0.251534 12.680000
-2.082628 0.267837 0.146551 12.700000
-1.799250 0.269823 0.052322 12.720000
-1.845995 0.269995 -0.034820 12.740000
-1.125444 0.268434 -0.121006 12.760000
-1.326823 0.265307 -0.191301 12.780000
-1.563076 0.260757 -0.263358 12.800000
-2.483892 0.254744 -0.337557 12.820000
-1.871267 0.247095 -0.426723 12.840000
-1.085252 0.237814 -0.500852 12.860000
-1.516892 0.227235 -0.556576 12.880000
-1.765943 0.215489 -0.617479 12.900000
-2.172408 0.202511 -0.679736 12.920000
-1.904657 0.188245 -0.746162 12.940000
-1.127673 0.172743 -0.803337 12.960000
-1.791096 0.156291 -0.841245 12.980000
-1.090112 0.138989 -0.888222 13.000000
-1.335816 0.120929 -0.917189 13.020000
-0.582482 0.102280 -0.946929 13.040000
0.285449 0.083228 -0.957633 13.060000
1.251445 0.064173 -0.947313 13.080000
1.657168 0.045550 -0.914436 13.100000
2.279721 0.027695 -0.870622 13.120000
1.755797 0.010866 -0.811967 13.140000
1.025259 -0.004874 -0.761682 13.160000
0.576262 -0.019733 -0.723896 13.180000
1.368295 -0.033905 -0.692937 13.200000
1.846824 -0.047280 -0.644249 13.220000
2.273735 -0.059570 -0.584590 13.240000
2.105189 -0.070572 -0.515443 13.260000
1.700017 -0.080217 -0.449029 13.280000
2.576358 -0.088611 -0.390212 13.300000
2.441504 -0.095650 -0.313808 13.320000
2.626341 -0.101192 -0.240390 13.340000
3.580154 -0.105233 -0.163883 13.360000
2.997181 -0.107565 -0.069509 13.380000
3.593427 -0.108139 0.011784 13.400000
3.552080 -0.106987 0.103155 13.420000
4.236659 -0.104036 0.191520 13.440000
3.559121 -0.099207 0.290902 13.460000
2.750867 -0.092554 0.373894 13.480000
3.256353 -0.084431 0.437915 13.500000
4.008078 -0.074957 0.508987 13.520000
4.576612 -0.063945 0.591571 13.540000
5.407200 -0.051207 0.681520 13.560000
4.510420 -0.036549 0.783530 13.580000
4.722634 -0.020077 0.862804 13.600000
5.574735 -0.002027 0.941391 13.620000
5.433082 0.017713 1.031633 13.640000
5.014496 0.039171 1.113243 13.660000
5.413993 0.062119 1.180555 13.680000
6.189188 0.086432 1.249700 13.700000
6.470339 0.112218 1.327677 13.720000
5.558045 0.139548 1.404145 13.740000
5.147265 0.168155 1.455365 13.760000
4.859507 0.197635 1.491476 13.780000
4.135843 0.227712 1.515036 13.800000
5.071610 0.258051 1.517847 13.820000
4.615799 0.288562 1.532103 13.840000
4.152370 0.319203 1.530898 13.860000
4.906034 0.349668 1.514539 13.880000
5.898150 0.379884 1.506062 13.900000
5.805865 0.410050 1.509361 13.920000
6.680105 0.440196 1.504156 13.940000
6.614711 0.470328 1.507838 13.960000
6.092392 0.500451 1.503281 13.980000
6.815745 0.530323 1.482818 14.000000
6.080830 0.559845 1.468227 14.020000
5.585882 0.588885 1.434789 14.040000
6.564980 0.617116 1.387401 14.060000
7.115014 0.644504 1.350429 14.080000
6.694665 0.671183 1.316504 14.100000
7.230276 0.697061 1.270501 14.120000
7.924007 0.722050 1.227507 14.140000
8.000000 0.746231 1.189658 14.160000
7.078662 0.769613 1.147728 14.180000
7.439649 0.791977 1.087955 14.200000
6.909393 0.813155 1.029193 14.220000
6.158825 0.833047 0.959516 14.240000
6.083746 0.851415 0.876888 14.260000
5.136819 0.868098 0.791076 14.280000
4.849885 0.882926 0.691525 14.300000
5.722749 0.895718 0.587580 14.320000
6.513809 0.906535 0.494106 14.340000
7.162248 0.915577 0.410011 14.360000
7.288974 0.923013 0.333553 14.380000
7.100600 0.928934 0.258580 14.400000
7.062731 0.933336 0.181668 14.420000
8.000000 0.936201 0.105005 14.440000
8.000000 0.937653 0.040364 14.460000
7.752740 0.937823 -0.023193 14.480000
7.581061 0.936706 -0.088275 14.500000
6.919838 0.934283 -0.153662 14.520000
6.189841 0.930494 -0.224824 14.540000
5.223912 0.925220 -0.302221 14.560000
4.454335 0.918309 -0.388338 14.580000
3.714319 0.909615 -0.480493 14.600000
3.690661 0.899023 -0.578061 14.620000
3.669129 0.886516 -0.671929 14.640000
2.880338 0.872171 -0.761801 14.660000
3.456914 0.855973 -0.857278 14.680000
3.147441 0.837988 -0.940390 14.700000
2.181172 0.818349 -1.022599 14.720000
2.230597 0.796987 -1.112752 14.740000
2.523919 0.773883 -1.196723 14.760000
2.474722 0.749198 -1.270770 14.780000
3.327282 0.723084 -1.339597 14.800000
3.131993 0.695783 -1.389494 14.820000
2.672128 0.667516 -1.436093 14.840000
2.964916 0.638310 -1.483518 14.860000
3.356953 0.608266 -1.519742 14.880000
3.854606 0.577628 -1.542958 14.900000
3.728321 0.546675 -1.551248 14.920000
3.603150 0.515600 -1.555156 14.940000
3.531318 0.484490 -1.554780 14.960000
4.300966 0.453439 -1.549309 14.980000
4.869111 0.422697 -1.523803 15.000000
4.027256 0.392629 -1.482026 15.020000
4.925452 0.363298 -1.450153 15.040000
5.566204 0.334827 -1.396130 15.060000
6.182145 0.307607 -1.325136 15.080000
6.678147 0.281968 -1.238102 15.100000
5.781826 0.258202 -1.137876 15.120000
6.564758 0.236301 -1.051793 15.140000
5.638367 0.216301 -0.947786 15.160000
6.222460 0.198223 -0.859657 15.180000
7.102457 0.182041 -0.758275 15.200000
7.659458 0.168072 -0.638521 15.220000
8.000000 0.156612 -0.507519 15.240000
7.439952 0.147835 -0.370264 15.260000
7.527413 0.141684 -0.245099 15.280000
7.818190 0.138039 -0.119654 15.300000
7.964411 0.136942 0.009514 15.320000
8.000000 0.138431 0.138951 15.340000
7.313373 0.142486 0.265927 15.360000
6.350931 0.148909 0.375805 15.380000
7.176368 0.157304 0.463082 15.400000
6.389129 0.167569 0.562792 15.420000
6.839135 0.179632 0.642764 15.440000
6.845358 0.193339 0.727159 15.460000
7.641600 0.208687 0.806855 15.480000
8.000000 0.225734 0.896843 15.500000
8.000000 0.244592 0.987946 15.520000
8.000000 0.265210 1.072767 15.540000
8.000000 0.287459 1.151002 15.560000
8.000000 0.311204 1.222371 15.580000
8.000000 0.336306 1.286626 15.600000
8.000000 0.362620 1.343552 15.620000
8.000000 0.389998 1.392968 15.640000
7.790099 0.418288 1.434730 15.660000
7.931051 0.447298 1.464963 15.680000
7.768540 0.476860 1.490016 15.700000
6.876332 0.506818 1.504456 15.720000
6.298891 0.536834 1.495961 15.740000
7.127586 0.566512 1.470835 15.760000
6.177855 0.595763 1.453128 15.780000
5.984112 0.624438 1.413405 15.800000
6.415684 0.652231 1.364923 15.820000
7.252590 0.679068 1.317944 15.840000
6.383328 0.705043 1.278563 15.860000
5.960860 0.730044 1.220850 15.880000
5.120929 0.753785 1.152532 15.900000
4.840860 0.776000 1.068457 15.920000
5.821693 0.796465 0.977656 15.940000
6.376670 0.815227 0.898099 15.960000
7.246166 0.832449 0.823681 15.980000
6.500562 0.848275 0.758524 16.000000
6.916596 0.862677 0.681405 16.020000
6.403839 0.875574 0.608074 16.040000
7.369705 0.886926 0.526953 16.060000
6.588720 0.896768 0.457109 16.080000
7.292149 0.905109 0.376908 16.100000
7.628273 0.911930 0.305175 16.120000
7.523194 0.917357 0.237498 16.140000
8.000000 0.921419 0.168771 16.160000
7.624936 0.924168 0.106302 16.180000
7.879637 0.925631 0.040087 16.200000
7.204085 0.925810 -0.021978 16.220000
6.253492 0.924680 -0.090748 16.240000
6.051209 0.922078 -0.169080 16.260000
6.307743 0.917907 -0.247555 16.280000
5.796729 0.912224 -0.320327 16.300000
4.801280 0.905051 -0.396480 16.320000
5.450686 0.896264 -0.481691 16.340000
5.896034 0.885888 -0.555256 16.360000
5.091920 0.874134 -0.619459 16.380000
5.758949 0.861033 -0.690028 16.400000
6.114371 0.846648 -0.747727 16.420000
6.628838 0.831200 -0.796385 16.440000
6.416150 0.814892 -0.833651 16.460000
5.739725 0.797855 -0.869281 16.480000
5.696593 0.780057 -0.909700 16.500000
6.254576 0.761492 -0.945968 16.520000
6.330349 0.742331 -0.969325 16.540000
5.430292 0.722763 -0.986712 16.560000
6.045342 0.702760 -1.012721 16.580000
6.436726 0.682381 -1.024444 16.600000
7.084244 0.661876 -1.025244 16.620000
7.911379 0.641505 -1.011099 16.640000
7.385239 0.621594 -0.979186 16.660000
6.862346 0.602280 -0.951552 16.680000
7.428018 0.583474 -0.928427 16.700000
8.000000 0.565263 -0.891968 16.720000
8.000000 0.547915 -0.842295 16.740000
8.000000 0.531593 -0.789427 16.760000
7.513213 0.516357 -0.733698 16.780000
6.770455 0.502177 -0.683860 16.800000
7.589252 0.488889 -0.644632 16.820000
8.000000 0.476551 -0.588812 16.840000
8.000000 0.465420 -0.524014 16.860000
7.640699 0.455599 -0.457936 16.880000
7.068371 0.447045 -0.397332 16.900000
7.794477 0.439608 -0.346246 16.920000
7.415432 0.433330 -0.281525 16.940000
7.820158 0.428279 -0.223543 16.960000
7.457822 0.424461 -0.158357 16.980000
6.615744 0.421876 -0.100237 17.000000
7.439372 0.420294 -0.057997 17.020000
7.523326 0.419701 -0.001446 17.040000
7.633679 0.420244 0.055509 17.060000
7.862100 0.421932 0.113065 17.080000
8.000000 0.424797 0.173061 17.100000
8.000000 0.428866 0.233520 17.120000
7.191266 0.434122 0.291650 17.140000
6.932174 0.440370 0.332717 17.160000
5.988238 0.447368 0.366771 17.180000
6.421546 0.454856 0.381624 17.200000
7.173114 0.462697 0.402142 17.220000
7.958812 0.471060 0.433681 17.240000
7.899155 0.480165 0.476357 17.260000
8.000000 0.490082 0.514812 17.280000
8.000000 0.500753 0.551741 17.300000
8.000000 0.512129 0.585222 17.320000
7.097988 0.524139 0.615153 17.340000
7.065484 0.536556 0.626055 17.360000
6.191215 0.549154 0.633205 17.380000
5.759998 0.561715 0.622496 17.400000
6.630801 0.573964 0.601949 17.420000
5.841581 0.585923 0.593516 17.440000
6.476646 0.597557 0.569510 17.460000
7.394251 0.608793 0.553760 17.480000
7.521870 0.619841 0.550583 17.500000
7.656966 0.630820 0.546841 17.520000
7.488268 0.641719 0.542650 17.540000
7.315458 0.652482 0.533207 17.560000
8.000000 0.663004 0.518643 17.580000
7.358934 0.673320 0.512488 17.600000
6.392378 0.683388 0.494014 17.620000
5.834689 0.692918 0.458741 17.640000
6.394019 0.701643 0.413597 17.660000
6.947197 0.709540 0.375928 17.680000
7.279699 0.716757 0.345557 17.700000
7.645722 0.723405 0.319097 17.720000
8.000000 0.729569 0.297038 17.740000
8.000000 0.735333 0.279168 17.760000
8.000000 0.740728 0.260257 17.780000
8.000000 0.745737 0.240418 17.800000
8.000000 0.750340 0.219771 17.820000
8.000000 0.754523 0.198434 17.840000
8.000000 0.758273 0.176528 17.860000
8.000000 0.761581 0.154175 17.880000
7.697612 0.764438 0.131494 17.900000
7.733508 0.766796 0.104293 17.920000
6.953860 0.768615 0.077630 17.940000
7.546740 0.769791 0.040031 17.960000
7.160399 0.770305 0.011409 17.980000
7.903466 0.770196 -0.022188 18.000000
7.153957 0.769528 -0.044458 18.020000
7.969433 0.768315 -0.076723 18.040000
7.979190 0.766583 -0.096372 18.060000
8.000000 0.764467 -0.115013 18.080000
8.000000 0.761991 -0.132414 18.100000
8.000000 0.759177 -0.148809 18.120000
7.067381 0.756046 -0.164137 18.140000
7.334647 0.752484 -0.191787 18.160000
7.602982 0.748423 -0.214113 18.180000
7.984715 0.743969 -0.231066 18.200000
8.000000 0.739246 -0.240985 18.220000
8.000000 0.734341 -0.249279 18.240000
7.252002 0.729284 -0.256161 18.260000
7.315201 0.723993 -0.272687 18.280000
8.000000 0.718397 -0.286635 18.300000
8.000000 0.712641 -0.288698 18.320000
7.014698 0.706859 -0.289274 18.340000
6.990216 0.700931 -0.303251 18.360000
7.258532 0.694737 -0.315881 18.380000
6.994437 0.688348 -0.322670 18.400000
7.591318 0.681801 -0.331815 18.420000
8.000000 0.675180 -0.330007 18.440000
7.381196 0.668674 -0.320287 18.460000
8.000000 0.662281 -0.318786 18.480000
7.001704 0.656030 -0.306088 18.500000
7.741863 0.649889 -0.307798 18.520000
7.475458 0.643846 -0.296320 18.540000
6.559193 0.638002 -0.287830 18.560000
6.609539 0.632194 -0.292698 18.580000
7.349087 0.626312 -0.295299 18.600000
7.829602 0.620511 -0.284587 18.620000
8.000000 0.615014 -0.264957 18.640000
7.315582 0.609946 -0.241644 18.660000
6.787298 0.605242 -0.228704 18.680000
6.881778 0.600718 -0.223522 18.700000
7.781416 0.596322 -0.215844 18.720000
8.000000 0.592238 -0.192546 18.740000
7.895469 0.588660 -0.165166 18.760000
7.859566 0.585616 -0.139227 18.780000
8.000000 0.583086 -0.113703 18.800000
7.468201 0.581091 -0.085801 18.820000
6.547115 0.579565 -0.066823 18.840000
6.810608 0.578265 -0.063150 18.860000
6.540603 0.577084 -0.054887 18.880000
7.193732 0.576025 -0.051008 18.900000
7.645886 0.575154 -0.036127 18.920000
8.000000 0.574654 -0.013859 18.940000
8.000000 0.574656 0.013917 18.960000
8.000000 0.575207 0.041074 18.980000
7.658039 0.576294 0.067488 19.000000
6.852375 0.577844 0.087374 19.020000
7.005598 0.579649 0.093092 19.040000
7.325020 0.581589 0.100792 19.060000
7.117655 0.583730 0.113136 19.080000
7.967111 0.586075 0.121268 19.100000
7.645260 0.588716 0.142649 19.120000
8.000000 0.591720 0.157605 19.140000
7.984556 0.595072 0.177310 19.160000
7.064503 0.598802 0.195488 19.180000
6.426697 0.602732 0.197316 19.200000
5.483163 0.606584 0.187782 19.220000
5.497901 0.610084 0.162247 19.240000
6.194080 0.613075 0.136739 19.260000
6.027201 0.615666 0.122387 19.280000
5.776142 0.617941 0.105065 19.300000
5.337253 0.619827 0.083562 19.320000
6.053660 0.621213 0.055045 19.340000
6.739116 0.622147 0.038375 19.360000
7.195184 0.622860 0.032878 19.380000
8.000000 0.623535 0.034663 19.400000
8.000000 0.624375 0.049169 19.420000
7.731816 0.625499 0.063142 19.440000
8.000000 0.626853 0.072223 19.460000
7.811448 0.628427 0.085063 19.480000
8.000000 0.630221 0.094207 19.500000
7.669934 0.632221 0.105715 19.520000
7.720488 0.634392 0.111202 19.540000
7.802014 0.636673 0.116839 19.560000
7.462055 0.639074 0.123082 19.580000
7.615037 0.641537 0.123198 19.600000
6.653880 0.644022 0.125135 19.620000
6.304188 0.646386 0.111224 19.640000
6.981658 0.648414 0.091550 19.660000
7.277920 0.650155 0.082520 19.680000
8.000000 0.651760 0.077940 19.700000
8.000000 0.653384 0.084424 19.720000
7.105506 0.655133 0.090358 19.740000
7.639961 0.656854 0.081698 19.760000
7.922932 0.658484 0.081187 19.780000
8.000000 0.660143 0.084712 19.800000
8.000000 0.661881 0.088948 19.820000
7.122863 0.663698 0.092655 19.840000
7.848793 0.665446 0.082164 19.860000
8.000000 0.667096 0.082778 19.880000
7.775635 0.668778 0.085318 19.900000
8.000000 0.670471 0.083899 19.920000
8.000000 0.672167 0.085569 19.940000
8.000000 0.673891 0.086777 19.960000
7.701929 0.675635 0.087527 19.980000
