0.636767 -0.182001 0.349764 0.000000
0.285178 -0.174603 0.389674 0.020000
0.913441 -0.166498 0.420465 0.040000
0.650014 -0.157676 0.461316 0.060000
-0.059406 -0.148114 0.494463 0.080000
-0.175027 -0.138053 0.511181 0.100000
-0.434159 -0.127704 0.523334 0.120000
-1.091435 -0.117186 0.528139 0.140000
-0.951659 -0.106723 0.517877 0.160000
-0.213429 -0.096455 0.508549 0.180000
-0.771551 -0.086247 0.511971 0.200000
-0.938410 -0.076101 0.502334 0.220000
-1.498397 -0.066198 0.487639 0.240000
-0.501154 -0.056717 0.460276 0.260000
-0.408133 -0.047598 0.451363 0.280000
-1.118364 -0.038654 0.442711 0.300000
-0.999953 -0.030041 0.418466 0.320000
-0.281385 -0.021900 0.395416 0.340000
-0.776194 -0.014089 0.385501 0.360000
-0.621129 -0.006587 0.364495 0.380000
-1.325690 0.000515 0.345559 0.400000
-1.058018 0.007089 0.311716 0.420000
-0.770486 0.013034 0.282631 0.440000
-1.599315 0.018448 0.258716 0.460000
-1.677567 0.023214 0.217874 0.480000
-2.366308 0.027147 0.175452 0.500000
-1.680204 0.030096 0.119569 0.520000
-1.458031 0.032070 0.077902 0.540000
-0.710958 0.033260 0.041154 0.560000
-1.551549 0.033869 0.019750 0.580000
-2.043113 0.033886 -0.017931 0.600000
-1.244010 0.033059 -0.064519 0.620000
-0.813950 0.031471 -0.094130 0.640000
-1.099045 0.029386 -0.114286 0.660000
-0.911707 0.026849 -0.139240 0.680000
-0.129866 0.023860 -0.159455 0.700000
-1.103418 0.020633 -0.163185 0.720000
-1.001959 0.017144 -0.185470 0.740000
-1.828620 0.013242 -0.204589 0.760000
-2.420130 0.008804 -0.238893 0.780000
-1.945914 0.003579 -0.283298 0.800000
-1.766802 -0.002420 -0.316341 0.820000
-0.993116 -0.009026 -0.343958 0.840000
-1.056517 -0.016012 -0.354382 0.860000
-1.048787 -0.023204 -0.364477 0.880000
-0.096261 -0.030579 -0.372803 0.900000
-0.665610 -0.037916 -0.360675 0.920000
0.159807 -0.045111 -0.358645 0.940000
0.219479 -0.052089 -0.338947 0.960000
0.188862 -0.058651 -0.317148 0.980000
-0.270503 -0.064776 -0.295158 1.000000
0.627348 -0.070544 -0.281532 1.020000
1.024457 -0.075853 -0.249364 1.040000
1.320258 -0.080438 -0.209040 1.060000
1.943006 -0.084157 -0.162878 1.080000
1.126463 -0.086832 -0.104730 1.100000
2.078412 -0.088512 -0.063431 1.120000
2.388737 -0.089184 -0.003945 1.140000
2.197986 -0.088616 0.060495 1.160000
2.055665 -0.086812 0.119671 1.180000
1.558005 -0.083869 0.174415 1.200000
2.337728 -0.079946 0.217597 1.220000
2.613904 -0.075022 0.274477 1.240000
3.359041 -0.068926 0.334639 1.260000
4.003835 -0.061505 0.407051 1.280000
4.699817 -0.052536 0.489225 1.300000
5.604861 -0.041821 0.581674 1.320000
5.239682 -0.029117 0.687980 1.340000
5.890532 -0.014406 0.782332 1.360000
5.170396 0.002273 0.884683 1.380000
5.369390 0.020802 0.967319 1.400000
6.050449 0.040969 1.048461 1.420000
6.826854 0.062837 1.137299 1.440000
5.990708 0.086573 1.235122 1.460000
5.510987 0.112030 1.309480 1.480000
6.451513 0.138812 1.367552 1.500000
7.123137 0.166872 1.437199 1.520000
6.471966 0.196381 1.512429 1.540000
6.457297 0.227188 1.566986 1.560000
5.768263 0.259005 1.613353 1.580000
5.433841 0.291537 1.638575 1.600000
4.923134 0.324434 1.649829 1.620000
4.699339 0.357385 1.644139 1.640000
4.048107 0.390111 1.627343 1.660000
4.496191 0.422315 1.592054 1.680000
3.962609 0.453834 1.558813 1.700000
3.755556 0.484533 1.510163 1.720000
3.677650 0.514169 1.452592 1.740000
3.287279 0.542591 1.388861 1.760000
3.425291 0.569628 1.314173 1.780000
3.784647 0.595156 1.238029 1.800000
3.003780 0.619185 1.164313 1.820000
3.368332 0.641581 1.074886 1.840000
2.553282 0.662223 0.988856 1.860000
1.675904 0.680994 0.888069 1.880000
1.185525 0.697602 0.772640 1.900000
2.008690 0.711823 0.649477 1.920000
1.865163 0.723707 0.538914 1.940000
0.994730 0.733361 0.426570 1.960000
1.549151 0.740647 0.302257 1.980000
1.614406 0.745543 0.187537 2.000000
2.388622 0.748169 0.075424 2.020000
1.934320 0.748685 -0.023491 2.040000
2.469299 0.747177 -0.126955 2.060000
3.200277 0.743702 -0.220165 2.080000
3.750227 0.738495 -0.300083 2.100000
4.222282 0.731797 -0.369231 2.120000
3.683929 0.723814 -0.428604 2.140000
4.289593 0.714592 -0.493094 2.160000
3.779988 0.704203 -0.545297 2.180000
4.318155 0.692724 -0.601976 2.200000
3.989229 0.680230 -0.646924 2.220000
4.663825 0.666820 -0.693422 2.240000
3.743165 0.652623 -0.725660 2.260000
2.785633 0.637672 -0.768765 2.280000
2.257725 0.621745 -0.823254 2.300000
1.978673 0.604685 -0.882081 2.320000
1.171197 0.586446 -0.941051 2.340000
1.053293 0.566939 -1.008797 2.360000
0.711117 0.546107 -1.073630 2.380000
1.223374 0.523970 -1.139211 2.400000
2.039369 0.500662 -1.190669 2.420000
1.176621 0.476521 -1.222522 2.440000
1.384131 0.451644 -1.264342 2.460000
2.159469 0.426022 -1.296946 2.480000
2.077599 0.399943 -1.309976 2.500000
1.197383 0.373643 -1.319131 2.520000
1.861202 0.347050 -1.339243 2.540000
2.780421 0.320235 -1.341443 2.560000
2.888074 0.293602 -1.321009 2.580000
3.797698 0.267448 -1.293606 2.600000
3.082778 0.242063 -1.244097 2.620000
3.009035 0.217573 -1.204208 2.640000
2.830486 0.193908 -1.161658 2.660000
2.254472 0.171098 -1.118737 2.680000
2.727246 0.149070 -1.083427 2.700000
2.146806 0.127878 -1.035250 2.720000
1.378946 0.107567 -0.995308 2.740000
1.344063 0.087934 -0.967348 2.760000
1.112060 0.068887 -0.936845 2.780000
1.482119 0.050435 -0.907868 2.800000
1.526509 0.032666 -0.868611 2.820000
2.416656 0.015717 -0.825868 2.840000
1.734492 -0.000176 -0.763146 2.860000
2.327272 -0.014933 -0.712204 2.880000
3.301312 -0.028535 -0.647787 2.900000
2.660050 -0.040643 -0.562887 2.920000
2.563281 -0.051175 -0.490193 2.940000
3.095771 -0.060267 -0.418976 2.960000
2.583974 -0.067827 -0.337057 2.980000
2.183864 -0.073853 -0.265585 3.000000
2.131299 -0.078532 -0.202416 3.020000
3.044010 -0.081963 -0.140765 3.040000
3.865522 -0.083987 -0.061801 3.060000
3.520269 -0.084282 0.032031 3.080000
4.493104 -0.082787 0.117077 3.100000
5.438416 -0.079420 0.219188 3.120000
5.688928 -0.073852 0.337111 3.140000
6.091761 -0.065910 0.456392 3.160000
6.156189 -0.055543 0.579569 3.180000
5.573816 -0.042745 0.699412 3.200000
5.353406 -0.027716 0.802725 3.220000
5.270753 -0.010714 0.896567 3.240000
6.071564 0.008095 0.983456 3.260000
5.613732 0.028746 1.080635 3.280000
5.797864 0.051189 1.162572 3.300000
5.689614 0.075244 1.241884 3.320000
6.404068 0.100799 1.312473 3.340000
7.079654 0.127839 1.390345 3.360000
6.388605 0.156496 1.474107 3.380000
6.818018 0.186615 1.536443 3.400000
6.586276 0.217986 1.599290 3.420000
7.031061 0.250487 1.649441 3.440000
7.576167 0.283993 1.699821 3.460000
7.549739 0.318525 1.751847 3.480000
7.730411 0.354002 1.794248 3.500000
7.108350 0.390267 1.830753 3.520000
7.653547 0.427055 1.846541 3.540000
8.000000 0.464167 1.863079 3.560000
8.000000 0.501577 1.876369 3.580000
7.040954 0.539158 1.880158 3.600000
7.724269 0.576559 1.858461 3.620000
7.753877 0.613553 1.839521 3.640000
7.693343 0.650087 1.812356 3.660000
8.000000 0.685982 1.775826 3.680000
7.498411 0.721113 1.735890 3.700000
6.545022 0.755291 1.680718 3.720000
5.766102 0.788158 1.604957 3.740000
5.813980 0.819342 1.512663 3.760000
6.174155 0.848639 1.416303 3.780000
6.026804 0.876013 1.320409 3.800000
6.034950 0.901412 1.218816 3.820000
5.869690 0.924746 1.114119 3.840000
5.569913 0.945939 1.004826 3.860000
6.361203 0.964891 0.890099 3.880000
7.031074 0.981623 0.782869 3.900000
7.240343 0.996271 0.681718 3.920000
7.569319 1.008907 0.581766 3.940000
6.817116 1.019572 0.484617 3.960000
6.664748 1.028212 0.379432 3.980000
6.930214 1.034737 0.273144 4.000000
7.400929 1.039171 0.170472 4.020000
7.676906 1.041611 0.073805 4.040000
7.662592 1.042161 -0.018524 4.060000
8.000000 1.040882 -0.109083 4.080000
8.000000 1.037847 -0.193968 4.100000
8.000000 1.033140 -0.276260 4.120000
7.923932 1.026816 -0.355621 4.140000
8.000000 1.018929 -0.432518 4.160000
7.702145 1.009547 -0.505061 4.180000
8.000000 0.998721 -0.576934 4.200000
8.000000 0.986530 -0.641472 4.220000
8.000000 0.973091 -0.701665 4.240000
7.309047 0.958494 -0.757297 4.260000
7.634461 0.942751 -0.816120 4.280000
7.137259 0.925920 -0.866181 4.300000
7.871234 0.908078 -0.917121 4.320000
7.405440 0.889360 -0.953778 4.340000
7.511858 0.869904 -0.990945 4.360000
8.000000 0.849773 -1.021303 4.380000
7.694280 0.829153 -1.039712 4.400000
8.000000 0.808179 -1.056737 4.420000
8.000000 0.786963 -1.064041 4.440000
7.515832 0.765654 -1.065899 4.460000
7.146827 0.744292 -1.069377 4.480000
7.283256 0.722860 -1.073003 4.500000
7.369820 0.701427 -1.069383 4.520000
8.000000 0.680132 -1.059356 4.540000
8.000000 0.659184 -1.034614 4.560000
8.000000 0.638778 -1.005181 4.580000
8.000000 0.619006 -0.971303 4.600000
8.000000 0.599954 -0.933243 4.620000
7.511184 0.581703 -0.891279 4.640000
8.000000 0.564246 -0.853833 4.660000
8.000000 0.547654 -0.804757 4.680000
8.000000 0.532076 -0.752660 4.700000
7.007044 0.517566 -0.697869 4.720000
7.884971 0.504005 -0.657856 4.740000
7.503053 0.491420 -0.600255 4.760000
6.922430 0.479939 -0.547540 4.780000
7.845353 0.469427 -0.503452 4.800000
7.334181 0.459975 -0.441545 4.820000
7.119846 0.451680 -0.387802 4.840000
7.849132 0.444430 -0.337101 4.860000
8.000000 0.438331 -0.272767 4.880000
7.763944 0.433547 -0.205683 4.900000
7.797018 0.430059 -0.143171 4.920000
6.919953 0.427822 -0.080614 4.940000
7.464932 0.426670 -0.034701 4.960000
7.720543 0.426528 0.020282 4.980000
7.866944 0.427520 0.078682 5.000000
7.995321 0.429691 0.138184 5.020000
8.000000 0.433058 0.198148 5.040000
7.046899 0.437604 0.256047 5.060000
7.987430 0.443112 0.294498 5.080000
7.344240 0.449538 0.347590 5.100000
8.000000 0.456883 0.386497 5.120000
8.000000 0.465097 0.434413 5.140000
8.000000 0.474239 0.479257 5.160000
7.931171 0.484246 0.520865 5.180000
7.553921 0.495039 0.557892 5.200000
6.742589 0.506472 0.584901 5.220000
6.573809 0.518272 0.594551 5.240000
6.506798 0.530206 0.598330 5.260000
6.748362 0.542175 0.598104 5.280000
6.810044 0.554152 0.599180 5.300000
6.025903 0.566133 0.598449 5.320000
6.823385 0.577940 0.581863 5.340000
7.041993 0.589525 0.576123 5.360000
7.918385 0.601004 0.571354 5.380000
7.087521 0.612504 0.578196 5.400000
7.921498 0.623977 0.568630 5.420000
8.000000 0.635367 0.569867 5.440000
7.222338 0.646765 0.569484 5.460000
7.375431 0.658004 0.554033 5.480000
8.000000 0.668935 0.538605 5.500000
8.000000 0.679630 0.530521 5.520000
8.000000 0.690139 0.519940 5.540000
7.006104 0.700412 0.506965 5.560000
7.538828 0.710252 0.476738 5.580000
7.968373 0.719550 0.452803 5.600000
8.000000 0.728416 0.433497 5.620000
8.000000 0.736883 0.412874 5.640000
8.000000 0.744920 0.390594 5.660000
7.832460 0.752497 0.366803 5.680000
7.518472 0.759559 0.339239 5.700000
8.000000 0.766013 0.306051 5.720000
7.589431 0.771864 0.278879 5.740000
7.065010 0.777105 0.245049 5.760000
7.132592 0.781589 0.203314 5.780000
6.536276 0.785246 0.162392 5.800000
5.883623 0.788001 0.113179 5.820000
5.650948 0.789685 0.055324 5.840000
6.605431 0.790187 -0.004868 5.860000
7.447061 0.789631 -0.050554 5.880000
8.000000 0.788291 -0.083371 5.900000
8.000000 0.786381 -0.107415 5.920000
7.314523 0.784001 -0.130448 5.940000
8.000000 0.781074 -0.161991 5.960000
7.199897 0.777627 -0.182486 5.980000
6.819315 0.773670 -0.212967 6.000000
6.065145 0.769065 -0.247227 6.020000
5.898475 0.763685 -0.290405 6.040000
6.715673 0.757439 -0.333820 6.060000
7.261413 0.750466 -0.363113 6.080000
8.000000 0.743009 -0.382212 6.100000
8.000000 0.735301 -0.388298 6.120000
8.000000 0.727491 -0.392321 6.140000
7.452839 0.719622 -0.394302 6.160000
7.223643 0.711651 -0.402440 6.180000
8.000000 0.703504 -0.411905 6.200000
8.000000 0.695307 -0.407448 6.220000
8.000000 0.687219 -0.401038 6.240000
8.000000 0.679278 -0.392748 6.260000
7.447463 0.671521 -0.382654 6.280000
7.945198 0.663897 -0.379429 6.300000
7.271077 0.656434 -0.366640 6.320000
7.957019 0.649136 -0.362869 6.340000
7.031605 0.642039 -0.346579 6.360000
6.150682 0.635134 -0.343582 6.380000
5.488790 0.628165 -0.353071 6.400000
5.913805 0.620917 -0.371382 6.420000
5.048673 0.613392 -0.380832 6.440000
5.474814 0.605556 -0.402408 6.460000
5.862389 0.597380 -0.414863 6.480000
5.693785 0.589039 -0.418877 6.500000
5.145366 0.580610 -0.423701 6.520000
5.530838 0.572013 -0.435630 6.540000
5.332227 0.563263 -0.438991 6.560000
5.510268 0.554433 -0.443663 6.580000
6.394634 0.545560 -0.443283 6.600000
6.695750 0.536865 -0.425941 6.620000
6.866897 0.528585 -0.401839 6.640000
6.690709 0.520831 -0.373399 6.660000
6.438101 0.513627 -0.346791 6.680000
7.241446 0.506923 -0.323449 6.700000
7.325573 0.500835 -0.285151 6.720000
7.080622 0.495535 -0.244787 6.740000
7.134434 0.491004 -0.208317 6.760000
6.774645 0.487214 -0.170642 6.780000
7.473556 0.484115 -0.139198 6.800000
8.000000 0.481769 -0.095478 6.820000
8.000000 0.480386 -0.042929 6.840000
7.271925 0.480046 0.008789 6.860000
7.702583 0.480602 0.046664 6.880000
7.204634 0.481982 0.091120 6.900000
6.485824 0.484151 0.125529 6.920000
6.992359 0.486868 0.146080 6.940000
6.469289 0.490075 0.174398 6.960000
5.498183 0.493744 0.192209 6.980000
6.238995 0.497586 0.191876 7.000000
6.180879 0.501542 0.203562 7.020000
6.758442 0.505710 0.213076 7.040000
6.024881 0.510158 0.231411 7.060000
6.488474 0.514830 0.235648 7.080000
6.027886 0.519656 0.246701 7.100000
5.193727 0.524610 0.248491 7.120000
4.673994 0.529445 0.234849 7.140000
4.422444 0.533910 0.211583 7.160000
3.668474 0.537862 0.183593 7.180000
4.300387 0.541123 0.142581 7.200000
5.004820 0.543674 0.112509 7.220000
4.690051 0.545744 0.094481 7.240000
4.945802 0.547400 0.071080 7.260000
4.952965 0.548632 0.052156 7.280000
5.051326 0.549488 0.033503 7.300000
5.463428 0.549990 0.016733 7.320000
6.091949 0.550229 0.007173 7.340000
6.327431 0.550385 0.008371 7.360000
5.652889 0.550603 0.013479 7.380000
5.418699 0.550808 0.007049 7.400000
4.853274 0.550846 -0.003233 7.420000
5.574202 0.550585 -0.022830 7.440000
5.466548 0.550058 -0.029783 7.460000
5.075984 0.549377 -0.038281 7.480000
4.355564 0.548463 -0.053033 7.500000
4.501693 0.547137 -0.079431 7.520000
3.507858 0.545316 -0.102501 7.540000
4.429795 0.542874 -0.141504 7.560000
4.311222 0.539822 -0.163529 7.580000
4.275214 0.536320 -0.186441 7.600000
3.680226 0.532367 -0.208728 7.620000
3.957328 0.527878 -0.239853 7.640000
4.564744 0.522831 -0.264639 7.660000
4.084115 0.517408 -0.277408 7.680000
3.419406 0.511661 -0.297019 7.700000
3.265568 0.505423 -0.326490 7.720000
2.905611 0.498587 -0.356723 7.740000
2.951323 0.491104 -0.391190 7.760000
3.512596 0.482962 -0.422625 7.780000
4.089508 0.474314 -0.441897 7.800000
3.220387 0.465403 -0.448803 7.820000
3.975132 0.456220 -0.469094 7.840000
3.060259 0.446790 -0.473648 7.860000
2.757841 0.437124 -0.492496 7.880000
2.725802 0.427051 -0.514420 7.900000
3.354935 0.416558 -0.534440 7.920000
3.641550 0.405805 -0.540523 7.940000
3.088867 0.395005 -0.539051 7.960000
2.314281 0.384156 -0.545497 7.980000
2.905415 0.373058 -0.563844 8.000000
2.972432 0.361729 -0.568686 8.020000
3.920041 0.350339 -0.569894 8.040000
3.482651 0.339126 -0.551123 8.060000
3.526057 0.328225 -0.538600 8.080000
4.250057 0.317603 -0.523293 8.100000
3.689348 0.307442 -0.492500 8.120000
4.529711 0.297806 -0.470836 8.140000
4.825695 0.288779 -0.431734 8.160000
4.247379 0.280600 -0.385958 8.180000
4.052269 0.273235 -0.350454 8.200000
3.591931 0.266550 -0.317905 8.220000
3.428898 0.260435 -0.293472 8.240000
3.507891 0.254785 -0.271434 8.260000
4.502219 0.249597 -0.247206 8.280000
3.937030 0.245091 -0.203368 8.300000
4.366299 0.241354 -0.170398 8.320000
4.393771 0.238359 -0.129125 8.340000
4.440019 0.236192 -0.087602 8.360000
3.992286 0.234860 -0.045644 8.380000
4.913403 0.234275 -0.012943 8.400000
5.025728 0.234517 0.036892 8.420000
5.143613 0.235765 0.087746 8.440000
4.606419 0.238040 0.139489 8.460000
4.378903 0.241230 0.179288 8.480000
5.126094 0.245157 0.213176 8.500000
4.306807 0.249891 0.259836 8.520000
3.691393 0.255380 0.288768 8.540000
3.668074 0.261311 0.304145 8.560000
3.514432 0.267531 0.317517 8.580000
3.628329 0.273972 0.326386 8.600000
3.131845 0.280598 0.335904 8.620000
3.581423 0.287303 0.334417 8.640000
3.711134 0.294051 0.340121 8.660000
3.290064 0.300923 0.346763 8.680000
2.702087 0.307831 0.343889 8.700000
1.822034 0.314558 0.328589 8.720000
1.175399 0.320802 0.295728 8.740000
0.698857 0.326262 0.250230 8.760000
0.345488 0.330721 0.195751 8.780000
-0.365436 0.334028 0.135004 8.800000
-0.764520 0.335993 0.061674 8.820000
-0.218228 0.336428 -0.017882 8.840000
-0.180426 0.335391 -0.085594 8.860000
-0.714294 0.333023 -0.150946 8.880000
-0.939155 0.329265 -0.224445 8.900000
-1.644612 0.324018 -0.299899 8.920000
-1.488875 0.317153 -0.386040 8.940000
-1.667183 0.308626 -0.466199 8.960000
-2.499438 0.298493 -0.546496 8.980000
-3.042488 0.286631 -0.639053 9.000000
-2.149823 0.272854 -0.737905 9.020000
-1.659893 0.257316 -0.815233 9.040000
-1.306812 0.240369 -0.878751 9.060000
-1.533865 0.222263 -0.931036 9.080000
-1.434156 0.203113 -0.983260 9.100000
-2.165532 0.182983 -1.028897 9.120000
-1.478094 0.161845 -1.084069 9.140000
-1.207051 0.139790 -1.120698 9.160000
-1.674178 0.117104 -1.147068 9.180000
-2.261482 0.093847 -1.177752 9.200000
-2.552206 0.069911 -1.214936 9.220000
-2.569115 0.045228 -1.252500 9.240000
-2.332432 0.019845 -1.284857 9.260000
-1.831719 -0.006082 -1.306932 9.280000
-2.352428 -0.032296 -1.313586 9.300000
-1.392171 -0.058694 -1.325277 9.320000
-1.379580 -0.085081 -1.312579 9.340000
-2.070583 -0.111162 -1.294750 9.360000
-2.512446 -0.136976 -1.285771 9.380000
-2.872350 -0.162647 -1.280530 9.400000
-2.655085 -0.188234 -1.277296 9.420000
-3.183960 -0.213663 -1.264775 9.440000
-3.161783 -0.238895 -1.257622 9.460000
-3.824559 -0.263930 -1.245071 9.480000
-3.590350 -0.288793 -1.240315 9.500000
-3.303382 -0.313465 -1.226080 9.520000
-2.708662 -0.337750 -1.201686 9.540000
-1.805197 -0.361391 -1.161799 9.560000
-2.741719 -0.384029 -1.101396 9.580000
-3.467249 -0.405599 -1.055038 9.600000
-3.336194 -0.426340 -1.018517 9.620000
-3.498762 -0.446293 -0.976193 9.640000
-2.521866 -0.465396 -0.933622 9.660000
-2.408963 -0.483445 -0.870883 9.680000
-2.925148 -0.500197 -0.804020 9.700000
-2.109799 -0.515684 -0.744301 9.720000
-1.562437 -0.529817 -0.668849 9.740000
-2.287859 -0.542337 -0.583058 9.760000
-2.630464 -0.553260 -0.509095 9.780000
-2.261793 -0.562756 -0.440425 9.800000
-2.129731 -0.570813 -0.365270 9.820000
-2.862600 -0.577345 -0.288040 9.840000
-3.561300 -0.582459 -0.223400 9.860000
-4.135698 -0.586400 -0.170709 9.880000
-4.666265 -0.589385 -0.127833 9.900000
-4.147201 -0.591603 -0.093998 9.920000
-3.334340 -0.593061 -0.051912 9.940000
-3.849059 -0.593550 0.002889 9.960000
-4.612135 -0.593038 0.048150 9.980000
-4.283734 -0.591757 0.079792 10.000000
-5.050377 -0.589798 0.115866 10.020000
-4.874812 -0.587257 0.138126 10.040000
-4.960747 -0.584251 0.162240 10.060000
-4.204810 -0.580789 0.183759 10.080000
-3.363749 -0.576783 0.216579 10.100000
-3.201969 -0.571996 0.261819 10.120000
-3.397462 -0.566296 0.307817 10.140000
-3.936450 -0.559730 0.348416 10.160000
-4.296357 -0.552465 0.377758 10.180000
-4.653925 -0.544695 0.398886 10.200000
-5.293096 -0.536584 0.411855 10.220000
-5.859980 -0.528344 0.411909 10.240000
-6.414480 -0.520218 0.400436 10.260000
-5.613324 -0.512433 0.377840 10.280000
-4.699263 -0.504974 0.367787 10.300000
-4.097003 -0.497572 0.372150 10.320000
-5.048862 -0.489994 0.385321 10.340000
-5.467556 -0.482338 0.379965 10.360000
-5.806890 -0.474879 0.365704 10.380000
-6.229608 -0.467779 0.344119 10.400000
-5.455636 -0.461197 0.313934 10.420000
-5.138869 -0.455090 0.296648 10.440000
-5.335488 -0.449281 0.284026 10.460000
-4.432072 -0.443770 0.266901 10.480000
-4.791883 -0.438448 0.265103 10.500000
-4.787783 -0.433238 0.255757 10.520000
-4.290875 -0.428224 0.245566 10.540000
-4.898417 -0.423331 0.243471 10.560000
-4.838517 -0.418601 0.229415 10.580000
-3.972212 -0.414149 0.215727 10.600000
-3.143800 -0.409819 0.217085 10.620000
-4.122660 -0.405321 0.232556 10.640000
-3.560186 -0.400704 0.228960 10.660000
-3.001319 -0.396065 0.234730 10.680000
-2.327576 -0.391219 0.249631 10.700000
-2.299641 -0.385965 0.275566 10.720000
-2.569057 -0.380202 0.300414 10.740000
-2.943462 -0.374009 0.318629 10.760000
-2.342745 -0.367537 0.328309 10.780000
-3.104419 -0.360776 0.347579 10.800000
-3.706675 -0.353788 0.350972 10.820000
-2.759254 -0.346859 0.341676 10.840000
-2.912498 -0.339952 0.348801 10.860000
-3.323250 -0.332946 0.351519 10.880000
-2.559590 -0.325978 0.345071 10.900000
-2.621214 -0.319008 0.351669 10.920000
-3.089393 -0.311933 0.355570 10.940000
-3.636204 -0.304884 0.349140 10.960000
-4.024963 -0.298080 0.331085 10.980000
-3.101612 -0.291721 0.304659 11.000000
-2.689826 -0.285722 0.294999 11.020000
-2.631654 -0.279849 0.292155 11.040000
-2.417699 -0.274033 0.289300 11.060000
-2.555698 -0.268243 0.289417 11.080000
-2.839163 -0.262490 0.285742 11.100000
-2.486472 -0.256875 0.275572 11.120000
-2.360063 -0.251405 0.271245 11.140000
-3.134574 -0.246008 0.268343 11.160000
-2.219402 -0.240828 0.249554 11.180000
-3.020958 -0.235853 0.247719 11.200000
-2.609688 -0.231080 0.229505 11.220000
-1.771149 -0.226597 0.218647 11.240000
-1.845088 -0.222176 0.223304 11.260000
-1.390919 -0.217686 0.225562 11.280000
-1.774410 -0.213072 0.235664 11.300000
-2.383469 -0.208341 0.237224 11.320000
-1.423965 -0.203708 0.226021 11.340000
-2.230108 -0.199118 0.232741 11.360000
-2.469517 -0.194562 0.222773 11.380000
-2.589453 -0.190259 0.207466 11.400000
-2.116490 -0.186290 0.189301 11.420000
-2.939304 -0.182597 0.179940 11.440000
-2.605096 -0.179257 0.154033 11.460000
-2.137184 -0.176371 0.134528 11.480000
-1.335889 -0.173785 0.123989 11.500000
-1.023850 -0.171257 0.128787 11.520000
-0.507001 -0.168577 0.139072 11.540000
-0.744584 -0.165598 0.158698 11.560000
-0.943040 -0.162282 0.172683 11.580000
-1.669505 -0.158735 0.181846 11.600000
-2.060092 -0.155157 0.175921 11.620000
-1.314901 -0.151779 0.161783 11.640000
-1.648319 -0.148542 0.161864 11.660000
-1.051000 -0.145374 0.154784 11.680000
-0.751087 -0.142236 0.158932 11.700000
-1.614598 -0.138963 0.168255 11.720000
-0.931010 -0.135681 0.159814 11.740000
-0.834749 -0.132439 0.164317 11.760000
-0.925075 -0.129094 0.169979 11.780000
-0.832439 -0.125662 0.173095 11.800000
-0.782903 -0.122157 0.177295 11.820000
-0.225338 -0.118566 0.181694 11.840000
0.207009 -0.114785 0.196258 11.860000
0.180956 -0.110637 0.218276 11.880000
-0.774158 -0.106067 0.238506 11.900000
-0.677890 -0.101295 0.238618 11.920000
0.209848 -0.096510 0.239696 11.940000
0.750400 -0.091538 0.257309 11.960000
1.670687 -0.086119 0.284236 11.980000
1.854499 -0.079997 0.327687 12.000000
2.294741 -0.072990 0.372653 12.020000
1.322595 -0.065019 0.423999 12.040000
1.507057 -0.056240 0.453508 12.060000
2.110236 -0.046857 0.484336 12.080000
2.841172 -0.036763 0.524615 12.100000
3.232407 -0.025747 0.576535 12.120000
3.053945 -0.013646 0.632948 12.140000
3.831623 -0.000488 0.682268 12.160000
3.181334 0.013775 0.743353 12.180000
3.534226 0.029090 0.787464 12.200000
4.320407 0.045317 0.834597 12.220000
3.934220 0.062602 0.893043 12.240000
4.208307 0.080931 0.939156 12.260000
4.521393 0.100191 0.986006 12.280000
4.957326 0.120401 1.034116 12.300000
4.084611 0.141607 1.085620 12.320000
4.819896 0.163617 1.114565 12.340000
4.798970 0.186299 1.152704 12.360000
4.729554 0.209684 1.184880 12.380000
4.732536 0.233644 1.210114 12.400000
4.638146 0.258052 1.229814 12.420000
4.857780 0.282781 1.242123 12.440000
4.244617 0.307742 1.253081 12.460000
3.801395 0.332751 1.246945 12.480000
4.242899 0.357503 1.227421 12.500000
3.776491 0.381899 1.211322 12.520000
4.617836 0.405838 1.181901 12.540000
4.626606 0.429299 1.163370 12.560000
3.824033 0.452344 1.140373 12.580000
4.051150 0.474741 1.098736 12.600000
3.231913 0.496308 1.057346 12.620000
4.150434 0.516869 0.998188 12.640000
3.250462 0.536375 0.951915 12.660000
2.607133 0.554772 0.887363 12.680000
3.256542 0.571746 0.809798 12.700000
2.435689 0.587261 0.741427 12.720000
3.004894 0.601258 0.658028 12.740000
2.633106 0.613670 0.583064 12.760000
2.620629 0.624515 0.501344 12.780000
3.394085 0.633720 0.419158 12.800000
3.277733 0.641405 0.349330 12.820000
2.529824 0.647675 0.277677 12.840000
3.198081 0.652396 0.194586 12.860000
4.135632 0.655570 0.122916 12.880000
4.326468 0.657467 0.066887 12.900000
5.277029 0.658281 0.014684 12.920000
5.678329 0.658210 -0.021668 12.940000
5.643671 0.657483 -0.050922 12.960000
5.399855 0.656173 -0.079914 12.980000
5.694130 0.654254 -0.111803 13.000000
5.381005 0.651755 -0.137945 13.020000
4.516494 0.648694 -0.167887 13.040000
5.128445 0.644911 -0.210151 13.060000
4.650005 0.640397 -0.241008 13.080000
5.407016 0.635205 -0.277817 13.100000
4.900070 0.629418 -0.300644 13.120000
5.224236 0.623110 -0.329823 13.140000
5.190015 0.616291 -0.351791 13.160000
4.644163 0.609046 -0.372343 13.180000
3.772017 0.601321 -0.399748 13.200000
4.734605 0.592928 -0.439186 13.220000
4.651039 0.583930 -0.460220 13.240000
3.987427 0.574521 -0.480257 13.260000
4.001463 0.564625 -0.508909 13.280000
4.803954 0.554185 -0.534661 13.300000
4.284881 0.543392 -0.544145 13.320000
4.309670 0.532347 -0.559921 13.340000
3.646479 0.521018 -0.572606 13.360000
3.902966 0.509346 -0.594046 13.380000
4.873592 0.497319 -0.608186 13.400000
5.763775 0.485207 -0.602588 13.420000
4.836854 0.473389 -0.578862 13.440000
5.136585 0.461903 -0.569376 13.460000
5.544454 0.450683 -0.552290 13.480000
4.836552 0.439898 -0.525841 13.500000
4.919466 0.429534 -0.510283 13.520000
5.646637 0.419515 -0.491331 13.540000
5.891408 0.410024 -0.457455 13.560000
6.607246 0.401270 -0.417764 13.580000
6.851751 0.393452 -0.363925 13.600000
7.612167 0.386762 -0.305010 13.620000
6.783106 0.381393 -0.231902 13.640000
6.925191 0.377331 -0.174385 13.660000
5.992518 0.374442 -0.114590 13.680000
6.252496 0.372570 -0.072633 13.700000
6.800986 0.371581 -0.026388 13.720000
5.900003 0.371611 0.029171 13.740000
4.928009 0.372573 0.066890 13.760000
5.607525 0.374100 0.085655 13.780000
4.931819 0.376120 0.116189 13.800000
4.674990 0.378615 0.133175 13.820000
4.796393 0.381394 0.144530 13.840000
4.560797 0.384413 0.157267 13.860000
5.329083 0.387635 0.164757 13.880000
5.401731 0.391139 0.185457 13.900000
4.704048 0.395058 0.206262 13.920000
5.184345 0.399253 0.213016 13.940000
6.045460 0.403660 0.227469 13.960000
5.355609 0.408500 0.256293 13.980000
5.702247 0.413774 0.270879 14.000000
4.995426 0.419388 0.290255 14.020000
5.544044 0.425245 0.295195 14.040000
5.706944 0.431286 0.308629 14.060000
5.873711 0.437609 0.323349 14.080000
4.939523 0.444238 0.339316 14.100000
4.054523 0.451002 0.336777 14.120000
3.770418 0.457542 0.317089 14.140000
3.211030 0.463629 0.291428 14.160000
3.791241 0.469095 0.255182 14.180000
3.633825 0.473936 0.228852 14.200000
4.465437 0.478219 0.199328 14.220000
3.702947 0.482054 0.184165 14.240000
4.030305 0.485448 0.155163 14.260000
4.752504 0.488318 0.131820 14.280000
5.451139 0.490847 0.121002 14.300000
5.343065 0.493278 0.122060 14.320000
6.110699 0.495707 0.120673 14.340000
5.990905 0.498236 0.132132 14.360000
6.447492 0.500965 0.140680 14.380000
6.862635 0.503937 0.156338 14.400000
6.552127 0.507284 0.178148 14.420000
6.822116 0.511001 0.193323 14.440000
6.099393 0.515056 0.211952 14.460000
5.408424 0.519345 0.216785 14.480000
6.090493 0.523601 0.208679 14.500000
6.781563 0.527804 0.211482 14.520000
7.439354 0.532172 0.225061 14.540000
6.599887 0.536910 0.248513 14.560000
6.869532 0.541958 0.256046 14.580000
5.984250 0.547189 0.266798 14.600000
5.112636 0.552470 0.261141 14.620000
6.043772 0.557480 0.239753 14.640000
5.524619 0.562213 0.233353 14.660000
6.413277 0.566721 0.217338 14.680000
6.794985 0.571051 0.215487 14.700000
7.157193 0.575398 0.219019 14.720000
7.944003 0.579865 0.227452 14.740000
7.238129 0.584618 0.247628 14.760000
7.017183 0.589642 0.254548 14.780000
7.440779 0.594754 0.256477 14.800000
7.896947 0.599962 0.264075 14.820000
7.142360 0.605383 0.277672 14.840000
7.867738 0.610935 0.277368 14.860000
7.614137 0.616586 0.287471 14.880000
6.674650 0.622382 0.291862 14.900000
6.127091 0.628099 0.279662 14.920000
6.168169 0.633474 0.257642 14.940000
6.382011 0.638407 0.235537 14.960000
6.771441 0.642925 0.216186 14.980000
6.761880 0.647112 0.202375 15.000000
6.234664 0.651014 0.187734 15.020000
5.881920 0.654534 0.164213 15.040000
6.368650 0.657525 0.134875 15.060000
7.041089 0.660005 0.113126 15.080000
6.694446 0.662155 0.101789 15.100000
7.538237 0.664021 0.084785 15.120000
7.806183 0.665678 0.080859 15.140000
8.000000 0.667295 0.080783 15.160000
7.071967 0.668937 0.083317 15.180000
6.318495 0.670480 0.070989 15.200000
6.251766 0.671658 0.046891 15.220000
5.988703 0.672347 0.022022 15.240000
6.197500 0.672501 -0.006527 15.260000
5.685246 0.672122 -0.031249 15.280000
4.838045 0.671176 -0.063273 15.300000
4.306490 0.669466 -0.107518 15.320000
3.417908 0.666801 -0.158687 15.340000
3.021883 0.662990 -0.222028 15.360000
3.077709 0.657872 -0.289439 15.380000
2.868956 0.651438 -0.353539 15.400000
2.737390 0.643715 -0.418312 15.420000
3.585019 0.634704 -0.482308 15.440000
3.144886 0.624579 -0.529663 15.460000
2.168395 0.613466 -0.581067 15.480000
2.537460 0.601199 -0.645060 15.500000
3.194613 0.587749 -0.699358 15.520000
2.748942 0.573358 -0.739059 15.540000
2.946852 0.558136 -0.782504 15.560000
1.977506 0.542118 -0.818723 15.580000
2.313962 0.525248 -0.867525 15.600000
2.488559 0.507503 -0.906317 15.620000
2.962027 0.489054 -0.937830 15.640000
2.205728 0.470101 -0.956761 15.660000
3.042798 0.450677 -0.984906 15.680000
2.246202 0.430884 -0.993699 15.700000
1.811994 0.410813 -1.012702 15.720000
2.071722 0.390326 -1.035279 15.740000
2.854416 0.369479 -1.048639 15.760000
2.724878 0.348555 -1.043129 15.780000
2.501318 0.327757 -1.035940 15.800000
2.034107 0.307102 -1.028932 15.820000
1.700423 0.286538 -1.026790 15.840000
0.968616 0.265993 -1.026988 15.860000
1.669850 0.245345 -1.037166 15.880000
1.445949 0.224670 -1.029649 15.900000
1.642457 0.204141 -1.022563 15.920000
2.320169 0.183831 -1.007798 15.940000
1.427751 0.163986 -0.976154 15.960000
2.233306 0.144632 -0.958703 15.980000
1.746664 0.125819 -0.922043 16.000000
1.968962 0.107674 -0.892023 16.020000
2.656117 0.090202 -0.854712 16.040000
1.964648 0.073639 -0.801226 16.060000
2.201578 0.058030 -0.759290 16.080000
3.027949 0.043328 -0.710527 16.100000
3.297899 0.029785 -0.643606 16.120000
3.138736 0.017646 -0.570152 16.140000
3.021848 0.006952 -0.499076 16.160000
3.853314 -0.002337 -0.429780 16.180000
3.422133 -0.010072 -0.343736 16.200000
3.623283 -0.016175 -0.266600 16.220000
4.392708 -0.020699 -0.185982 16.240000
4.007729 -0.023467 -0.091023 16.260000
4.806342 -0.024427 -0.005211 16.280000
4.812878 -0.023528 0.094721 16.300000
5.540660 -0.020652 0.192440 16.320000
4.640692 -0.015704 0.301885 16.340000
4.399117 -0.008778 0.390193 16.360000
4.915513 -0.000166 0.470465 16.380000
4.306526 0.010121 0.557540 16.400000
4.185073 0.021989 0.628668 16.420000
4.194011 0.035217 0.693522 16.440000
4.382500 0.049705 0.754539 16.460000
3.537395 0.065408 0.815085 16.480000
3.466255 0.082111 0.854506 16.500000
3.408751 0.099547 0.888343 16.520000
4.043028 0.117605 0.916827 16.540000
3.446341 0.136316 0.953520 16.560000
2.777536 0.155598 0.973933 16.580000
2.568674 0.175114 0.976949 16.600000
3.150888 0.194609 0.971923 16.620000
2.887273 0.214079 0.974387 16.640000
2.038588 0.233507 0.967764 16.660000
2.046328 0.252600 0.941064 16.680000
1.834830 0.271129 0.911316 16.700000
0.992215 0.288993 0.874530 16.720000
0.569094 0.305932 0.819099 16.740000
-0.413205 0.321663 0.753674 16.760000
0.104631 0.335884 0.668321 16.780000
1.009896 0.348488 0.591898 16.800000
1.198157 0.359725 0.531624 16.820000
0.266483 0.369782 0.474018 16.840000
0.179677 0.378509 0.398596 16.860000
0.615648 0.385711 0.321621 16.880000
-0.272782 0.391456 0.252989 16.900000
0.529928 0.395670 0.168549 16.920000
0.629453 0.398352 0.099834 16.940000
1.261593 0.399688 0.033929 16.960000
0.668069 0.399833 -0.019273 16.980000
1.419666 0.398816 -0.082170 17.000000
1.314352 0.396694 -0.129807 17.020000
1.495890 0.393614 -0.177931 17.040000
2.147193 0.389621 -0.221109 17.060000
1.808382 0.384901 -0.250655 17.080000
1.075575 0.379543 -0.284855 17.100000
1.216558 0.373383 -0.330761 17.120000
1.040845 0.366353 -0.371911 17.140000
0.477987 0.358489 -0.414085 17.160000
1.188318 0.349701 -0.464307 17.180000
1.537894 0.340068 -0.498583 17.200000
2.424556 0.329840 -0.523745 17.220000
2.251556 0.319301 -0.529754 17.240000
2.024873 0.308632 -0.536788 17.260000
2.880534 0.297802 -0.545835 17.280000
2.515097 0.286977 -0.536337 17.300000
1.991740 0.276292 -0.531804 17.320000
2.252394 0.265618 -0.535209 17.340000
1.806125 0.254948 -0.531449 17.360000
2.143535 0.244288 -0.534205 17.380000
2.885651 0.233659 -0.528317 17.400000
3.282786 0.223312 -0.506143 17.420000
3.645655 0.213501 -0.474694 17.440000
3.057438 0.204404 -0.434913 17.460000
3.360742 0.195997 -0.405547 17.480000
2.743406 0.188248 -0.369232 17.500000
1.744689 0.181112 -0.344145 17.520000
1.828956 0.174293 -0.337625 17.540000
2.516170 0.167632 -0.328261 17.560000
3.225981 0.161304 -0.304372 17.580000
2.228768 0.155601 -0.265871 17.600000
3.073839 0.150476 -0.246564 17.620000
2.149413 0.145909 -0.210121 17.640000
1.989020 0.141890 -0.191659 17.660000
2.804131 0.138213 -0.175947 17.680000
3.236680 0.135015 -0.143871 17.700000
2.556512 0.132543 -0.103373 17.720000
2.714428 0.130744 -0.076604 17.740000
3.553244 0.129509 -0.046962 17.760000
3.345380 0.129028 -0.001260 17.780000
2.545561 0.129411 0.039463 17.800000
3.055522 0.130442 0.063528 17.820000
2.645270 0.132048 0.096869 17.840000
3.195613 0.134229 0.121114 17.860000
3.279864 0.136994 0.155188 17.880000
3.317456 0.140445 0.189614 17.900000
3.433704 0.144577 0.223333 17.920000
3.199387 0.149391 0.257759 17.940000
2.952758 0.154830 0.285879 17.960000
2.405989 0.160766 0.307472 17.980000
1.440734 0.167010 0.316727 18.000000
1.443596 0.173236 0.305712 18.020000
2.268307 0.179233 0.293773 18.040000
1.633741 0.185142 0.296969 18.060000
0.911960 0.190979 0.286584 18.080000
1.895361 0.196459 0.261262 18.100000
2.236239 0.201618 0.254505 18.120000
1.480960 0.206700 0.253481 18.140000
0.535530 0.211604 0.236850 18.160000
-0.082695 0.215986 0.201338 18.180000
-0.401867 0.219537 0.153812 18.200000
-0.885341 0.222079 0.100483 18.220000
-0.821106 0.223467 0.038503 18.240000
-1.603771 0.223639 -0.021153 18.260000
-1.312477 0.222478 -0.094653 18.280000
-2.091842 0.219921 -0.160729 18.300000
-2.875154 0.215910 -0.239964 18.320000
-3.563522 0.210187 -0.331913 18.340000
-4.359800 0.202520 -0.434194 18.360000
-3.743951 0.192688 -0.548372 18.380000
-4.340532 0.180733 -0.646407 18.400000
-4.450491 0.166743 -0.751832 18.420000
-4.557282 0.150670 -0.854656 18.440000
-4.336453 0.132570 -0.954482 18.460000
-5.206569 0.112570 -1.044551 18.480000
-5.698915 0.090653 -1.146138 18.500000
-6.493003 0.066669 -1.251211 18.520000
-7.373299 0.040492 -1.365237 18.540000
-7.193614 0.011934 -1.489266 18.560000
-7.247536 -0.018988 -1.601555 18.580000
-8.000000 -0.052082 -1.706385 18.600000
-8.000000 -0.087333 -1.817125 18.620000
-8.000000 -0.124702 -1.918144 18.640000
-8.000000 -0.163991 -2.009022 18.660000
-8.000000 -0.204993 -2.089371 18.680000
-7.514135 -0.247493 -2.158844 18.700000
-6.724186 -0.291179 -2.207881 18.720000
-7.587580 -0.335585 -2.230989 18.740000
-8.000000 -0.380509 -2.259511 18.760000
-7.139075 -0.425967 -2.284315 18.780000
-7.066405 -0.471650 -2.282225 18.800000
-7.313247 -0.517171 -2.268095 18.820000
-7.187395 -0.562346 -2.247650 18.840000
-6.745525 -0.606987 -2.214690 18.860000
-7.560121 -0.650796 -2.164664 18.880000
-7.837562 -0.693639 -2.118056 18.900000
-7.425727 -0.735497 -2.066146 18.920000
-7.328751 -0.776164 -1.999093 18.940000
-8.000000 -0.815392 -1.922375 18.960000
-8.000000 -0.853098 -1.846923 18.980000
-8.000000 -0.889218 -1.763847 19.000000
-7.949309 -0.923605 -1.673768 19.020000
-8.000000 -0.956120 -1.576737 19.040000
-7.033192 -0.986642 -1.474611 19.060000
-7.912115 -1.014967 -1.357138 19.080000
-8.000000 -1.040994 -1.244982 19.100000
-8.000000 -1.064751 -1.130101 19.120000
-7.864553 -1.086178 -1.012237 19.140000
-8.000000 -1.105212 -0.890816 19.160000
-8.000000 -1.121812 -0.768951 19.180000
-8.000000 -1.135963 -0.646009 19.200000
-7.888195 -1.147649 -0.522589 19.220000
-8.000000 -1.156858 -0.398372 19.240000
-7.903658 -1.163598 -0.275737 19.260000
-8.000000 -1.167888 -0.153553 19.280000
-8.000000 -1.169759 -0.033858 19.300000
-7.645776 -1.169257 0.083617 19.320000
-6.847829 -1.166405 0.201142 19.340000
-6.969342 -1.161170 0.321721 19.360000
-6.608165 -1.153570 0.437649 19.380000
-5.870084 -1.143662 0.552416 19.400000
-6.116789 -1.131442 0.668835 19.420000
-5.435152 -1.116962 0.778331 19.440000
-5.754887 -1.100283 0.888651 19.460000
-6.358560 -1.081482 0.990598 19.480000
-6.281419 -1.060755 1.081004 19.500000
-6.218042 -1.038275 1.165957 19.520000
-5.229096 -1.014154 1.245081 19.540000
-5.374192 -0.988412 1.328034 19.560000
-4.426599 -0.961094 1.402602 19.580000
-4.981672 -0.932245 1.481086 19.600000
-5.072978 -0.901964 1.545826 19.620000
-4.366978 -0.870473 1.602032 19.640000
-4.900866 -0.837842 1.659833 19.660000
-4.192031 -0.804202 1.702849 19.680000
-3.821085 -0.769681 1.747953 19.700000
-3.918843 -0.734282 1.790636 19.720000
-4.000935 -0.698122 1.824042 19.740000
-3.349077 -0.661386 1.848284 19.760000
-2.796351 -0.624141 1.874913 19.780000
-3.020534 -0.586352 1.902654 19.800000
-3.719936 -0.548124 1.918791 19.820000
-3.115080 -0.509772 1.915111 19.840000
-3.532873 -0.471466 1.914199 19.860000
-2.566335 -0.433330 1.898183 19.880000
-2.522804 -0.395413 1.892192 19.900000
-2.191313 -0.357683 1.879607 19.920000
-1.394039 -0.320215 1.865970 19.940000
-1.696963 -0.282941 1.860286 19.960000
-2.351405 -0.245909 1.841713 19.980000
