-0.279819 -0.179833 0.610598 0.000000
0.435077 -0.167457 0.626578 0.020000
-0.223394 -0.154648 0.653797 0.040000
-0.576270 -0.141454 0.665100 0.060000
-1.315058 -0.128132 0.666697 0.080000
-1.789893 -0.114949 0.651165 0.100000
-2.618011 -0.102194 0.624052 0.120000
-2.789556 -0.090164 0.578711 0.140000
-2.631746 -0.079089 0.528595 0.160000
-2.102354 -0.068996 0.480495 0.180000
-1.647837 -0.059770 0.441907 0.200000
-1.038411 -0.051236 0.411330 0.220000
-1.735994 -0.043203 0.391797 0.240000
-2.133438 -0.035710 0.357331 0.260000
-2.937284 -0.028993 0.314294 0.280000
-3.170333 -0.023301 0.254980 0.300000
-2.375108 -0.018839 0.191235 0.320000
-2.127175 -0.015490 0.143739 0.340000
-2.145109 -0.013038 0.101529 0.360000
-1.424236 -0.011429 0.059406 0.380000
-1.485044 -0.010514 0.032150 0.400000
-1.139607 -0.010153 0.004105 0.420000
-1.699341 -0.010278 -0.016566 0.440000
-2.475681 -0.010923 -0.047838 0.460000
-2.820698 -0.012340 -0.093666 0.480000
-2.257619 -0.014730 -0.145049 0.500000
-1.269344 -0.018020 -0.183709 0.520000
-0.473952 -0.021872 -0.201335 0.540000
-1.281466 -0.025908 -0.202094 0.560000
-1.525901 -0.030111 -0.218026 0.580000
-2.194494 -0.034670 -0.237629 0.600000
-2.045422 -0.039740 -0.269138 0.620000
-2.655474 -0.045395 -0.296023 0.640000
-3.521463 -0.051691 -0.333275 0.660000
-3.133094 -0.058884 -0.385590 0.680000
-3.132223 -0.067020 -0.427675 0.700000
-2.723096 -0.075974 -0.467218 0.720000
-1.818250 -0.085611 -0.496056 0.740000
-1.845437 -0.095620 -0.504529 0.760000
-1.859141 -0.105783 -0.511386 0.780000
-2.490766 -0.116064 -0.516365 0.800000
-2.078658 -0.126548 -0.531617 0.820000
-1.621471 -0.137231 -0.536372 0.840000
-2.408612 -0.147898 -0.529956 0.860000
-1.948666 -0.158571 -0.536976 0.880000
-2.774253 -0.169272 -0.532740 0.900000
-2.848394 -0.180029 -0.542569 0.920000
-3.450708 -0.190973 -0.551468 0.940000
-3.009738 -0.202189 -0.569662 0.960000
-2.961599 -0.213656 -0.576635 0.980000
-3.137519 -0.225228 -0.580209 1.000000
-2.371857 -0.236882 -0.584755 1.020000
-2.672569 -0.248455 -0.572128 1.040000
-2.832682 -0.259812 -0.563227 1.060000
-2.826910 -0.271000 -0.555294 1.080000
-3.288843 -0.282008 -0.545166 1.100000
-3.406745 -0.292882 -0.541803 1.120000
-2.795374 -0.303689 -0.538521 1.140000
-1.817889 -0.314293 -0.521568 1.160000
-1.021446 -0.324355 -0.484484 1.180000
-1.357205 -0.333514 -0.431326 1.200000
-0.791853 -0.341667 -0.383852 1.220000
-0.589356 -0.348759 -0.325319 1.240000
-0.762736 -0.354642 -0.262961 1.260000
-0.613779 -0.359312 -0.204075 1.280000
0.094017 -0.362780 -0.142834 1.300000
0.254999 -0.364898 -0.069187 1.320000
0.772587 -0.365526 0.006228 1.340000
1.404953 -0.364563 0.089694 1.360000
1.968957 -0.361834 0.182889 1.380000
2.914500 -0.357159 0.284059 1.400000
2.296163 -0.350315 0.399822 1.420000
2.646723 -0.341306 0.500482 1.440000
2.536627 -0.330254 0.604020 1.460000
1.553258 -0.317193 0.701430 1.480000
1.268809 -0.302412 0.776011 1.500000
0.712678 -0.286235 0.840995 1.520000
0.182098 -0.268907 0.891098 1.540000
-0.402116 -0.250721 0.926795 1.560000
-0.179608 -0.231975 0.947092 1.580000
0.413953 -0.212821 0.967672 1.600000
0.076579 -0.193180 0.995664 1.620000
0.198778 -0.173089 1.012777 1.640000
1.102047 -0.152673 1.028073 1.660000
0.423298 -0.131817 1.056829 1.680000
1.180745 -0.110564 1.067678 1.700000
0.622389 -0.088989 1.089130 1.720000
-0.294879 -0.067140 1.094978 1.740000
-0.741699 -0.045400 1.078367 1.760000
-1.564213 -0.024120 1.049064 1.780000
-0.699637 -0.003624 0.999990 1.800000
-0.335909 0.016032 0.965114 1.820000
-0.921203 0.035032 0.934385 1.840000
-0.327569 0.053271 0.889074 1.860000
0.047452 0.070696 0.852958 1.880000
-0.561255 0.087447 0.821662 1.900000
-0.469723 0.103425 0.775818 1.920000
-0.414689 0.118484 0.729705 1.940000
-1.159048 0.132612 0.682791 1.960000
-1.693282 0.145638 0.619608 1.980000
-1.753713 0.157284 0.544888 2.000000
-2.364850 0.167418 0.468436 2.020000
-3.212025 0.175900 0.379845 2.040000
-3.183595 0.182448 0.275123 2.060000
-3.979262 0.186918 0.172040 2.080000
-4.654917 0.189184 0.054916 2.100000
-5.190375 0.188997 -0.073214 2.120000
-5.577859 0.186170 -0.208964 2.140000
-5.403465 0.180585 -0.348847 2.160000
-4.922971 0.172276 -0.481369 2.180000
-4.308381 0.161453 -0.600226 2.200000
-3.644417 0.148418 -0.702602 2.220000
-4.135279 0.133510 -0.787422 2.240000
-4.187854 0.116854 -0.877323 2.260000
-3.765807 0.098440 -0.963264 2.280000
-3.010390 0.078442 -1.035622 2.300000
-3.184111 0.057200 -1.087747 2.320000
-2.916780 0.034933 -1.138134 2.340000
-2.412908 0.011764 -1.177872 2.360000
-1.853914 -0.012047 -1.202299 2.380000
-0.924563 -0.036183 -1.210507 2.400000
-1.392321 -0.060250 -1.195457 2.420000
-1.300380 -0.084065 -1.185282 2.440000
-1.502049 -0.107613 -1.168861 2.460000
-0.865828 -0.130831 -1.152153 2.480000
-0.517132 -0.153547 -1.118793 2.500000
-0.226472 -0.175490 -1.074939 2.520000
0.520341 -0.196465 -1.022156 2.540000
-0.362890 -0.216211 -0.952047 2.560000
-1.249613 -0.234704 -0.896795 2.580000
-0.329614 -0.252239 -0.856252 2.600000
-0.128451 -0.268761 -0.795599 2.620000
0.088743 -0.284012 -0.729314 2.640000
-0.082597 -0.297882 -0.657497 2.660000
-0.060233 -0.310338 -0.587905 2.680000
-0.173068 -0.321389 -0.517093 2.700000
-0.166234 -0.331039 -0.447890 2.720000
-0.080055 -0.339301 -0.378276 2.740000
-0.572325 -0.346154 -0.307042 2.760000
-0.680609 -0.351677 -0.245248 2.780000
-0.835418 -0.355986 -0.185776 2.800000
-0.487350 -0.359140 -0.129658 2.820000
-1.323809 -0.361112 -0.067719 2.840000
-0.507114 -0.362011 -0.022239 2.860000
-0.815967 -0.361856 0.037540 2.880000
-0.464721 -0.360575 0.090279 2.900000
-1.263844 -0.358188 0.148142 2.920000
-1.815985 -0.354810 0.189492 2.940000
-1.228974 -0.350722 0.219047 2.960000
-1.287942 -0.345948 0.258084 2.980000
-2.026020 -0.340421 0.294264 3.000000
-1.663824 -0.334328 0.314819 3.020000
-2.371690 -0.327771 0.340508 3.040000
-2.326699 -0.320853 0.351089 3.060000
-3.007590 -0.313730 0.360909 3.080000
-3.538523 -0.306556 0.356270 3.100000
-4.337535 -0.299589 0.340249 3.120000
-4.492721 -0.293105 0.308022 3.140000
-4.442636 -0.287302 0.272194 3.160000
-4.884269 -0.282211 0.236876 3.180000
-5.742270 -0.277913 0.192861 3.200000
-5.124966 -0.274660 0.132562 3.220000
-4.845044 -0.272489 0.084640 3.240000
-4.976358 -0.271217 0.042640 3.260000
-5.060419 -0.270804 -0.001213 3.280000
-4.741028 -0.271275 -0.045795 3.300000
-4.587745 -0.272567 -0.083211 3.320000
-4.693405 -0.274567 -0.116613 3.340000
-4.911864 -0.277244 -0.150872 3.360000
-4.508730 -0.280635 -0.187969 3.380000
-5.032813 -0.284676 -0.215869 3.400000
-5.043850 -0.289360 -0.252250 3.420000
-5.655933 -0.294756 -0.287039 3.440000
-4.867045 -0.300945 -0.331485 3.460000
-4.845720 -0.307850 -0.358710 3.480000
-4.278469 -0.315275 -0.383459 3.500000
-3.466801 -0.323067 -0.395418 3.520000
-2.893893 -0.330927 -0.390264 3.540000
-3.489739 -0.338560 -0.372898 3.560000
-2.861271 -0.345947 -0.365477 3.580000
-2.046238 -0.353053 -0.345013 3.600000
-2.395234 -0.359589 -0.308449 3.620000
-3.232995 -0.365453 -0.277858 3.640000
-3.238770 -0.370855 -0.262239 3.660000
-2.661904 -0.375938 -0.245965 3.680000
-2.637883 -0.380583 -0.218402 3.700000
-3.342457 -0.384668 -0.190072 3.720000
-3.581616 -0.388314 -0.174459 3.740000
-4.244594 -0.391687 -0.162818 3.760000
-5.243078 -0.394945 -0.162852 3.780000
-5.883040 -0.398380 -0.180420 3.800000
-5.883576 -0.402272 -0.208512 3.820000
-5.314915 -0.406710 -0.235123 3.840000
-5.162812 -0.411562 -0.249830 3.860000
-5.669995 -0.416667 -0.260391 3.880000
-5.272141 -0.422061 -0.278770 3.900000
-5.461836 -0.427735 -0.288370 3.920000
-6.105323 -0.433620 -0.299923 3.940000
-6.424273 -0.439837 -0.321456 3.960000
-6.696108 -0.446523 -0.346805 3.980000
-6.999561 -0.453744 -0.374901 4.000000
-7.001807 -0.461558 -0.406083 4.020000
-7.692021 -0.469971 -0.434776 4.040000
-7.419156 -0.479054 -0.472999 4.060000
-7.286778 -0.488823 -0.503394 4.080000
-7.335234 -0.499146 -0.528462 4.100000
-7.821640 -0.509949 -0.551344 4.120000
-6.991243 -0.521263 -0.579496 4.140000
-6.096768 -0.532964 -0.590049 4.160000
-5.986532 -0.544693 -0.582402 4.180000
-6.531077 -0.556224 -0.570387 4.200000
-5.747655 -0.567584 -0.565135 4.220000
-4.933462 -0.578682 -0.544329 4.240000
-4.291691 -0.589209 -0.508050 4.260000
-4.012169 -0.598889 -0.459776 4.280000
-3.378952 -0.607547 -0.405991 4.300000
-4.185312 -0.615021 -0.341349 4.320000
-4.189751 -0.621332 -0.289644 4.340000
-4.414661 -0.626606 -0.237841 4.360000
-4.520619 -0.630882 -0.189685 4.380000
-4.508194 -0.634212 -0.143382 4.400000
-5.246876 -0.636617 -0.097199 4.420000
-5.961729 -0.638221 -0.063270 4.440000
-6.443026 -0.639264 -0.041092 4.460000
-7.433709 -0.639943 -0.026809 4.480000
-7.987766 -0.640496 -0.028404 4.500000
-6.996361 -0.641167 -0.038616 4.520000
-7.558167 -0.641880 -0.032718 4.540000
-8.000000 -0.642564 -0.035682 4.560000
-7.519239 -0.643376 -0.045409 4.580000
-7.879576 -0.644302 -0.047109 4.600000
-8.000000 -0.645316 -0.054242 4.620000
-7.968496 -0.646488 -0.062867 4.640000
-7.561502 -0.647822 -0.070509 4.660000
-6.769553 -0.649240 -0.071230 4.680000
-6.237367 -0.650544 -0.059114 4.700000
-6.429685 -0.651520 -0.038583 4.720000
-5.671902 -0.652119 -0.021307 4.740000
-5.956740 -0.652255 0.007641 4.760000
-5.274366 -0.651862 0.031503 4.780000
-4.841225 -0.650891 0.065486 4.800000
-5.721205 -0.649181 0.105334 4.820000
-5.631370 -0.646825 0.130063 4.840000
-6.522942 -0.643971 0.155142 4.860000
-6.120091 -0.640769 0.164911 4.880000
-7.088582 -0.637317 0.180117 4.900000
-7.425028 -0.633727 0.178778 4.920000
-6.834583 -0.630225 0.171239 4.940000
-6.319790 -0.626787 0.172466 4.960000
-7.207250 -0.623249 0.181113 4.980000
-7.034017 -0.619692 0.174477 5.000000
-6.502855 -0.616247 0.169927 5.020000
-7.369156 -0.612814 0.173241 5.040000
-6.718178 -0.609464 0.161645 5.060000
-6.279888 -0.606246 0.160068 5.080000
-5.938280 -0.602994 0.164903 5.100000
-5.965101 -0.599599 0.174457 5.120000
-5.120356 -0.596027 0.182592 5.140000
-4.519539 -0.592163 0.203589 5.160000
-4.505211 -0.587793 0.233162 5.180000
-4.234635 -0.582845 0.261402 5.200000
-4.338403 -0.577303 0.292457 5.220000
-4.692402 -0.571176 0.319955 5.240000
-5.514094 -0.564577 0.339662 5.260000
-5.409778 -0.557740 0.343762 5.280000
-5.024794 -0.550819 0.348008 5.300000
-5.292221 -0.543765 0.357133 5.320000
-5.026996 -0.536591 0.359987 5.340000
-5.875241 -0.529331 0.365719 5.360000
-5.390958 -0.522119 0.355226 5.380000
-5.178247 -0.515048 0.351658 5.400000
-4.456718 -0.508026 0.350273 5.420000
-4.722136 -0.500922 0.359877 5.440000
-5.148389 -0.493689 0.363146 5.460000
-4.948209 -0.486481 0.357346 5.480000
-4.581409 -0.479369 0.353603 5.500000
-3.688618 -0.472282 0.354849 5.520000
-3.605905 -0.465028 0.370313 5.540000
-3.154053 -0.457467 0.385409 5.560000
-2.799273 -0.449543 0.406658 5.580000
-3.663370 -0.441151 0.432181 5.600000
-4.264118 -0.432426 0.439985 5.620000
-3.600098 -0.423673 0.435001 5.640000
-3.685751 -0.414917 0.440277 5.660000
-4.142922 -0.406091 0.442078 5.680000
-4.147349 -0.397330 0.433687 5.700000
-4.456086 -0.388755 0.423554 5.720000
-3.883575 -0.380455 0.406175 5.740000
-3.593822 -0.372412 0.397946 5.760000
-3.257993 -0.364494 0.393568 5.780000
-2.710734 -0.356617 0.393869 5.800000
-2.811477 -0.348648 0.402717 5.820000
-3.188392 -0.340539 0.407897 5.840000
-2.313136 -0.332414 0.404291 5.860000
-2.719469 -0.324213 0.415502 5.880000
-3.511352 -0.315883 0.417209 5.900000
-2.777123 -0.307686 0.402290 5.920000
-2.686014 -0.299662 0.399873 5.940000
-2.542705 -0.291684 0.397617 5.960000
-3.094245 -0.283740 0.396525 5.980000
-3.993886 -0.275939 0.383377 6.000000
-4.688961 -0.268586 0.351784 6.020000
-4.761898 -0.262006 0.306080 6.040000
-4.600433 -0.256359 0.258592 6.060000
-4.340988 -0.251632 0.214043 6.080000
-4.958310 -0.247748 0.174449 6.100000
-5.106154 -0.244773 0.123062 6.120000
-5.456256 -0.242850 0.069333 6.140000
-5.765130 -0.242062 0.009647 6.160000
-5.300969 -0.242516 -0.054832 6.180000
-4.464177 -0.244156 -0.108883 6.200000
-4.359236 -0.246700 -0.145337 6.220000
-3.696789 -0.249940 -0.178447 6.240000
-3.306922 -0.253701 -0.197460 6.260000
-3.390983 -0.257756 -0.207818 6.280000
-3.547009 -0.262023 -0.218730 6.300000
-4.337289 -0.266527 -0.231510 6.320000
-4.904280 -0.271427 -0.258161 6.340000
-5.721146 -0.276952 -0.294000 6.360000
-5.056298 -0.283330 -0.343410 6.380000
-5.629218 -0.290545 -0.377728 6.400000
-5.874736 -0.298532 -0.420593 6.420000
-6.238625 -0.307397 -0.465412 6.440000
-5.271153 -0.317198 -0.514146 6.460000
-4.779170 -0.327759 -0.541468 6.480000
-4.347334 -0.338745 -0.556697 6.500000
-4.729875 -0.349928 -0.561194 6.520000
-4.379335 -0.361248 -0.570321 6.540000
-5.006312 -0.372658 -0.570347 6.560000
-4.301917 -0.384161 -0.579479 6.580000
-5.300105 -0.395690 -0.573024 6.600000
-5.043079 -0.407250 -0.582451 6.620000
-5.772583 -0.418923 -0.584474 6.640000
-6.196806 -0.430743 -0.597062 6.660000
-7.122283 -0.442863 -0.614332 6.680000
-7.296676 -0.455461 -0.644956 6.700000
-8.000000 -0.468667 -0.675016 6.720000
-7.118392 -0.482561 -0.713634 6.740000
-7.931184 -0.497030 -0.732595 6.760000
-8.000000 -0.511981 -0.761776 6.780000
-8.000000 -0.527484 -0.787813 6.800000
-7.939400 -0.543464 -0.809437 6.820000
-7.203420 -0.559821 -0.825599 6.840000
-7.179971 -0.576335 -0.825075 6.860000
-6.288153 -0.592794 -0.820209 6.880000
-6.503241 -0.608971 -0.796944 6.900000
-7.147434 -0.624685 -0.773941 6.920000
-7.703762 -0.640011 -0.758073 6.940000
-6.815623 -0.655074 -0.747658 6.960000
-6.933281 -0.669755 -0.719906 6.980000
-7.215206 -0.683870 -0.691122 7.000000
-7.411815 -0.697425 -0.663932 7.020000
-6.852794 -0.710439 -0.637052 7.040000
-7.218288 -0.722806 -0.599274 7.060000
-7.467483 -0.734451 -0.564819 7.080000
-7.103600 -0.745422 -0.531980 7.100000
-6.710830 -0.755664 -0.491942 7.120000
-7.209088 -0.765033 -0.444730 7.140000
-6.324889 -0.773517 -0.403471 7.160000
-6.197441 -0.781039 -0.348636 7.180000
-5.245296 -0.787441 -0.291527 7.200000
-4.689955 -0.792566 -0.220985 7.220000
-4.151668 -0.796206 -0.143212 7.240000
-4.399231 -0.798226 -0.058959 7.260000
-4.355536 -0.798609 0.020436 7.280000
-4.836574 -0.797414 0.098782 7.300000
-4.787795 -0.794737 0.168529 7.320000
-4.179094 -0.790679 0.236884 7.340000
-3.583227 -0.785192 0.311414 7.360000
-4.245556 -0.778157 0.391617 7.380000
-3.644068 -0.769642 0.459387 7.400000
-2.824448 -0.759716 0.532585 7.420000
-3.046598 -0.748243 0.614128 7.440000
-3.126853 -0.735209 0.688601 7.460000
-2.979326 -0.720738 0.757876 7.480000
-3.228818 -0.704900 0.825158 7.500000
-2.815681 -0.687799 0.884250 7.520000
-2.931041 -0.669497 0.945168 7.540000
-2.857349 -0.650042 0.999546 7.560000
-2.409437 -0.629536 1.050227 7.580000
-3.248864 -0.607993 1.103132 7.600000
-3.683909 -0.585582 1.137135 7.620000
-3.189414 -0.562615 1.158751 7.640000
-3.888058 -0.539183 1.183572 7.660000
-4.416546 -0.515426 1.191247 7.680000
-5.091972 -0.491659 1.184685 7.700000
-4.598114 -0.468190 1.161369 7.720000
-5.418915 -0.445147 1.142209 7.740000
-4.907134 -0.422680 1.103796 7.760000
-5.167737 -0.400929 1.070548 7.780000
-5.810410 -0.379932 1.028553 7.800000
-5.350269 -0.359930 0.971048 7.820000
-6.340446 -0.341025 0.918920 7.840000
-6.838307 -0.323379 0.845291 7.860000
-6.147315 -0.307323 0.759971 7.880000
-5.584226 -0.292861 0.685969 7.900000
-6.399839 -0.279788 0.621091 7.920000
-6.503041 -0.268183 0.539265 7.940000
-5.697856 -0.258242 0.454708 7.960000
-4.781156 -0.249842 0.385241 7.980000
-4.919586 -0.242658 0.333079 8.000000
-5.166678 -0.236548 0.277883 8.020000
-4.899913 -0.231591 0.217848 8.040000
-5.287939 -0.227780 0.163218 8.060000
-4.385119 -0.225134 0.101498 8.080000
-3.841668 -0.223540 0.057987 8.100000
-3.318558 -0.222706 0.025582 8.120000
-3.614996 -0.222412 0.003809 8.140000
-4.151058 -0.222608 -0.023269 8.160000
-4.506244 -0.223443 -0.060061 8.180000
-4.359038 -0.225073 -0.102727 8.200000
-4.749114 -0.227515 -0.141280 8.220000
-5.424960 -0.230790 -0.185998 8.240000
-6.142963 -0.235074 -0.242060 8.260000
-5.151344 -0.240597 -0.309786 8.280000
-4.604134 -0.247257 -0.355783 8.300000
-4.727016 -0.254707 -0.388864 8.320000
-5.440710 -0.262819 -0.422002 8.340000
-4.628676 -0.271707 -0.466319 8.360000
-4.395306 -0.281298 -0.492289 8.380000
-4.447331 -0.291337 -0.511229 8.400000
-5.361330 -0.301740 -0.528623 8.420000
-5.689209 -0.312638 -0.560677 8.440000
-5.626658 -0.324208 -0.595822 8.460000
-4.811616 -0.336437 -0.626482 8.480000
-4.211462 -0.349093 -0.638590 8.500000
-3.979490 -0.361849 -0.636583 8.520000
-4.718883 -0.374495 -0.627647 8.540000
-5.436389 -0.387075 -0.629842 8.560000
-5.913698 -0.399802 -0.642400 8.580000
-6.201739 -0.412838 -0.660551 8.600000
-6.948497 -0.426255 -0.680579 8.620000
-6.923326 -0.440172 -0.710526 8.640000
-7.827846 -0.454645 -0.736105 8.660000
-8.000000 -0.469751 -0.773744 8.680000
-7.349300 -0.485595 -0.809901 8.700000
-7.226821 -0.502002 -0.830030 8.720000
-7.524610 -0.518746 -0.843662 8.740000
-7.681309 -0.535771 -0.858076 8.760000
-8.000000 -0.553066 -0.870689 8.780000
-7.572962 -0.570622 -0.884124 8.800000
-8.000000 -0.588329 -0.885824 8.820000
-8.000000 -0.606096 -0.890145 8.840000
-7.962568 -0.623904 -0.889936 8.860000
-8.000000 -0.641658 -0.884686 8.880000
-8.000000 -0.659269 -0.875711 8.900000
-8.000000 -0.676658 -0.862529 8.920000
-7.688139 -0.693743 -0.845290 8.940000
-6.728254 -0.710397 -0.819448 8.960000
-6.078218 -0.726354 -0.775785 8.980000
-6.258798 -0.741313 -0.719814 9.000000
-5.660329 -0.755158 -0.664341 9.020000
-5.236101 -0.767788 -0.598391 9.040000
-4.602456 -0.779025 -0.525139 9.060000
-3.865565 -0.788699 -0.442246 9.080000
-3.234102 -0.796611 -0.348978 9.100000
-3.011412 -0.802574 -0.247521 9.120000
-2.350299 -0.806489 -0.144122 9.140000
-2.880832 -0.808259 -0.033216 9.160000
-2.673420 -0.807904 0.068353 9.180000
-1.679038 -0.805511 0.170511 9.200000
-2.424736 -0.800964 0.283719 9.220000
-2.878156 -0.794287 0.383479 9.240000
-1.940618 -0.785710 0.473642 9.260000
-2.628665 -0.775232 0.573520 9.280000
-1.955754 -0.762893 0.659739 9.300000
-1.147275 -0.748772 0.751615 9.320000
-0.190466 -0.732739 0.850944 9.340000
0.458098 -0.714624 0.959780 9.360000
-0.018381 -0.694284 1.073379 9.380000
0.684255 -0.671797 1.174337 9.400000
1.663025 -0.647237 1.280711 9.420000
2.369594 -0.620452 1.396828 9.440000
1.692878 -0.591290 1.518263 9.460000
2.276912 -0.559877 1.621959 9.480000
2.818517 -0.526359 1.728739 9.500000
2.720376 -0.490681 1.837748 9.520000
2.036596 -0.452916 1.937542 9.540000
1.411077 -0.413355 2.017230 9.560000
2.049099 -0.372395 2.077390 9.580000
1.387530 -0.330196 2.141126 9.600000
1.572163 -0.286932 2.183832 9.620000
2.068526 -0.242865 2.221431 9.640000
2.185030 -0.198037 2.259836 9.660000
1.327327 -0.152508 2.291520 9.680000
1.449079 -0.106606 2.297261 9.700000
0.586849 -0.060653 2.296556 9.720000
-0.343959 -0.014973 2.270004 9.740000
-0.322325 0.029907 2.216765 9.760000
0.399593 0.073651 2.156420 9.780000
-0.560067 0.116259 2.103168 9.800000
-0.660794 0.157542 2.024018 9.820000
-0.573693 0.197160 1.936788 9.840000
-0.233946 0.234993 1.845699 9.860000
0.553350 0.271019 1.756056 9.880000
0.734704 0.305354 1.676603 9.900000
0.152279 0.338086 1.595813 9.920000
-0.490682 0.369049 1.499816 9.940000
-1.464711 0.397936 1.388462 9.960000
-1.554351 0.424392 1.256783 9.980000
-2.421176 0.448181 1.121959 10.000000
-1.848414 0.469109 0.970800 10.020000
-2.161870 0.487115 0.829756 10.040000
-1.195313 0.502246 0.683483 10.060000
-1.633495 0.514628 0.554771 10.080000
-2.132579 0.524367 0.419335 10.100000
-2.431896 0.531325 0.276775 10.120000
-2.665021 0.535400 0.131131 10.140000
-2.046454 0.536547 -0.015970 10.160000
-1.774228 0.534886 -0.149587 10.180000
-1.689493 0.530631 -0.275480 10.200000
-0.809730 0.523904 -0.396607 10.220000
-0.819966 0.514942 -0.499021 10.240000
-0.359656 0.503966 -0.597977 10.260000
0.635098 0.491129 -0.685031 10.280000
0.137247 0.476766 -0.750637 10.300000
0.578934 0.461042 -0.821059 10.320000
0.708237 0.444031 -0.879352 10.340000
0.027232 0.425920 -0.931002 10.360000
0.810581 0.406696 -0.990557 10.380000
0.145121 0.386472 -1.031100 10.400000
0.277670 0.365361 -1.079259 10.420000
0.535415 0.343359 -1.120070 10.440000
0.391950 0.320639 -1.151118 10.460000
1.296475 0.297320 -1.179940 10.480000
1.412802 0.273647 -1.186586 10.500000
1.018767 0.249911 -1.186281 10.520000
1.718154 0.226151 -1.188935 10.540000
2.050773 0.202520 -1.173411 10.560000
1.738021 0.179308 -1.147112 10.580000
1.644657 0.156601 -1.122890 10.600000
1.725091 0.134400 -1.096553 10.620000
2.566950 0.112780 -1.064846 10.640000
2.104235 0.091996 -1.013008 10.660000
1.450832 0.072188 -0.967314 10.680000
1.934860 0.053193 -0.931628 10.700000
1.298897 0.035038 -0.883441 10.720000
1.814825 0.017746 -0.845340 10.740000
2.096262 0.001344 -0.794498 10.760000
1.281759 -0.013964 -0.736010 10.780000
1.058853 -0.028247 -0.691947 10.800000
1.374178 -0.041674 -0.650492 10.820000
1.738931 -0.054193 -0.601114 10.840000
2.329098 -0.065638 -0.543198 10.860000
2.807156 -0.075797 -0.472702 10.880000
3.145129 -0.084448 -0.392375 10.900000
2.380993 -0.091426 -0.305497 10.920000
2.857329 -0.096823 -0.234247 10.940000
2.046940 -0.100706 -0.154145 10.960000
1.229131 -0.103156 -0.091005 10.980000
0.546968 -0.104513 -0.044867 11.000000
-0.118131 -0.105090 -0.012897 11.020000
-0.506783 -0.105165 0.005401 11.040000
-0.511364 -0.104953 0.015667 11.060000
0.386891 -0.104540 0.025579 11.080000
0.435485 -0.103755 0.052874 11.100000
0.170695 -0.102421 0.080382 11.120000
0.798313 -0.100598 0.101824 11.140000
1.122887 -0.098229 0.134806 11.160000
0.625312 -0.095149 0.173013 11.180000
0.352505 -0.091417 0.199998 11.200000
1.318219 -0.087212 0.220304 11.220000
0.401416 -0.082422 0.258400 11.240000
-0.027194 -0.077069 0.276669 11.260000
-0.964683 -0.071449 0.285052 11.280000
-1.614041 -0.065861 0.273657 11.300000
-1.340854 -0.060637 0.248598 11.320000
-1.308844 -0.055866 0.228459 11.340000
-1.164390 -0.051496 0.208460 11.360000
-0.467921 -0.047502 0.190898 11.380000
-1.291984 -0.043725 0.186708 11.400000
-0.350719 -0.040201 0.165583 11.420000
0.500534 -0.036916 0.162843 11.440000
0.399234 -0.033522 0.176360 11.460000
-0.069259 -0.029888 0.186923 11.480000
-0.758701 -0.026145 0.187286 11.500000
-0.708477 -0.022538 0.173276 11.520000
-1.421018 -0.019206 0.159864 11.540000
-1.215229 -0.016288 0.131998 11.560000
-1.084517 -0.013885 0.108243 11.580000
-0.241870 -0.011932 0.087124 11.600000
-0.304022 -0.010232 0.082758 11.620000
0.125162 -0.008635 0.076928 11.640000
0.867437 -0.007071 0.079407 11.660000
1.816529 -0.005314 0.096218 11.680000
1.304532 -0.003039 0.131103 11.700000
0.858066 -0.000179 0.154657 11.720000
0.475506 0.003052 0.168310 11.740000
0.904118 0.006471 0.173470 11.760000
0.346258 0.010070 0.186335 11.780000
0.826068 0.013807 0.187183 11.800000
0.954908 0.017648 0.196782 11.820000
1.949633 0.021697 0.207975 11.840000
2.225211 0.026158 0.237817 11.860000
2.249691 0.031255 0.271591 11.880000
2.427366 0.037015 0.304120 11.900000
3.002697 0.043443 0.338329 11.920000
3.093277 0.050649 0.381907 11.940000
3.909084 0.058721 0.424909 11.960000
4.714124 0.067790 0.481495 11.980000
5.526239 0.078120 0.550933 12.000000
6.303061 0.089964 0.632798 12.020000
6.320515 0.103558 0.725772 12.040000
6.249232 0.118966 0.814259 12.060000
5.878908 0.136080 0.896216 12.080000
5.740817 0.154706 0.965554 12.100000
5.494418 0.174639 1.026775 12.120000
5.287174 0.195692 1.077662 12.140000
5.414451 0.217668 1.118972 12.160000
4.607836 0.240439 1.157171 12.180000
4.755597 0.263761 1.174207 12.200000
5.554075 0.287400 1.188764 12.220000
6.429832 0.311428 1.213071 12.240000
7.155800 0.336049 1.248027 12.260000
7.607175 0.361443 1.290172 12.280000
7.774867 0.387694 1.333820 12.300000
7.413283 0.414778 1.373348 12.320000
6.976483 0.442514 1.399008 12.340000
6.587498 0.470613 1.409740 12.360000
6.055291 0.498789 1.406811 12.380000
5.896793 0.526750 1.388217 12.400000
6.701010 0.554251 1.360975 12.420000
7.559665 0.581286 1.341525 12.440000
7.777592 0.608014 1.330229 12.460000
7.395470 0.634489 1.316153 12.480000
7.947404 0.660558 1.289813 12.500000
7.835748 0.686129 1.266262 12.520000
8.000000 0.711153 1.235162 12.540000
8.000000 0.735523 1.200983 12.560000
7.621832 0.759157 1.161474 12.580000
7.616302 0.781895 1.111579 12.600000
6.890853 0.803589 1.057173 12.620000
6.947890 0.824055 0.988848 12.640000
7.440787 0.843129 0.918048 12.660000
6.871226 0.860823 0.850817 12.680000
7.708723 0.877071 0.773590 12.700000
8.000000 0.891859 0.704855 12.720000
7.845999 0.905287 0.637677 12.740000
7.963419 0.917335 0.566847 12.760000
8.000000 0.927967 0.496087 12.780000
8.000000 0.937176 0.424753 12.800000
8.000000 0.944952 0.352772 12.820000
8.000000 0.951285 0.280509 12.840000
7.773184 0.956173 0.208322 12.860000
7.420176 0.959595 0.133978 12.880000
7.596173 0.961498 0.056468 12.900000
8.000000 0.961882 -0.017777 12.920000
7.161302 0.960843 -0.085895 12.940000
6.357040 0.958363 -0.161771 12.960000
5.476295 0.954295 -0.244581 12.980000
5.000024 0.948496 -0.334816 13.000000
4.221578 0.940868 -0.427439 13.020000
3.985148 0.931330 -0.525698 13.040000
4.553008 0.919838 -0.622902 13.060000
5.276100 0.906511 -0.709066 13.080000
5.690935 0.891593 -0.781918 13.100000
5.019666 0.875317 -0.844942 13.120000
4.290310 0.857742 -0.911755 13.140000
4.324637 0.838785 -0.983103 13.160000
3.963779 0.818457 -1.048788 13.180000
3.683655 0.796820 -1.114015 13.200000
3.862409 0.773894 -1.177598 13.220000
4.294973 0.749780 -1.232894 13.240000
3.841217 0.724681 -1.275973 13.260000
4.209186 0.698713 -1.319853 13.280000
3.508611 0.671984 -1.352016 13.300000
4.504723 0.644563 -1.388999 13.320000
3.714887 0.616624 -1.403863 13.340000
3.986815 0.588321 -1.425419 13.360000
4.023329 0.559694 -1.436265 13.380000
4.331680 0.530918 -1.440354 13.400000
4.083125 0.502173 -1.433076 13.420000
3.206644 0.473591 -1.424231 13.440000
3.225037 0.445087 -1.425139 13.460000
3.637692 0.416627 -1.419930 13.480000
3.293330 0.388403 -1.401540 13.500000
3.462293 0.360538 -1.384059 13.520000
3.418835 0.333107 -1.358119 13.540000
3.910788 0.306239 -1.327922 13.560000
4.799444 0.280116 -1.283549 13.580000
4.741968 0.255096 -1.217762 13.600000
5.695138 0.231421 -1.149225 13.620000
5.703200 0.209335 -1.058806 13.640000
5.718472 0.189088 -0.965506 13.660000
5.117702 0.170733 -0.869667 13.680000
5.533015 0.154195 -0.783797 13.700000
5.924961 0.139473 -0.688249 13.720000
6.651707 0.126749 -0.584051 13.740000
7.039726 0.116257 -0.465220 13.760000
6.644539 0.108214 -0.339177 13.780000
7.228741 0.102604 -0.221995 13.800000
7.779809 0.099440 -0.094716 13.820000
7.085490 0.098910 0.041287 13.840000
7.810042 0.100935 0.160754 13.860000
8.000000 0.105463 0.291451 13.880000
7.117434 0.112605 0.422076 13.900000
7.191669 0.122143 0.530993 13.920000
7.875151 0.133831 0.636982 13.940000
7.768566 0.147725 0.751572 13.960000
6.880340 0.163836 0.858578 13.980000
7.509265 0.181855 0.942435 14.000000
6.645315 0.201618 1.032787 14.020000
7.059073 0.222957 1.100097 14.040000
7.362710 0.245661 1.169235 14.060000
6.941608 0.269741 1.237618 14.080000
6.164316 0.295039 1.291056 14.100000
6.207238 0.321190 1.322956 14.120000
5.941120 0.347922 1.349138 14.140000
4.949824 0.375062 1.363825 14.160000
4.381725 0.402250 1.353974 14.180000
3.601780 0.429080 1.328162 14.200000
2.751741 0.455202 1.283270 14.220000
1.964358 0.480230 1.218979 14.240000
2.330708 0.503799 1.137422 14.260000
2.717178 0.525773 1.059497 14.280000
2.545458 0.546228 0.985643 14.300000
1.738051 0.565154 0.906546 14.320000
0.897941 0.582343 0.812138 14.340000
1.077981 0.597493 0.702847 14.360000
0.219332 0.610484 0.596257 14.380000
-0.746062 0.621205 0.475866 14.400000
-1.389454 0.629369 0.340845 14.420000
-1.946493 0.634746 0.197216 14.440000
-1.887537 0.637184 0.047010 14.460000
-1.162527 0.636655 -0.099408 14.480000
-1.864145 0.633345 -0.231110 14.500000
-1.744267 0.627320 -0.370761 14.520000
-1.654510 0.618559 -0.504714 14.540000
-2.036333 0.607173 -0.633167 14.560000
-2.954867 0.593199 -0.763531 14.580000
-2.643885 0.576511 -0.904355 14.600000
-2.271245 0.557111 -1.034831 14.620000
-2.352052 0.535217 -1.153585 14.640000
-3.109505 0.510991 -1.268050 14.660000
-2.431742 0.484403 -1.389703 14.680000
-2.443138 0.455566 -1.493011 14.700000
-3.434099 0.424725 -1.589907 14.720000
-2.589342 0.391835 -1.697893 14.740000
-1.773410 0.357014 -1.782972 14.760000
-1.349625 0.320719 -1.845295 14.780000
-0.728849 0.283333 -1.891990 14.800000
-0.402862 0.245209 -1.919138 14.820000
0.426081 0.206682 -1.932373 14.840000
1.309978 0.168126 -1.921957 14.860000
0.412227 0.130025 -1.887045 14.880000
0.014376 0.092512 -1.863094 14.900000
-0.701856 0.055467 -1.840243 14.920000
0.226333 0.018805 -1.824879 14.940000
0.911171 -0.017299 -1.784383 14.960000
0.256637 -0.052394 -1.724229 14.980000
0.959964 -0.086361 -1.671538 15.000000
1.109864 -0.119081 -1.599601 15.020000
0.459657 -0.150284 -1.520060 15.040000
1.233775 -0.179983 -1.449053 15.060000
1.270654 -0.208068 -1.358938 15.080000
1.676289 -0.234311 -1.264873 15.100000
1.302496 -0.258567 -1.160260 15.120000
0.368531 -0.280780 -1.060693 15.140000
0.452481 -0.301160 -0.976998 15.160000
0.611583 -0.319831 -0.889801 15.180000
-0.099843 -0.336712 -0.798122 15.200000
0.772859 -0.351882 -0.718651 15.220000
0.395043 -0.365289 -0.621956 15.240000
0.836496 -0.376828 -0.531957 15.260000
0.570055 -0.386485 -0.433744 15.280000
1.432940 -0.394230 -0.340847 15.300000
2.077764 -0.399965 -0.232851 15.320000
1.575185 -0.403435 -0.114468 15.340000
2.574252 -0.404649 -0.007203 15.360000
3.477996 -0.403555 0.116141 15.380000
2.740774 -0.399857 0.253134 15.400000
1.832165 -0.393588 0.373188 15.420000
1.850981 -0.385120 0.473048 15.440000
0.853673 -0.374686 0.569704 15.460000
1.283095 -0.362542 0.644131 15.480000
0.863105 -0.348866 0.722790 15.500000
1.734541 -0.333736 0.789549 15.520000
2.080797 -0.317147 0.868519 15.540000
2.472319 -0.298960 0.949439 15.560000
2.449892 -0.279128 1.032892 15.580000
2.699629 -0.257683 1.110690 15.600000
3.456300 -0.234689 1.187847 15.620000
4.100517 -0.210061 1.273893 15.640000
4.102818 -0.183649 1.366265 15.660000
3.257046 -0.155454 1.452046 15.680000
2.753787 -0.125779 1.514354 15.700000
2.072387 -0.095025 1.559947 15.720000
1.433019 -0.063561 1.585332 15.740000
1.381659 -0.031782 1.591521 15.760000
1.276961 0.000048 1.590429 15.780000
1.367294 0.031773 1.581117 15.800000
1.311351 0.063271 1.567619 15.820000
1.566541 0.094428 1.547161 15.840000
1.851015 0.125170 1.526077 15.860000
2.304695 0.155490 1.504992 15.880000
3.192411 0.185421 1.487232 15.900000
3.684400 0.215115 1.481117 15.920000
3.338914 0.244722 1.478588 15.940000
4.085900 0.274152 1.463415 15.960000
3.867906 0.303363 1.456722 15.980000
3.240863 0.332340 1.439968 16.000000
2.998553 0.360807 1.405876 16.020000
2.816900 0.388496 1.362257 16.040000
3.511603 0.415233 1.310691 16.060000
3.422024 0.441021 1.267409 16.080000
4.026197 0.465884 1.218191 16.100000
3.238805 0.489829 1.175600 16.120000
4.114849 0.512744 1.115283 16.140000
3.727436 0.534570 1.066700 16.160000
3.248757 0.555323 1.008077 16.180000
2.639819 0.574793 0.938509 16.200000
2.417821 0.592746 0.856553 16.220000
1.484101 0.609007 0.769340 16.240000
1.500052 0.623361 0.665906 16.260000
0.574028 0.635644 0.562450 16.280000
0.158265 0.645712 0.444398 16.300000
0.308697 0.653361 0.320693 16.320000
0.773330 0.658573 0.200796 16.340000
0.354885 0.661477 0.089905 16.360000
1.262909 0.662116 -0.025614 16.380000
1.096245 0.660610 -0.124586 16.400000
0.405934 0.657122 -0.223785 16.420000
-0.399310 0.651568 -0.331111 16.440000
0.140642 0.643772 -0.447965 16.460000
0.322249 0.633760 -0.552579 16.480000
1.047797 0.621723 -0.650466 16.500000
1.974153 0.607886 -0.732586 16.520000
2.225979 0.592599 -0.795445 16.540000
1.984614 0.576138 -0.849996 16.560000
1.316724 0.558587 -0.904320 16.580000
1.913627 0.539881 -0.965489 16.600000
2.507187 0.520101 -1.011783 16.620000
2.839110 0.499544 -1.043121 16.640000
1.933711 0.478465 -1.063991 16.660000
1.408184 0.456855 -1.096226 16.680000
1.031265 0.434554 -1.133017 16.700000
1.734507 0.411499 -1.171628 16.720000
2.152464 0.387852 -1.192298 16.740000
3.050470 0.363918 -1.200273 16.760000
3.588483 0.340040 -1.186694 16.780000
3.266686 0.316581 -1.158488 16.800000
3.531601 0.293668 -1.132130 16.820000
3.230475 0.271374 -1.096633 16.840000
4.013366 0.249771 -1.063086 16.860000
3.260750 0.229026 -1.010821 16.880000
2.968949 0.209213 -0.969943 16.900000
3.008948 0.190192 -0.931593 16.920000
2.247125 0.171977 -0.889467 16.940000
1.719561 0.154483 -0.859469 16.960000
2.088418 0.137513 -0.836981 16.980000
1.987088 0.121095 -0.804406 17.000000
1.972297 0.105334 -0.771289 17.020000
1.037988 0.090257 -0.736080 17.040000
0.942264 0.075721 -0.717097 17.060000
0.198415 0.061570 -0.697583 17.080000
0.161670 0.047685 -0.690435 17.100000
-0.038705 0.033962 -0.681477 17.120000
0.222468 0.020403 -0.674017 17.140000
0.821998 0.007070 -0.658922 17.160000
1.363868 -0.005820 -0.629705 17.180000
0.801225 -0.017999 -0.587904 17.200000
1.243641 -0.029438 -0.555785 17.220000
2.129395 -0.040132 -0.513404 17.240000
1.587631 -0.049791 -0.452371 17.260000
1.838323 -0.058331 -0.401518 17.280000
2.522656 -0.065798 -0.345180 17.300000
3.299873 -0.072001 -0.275128 17.320000
4.040800 -0.076652 -0.190080 17.340000
3.454228 -0.079464 -0.091383 17.360000
2.802827 -0.080434 -0.005869 17.380000
2.867758 -0.079839 0.065125 17.400000
2.988934 -0.077827 0.135748 17.420000
3.934116 -0.074398 0.206851 17.440000
3.438033 -0.069380 0.294418 17.460000
3.995762 -0.062738 0.369349 17.480000
3.187432 -0.054515 0.452414 17.500000
2.936760 -0.044824 0.516145 17.520000
3.256123 -0.033941 0.571685 17.540000
3.581400 -0.021915 0.630249 17.560000
2.973350 -0.008690 0.691662 17.580000
2.637722 0.005604 0.737151 17.600000
2.262008 0.020704 0.772234 17.620000
2.826822 0.036394 0.796178 17.640000
3.755302 0.052640 0.827701 17.660000
3.618934 0.069661 0.873682 17.680000
4.284172 0.087531 0.912591 17.700000
4.897312 0.106266 0.960189 17.720000
5.393796 0.126027 1.015019 17.740000
4.796697 0.146930 1.074341 17.760000
5.500117 0.168846 1.116362 17.780000
5.155226 0.191686 1.166617 17.800000
4.937928 0.215404 1.204267 17.820000
4.488950 0.239775 1.231892 17.840000
5.479454 0.264555 1.245154 17.860000
5.635293 0.289734 1.271763 17.880000
4.652278 0.315415 1.295272 17.900000
4.567508 0.341319 1.294231 17.920000
5.401844 0.367131 1.286108 17.940000
5.216588 0.392882 1.287986 17.960000
5.774393 0.418579 1.280788 17.980000
6.392934 0.444178 1.278143 18.000000
6.544328 0.469777 1.280801 18.020000
6.805661 0.495397 1.280161 18.040000
7.125899 0.520990 1.278105 18.060000
7.184874 0.546536 1.275530 18.080000
7.308744 0.571981 1.267898 18.100000
7.875780 0.597233 1.256373 18.120000
7.608366 0.622289 1.248199 18.140000
7.178570 0.647078 1.229723 18.160000
6.535627 0.671373 1.198854 18.180000
6.166228 0.694899 1.152970 18.200000
6.519420 0.717406 1.097089 18.220000
6.411581 0.738809 1.042562 18.240000
5.972521 0.759068 0.982751 18.260000
6.168590 0.778034 0.913396 18.280000
7.029838 0.795613 0.844113 18.300000
7.010925 0.811902 0.784263 18.320000
6.450389 0.826965 0.721665 18.340000
5.664231 0.840679 0.649485 18.360000
5.556146 0.852831 0.565515 18.380000
4.666035 0.863281 0.479411 18.400000
4.476167 0.871890 0.381614 18.420000
4.137538 0.878524 0.281854 18.440000
4.918756 0.883128 0.178722 18.460000
5.295120 0.885780 0.086760 18.480000
5.255784 0.886655 0.000985 18.500000
5.745381 0.885826 -0.083589 18.520000
5.037197 0.883387 -0.160010 18.540000
5.897634 0.879351 -0.243155 18.560000
5.669582 0.873787 -0.312787 18.580000
6.442575 0.866828 -0.382609 18.600000
5.480034 0.858603 -0.439486 18.620000
6.331448 0.849144 -0.505786 18.640000
7.165388 0.838506 -0.557458 18.660000
7.105937 0.826981 -0.594519 18.680000
7.335661 0.814741 -0.628845 18.700000
8.000000 0.801882 -0.656392 18.720000
7.190252 0.788602 -0.671050 18.740000
6.556127 0.774951 -0.693444 18.760000
6.535467 0.760799 -0.721118 18.780000
6.981371 0.746129 -0.745225 18.800000
6.700459 0.731081 -0.758899 18.820000
6.703208 0.715757 -0.772876 18.840000
6.572952 0.700192 -0.782928 18.860000
6.806313 0.684446 -0.791102 18.880000
7.661365 0.668610 -0.791836 18.900000
6.798262 0.652931 -0.775464 18.920000
7.545809 0.637478 -0.769242 18.940000
6.744763 0.622304 -0.747561 18.960000
6.266669 0.607467 -0.735597 18.980000
6.204448 0.592824 -0.728212 19.000000
5.871766 0.578350 -0.718647 19.020000
6.357358 0.564043 -0.711510 19.040000
5.638868 0.549992 -0.693141 19.060000
6.512294 0.536214 -0.684103 19.080000
5.534217 0.522796 -0.657265 19.100000
6.243378 0.509772 -0.644734 19.120000
6.849400 0.497148 -0.617288 19.140000
7.276949 0.485202 -0.576978 19.160000
7.297557 0.474157 -0.527253 19.180000
7.842937 0.464125 -0.475634 19.200000
6.962706 0.455236 -0.413102 19.220000
6.240694 0.447449 -0.365477 19.240000
6.458839 0.440493 -0.329981 19.260000
5.868811 0.434295 -0.289773 19.280000
6.463195 0.428799 -0.259633 19.300000
6.800203 0.424020 -0.218216 19.320000
6.843839 0.420133 -0.170534 19.340000
6.010580 0.417206 -0.122216 19.360000
5.303274 0.415090 -0.089367 19.380000
4.805744 0.413501 -0.069577 19.400000
4.657718 0.412216 -0.058891 19.420000
5.017281 0.411119 -0.050845 19.440000
4.723594 0.410248 -0.036218 19.460000
5.681901 0.409616 -0.027053 19.480000
5.406349 0.409340 -0.000558 19.500000
4.411450 0.409540 0.020414 19.520000
5.268465 0.409972 0.022824 19.540000
5.974981 0.410608 0.040639 19.560000
6.486127 0.411723 0.070739 19.580000
7.241814 0.413524 0.109189 19.600000
7.195834 0.416219 0.160061 19.620000
6.362183 0.419907 0.208341 19.640000
7.086818 0.424389 0.239638 19.660000
7.676242 0.429612 0.282271 19.680000
8.000000 0.435772 0.333321 19.700000
7.905753 0.442985 0.387558 19.720000
7.272483 0.451238 0.437156 19.740000
7.626660 0.460338 0.472397 19.760000
8.000000 0.470177 0.510958 19.780000
8.000000 0.480821 0.552856 19.800000
8.000000 0.492267 0.591213 19.820000
8.000000 0.504445 0.625904 19.840000
7.314120 0.517278 0.656825 19.860000
6.684914 0.530574 0.672140 19.880000
6.365843 0.544033 0.673224 19.900000
6.130090 0.557428 0.665750 19.920000
5.771177 0.570604 0.651402 19.940000
5.542266 0.583406 0.628407 19.960000
6.332202 0.595686 0.599276 19.980000
