-0.843421 0.276248 0.820234 0.000000
-0.392007 0.291788 0.733554 0.020000
-0.431068 0.305670 0.654471 0.040000
0.315424 0.317954 0.573828 0.060000
0.045866 0.328760 0.506703 0.080000
0.063462 0.338168 0.433986 0.100000
0.201173 0.346122 0.361445 0.120000
-0.282533 0.352652 0.291579 0.140000
-0.011911 0.357697 0.213053 0.160000
-0.354650 0.361229 0.140328 0.180000
-0.977562 0.363253 0.062192 0.200000
-0.355050 0.363610 -0.026141 0.220000
0.322066 0.362335 -0.101117 0.240000
0.007667 0.359704 -0.161711 0.260000
-0.410445 0.355820 -0.226339 0.280000
0.024120 0.350586 -0.296626 0.300000
1.006946 0.344052 -0.356371 0.320000
1.561016 0.336532 -0.395296 0.340000
2.323208 0.328360 -0.421587 0.360000
2.937391 0.319826 -0.431428 0.380000
2.358101 0.311231 -0.427806 0.400000
2.043407 0.302615 -0.433451 0.420000
1.513496 0.293846 -0.443211 0.440000
0.722508 0.284799 -0.461078 0.460000
0.277848 0.275266 -0.491839 0.480000
0.215225 0.265057 -0.528596 0.500000
0.280996 0.254128 -0.563829 0.520000
-0.364362 0.242535 -0.594972 0.540000
-1.300656 0.230224 -0.635658 0.560000
-1.774828 0.216949 -0.691224 0.580000
-1.775524 0.202507 -0.752325 0.600000
-2.362922 0.186882 -0.809477 0.620000
-1.782040 0.170041 -0.873955 0.640000
-2.184862 0.152068 -0.922606 0.660000
-1.210555 0.133087 -0.974745 0.680000
-1.882550 0.113301 -1.003080 0.700000
-1.126568 0.092860 -1.040269 0.720000
-1.709681 0.071871 -1.057865 0.740000
-2.673809 0.050459 -1.082571 0.760000
-3.533409 0.028408 -1.121693 0.780000
-2.740546 0.005455 -1.172731 0.800000
-3.377939 -0.018307 -1.202528 0.820000
-4.217033 -0.042738 -1.239654 0.840000
-3.466423 -0.068022 -1.287746 0.860000
-3.258856 -0.094059 -1.314952 0.880000
-3.165222 -0.120540 -1.332286 0.900000
-3.595596 -0.147294 -1.342104 0.920000
-4.107527 -0.174272 -1.354735 0.940000
-4.254282 -0.201545 -1.371558 0.960000
-3.473164 -0.229123 -1.385224 0.980000
-3.853195 -0.256763 -1.377854 1.000000
-4.739283 -0.284273 -1.372226 1.020000
-4.141932 -0.311783 -1.377771 1.040000
-3.621552 -0.339231 -1.366128 1.060000
-3.082108 -0.366294 -1.339311 1.080000
-3.277769 -0.392671 -1.297571 1.100000
-2.419355 -0.418203 -1.254958 1.120000
-1.620205 -0.442685 -1.192644 1.140000
-0.860080 -0.465743 -1.112684 1.160000
-1.019609 -0.487041 -1.016764 1.180000
-1.503879 -0.506430 -0.921870 1.200000
-0.652250 -0.523990 -0.833884 1.220000
-0.660852 -0.539631 -0.730067 1.240000
-0.913907 -0.553191 -0.625923 1.260000
-1.001383 -0.564710 -0.525934 1.280000
-1.853531 -0.574244 -0.427557 1.300000
-1.255717 -0.581957 -0.343764 1.320000
-1.815690 -0.587898 -0.250515 1.340000
-1.265855 -0.592076 -0.167442 1.360000
-0.363834 -0.594512 -0.076387 1.380000
-0.056734 -0.594994 0.027916 1.400000
-0.117375 -0.593360 0.135097 1.420000
-0.136851 -0.589617 0.238723 1.440000
-0.226597 -0.583833 0.339199 1.460000
-0.646596 -0.576085 0.435092 1.480000
-1.380037 -0.566521 0.520658 1.500000
-0.435740 -0.555405 0.590463 1.520000
-0.213084 -0.542766 0.672708 1.540000
-1.108814 -0.528484 0.754818 1.560000
-0.555563 -0.512756 0.817364 1.580000
-0.616688 -0.495722 0.885316 1.600000
0.228352 -0.477384 0.947739 1.620000
-0.332045 -0.457693 1.020480 1.640000
0.552092 -0.436698 1.078270 1.660000
0.793537 -0.414436 1.147000 1.680000
1.143062 -0.390809 1.214791 1.700000
1.401060 -0.365817 1.283455 1.720000
2.217983 -0.339461 1.351107 1.740000
1.412467 -0.311659 1.428042 1.760000
2.406031 -0.282535 1.483321 1.780000
2.206190 -0.252179 1.551172 1.800000
1.247778 -0.220572 1.608375 1.820000
1.991110 -0.188076 1.640092 1.840000
2.220639 -0.154868 1.679575 1.860000
1.445401 -0.120895 1.716541 1.880000
1.981653 -0.086407 1.731087 1.900000
1.945879 -0.051591 1.749326 1.920000
2.483882 -0.016488 1.759790 1.940000
1.981183 0.018860 1.773889 1.960000
2.207104 0.054319 1.770854 1.980000
1.705186 0.089693 1.765403 2.000000
1.559721 0.124791 1.743227 2.020000
2.268842 0.159351 1.711783 2.040000
1.742333 0.193360 1.688052 2.060000
1.359985 0.226729 1.647884 2.080000
1.314765 0.259164 1.594684 2.100000
1.026330 0.290474 1.535475 2.120000
1.847495 0.320496 1.466060 2.140000
2.625657 0.349242 1.407779 2.160000
3.183873 0.376923 1.359561 2.180000
3.863330 0.403698 1.317087 2.200000
4.396055 0.429700 1.282398 2.220000
4.296631 0.455058 1.252581 2.240000
3.805839 0.479754 1.216275 2.260000
4.664842 0.503594 1.166988 2.280000
5.075566 0.526557 1.128653 2.300000
4.949345 0.548783 1.093225 2.320000
5.770475 0.570238 1.051617 2.340000
5.046131 0.590959 1.019870 2.360000
5.956808 0.610887 0.972349 2.380000
4.975497 0.629979 0.936224 2.400000
4.045831 0.648156 0.880996 2.420000
3.686109 0.665055 0.808520 2.440000
4.021798 0.680429 0.728645 2.460000
3.478879 0.694243 0.652619 2.480000
3.219227 0.706443 0.567274 2.500000
4.203027 0.716892 0.477547 2.520000
3.486901 0.725692 0.402418 2.540000
2.902349 0.732882 0.316599 2.560000
2.263723 0.738273 0.222698 2.580000
3.073162 0.741703 0.120514 2.600000
2.088911 0.743223 0.031737 2.620000
1.972457 0.742839 -0.069741 2.640000
1.088536 0.740431 -0.170670 2.660000
0.523197 0.735900 -0.281959 2.680000
0.924281 0.729090 -0.398469 2.700000
0.758680 0.720044 -0.505521 2.720000
0.863934 0.708869 -0.611331 2.740000
-0.061287 0.695634 -0.711535 2.760000
0.782987 0.680295 -0.821622 2.780000
1.156669 0.662931 -0.913984 2.800000
0.951187 0.643826 -0.995675 2.820000
0.249690 0.623104 -1.075662 2.840000
-0.539913 0.600721 -1.161801 2.860000
-0.483678 0.576539 -1.255445 2.880000
0.047202 0.550551 -1.342356 2.900000
0.996681 0.522975 -1.414211 2.920000
0.725320 0.494188 -1.463466 2.940000
-0.080020 0.464430 -1.511237 2.960000
0.027019 0.433637 -1.566981 2.980000
0.321501 0.401814 -1.614189 3.000000
-0.360038 0.369168 -1.649291 3.020000
-0.387688 0.335761 -1.690312 3.040000
-0.131386 0.301597 -1.724928 3.060000
-1.056881 0.266859 -1.747679 3.080000
-0.761538 0.231558 -1.781210 3.100000
-0.757618 0.195716 -1.801811 3.120000
-0.624516 0.159534 -1.815177 3.140000
-0.340561 0.123183 -1.818804 3.160000
-1.334857 0.086885 -1.809824 3.180000
-1.132192 0.050638 -1.813677 3.200000
-1.858450 0.014425 -1.806467 3.220000
-2.036699 -0.021719 -1.806775 3.240000
-2.218396 -0.057834 -1.803565 3.260000
-1.889035 -0.093851 -1.796934 3.280000
-2.341423 -0.129600 -1.776869 3.300000
-1.649390 -0.164971 -1.759050 3.320000
-0.999481 -0.199783 -1.721118 3.340000
-0.630567 -0.233649 -1.664612 3.360000
-1.404820 -0.266261 -1.595717 3.380000
-1.817710 -0.297594 -1.536823 3.400000
-1.960628 -0.327780 -1.480919 3.420000
-1.351585 -0.356827 -1.423003 3.440000
-1.626734 -0.384558 -1.349442 3.460000
-1.726117 -0.410830 -1.277234 3.480000
-1.939521 -0.435642 -1.203376 3.500000
-1.017703 -0.458983 -1.130208 3.520000
-0.769890 -0.480668 -1.037910 3.540000
-0.887622 -0.500443 -0.939350 3.560000
-0.303564 -0.518253 -0.841439 3.580000
-0.603456 -0.533993 -0.732491 3.600000
-1.105624 -0.547601 -0.628295 3.620000
-0.721556 -0.559209 -0.532456 3.640000
-0.082908 -0.568835 -0.430217 3.660000
-0.146508 -0.576315 -0.317908 3.680000
0.165686 -0.581570 -0.207836 3.700000
0.663558 -0.584586 -0.094106 3.720000
1.109430 -0.585265 0.025887 3.740000
0.217176 -0.583493 0.150784 3.760000
1.028738 -0.579401 0.257999 3.780000
0.452357 -0.573058 0.375733 3.800000
1.348363 -0.564491 0.480382 3.820000
1.727473 -0.553716 0.596460 3.840000
1.589991 -0.540596 0.714845 3.860000
1.241479 -0.525176 0.826414 3.880000
1.850415 -0.507631 0.927263 3.900000
1.626137 -0.488012 1.033778 3.920000
1.795632 -0.466355 1.131052 3.940000
1.146780 -0.442777 1.225821 3.960000
0.880254 -0.417477 1.303116 3.980000
0.099720 -0.390740 1.369649 4.000000
-0.489227 -0.362876 1.415770 4.020000
-0.800797 -0.334259 1.444909 4.040000
-1.091733 -0.305178 1.462230 4.060000
-0.759397 -0.275864 1.468142 4.080000
-1.150178 -0.246427 1.474637 4.100000
-1.696367 -0.216993 1.467821 4.120000
-0.975889 -0.187857 1.444848 4.140000
-0.678217 -0.159093 1.430684 4.160000
-0.114015 -0.130607 1.417062 4.180000
0.617896 -0.102334 1.409298 4.200000
0.120434 -0.074125 1.410669 4.220000
0.926889 -0.046042 1.396755 4.240000
0.599504 -0.018129 1.393656 4.260000
0.504125 0.009603 1.378744 4.280000
-0.091813 0.036968 1.356888 4.300000
0.737253 0.063728 1.318417 4.320000
-0.180538 0.089840 1.291964 4.340000
0.739040 0.115196 1.242943 4.360000
-0.095204 0.139713 1.208161 4.380000
0.715464 0.163331 1.153059 4.400000
0.436241 0.185972 1.110438 4.420000
-0.338872 0.207672 1.058951 4.440000
0.009586 0.228160 0.989450 4.460000
0.233470 0.247301 0.924317 4.480000
0.136331 0.265161 0.861282 4.500000
0.462289 0.281721 0.794398 4.520000
0.184633 0.296988 0.732047 4.540000
0.862535 0.310940 0.662934 4.560000
1.663515 0.323626 0.605470 4.580000
2.175502 0.335302 0.561848 4.600000
2.529540 0.346187 0.526459 4.620000
2.755729 0.356417 0.496272 4.640000
2.599229 0.366071 0.468893 4.660000
1.712099 0.375135 0.437287 4.680000
2.325503 0.383391 0.388257 4.700000
1.537916 0.390774 0.349943 4.720000
1.275308 0.397240 0.296619 4.740000
0.835374 0.402590 0.238433 4.760000
0.635642 0.406699 0.172498 4.780000
0.629573 0.409458 0.103605 4.800000
0.187320 0.410848 0.035586 4.820000
-0.366635 0.410809 -0.039239 4.840000
-0.694337 0.409189 -0.122496 4.860000
-0.418986 0.405864 -0.209628 4.880000
-1.026842 0.400870 -0.289298 4.900000
-0.323060 0.394198 -0.377467 4.920000
0.348635 0.385921 -0.449715 4.940000
0.408176 0.376353 -0.506600 4.960000
0.276893 0.365688 -0.559406 4.980000
0.118567 0.353973 -0.611538 5.000000
0.975953 0.341219 -0.663335 5.020000
0.366172 0.327624 -0.695643 5.040000
0.675990 0.313300 -0.736123 5.060000
1.332257 0.298261 -0.767204 5.080000
1.304923 0.282760 -0.782321 5.100000
1.962689 0.266985 -0.794631 5.120000
2.665385 0.251123 -0.791032 5.140000
2.052361 0.235499 -0.770884 5.160000
2.204673 0.220187 -0.759853 5.180000
2.646540 0.205154 -0.743084 5.200000
1.983112 0.190567 -0.715119 5.220000
2.863055 0.176435 -0.697748 5.240000
2.738034 0.162846 -0.660798 5.260000
2.158613 0.149991 -0.624372 5.280000
2.959463 0.137769 -0.597519 5.300000
2.791400 0.126260 -0.553121 5.320000
3.421188 0.115620 -0.510693 5.340000
3.511093 0.105965 -0.454685 5.360000
3.730234 0.097455 -0.396198 5.380000
4.607714 0.090163 -0.332968 5.400000
4.806564 0.084310 -0.252361 5.420000
3.979650 0.080104 -0.168414 5.440000
3.285094 0.077404 -0.101764 5.460000
3.192541 0.075890 -0.049732 5.480000
3.326943 0.075390 -0.000360 5.500000
2.332449 0.075896 0.050689 5.520000
1.584477 0.077213 0.080904 5.540000
0.869236 0.078977 0.095446 5.560000
0.502855 0.080885 0.095218 5.580000
0.001456 0.082711 0.087398 5.600000
0.162060 0.084280 0.069506 5.620000
-0.575548 0.085524 0.054867 5.640000
-0.230672 0.086329 0.025762 5.660000
-0.821477 0.086626 0.003934 5.680000
-1.114151 0.086373 -0.029124 5.700000
-0.463373 0.085408 -0.067187 5.720000
-0.817870 0.083821 -0.091406 5.740000
-0.884110 0.081687 -0.121785 5.760000
-1.606740 0.078943 -0.152401 5.780000
-1.737750 0.075456 -0.196083 5.800000
-2.227070 0.071085 -0.240736 5.820000
-1.311579 0.065742 -0.293245 5.840000
-1.244677 0.059551 -0.325516 5.860000
-1.389984 0.052747 -0.354575 5.880000
-2.358302 0.045352 -0.384566 5.900000
-2.643978 0.037186 -0.431627 5.920000
-3.484941 0.028047 -0.481748 5.940000
-4.340080 0.017768 -0.545659 5.960000
-3.423187 0.006074 -0.623121 5.980000
-2.890450 -0.006949 -0.678494 6.000000
-3.005694 -0.020935 -0.719592 6.020000
-3.094489 -0.035731 -0.759346 6.040000
-2.225925 -0.051302 -0.797092 6.060000
-1.672589 -0.067417 -0.813795 6.080000
-2.316182 -0.083720 -0.816050 6.100000
-2.477967 -0.100164 -0.827743 6.120000
-3.273990 -0.116839 -0.839115 6.140000
-2.878133 -0.133862 -0.862561 6.160000
-2.676084 -0.151237 -0.874323 6.180000
-3.466416 -0.168770 -0.878402 6.200000
-4.326463 -0.186504 -0.894277 6.220000
-5.012431 -0.204683 -0.922894 6.240000
-5.139522 -0.223524 -0.960381 6.260000
-5.669840 -0.243091 -0.995517 6.280000
-5.959330 -0.263413 -1.035879 6.300000
-5.445792 -0.284546 -1.076471 6.320000
-5.975832 -0.306338 -1.101816 6.340000
-6.154450 -0.328684 -1.131832 6.360000
-5.497363 -0.351607 -1.159564 6.380000
-5.877741 -0.374906 -1.169398 6.400000
-6.668894 -0.398417 -1.180855 6.420000
-6.288878 -0.422247 -1.201150 6.440000
-6.812894 -0.446355 -1.208673 6.460000
-6.867362 -0.470650 -1.219816 6.480000
-7.486319 -0.495118 -1.225983 6.500000
-8.000000 -0.519758 -1.236962 6.520000
-8.000000 -0.544643 -1.250496 6.540000
-7.738710 -0.569735 -1.257561 6.560000
-8.000000 -0.594860 -1.253912 6.580000
-8.000000 -0.619893 -1.248399 6.600000
-8.000000 -0.644755 -1.236757 6.620000
-7.012630 -0.669324 -1.219158 6.640000
-6.883607 -0.693330 -1.180630 6.660000
-6.812330 -0.716497 -1.135304 6.680000
-6.752170 -0.738702 -1.084470 6.700000
-6.690336 -0.759840 -1.028691 6.720000
-7.493185 -0.779816 -0.968351 6.740000
-7.367008 -0.798665 -0.915919 6.760000
-7.064012 -0.816413 -0.858374 6.780000
-7.007369 -0.832939 -0.793795 6.800000
-7.661077 -0.848141 -0.726033 6.820000
-8.000000 -0.862052 -0.664725 6.840000
-8.000000 -0.874760 -0.605753 6.860000
-8.000000 -0.886270 -0.544970 6.880000
-7.369243 -0.896549 -0.482716 6.900000
-6.529980 -0.905493 -0.411585 6.920000
-5.888918 -0.912906 -0.329733 6.940000
-5.628820 -0.918606 -0.240319 6.960000
-5.389559 -0.922493 -0.148549 6.980000
-4.587570 -0.924527 -0.055129 7.000000
-3.628155 -0.924613 0.046217 7.020000
-2.783335 -0.922578 0.156826 7.040000
-3.067865 -0.918257 0.274819 7.060000
-3.176843 -0.911642 0.386153 7.080000
-2.196326 -0.902847 0.492666 7.100000
-1.393925 -0.891839 0.607498 7.120000
-0.497570 -0.878475 0.728217 7.140000
0.227126 -0.862626 0.855861 7.160000
-0.446236 -0.844178 0.988115 7.180000
-0.242105 -0.823225 1.106311 7.200000
0.432581 -0.799934 1.221884 7.220000
-0.353973 -0.774293 1.341203 7.240000
-0.250075 -0.746438 1.443319 7.260000
-1.239479 -0.716587 1.540693 7.280000
-0.427069 -0.685003 1.616564 7.300000
-1.078995 -0.651844 1.698189 7.320000
-0.333385 -0.617226 1.762395 7.340000
0.186007 -0.581275 1.831500 7.360000
0.313289 -0.543929 1.901858 7.380000
1.286528 -0.505230 1.966760 7.400000
0.347959 -0.465141 2.040853 7.420000
0.211019 -0.423817 2.090098 7.440000
0.352307 -0.381617 2.128602 7.460000
0.063487 -0.338703 2.161361 7.480000
0.980760 -0.295273 2.180233 7.500000
1.956590 -0.251375 2.208132 7.520000
2.764025 -0.206817 2.246199 7.540000
3.240177 -0.161429 2.291048 7.560000
4.144549 -0.115143 2.335970 7.580000
3.845353 -0.067875 2.389165 7.600000
4.260066 -0.019703 2.426409 7.620000
5.254750 0.029196 2.461783 7.640000
4.258259 0.078897 2.506442 7.660000
4.740055 0.129184 2.520502 7.680000
5.641059 0.179741 2.533460 7.700000
4.727969 0.230626 2.553095 7.720000
4.114096 0.281614 2.543922 7.740000
3.881612 0.332195 2.512551 7.760000
3.359284 0.382006 2.466945 7.780000
4.351800 0.430715 2.402457 7.800000
3.424059 0.478226 2.347088 7.820000
4.023255 0.524377 2.266775 7.840000
3.878078 0.568948 2.189030 7.860000
3.971931 0.611865 2.101406 7.880000
4.072089 0.652974 2.008488 7.900000
5.021769 0.692178 1.910851 7.920000
4.593865 0.729514 1.821713 7.940000
4.642865 0.764944 1.720446 7.960000
3.906282 0.798305 1.614891 7.980000
3.789564 0.829410 1.494920 8.000000
4.427253 0.858065 1.370168 8.020000
3.876942 0.884281 1.250976 8.040000
4.643478 0.908020 1.122572 8.060000
3.715141 0.929267 1.001873 8.080000
2.891977 0.947976 0.868911 8.100000
2.561412 0.963926 0.726182 8.120000
2.456426 0.976989 0.580294 8.140000
2.320170 0.987134 0.434393 8.160000
1.714328 0.994361 0.288622 8.180000
2.257744 0.998627 0.138392 8.200000
3.185718 0.999972 -0.003418 8.220000
3.570504 0.998609 -0.132478 8.240000
3.432541 0.994735 -0.254430 8.260000
3.986204 0.988438 -0.374621 8.280000
3.587549 0.979834 -0.485143 8.300000
3.507983 0.969014 -0.596221 8.320000
4.490362 0.956005 -0.703991 8.340000
5.393895 0.940998 -0.795921 8.360000
5.009298 0.924306 -0.872419 8.380000
4.593692 0.906088 -0.948514 8.400000
4.679271 0.886349 -1.024487 8.420000
5.343104 0.865156 -1.093914 8.440000
4.806057 0.842717 -1.149041 8.460000
5.462723 0.819162 -1.205459 8.480000
5.913067 0.794628 -1.246902 8.500000
5.563081 0.769390 -1.275889 8.520000
5.126041 0.743584 -1.303705 8.540000
5.830271 0.717219 -1.331745 8.560000
5.541165 0.690462 -1.342937 8.580000
4.835342 0.663498 -1.352375 8.600000
5.169379 0.636296 -1.366785 8.620000
5.318836 0.608921 -1.369721 8.640000
5.004954 0.581572 -1.364188 8.660000
5.178577 0.554340 -1.358000 8.680000
4.680150 0.527320 -1.343094 8.700000
5.148860 0.500568 -1.331183 8.720000
5.998594 0.474191 -1.305599 8.740000
5.144704 0.448530 -1.259745 8.760000
4.161253 0.423680 -1.224412 8.780000
4.351273 0.399405 -1.202258 8.800000
3.638387 0.375655 -1.171994 8.820000
3.663975 0.352423 -1.150541 8.840000
4.210773 0.329667 -1.124274 8.860000
3.783907 0.307582 -1.083597 8.880000
3.366415 0.286268 -1.047249 8.900000
2.394713 0.265637 -1.015229 8.920000
1.579631 0.245495 -0.998291 8.940000
0.765120 0.225572 -0.993385 8.960000
0.383243 0.205627 -1.000424 8.980000
1.030453 0.185507 -1.010876 9.000000
1.926254 0.165346 -1.004627 9.020000
1.800903 0.145523 -0.977077 9.040000
1.837384 0.126260 -0.948672 9.060000
1.413548 0.107605 -0.916376 9.080000
1.294204 0.089541 -0.889459 9.100000
1.595318 0.072022 -0.861947 9.120000
0.987568 0.055142 -0.825667 9.140000
1.713073 0.038892 -0.798891 9.160000
1.817507 0.023347 -0.755186 9.180000
2.093503 0.008719 -0.707339 9.200000
1.581036 -0.004879 -0.652229 9.220000
0.640143 -0.017462 -0.605823 9.240000
-0.027960 -0.029290 -0.576606 9.260000
0.380320 -0.040648 -0.558948 9.280000
1.338408 -0.051554 -0.531402 9.300000
0.391771 -0.061704 -0.483418 9.320000
0.641848 -0.071073 -0.453219 9.340000
0.842955 -0.079776 -0.416935 9.360000
1.266035 -0.087704 -0.375799 9.380000
0.925457 -0.094720 -0.325699 9.400000
1.479230 -0.100798 -0.282056 9.420000
0.752168 -0.105891 -0.227299 9.440000
0.434353 -0.110035 -0.187067 9.460000
1.431243 -0.113437 -0.153166 9.480000
1.359866 -0.115965 -0.099752 9.500000
2.266846 -0.117446 -0.048421 9.520000
2.921080 -0.117729 0.019902 9.540000
3.185711 -0.116530 0.099654 9.560000
3.842251 -0.113704 0.182659 9.580000
3.894797 -0.109110 0.276254 9.600000
4.344592 -0.102662 0.368009 9.620000
4.519347 -0.094322 0.465443 9.640000
3.560741 -0.084034 0.562668 9.660000
3.295302 -0.072032 0.636966 9.680000
3.654833 -0.058634 0.702150 9.700000
3.457789 -0.043901 0.770483 9.720000
3.322752 -0.027882 0.830627 9.740000
3.065721 -0.010732 0.883720 9.760000
3.912501 0.007385 0.927258 9.780000
4.698912 0.026497 0.983082 9.800000
5.122784 0.046832 1.049498 9.820000
5.251479 0.068525 1.118814 9.840000
5.931591 0.091571 1.184809 9.860000
5.508875 0.116011 1.258079 9.880000
4.902608 0.141766 1.316412 9.900000
4.464762 0.168504 1.356277 9.920000
5.219526 0.195889 1.381203 9.940000
4.928027 0.223857 1.414510 9.960000
4.754713 0.252369 1.435554 9.980000
4.722293 0.281203 1.446781 10.000000
4.655773 0.310191 1.451024 10.020000
3.855912 0.339189 1.447747 10.040000
4.542024 0.367911 1.423503 10.060000
4.438961 0.396220 1.406403 10.080000
4.359523 0.424111 1.381761 10.100000
5.168493 0.451440 1.350299 10.120000
5.153205 0.478233 1.328038 10.140000
4.403585 0.504523 1.300127 10.160000
4.943272 0.530074 1.254180 10.180000
4.752940 0.554753 1.212985 10.200000
5.409763 0.578532 1.164178 10.220000
6.325676 0.601402 1.122156 10.240000
7.063831 0.623540 1.090845 10.260000
6.639764 0.645125 1.066887 10.280000
7.243841 0.666117 1.031652 10.300000
7.837853 0.686457 1.001613 10.320000
8.000000 0.706244 0.976359 10.340000
8.000000 0.725507 0.949177 10.360000
8.000000 0.744183 0.917785 10.380000
7.364303 0.762192 0.882426 10.400000
6.961790 0.779365 0.834340 10.420000
6.497126 0.795489 0.777576 10.440000
7.305316 0.810387 0.711908 10.460000
8.000000 0.824062 0.655250 10.480000
8.000000 0.836677 0.605868 10.500000
8.000000 0.848283 0.554465 10.520000
7.323665 0.858844 0.501340 10.540000
6.896230 0.868240 0.438100 10.560000
6.893115 0.876308 0.368608 10.580000
6.366069 0.882982 0.298764 10.600000
7.097940 0.888192 0.222338 10.620000
6.235435 0.891970 0.155559 10.640000
6.223027 0.894311 0.078686 10.660000
6.886818 0.895124 0.002839 10.680000
6.037708 0.894517 -0.063302 10.700000
5.454823 0.892497 -0.138373 10.720000
5.706101 0.888923 -0.218614 10.740000
5.503913 0.883801 -0.293222 10.760000
5.865510 0.877187 -0.367666 10.780000
5.056394 0.869160 -0.434512 10.800000
4.654825 0.859724 -0.508566 10.820000
4.681699 0.848789 -0.584312 10.840000
3.957780 0.836380 -0.655897 10.860000
3.354715 0.822483 -0.733130 10.880000
2.880914 0.807002 -0.814242 10.900000
2.064681 0.789878 -0.897323 10.920000
2.578790 0.771026 -0.987057 10.940000
3.499625 0.750503 -1.064336 10.960000
4.039438 0.728623 -1.122862 10.980000
4.188317 0.705706 -1.167891 11.000000
4.462807 0.681967 -1.205104 11.020000
5.039410 0.657582 -1.232433 11.040000
5.975477 0.632798 -1.244989 11.060000
4.990061 0.607970 -1.236862 11.080000
5.475191 0.583198 -1.239428 11.100000
6.457165 0.558510 -1.228503 11.120000
7.181848 0.534259 -1.195740 11.140000
6.563479 0.510838 -1.145652 11.160000
7.116462 0.488356 -1.101826 11.180000
6.188301 0.466890 -1.044033 11.200000
6.401616 0.446454 -0.998926 11.220000
5.549265 0.426996 -0.946335 11.240000
6.496635 0.408468 -0.905866 11.260000
6.573641 0.390956 -0.844914 11.280000
6.395462 0.374704 -0.779897 11.300000
6.460243 0.359742 -0.715899 11.320000
6.363024 0.346093 -0.648728 11.340000
6.014125 0.333786 -0.581770 11.360000
6.723414 0.322765 -0.520060 11.380000
6.108408 0.313124 -0.443934 11.400000
6.631543 0.304895 -0.378905 11.420000
6.787330 0.298070 -0.303602 11.440000
6.489382 0.292780 -0.225481 11.460000
6.433646 0.288990 -0.153543 11.480000
7.089795 0.286622 -0.083403 11.500000
7.656803 0.285772 -0.001825 11.520000
8.000000 0.286647 0.088908 11.540000
7.867209 0.289379 0.183948 11.560000
7.426330 0.293961 0.273740 11.580000
7.124361 0.300225 0.352148 11.600000
6.232879 0.307969 0.421692 11.620000
5.243566 0.316902 0.471154 11.640000
4.583492 0.326608 0.498966 11.660000
4.114614 0.336719 0.511713 11.680000
3.493717 0.346972 0.513286 11.700000
2.512144 0.357120 0.501139 11.720000
2.003353 0.366823 0.469005 11.740000
1.708683 0.375777 0.426259 11.760000
0.711205 0.383814 0.377282 11.780000
-0.183852 0.390682 0.309546 11.800000
-0.593945 0.396033 0.225649 11.820000
0.378702 0.399639 0.135131 11.840000
0.015139 0.401625 0.063657 11.860000
-0.214481 0.402126 -0.013254 11.880000
-0.756950 0.401063 -0.092776 11.900000
-1.484468 0.398329 -0.180284 11.920000
-2.423048 0.393734 -0.278717 11.940000
-2.972613 0.387027 -0.391442 11.960000
-3.593386 0.377999 -0.510758 11.980000
-2.680909 0.366508 -0.637534 12.000000
-3.611232 0.352697 -0.742911 12.020000
-3.897752 0.336648 -0.861096 12.040000
-4.258100 0.318233 -0.979561 12.060000
-3.356393 0.297434 -1.099338 12.080000
-4.091407 0.274471 -1.196087 12.100000
-3.721693 0.249490 -1.300931 12.120000
-3.572078 0.222548 -1.392213 12.140000
-2.911250 0.193875 -1.473974 12.160000
-3.254450 0.163763 -1.536037 12.180000
-2.914903 0.132411 -1.597996 12.200000
-2.382306 0.099958 -1.646180 12.220000
-2.457154 0.066717 -1.676742 12.240000
-2.811820 0.032920 -1.701792 12.260000
-3.530499 -0.001378 -1.726820 12.280000
-3.681336 -0.036248 -1.758868 12.300000
-3.892776 -0.071713 -1.786353 12.320000
-3.497077 -0.107693 -1.810362 12.340000
-2.925197 -0.143998 -1.818846 12.360000
-2.299647 -0.180284 -1.808650 12.380000
-1.807249 -0.216174 -1.779243 12.400000
-1.820098 -0.251316 -1.733852 12.420000
-2.730852 -0.285491 -1.682781 12.440000
-3.161436 -0.318762 -1.643320 12.460000
-2.523909 -0.351266 -1.606075 12.480000
-3.269428 -0.382848 -1.551253 12.500000
-2.540872 -0.413419 -1.504952 12.520000
-1.782697 -0.442880 -1.440325 12.540000
-2.173160 -0.470868 -1.357845 12.560000
-3.080951 -0.497239 -1.278707 12.580000
-3.096446 -0.522152 -1.211930 12.600000
-3.335612 -0.545696 -1.141926 12.620000
-2.793379 -0.567848 -1.072811 12.640000
-2.970362 -0.588498 -0.991810 12.660000
-3.566710 -0.607535 -0.911497 12.680000
-3.061043 -0.625042 -0.838886 12.700000
-3.604704 -0.640997 -0.756315 12.720000
-3.282560 -0.655373 -0.681053 12.740000
-3.177840 -0.668180 -0.599566 12.760000
-3.386007 -0.679334 -0.515765 12.780000
-2.553994 -0.688841 -0.434850 12.800000
-1.903462 -0.696601 -0.341196 12.820000
-2.733426 -0.702394 -0.238311 12.840000
-2.737510 -0.706267 -0.149156 12.860000
-2.218900 -0.708369 -0.061283 12.880000
-2.056050 -0.708650 0.032866 12.900000
-1.460109 -0.707043 0.127484 12.920000
-0.936762 -0.703476 0.228763 12.940000
-0.304104 -0.697831 0.335190 12.960000
-0.086837 -0.689993 0.448056 12.980000
0.893465 -0.679900 0.560642 13.000000
0.669297 -0.667442 0.684454 13.020000
-0.112646 -0.652586 0.800373 13.040000
0.412869 -0.635582 0.899283 13.060000
-0.319110 -0.616562 1.001829 13.080000
-0.745837 -0.595662 1.087361 13.100000
-0.880785 -0.573173 1.160587 13.120000
-0.363445 -0.549297 1.226132 13.140000
0.312449 -0.524077 1.294895 13.160000
-0.137997 -0.497423 1.369522 13.180000
0.344421 -0.469416 1.430188 13.200000
0.000280 -0.440171 1.493245 13.220000
0.627189 -0.409791 1.543693 13.240000
0.551894 -0.378352 1.599104 13.260000
0.477692 -0.345885 1.646404 13.280000
-0.223660 -0.312555 1.685491 13.300000
-0.275520 -0.278645 1.704402 13.320000
0.660124 -0.244434 1.715549 13.340000
0.577421 -0.209887 1.738011 13.360000
0.773464 -0.174976 1.751922 13.380000
0.484337 -0.139818 1.762765 13.400000
0.664744 -0.104568 1.761018 13.420000
0.761231 -0.069386 1.756103 13.440000
0.603030 -0.034350 1.746428 13.460000
1.404007 0.000396 1.727062 13.480000
1.601487 0.034850 1.717225 13.500000
1.585565 0.069081 1.704795 13.520000
1.563511 0.102996 1.685625 13.540000
2.040340 0.136460 1.659787 13.560000
1.411782 0.169441 1.637267 13.580000
1.761410 0.201788 1.596486 13.600000
2.540669 0.233332 1.557021 13.620000
2.980023 0.264183 1.527154 13.640000
3.652986 0.294465 1.500114 13.660000
4.504310 0.324278 1.480211 13.680000
3.626402 0.353795 1.470462 13.700000
3.691586 0.382893 1.438443 13.720000
4.545091 0.411309 1.402298 13.740000
4.338047 0.439106 1.376448 13.760000
4.607325 0.466294 1.341539 13.780000
3.918816 0.492782 1.306364 13.800000
4.387142 0.518396 1.254375 13.820000
3.820883 0.543010 1.206216 13.840000
4.476317 0.566522 1.144398 13.860000
5.109111 0.588872 1.089993 13.880000
5.060660 0.610202 1.042412 13.900000
4.868961 0.630537 0.990471 13.920000
4.271332 0.649769 0.932243 13.940000
4.045480 0.667713 0.861851 13.960000
4.338004 0.684193 0.785839 13.980000
5.168565 0.699181 0.712631 14.000000
5.712882 0.712815 0.650473 14.020000
4.815747 0.725271 0.594870 14.040000
4.217481 0.736466 0.524533 14.060000
4.102532 0.746159 0.444678 14.080000
3.374267 0.754236 0.362970 14.100000
2.732998 0.760574 0.270979 14.120000
3.369236 0.764988 0.170627 14.140000
3.440855 0.767499 0.080726 14.160000
3.497707 0.768237 -0.006675 14.180000
2.656870 0.767252 -0.091511 14.200000
2.319581 0.764470 -0.186315 14.220000
1.644371 0.759768 -0.283412 14.240000
1.970902 0.753055 -0.387326 14.260000
1.014898 0.744345 -0.483181 14.280000
1.763869 0.733612 -0.589484 14.300000
1.787086 0.720903 -0.680753 14.320000
1.077490 0.706412 -0.767570 14.340000
0.858878 0.690121 -0.860803 14.360000
1.334200 0.671978 -0.952741 14.380000
1.027363 0.652118 -1.032344 14.400000
0.085301 0.630669 -1.111721 14.420000
0.901458 0.607533 -1.200956 14.440000
1.285569 0.582802 -1.271201 14.460000
1.214382 0.556788 -1.329286 14.480000
1.400266 0.529658 -1.382690 14.500000
1.561047 0.501552 -1.426871 14.520000
1.676977 0.472652 -1.462131 14.540000
2.161984 0.443129 -1.489173 14.560000
1.747788 0.413214 -1.501305 14.580000
1.375926 0.383041 -1.514901 14.600000
1.547719 0.352589 -1.529252 14.620000
1.210788 0.321944 -1.534255 14.640000
0.807375 0.291196 -1.539571 14.660000
1.490525 0.260325 -1.546529 14.680000
0.558120 0.229507 -1.534311 14.700000
0.559998 0.198810 -1.534360 14.720000
1.500637 0.168172 -1.528470 14.740000
0.556776 0.137894 -1.498398 14.760000
1.464072 0.108085 -1.481577 14.780000
1.002051 0.078846 -1.441465 14.800000
0.357844 0.050367 -1.405629 14.820000
1.050270 0.022525 -1.377767 14.840000
0.432631 -0.004574 -1.331408 14.860000
0.158897 -0.030825 -1.293024 14.880000
0.207354 -0.056321 -1.255805 14.900000
0.217141 -0.081021 -1.213505 14.920000
-0.651523 -0.104834 -1.167166 14.940000
-0.151150 -0.127855 -1.134325 14.960000
-0.268783 -0.150083 -1.087926 14.980000
0.570059 -0.171373 -1.040560 15.000000
0.946052 -0.191521 -0.973809 15.020000
1.086953 -0.210237 -0.897421 15.040000
2.049037 -0.227378 -0.816490 15.060000
1.505124 -0.242701 -0.715639 15.080000
1.529741 -0.256105 -0.624659 15.100000
1.138067 -0.267680 -0.532759 15.120000
1.640477 -0.277490 -0.448235 15.140000
1.617977 -0.285513 -0.354217 15.160000
1.071845 -0.291667 -0.261233 15.180000
0.267304 -0.296073 -0.179511 15.200000
-0.399479 -0.299006 -0.113985 15.220000
-1.318851 -0.300765 -0.061943 15.240000
-2.198536 -0.301664 -0.028073 15.260000
-1.567742 -0.302058 -0.011385 15.280000
-2.208659 -0.302002 0.016934 15.300000
-1.881342 -0.301506 0.032517 15.320000
-2.047296 -0.300642 0.053848 15.340000
-1.853240 -0.299388 0.071408 15.360000
-2.222197 -0.297753 0.092009 15.380000
-1.360541 -0.295783 0.104859 15.400000
-1.186342 -0.293399 0.133354 15.420000
-0.515901 -0.290423 0.164070 15.440000
-0.446301 -0.286717 0.206264 15.460000
-1.315888 -0.282170 0.248165 15.480000
-1.649761 -0.276968 0.271759 15.500000
-2.042371 -0.271373 0.287474 15.520000
-1.417405 -0.265554 0.294261 15.540000
-1.047165 -0.259492 0.311694 15.560000
-1.582136 -0.253025 0.334654 15.580000
-1.225574 -0.246220 0.345610 15.600000
-2.053661 -0.239143 0.361845 15.620000
-2.953184 -0.231918 0.360418 15.640000
-3.787127 -0.224909 0.340254 15.660000
-3.760423 -0.218476 0.303016 15.680000
-4.645454 -0.212787 0.265784 15.700000
-5.039852 -0.208019 0.211072 15.720000
-5.180335 -0.204419 0.148922 15.740000
-5.672834 -0.202085 0.084655 15.760000
-5.345849 -0.201123 0.011755 15.780000
-5.145357 -0.201542 -0.053411 15.800000
-4.696789 -0.203210 -0.113176 15.820000
-5.596654 -0.205971 -0.162589 15.840000
-5.907964 -0.209878 -0.227767 15.860000
-6.361251 -0.215127 -0.296707 15.880000
-6.699543 -0.221816 -0.371765 15.900000
-7.573622 -0.230042 -0.450247 15.920000
-7.428274 -0.239972 -0.542022 15.940000
-6.536557 -0.251667 -0.626761 15.960000
-7.428490 -0.264841 -0.689949 15.980000
-7.428930 -0.279407 -0.765833 16.000000
-6.618722 -0.295441 -0.836746 16.020000
-6.817067 -0.312688 -0.887137 16.040000
-7.414369 -0.330931 -0.936263 16.060000
-7.915750 -0.350216 -0.991299 16.080000
-7.469894 -0.370638 -1.049918 16.100000
-7.509734 -0.392089 -1.094199 16.120000
-8.000000 -0.414373 -1.133169 16.140000
-7.483226 -0.437464 -1.174821 16.160000
-7.640529 -0.461230 -1.200734 16.180000
-8.000000 -0.485479 -1.223149 16.200000
-7.469855 -0.510176 -1.245446 16.220000
-7.303015 -0.535162 -1.252072 16.240000
-7.576619 -0.560189 -1.249682 16.260000
-7.899994 -0.585155 -1.245862 16.280000
-8.000000 -0.610037 -1.241314 16.300000
-7.235980 -0.634783 -1.232293 16.320000
-6.344643 -0.659167 -1.205227 16.340000
-6.159292 -0.682818 -1.159076 16.360000
-6.445952 -0.705472 -1.105696 16.380000
-6.357810 -0.727062 -1.052636 16.400000
-5.651771 -0.747540 -0.994500 16.420000
-5.801632 -0.766718 -0.922832 16.440000
-5.965012 -0.784457 -0.850688 16.460000
-5.713908 -0.800753 -0.778526 16.480000
-4.769437 -0.815550 -0.700938 16.500000
-5.420251 -0.828652 -0.609150 16.520000
-5.192584 -0.839999 -0.525382 16.540000
-4.385135 -0.849634 -0.438082 16.560000
-3.878421 -0.857416 -0.340212 16.580000
-3.684564 -0.863181 -0.236431 16.600000
-3.225096 -0.866856 -0.131345 16.620000
-3.665094 -0.868387 -0.021985 16.640000
-3.187745 -0.867806 0.079660 16.660000
-3.077444 -0.865154 0.185119 16.680000
-2.867934 -0.860405 0.289266 16.700000
-3.592718 -0.853577 0.393065 16.720000
-3.501671 -0.844800 0.483995 16.740000
-2.575013 -0.834229 0.572566 16.760000
-1.756476 -0.821799 0.669704 16.780000
-1.315695 -0.807357 0.773761 16.800000
-1.640366 -0.790818 0.879375 16.820000
-2.535945 -0.772260 0.975610 16.840000
-1.568674 -0.751956 1.053966 16.860000
-1.177718 -0.729995 1.141181 16.880000
-0.304998 -0.706287 1.228722 16.900000
-0.651321 -0.680752 1.323810 16.920000
0.176085 -0.653428 1.407537 16.940000
-0.125487 -0.624360 1.498192 16.960000
-0.573322 -0.593592 1.577500 16.980000
-0.753006 -0.561379 1.642694 17.000000
-0.714129 -0.527961 1.697962 17.020000
-1.349949 -0.493501 1.746860 17.040000
-0.439793 -0.458246 1.777403 17.060000
-1.303502 -0.422290 1.817029 17.080000
-1.043184 -0.385771 1.833595 17.100000
-1.618092 -0.348946 1.847694 17.120000
-1.784087 -0.312020 1.843755 17.140000
-2.545212 -0.275275 1.829581 17.160000
-2.406230 -0.239028 1.793941 17.180000
-1.945388 -0.203533 1.754499 17.200000
-2.243459 -0.168800 1.717797 17.220000
-2.064420 -0.134920 1.669199 17.240000
-2.066555 -0.102034 1.618465 17.260000
-2.645425 -0.070218 1.562313 17.280000
-2.382685 -0.039690 1.489700 17.300000
-3.336278 -0.010607 1.417885 17.320000
-3.328786 0.016809 1.323107 17.340000
-4.002500 0.042297 1.225251 17.360000
-3.421832 0.065667 1.111338 17.380000
-2.631784 0.086853 1.006951 17.400000
-1.892731 0.106090 0.916416 17.420000
-1.819655 0.123644 0.838768 17.440000
-1.895436 0.139644 0.760939 17.460000
-1.875440 0.154058 0.680319 17.480000
-1.308169 0.166854 0.599157 17.500000
-1.679031 0.178132 0.528441 17.520000
-1.260783 0.187916 0.449941 17.540000
-1.261647 0.196210 0.379459 17.560000
-0.356835 0.203094 0.308949 17.580000
-0.778853 0.208746 0.256220 17.600000
-1.438525 0.213261 0.195403 17.620000
-1.894916 0.216437 0.122308 17.640000
-2.586597 0.218072 0.041394 17.660000
-1.822810 0.217968 -0.051432 17.680000
-1.546463 0.216176 -0.127477 17.700000
-0.749321 0.212936 -0.196209 17.720000
-1.455592 0.208496 -0.247436 17.740000
-0.695345 0.202914 -0.310405 17.760000
-0.633518 0.196244 -0.356239 17.780000
0.090313 0.188692 -0.398627 17.800000
-0.478043 0.180456 -0.424596 17.820000
-1.349452 0.171611 -0.459499 17.840000
-2.012137 0.161921 -0.508975 17.860000
-1.593909 0.151141 -0.568519 17.880000
-2.561618 0.139285 -0.616582 17.900000
-3.410527 0.126309 -0.680358 17.920000
-3.346654 0.111928 -0.757020 17.940000
-2.778269 0.096070 -0.828101 17.960000
-3.280456 0.078947 -0.883478 17.980000
-3.660613 0.060661 -0.944330 18.000000
-3.628841 0.041130 -1.007907 18.020000
-4.043705 0.020385 -1.065749 18.040000
-3.735159 -0.001547 -1.126551 18.060000
-3.629506 -0.024579 -1.175671 18.080000
-4.190281 -0.048516 -1.217126 18.100000
-3.649235 -0.073337 -1.264034 18.120000
-4.335111 -0.098930 -1.294303 18.140000
-4.542473 -0.125206 -1.332276 18.160000
-5.132941 -0.152221 -1.368148 18.180000
-5.141192 -0.180006 -1.409213 18.200000
-4.172124 -0.208547 -1.443732 18.220000
-4.107916 -0.237522 -1.452781 18.240000
-3.201952 -0.266604 -1.454378 18.260000
-3.386821 -0.295484 -1.432655 18.280000
-2.758613 -0.323909 -1.409000 18.300000
-3.718068 -0.351690 -1.368303 18.320000
-3.508482 -0.378788 -1.340646 18.340000
-3.061671 -0.405244 -1.304142 18.360000
-2.293687 -0.430842 -1.254918 18.380000
-1.606828 -0.455276 -1.187882 18.400000
-1.204642 -0.478213 -1.105422 18.420000
-0.584896 -0.499405 -1.013438 18.440000
-1.324572 -0.518631 -0.908883 18.460000
-0.993418 -0.535880 -0.815880 18.480000
-0.623484 -0.551202 -0.716169 18.500000
-0.629762 -0.564461 -0.609707 18.520000
-0.215975 -0.575592 -0.503378 18.540000
0.047560 -0.584530 -0.390599 18.560000
0.987849 -0.591178 -0.274431 18.580000
1.164624 -0.595362 -0.144255 18.600000
0.171310 -0.596934 -0.013330 18.620000
0.337758 -0.596075 0.098780 18.640000
0.239963 -0.592972 0.211084 18.660000
0.243741 -0.587667 0.318894 18.680000
1.131696 -0.580237 0.423618 18.700000
1.014169 -0.570598 0.539657 18.720000
0.630305 -0.558696 0.649802 18.740000
0.827781 -0.544698 0.749295 18.760000
0.422044 -0.528720 0.847787 18.780000
0.089230 -0.510888 0.934658 18.800000
-0.490262 -0.491424 1.010946 18.820000
-0.905740 -0.470585 1.072114 18.840000
-1.476156 -0.448646 1.120901 18.860000
-0.674356 -0.425885 1.154402 18.880000
0.163819 -0.402358 1.197408 18.900000
0.479430 -0.377870 1.250501 18.920000
1.002799 -0.352316 1.303897 18.940000
0.827072 -0.325654 1.361340 18.960000
-0.036366 -0.297936 1.409504 18.980000
0.743113 -0.269479 1.435219 19.000000
1.113332 -0.240417 1.469978 19.020000
0.896342 -0.210649 1.505752 19.040000
0.593254 -0.180271 1.531032 19.060000
1.198902 -0.149509 1.544148 19.080000
1.150353 -0.118426 1.563013 19.100000
1.793252 -0.087040 1.574614 19.120000
2.130849 -0.055356 1.592651 19.140000
2.197698 -0.023310 1.610900 19.160000
2.906816 0.009049 1.623894 19.180000
1.997183 0.041743 1.644345 19.200000
1.862705 0.074597 1.639969 19.220000
2.499697 0.107273 1.626589 19.240000
3.253194 0.139745 1.619581 19.260000
2.544663 0.172162 1.620994 19.280000
3.507457 0.204403 1.602054 19.300000
3.440673 0.236391 1.595666 19.320000
3.535959 0.268174 1.581589 19.340000
3.861431 0.299631 1.563112 19.360000
4.323241 0.330719 1.544685 19.380000
3.927014 0.361464 1.528784 19.400000
4.124448 0.391756 1.499434 19.420000
3.425794 0.421440 1.467988 19.440000
4.102262 0.450313 1.418456 19.460000
4.603879 0.478267 1.376081 19.480000
5.572984 0.505411 1.337526 19.500000
5.225030 0.531902 1.310666 19.520000
5.257811 0.557743 1.272602 19.540000
6.240423 0.582780 1.230256 19.560000
5.688938 0.607085 1.199454 19.580000
5.739971 0.630636 1.154864 19.600000
6.083042 0.653259 1.106813 19.620000
5.522633 0.674935 1.060120 19.640000
4.921115 0.695552 1.000961 19.660000
5.888735 0.714861 0.929528 19.680000
6.416560 0.732861 0.869943 19.700000
6.377495 0.749718 0.815374 19.720000
6.382071 0.765452 0.757598 19.740000
7.084785 0.780008 0.697586 19.760000
6.268192 0.793441 0.645417 19.780000
6.759519 0.805698 0.579973 19.800000
7.662408 0.816699 0.519923 19.820000
7.246969 0.826609 0.470831 19.840000
6.672983 0.835468 0.414884 19.860000
6.596800 0.843122 0.350496 19.880000
6.400268 0.849475 0.284789 19.900000
6.555033 0.854488 0.216534 19.920000
6.726885 0.858159 0.150671 19.940000
7.039200 0.860542 0.087655 19.960000
7.413901 0.861712 0.029513 19.980000
