-0.879546 0.153954 -0.470095 0.000000
-1.594829 0.144181 -0.506838 0.020000
-1.009054 0.133558 -0.554950 0.040000
-0.863308 0.122118 -0.588526 0.060000
-0.705674 0.110065 -0.616334 0.080000
-0.369208 0.097515 -0.638135 0.100000
-1.041143 0.084625 -0.650427 0.120000
-1.721661 0.071383 -0.673226 0.140000
-1.895363 0.057581 -0.706425 0.160000
-2.417898 0.043114 -0.739692 0.180000
-2.669324 0.027913 -0.779790 0.200000
-2.520270 0.011898 -0.821065 0.220000
-3.008957 -0.004873 -0.855398 0.240000
-2.578084 -0.022388 -0.895397 0.260000
-2.888305 -0.040575 -0.922586 0.280000
-2.297855 -0.059325 -0.951752 0.300000
-2.306246 -0.078499 -0.964934 0.320000
-2.483587 -0.097897 -0.974220 0.340000
-1.956394 -0.117476 -0.982962 0.360000
-2.075961 -0.137085 -0.977283 0.380000
-3.050581 -0.156566 -0.970197 0.400000
-3.300868 -0.176059 -0.978429 0.420000
-3.703529 -0.195725 -0.987421 0.440000
-2.797651 -0.215606 -1.000025 0.460000
-2.809781 -0.235521 -0.990807 0.480000
-2.680646 -0.255215 -0.978009 0.500000
-3.174551 -0.274592 -0.959053 0.520000
-2.768190 -0.293649 -0.945996 0.540000
-2.880280 -0.312331 -0.921666 0.560000
-2.060604 -0.330515 -0.896209 0.580000
-1.249090 -0.348005 -0.852341 0.600000
-0.485283 -0.364441 -0.790947 0.620000
-0.231583 -0.379489 -0.713682 0.640000
-0.729335 -0.392934 -0.630673 0.660000
-1.113626 -0.404803 -0.556101 0.680000
-1.626301 -0.415244 -0.487933 0.700000
-2.129741 -0.424410 -0.428560 0.720000
-2.363099 -0.432475 -0.377795 0.740000
-1.972487 -0.439561 -0.330756 0.760000
-2.725630 -0.445632 -0.276371 0.780000
-2.773815 -0.450751 -0.235434 0.800000
-2.404301 -0.455058 -0.195231 0.820000
-3.016653 -0.458494 -0.148488 0.840000
-3.122029 -0.461108 -0.112950 0.860000
-2.665812 -0.463033 -0.079530 0.880000
-2.937063 -0.464211 -0.038377 0.900000
-2.992927 -0.464620 -0.002686 0.920000
-3.065131 -0.464333 0.031320 0.940000
-2.135666 -0.463386 0.063250 0.960000
-1.852588 -0.461644 0.110752 0.980000
-1.147646 -0.458914 0.161907 1.000000
-1.358978 -0.455053 0.223950 1.020000
-2.321574 -0.450008 0.280179 1.040000
-3.234476 -0.444032 0.317073 1.060000
-3.432678 -0.437502 0.335662 1.080000
-2.697185 -0.430653 0.348964 1.100000
-3.637414 -0.423422 0.373820 1.120000
-2.873947 -0.415884 0.379707 1.140000
-2.100756 -0.408106 0.397752 1.160000
-2.390925 -0.399846 0.427911 1.180000
-2.891760 -0.391058 0.450507 1.200000
-2.374497 -0.381932 0.461697 1.220000
-3.078878 -0.372508 0.480322 1.240000
-2.823213 -0.362865 0.483672 1.260000
-2.320730 -0.353127 0.489730 1.280000
-1.420547 -0.343196 0.503043 1.300000
-2.318708 -0.332852 0.530903 1.320000
-2.940608 -0.322146 0.539338 1.340000
-3.203683 -0.311411 0.533771 1.360000
-3.115116 -0.300858 0.521189 1.380000
-2.473973 -0.290559 0.508405 1.400000
-3.237980 -0.280412 0.505979 1.420000
-2.749669 -0.270479 0.487028 1.440000
-3.096250 -0.260848 0.475789 1.460000
-3.389518 -0.251526 0.456221 1.480000
-3.160364 -0.242666 0.429560 1.500000
-2.646169 -0.234307 0.406077 1.520000
-3.435376 -0.226331 0.391314 1.540000
-3.183625 -0.218816 0.360041 1.560000
-4.107873 -0.211886 0.332784 1.580000
-3.811519 -0.205690 0.286824 1.600000
-4.298844 -0.200358 0.246333 1.620000
-4.399709 -0.195933 0.196178 1.640000
-4.705310 -0.192529 0.144247 1.660000
-4.540930 -0.190219 0.086810 1.680000
-4.509457 -0.189019 0.033344 1.700000
-4.271982 -0.188873 -0.018591 1.720000
-4.123229 -0.189709 -0.064805 1.740000
-4.950272 -0.191429 -0.106946 1.760000
-5.189034 -0.194140 -0.163874 1.780000
-4.357872 -0.198018 -0.223623 1.800000
-5.136122 -0.202909 -0.265131 1.820000
-5.293595 -0.208762 -0.319791 1.840000
-4.410980 -0.215715 -0.375067 1.860000
-5.330473 -0.223575 -0.410614 1.880000
-4.958173 -0.232301 -0.461468 1.900000
-4.568410 -0.241942 -0.502188 1.920000
-4.559339 -0.252294 -0.532496 1.940000
-4.032444 -0.263222 -0.559790 1.960000
-4.842485 -0.274565 -0.574131 1.980000
-4.882052 -0.286324 -0.601199 2.000000
-4.519145 -0.298600 -0.625917 2.020000
-5.195128 -0.311271 -0.640620 2.040000
-5.717987 -0.324333 -0.665020 2.060000
-4.764603 -0.337947 -0.695840 2.080000
-4.401719 -0.351963 -0.705227 2.100000
-5.168837 -0.366067 -0.704679 2.120000
-5.748888 -0.380273 -0.715284 2.140000
-5.818497 -0.394763 -0.733185 2.160000
-5.004385 -0.409589 -0.748732 2.180000
-4.647868 -0.424540 -0.745892 2.200000
-4.630438 -0.439339 -0.733457 2.220000
-5.252022 -0.453856 -0.717808 2.240000
-4.576567 -0.468143 -0.710403 2.260000
-4.434434 -0.482133 -0.688136 2.280000
-4.185932 -0.495627 -0.660883 2.300000
-3.645586 -0.508510 -0.627052 2.320000
-2.682018 -0.520602 -0.581953 2.340000
-3.659338 -0.531612 -0.518884 2.360000
-3.648786 -0.541520 -0.471670 2.380000
-2.817375 -0.550471 -0.423291 2.400000
-2.860241 -0.558306 -0.360165 2.420000
-2.131092 -0.564884 -0.297608 2.440000
-2.419915 -0.570088 -0.222968 2.460000
-3.056022 -0.573855 -0.153782 2.480000
-2.277323 -0.576351 -0.095946 2.500000
-2.466629 -0.577568 -0.025967 2.520000
-3.461195 -0.577430 0.039585 2.540000
-3.122520 -0.576160 0.087194 2.560000
-2.955673 -0.573894 0.139134 2.580000
-2.735398 -0.570577 0.192275 2.600000
-2.756781 -0.566178 0.247288 2.620000
-2.636670 -0.560703 0.299900 2.640000
-2.458543 -0.554177 0.352327 2.660000
-1.932798 -0.546596 0.405365 2.680000
-1.190334 -0.537890 0.464714 2.700000
-1.337523 -0.527900 0.533812 2.720000
-2.040214 -0.516585 0.597101 2.740000
-1.148609 -0.504160 0.644834 2.760000
-0.608035 -0.490659 0.704683 2.780000
-0.846559 -0.475903 0.770257 2.800000
-1.530132 -0.459918 0.827577 2.820000
-0.641439 -0.442949 0.868590 2.840000
-1.031426 -0.425041 0.921476 2.860000
-0.283620 -0.406190 0.962900 2.880000
-0.181764 -0.386418 1.013568 2.900000
-0.727691 -0.365660 1.061421 2.920000
-0.102884 -0.344095 1.094323 2.940000
-0.477326 -0.321802 1.134155 2.960000
-1.057402 -0.298832 1.161954 2.980000
-1.959064 -0.275467 1.173820 3.000000
-1.778235 -0.252084 1.163710 3.020000
-1.252429 -0.228913 1.152678 3.040000
-0.927796 -0.205904 1.147486 3.060000
-1.697300 -0.182979 1.144224 3.080000
-2.324667 -0.160314 1.121583 3.100000
-3.041359 -0.138266 1.082697 3.120000
-2.419637 -0.117171 1.026217 3.140000
-2.596927 -0.097114 0.978989 3.160000
-2.592693 -0.078066 0.925331 3.180000
-1.786447 -0.060117 0.869165 3.200000
-2.652962 -0.043155 0.826624 3.220000
-3.335868 -0.027240 0.764560 3.240000
-3.596789 -0.012720 0.687226 3.260000
-3.151418 0.000189 0.603584 3.280000
-2.985417 0.011507 0.528068 3.300000
-2.607785 0.021342 0.455291 3.320000
-3.600876 0.029792 0.389671 3.340000
-2.903894 0.036730 0.304210 3.360000
-3.770853 0.042102 0.233058 3.380000
-3.004744 0.045884 0.145285 3.400000
-2.970415 0.048073 0.073839 3.420000
-3.369395 0.048852 0.004205 3.440000
-3.112010 0.048171 -0.071952 3.460000
-3.180178 0.046036 -0.141240 3.480000
-3.951900 0.042521 -0.209963 3.500000
-3.827541 0.037499 -0.291782 3.520000
-4.232635 0.030893 -0.368408 3.540000
-4.495630 0.022702 -0.450117 3.560000
-4.439388 0.012858 -0.533683 3.580000
-5.135395 0.001391 -0.612423 3.600000
-5.380579 -0.011751 -0.701001 3.620000
-5.031347 -0.026668 -0.789939 3.640000
-5.749506 -0.043247 -0.867100 3.660000
-5.027721 -0.061462 -0.953489 3.680000
-4.806606 -0.081206 -1.020094 3.700000
-4.634004 -0.102185 -1.076914 3.720000
-5.400787 -0.124212 -1.124849 3.740000
-4.818697 -0.147293 -1.182282 3.760000
-4.824019 -0.171349 -1.222298 3.780000
-4.446021 -0.196147 -1.256554 3.800000
-3.986523 -0.221498 -1.277565 3.820000
-4.286081 -0.247123 -1.283988 3.840000
-3.758434 -0.272879 -1.290686 3.860000
-3.302616 -0.298613 -1.281822 3.880000
-4.067725 -0.324031 -1.259235 3.900000
-3.572422 -0.349094 -1.246229 3.920000
-3.136778 -0.373755 -1.219084 3.940000
-4.047558 -0.397747 -1.179458 3.960000
-4.161513 -0.421073 -1.152363 3.980000
-4.439405 -0.443834 -1.123016 4.000000
-4.098638 -0.466016 -1.094461 4.020000
-4.911730 -0.487525 -1.055823 4.040000
-4.965766 -0.508366 -1.027663 4.060000
-4.305442 -0.528615 -0.996534 4.080000
-5.031583 -0.548090 -0.950478 4.100000
-5.181839 -0.566736 -0.913535 4.120000
-4.710360 -0.584635 -0.875851 4.140000
-5.430657 -0.601672 -0.827352 4.160000
-6.024410 -0.617830 -0.787978 4.180000
-5.107581 -0.633269 -0.755433 4.200000
-6.010115 -0.647882 -0.705561 4.220000
-5.377846 -0.661620 -0.667798 4.240000
-6.052087 -0.674480 -0.617941 4.260000
-5.851768 -0.686430 -0.576747 4.280000
-5.676066 -0.697507 -0.530710 4.300000
-4.950577 -0.707622 -0.480564 4.320000
-5.679806 -0.716613 -0.418427 4.340000
-6.315773 -0.724465 -0.366600 4.360000
-6.900127 -0.731368 -0.323581 4.380000
-7.146645 -0.737490 -0.288520 4.400000
-6.326781 -0.742940 -0.256396 4.420000
-6.367975 -0.747622 -0.211765 4.440000
-6.058348 -0.751416 -0.167651 4.460000
-6.832996 -0.754284 -0.119176 4.480000
-7.465860 -0.756298 -0.082288 4.500000
-7.859116 -0.757669 -0.054846 4.520000
-6.929618 -0.758551 -0.033332 4.540000
-6.571353 -0.758870 0.001267 4.560000
-7.159402 -0.758453 0.040319 4.580000
-7.246650 -0.757349 0.069962 4.600000
-6.695736 -0.755673 0.097429 4.620000
-7.264655 -0.753379 0.131827 4.640000
-8.000000 -0.750491 0.156711 4.660000
-8.000000 -0.747225 0.169693 4.680000
-7.041398 -0.743711 0.181570 4.700000
-6.739019 -0.739830 0.206287 4.720000
-6.328155 -0.735425 0.233963 4.740000
-5.709811 -0.730422 0.266041 4.760000
-4.877401 -0.724704 0.305406 4.780000
-4.638865 -0.718096 0.355014 4.800000
-4.614101 -0.710484 0.405717 4.820000
-4.718567 -0.701881 0.454109 4.840000
-3.828172 -0.692354 0.498078 4.860000
-2.898512 -0.681841 0.552714 4.880000
-2.664311 -0.670124 0.618425 4.900000
-2.772078 -0.657092 0.684164 4.920000
-3.642640 -0.642800 0.744361 4.940000
-4.205904 -0.627483 0.786697 4.960000
-4.764721 -0.611449 0.815983 4.980000
-4.379103 -0.594961 0.832211 5.000000
-4.107234 -0.578123 0.850919 5.020000
-4.346200 -0.560905 0.870216 5.040000
-4.751927 -0.543382 0.881493 5.060000
-4.454541 -0.525741 0.881927 5.080000
-5.032827 -0.508078 0.883676 5.100000
-4.193976 -0.490520 0.871592 5.120000
-4.595902 -0.473091 0.870654 5.140000
-4.536003 -0.455789 0.858959 5.160000
-3.688895 -0.438745 0.844885 5.180000
-3.608235 -0.421863 0.842711 5.200000
-2.960565 -0.405045 0.838555 5.220000
-3.010518 -0.388225 0.842840 5.240000
-2.013106 -0.371364 0.842721 5.260000
-1.095169 -0.354354 0.857645 5.280000
-1.716033 -0.336911 0.886006 5.300000
-2.053275 -0.319057 0.898803 5.320000
-1.292358 -0.301048 0.901488 5.340000
-1.774554 -0.282876 0.914983 5.360000
-1.824686 -0.264566 0.915484 5.380000
-2.068178 -0.246291 0.911419 5.400000
-1.404902 -0.228179 0.899162 5.420000
-0.437218 -0.210218 0.896393 5.440000
-1.333687 -0.192158 0.908937 5.460000
-1.057391 -0.174060 0.900297 5.480000
-1.737691 -0.156115 0.893699 5.500000
-0.933836 -0.138468 0.870432 5.520000
-0.598966 -0.121159 0.859972 5.540000
-1.091186 -0.104024 0.852953 5.560000
-0.637662 -0.087159 0.833065 5.580000
-0.126738 -0.070631 0.819266 5.600000
0.805406 -0.054307 0.812645 5.620000
0.083770 -0.037960 0.821431 5.640000
-0.157128 -0.021615 0.812595 5.660000
-1.030016 -0.005524 0.796016 5.680000
-0.897205 0.010034 0.759404 5.700000
-1.358344 0.024864 0.723202 5.720000
-0.686608 0.038857 0.675797 5.740000
-0.265065 0.052018 0.640004 5.760000
-0.714575 0.064529 0.610776 5.780000
-1.607063 0.076348 0.570894 5.800000
-1.165156 0.087178 0.512003 5.820000
-0.573623 0.096910 0.461036 5.840000
-0.446637 0.105732 0.420963 5.860000
-1.351234 0.113768 0.382567 5.880000
-1.452469 0.120851 0.325687 5.900000
-1.548550 0.126775 0.266712 5.920000
-1.029842 0.131502 0.206012 5.940000
-1.080263 0.135120 0.155912 5.960000
-1.891001 0.137731 0.105224 5.980000
-1.719618 0.139174 0.039252 6.000000
-0.944582 0.139342 -0.022202 6.020000
-0.451005 0.138447 -0.067166 6.040000
-0.470085 0.136761 -0.101311 6.060000
0.001803 0.134398 -0.134766 6.080000
-0.252855 0.131471 -0.157789 6.100000
0.472242 0.128043 -0.184746 6.120000
0.914371 0.124232 -0.196226 6.140000
1.839297 0.120288 -0.198035 6.160000
1.560997 0.116498 -0.180862 6.180000
1.574394 0.113001 -0.168788 6.200000
1.577377 0.109752 -0.156027 6.220000
1.558914 0.106763 -0.142848 6.240000
1.719672 0.104037 -0.129732 6.260000
2.102369 0.101607 -0.113203 6.280000
2.527409 0.099585 -0.089021 6.300000
1.733674 0.098129 -0.056598 6.320000
2.115875 0.097161 -0.040224 6.340000
2.249118 0.096595 -0.016489 6.360000
1.814958 0.096525 0.009465 6.380000
2.691493 0.096884 0.026317 6.400000
2.826930 0.097748 0.059995 6.420000
3.241647 0.099304 0.095435 6.440000
3.013092 0.101641 0.137960 6.460000
2.500609 0.104768 0.174594 6.480000
2.359225 0.108514 0.199723 6.500000
2.996504 0.112721 0.220782 6.520000
3.952350 0.117462 0.253077 6.540000
3.092345 0.123021 0.302500 6.560000
2.705493 0.129378 0.332839 6.580000
2.701291 0.136246 0.353657 6.600000
3.222442 0.143511 0.372569 6.620000
2.593116 0.151239 0.399820 6.640000
3.220673 0.159366 0.412618 6.660000
2.898453 0.167854 0.435767 6.680000
2.104336 0.176719 0.450416 6.700000
2.853368 0.185701 0.447507 6.720000
3.650655 0.194754 0.457435 6.740000
3.591077 0.204140 0.480790 6.760000
2.957684 0.213958 0.500561 6.780000
2.905432 0.224024 0.505658 6.800000
2.283300 0.234160 0.507603 6.820000
1.332096 0.244194 0.495498 6.840000
1.763847 0.253785 0.463417 6.860000
1.169364 0.262806 0.438430 6.880000
0.423101 0.271200 0.400869 6.900000
-0.117921 0.278692 0.348292 6.920000
-0.809731 0.285027 0.285156 6.940000
-0.929283 0.289968 0.209085 6.960000
-0.321277 0.293372 0.131497 6.980000
-0.883615 0.295351 0.066484 7.000000
-0.305387 0.295932 -0.008131 7.020000
0.306820 0.295145 -0.070292 7.040000
-0.305227 0.293246 -0.119370 7.060000
-0.332960 0.290263 -0.178629 7.080000
-0.496490 0.286108 -0.236582 7.100000
-1.108957 0.280782 -0.295622 7.120000
-2.053477 0.274181 -0.364064 7.140000
-2.975544 0.266057 -0.447846 7.160000
-2.683549 0.256112 -0.546017 7.180000
-2.506130 0.244298 -0.634758 7.200000
-3.422965 0.230783 -0.716103 7.220000
-2.487574 0.215504 -0.810987 7.240000
-1.795008 0.198556 -0.883038 7.260000
-0.946316 0.180348 -0.937014 7.280000
-1.250449 0.161272 -0.969915 7.300000
-0.853008 0.141521 -1.004457 7.320000
-1.580998 0.121202 -1.026730 7.340000
-1.796566 0.100337 -1.058967 7.360000
-2.552273 0.078831 -1.090793 7.380000
-2.175955 0.056588 -1.132751 7.400000
-2.346040 0.033630 -1.162115 7.420000
-3.343828 0.010103 -1.189791 7.440000
-2.509624 -0.014125 -1.232057 7.460000
-1.889337 -0.038976 -1.252183 7.480000
-1.329184 -0.064054 -1.254750 7.500000
-0.748205 -0.089022 -1.241296 7.520000
-0.859247 -0.113560 -1.211816 7.540000
-0.780927 -0.137489 -1.180389 7.560000
-1.337371 -0.160734 -1.143460 7.580000
-0.546501 -0.183312 -1.113674 7.600000
-0.979009 -0.205102 -1.064768 7.620000
-0.842884 -0.225966 -1.021099 7.640000
-1.052731 -0.245899 -0.971726 7.660000
-0.743521 -0.264857 -0.923613 7.680000
0.210806 -0.282767 -0.867003 7.700000
0.750848 -0.299341 -0.790123 7.720000
0.884380 -0.314260 -0.701667 7.740000
1.802588 -0.327377 -0.609931 7.760000
1.023798 -0.338482 -0.500667 7.780000
0.735808 -0.347552 -0.406365 7.800000
0.252101 -0.354794 -0.317856 7.820000
0.130395 -0.360361 -0.238941 7.840000
0.505038 -0.364379 -0.162981 7.860000
1.155027 -0.366817 -0.081014 7.880000
0.359114 -0.367508 0.011623 7.900000
0.399245 -0.366512 0.087684 7.920000
0.658565 -0.364005 0.162667 7.940000
1.452286 -0.359971 0.240384 7.960000
1.038098 -0.354258 0.330426 7.980000
0.802481 -0.346850 0.409851 8.000000
0.693959 -0.337928 0.481873 8.020000
0.228732 -0.327617 0.548725 8.040000
0.269830 -0.316089 0.603553 8.060000
1.262586 -0.303489 0.655861 8.080000
1.522872 -0.289689 0.723512 8.100000
1.332423 -0.274525 0.792184 8.120000
1.487437 -0.258066 0.853031 8.140000
0.617907 -0.240402 0.912560 8.160000
-0.035683 -0.221761 0.950850 8.180000
0.080014 -0.202524 0.972190 8.200000
-0.094646 -0.182879 0.991657 8.220000
0.681089 -0.162920 1.003556 8.240000
0.709323 -0.142611 1.026543 8.260000
1.584826 -0.121881 1.045726 8.280000
2.532139 -0.100639 1.077755 8.300000
2.561083 -0.078615 1.123728 8.320000
3.523471 -0.055718 1.165104 8.340000
2.905543 -0.031855 1.220238 8.360000
2.570155 -0.007070 1.257377 8.380000
1.797549 0.018336 1.282277 8.400000
1.364289 0.044031 1.286404 8.420000
2.169064 0.069672 1.276865 8.440000
2.400756 0.095233 1.278395 8.460000
3.248933 0.120820 1.279411 8.480000
3.474109 0.146543 1.291967 8.500000
3.872883 0.172506 1.303472 8.520000
3.209947 0.198723 1.317214 8.540000
4.167042 0.225028 1.312452 8.560000
4.726291 0.251371 1.320852 8.580000
4.114945 0.277932 1.334262 8.600000
3.544128 0.304585 1.330156 8.620000
3.026166 0.330994 1.309830 8.640000
2.048799 0.356848 1.274855 8.660000
2.102392 0.381777 1.217371 8.680000
2.173445 0.405529 1.157253 8.700000
2.528081 0.428058 1.095106 8.720000
3.094906 0.449377 1.036285 8.740000
2.411104 0.469591 0.984609 8.760000
2.318932 0.488621 0.917997 8.780000
1.966972 0.506280 0.847545 8.800000
2.953761 0.522449 0.769172 8.820000
2.428519 0.537207 0.706314 8.840000
3.223336 0.550602 0.633031 8.860000
2.545226 0.562656 0.572140 8.880000
3.084655 0.573367 0.498877 8.900000
2.288884 0.582698 0.434106 8.920000
2.098735 0.590597 0.355806 8.940000
1.734999 0.596900 0.274612 8.960000
2.729196 0.601526 0.188072 8.980000
2.304906 0.604593 0.118774 9.000000
2.149882 0.606213 0.043493 9.020000
2.189723 0.606316 -0.032980 9.040000
2.543821 0.604912 -0.107169 9.060000
2.210102 0.602100 -0.173725 9.080000
2.618178 0.597921 -0.243759 9.100000
1.996966 0.592432 -0.304817 9.120000
2.486235 0.585642 -0.373730 9.140000
3.060893 0.577582 -0.431816 9.160000
2.927732 0.568483 -0.477561 9.180000
2.222861 0.558475 -0.522756 9.200000
2.804128 0.547474 -0.576882 9.220000
1.878116 0.535521 -0.617905 9.240000
2.197549 0.522620 -0.671522 9.260000
2.052844 0.508739 -0.716072 9.280000
2.522136 0.493977 -0.759520 9.300000
2.045328 0.478465 -0.791010 9.320000
2.541777 0.462277 -0.827199 9.340000
2.126073 0.445492 -0.850671 9.360000
2.844054 0.428200 -0.877784 9.380000
3.312323 0.410536 -0.887979 9.400000
4.083425 0.392792 -0.885886 9.420000
4.016350 0.375267 -0.866067 9.440000
3.859057 0.358158 -0.844240 9.460000
3.943080 0.341488 -0.822232 9.480000
4.634634 0.325305 -0.795661 9.500000
5.081656 0.309811 -0.753295 9.520000
4.207978 0.295273 -0.700119 9.540000
4.051009 0.281653 -0.661561 9.560000
4.257282 0.268794 -0.623984 9.580000
3.507253 0.256746 -0.580610 9.600000
2.859873 0.245436 -0.550043 9.620000
3.670574 0.234630 -0.530268 9.640000
3.287376 0.224394 -0.493123 9.660000
3.498363 0.214840 -0.462090 9.680000
3.296714 0.205960 -0.425708 9.700000
3.886362 0.197779 -0.392218 9.720000
4.138919 0.190392 -0.346350 9.740000
4.104835 0.183977 -0.295060 9.760000
3.417510 0.178584 -0.244235 9.780000
3.146537 0.174074 -0.206803 9.800000
4.018899 0.170260 -0.174556 9.820000
4.457250 0.167263 -0.125226 9.840000
4.474121 0.165334 -0.067806 9.860000
3.657373 0.164548 -0.010915 9.880000
3.751253 0.164730 0.028952 9.900000
4.439816 0.165718 0.069744 9.920000
3.942654 0.167647 0.122880 9.940000
4.612230 0.170526 0.164761 9.960000
3.846307 0.174359 0.218192 9.980000
3.325061 0.179091 0.254743 10.000000
3.150965 0.184435 0.279383 10.020000
2.544716 0.190221 0.299018 10.040000
2.608451 0.196266 0.305281 10.060000
1.743490 0.202436 0.311435 10.080000
2.074325 0.208547 0.299463 10.100000
1.705115 0.214472 0.292950 10.120000
2.450083 0.220186 0.278270 10.140000
3.284465 0.225742 0.277162 10.160000
2.670096 0.231427 0.291049 10.180000
3.435516 0.237256 0.291651 10.200000
3.672840 0.243233 0.305780 10.220000
3.404368 0.249522 0.322932 10.240000
2.489468 0.256087 0.333270 10.260000
3.340894 0.262667 0.324541 10.280000
2.784273 0.269224 0.330942 10.300000
2.085849 0.275788 0.325254 10.320000
2.601029 0.282093 0.305081 10.340000
2.905848 0.288085 0.293883 10.360000
2.305927 0.293900 0.287506 10.380000
2.423936 0.299464 0.268739 10.400000
1.463379 0.304667 0.251505 10.420000
1.856560 0.309338 0.215491 10.440000
2.058526 0.313361 0.186761 10.460000
2.038090 0.316845 0.161668 10.480000
1.679760 0.319823 0.136051 10.500000
2.180081 0.322220 0.103678 10.520000
2.028645 0.324066 0.080930 10.540000
2.725493 0.325429 0.055472 10.560000
2.254612 0.326417 0.043364 10.580000
1.453396 0.327076 0.022497 10.600000
0.662373 0.327169 -0.013060 10.620000
0.753574 0.326409 -0.062687 10.640000
0.082440 0.324687 -0.109385 10.660000
-0.262467 0.321917 -0.167339 10.680000
0.222314 0.317940 -0.230006 10.700000
-0.546837 0.312822 -0.281472 10.720000
0.390814 0.306549 -0.345368 10.740000
0.610770 0.299201 -0.389034 10.760000
1.237373 0.291045 -0.426210 10.780000
1.046571 0.282288 -0.449143 10.800000
0.472440 0.273058 -0.473518 10.820000
0.047504 0.263253 -0.506543 10.840000
-0.459083 0.252731 -0.545123 10.860000
-1.309500 0.241369 -0.590608 10.880000
-2.184636 0.228964 -0.649358 10.900000
-2.641323 0.215249 -0.721460 10.920000
-3.320852 0.200043 -0.798375 10.940000
-2.483486 0.183211 -0.884098 10.960000
-1.922631 0.164876 -0.948641 10.980000
-2.295423 0.145407 -0.997463 11.000000
-3.097183 0.124935 -1.048909 11.020000
-3.189097 0.103325 -1.111179 11.040000
-2.689742 0.080506 -1.169878 11.060000
-1.700431 0.056666 -1.213152 11.080000
-0.756134 0.032212 -1.231385 11.100000
-0.169136 0.007632 -1.225827 11.120000
-1.024357 -0.016673 -1.204011 11.140000
-1.355251 -0.040670 -1.194871 11.160000
-0.973901 -0.064504 -1.187799 11.180000
-1.383542 -0.088076 -1.168704 11.200000
-0.728994 -0.111305 -1.153496 11.220000
-0.543976 -0.134059 -1.121217 11.240000
-1.398436 -0.156093 -1.081600 11.260000
-1.394272 -0.177468 -1.055260 11.280000
-1.894959 -0.198278 -1.025227 11.300000
-2.003178 -0.218551 -1.001472 11.320000
-1.939380 -0.238335 -0.976316 11.340000
-1.528034 -0.257569 -0.946571 11.360000
-2.248994 -0.276098 -0.905827 11.380000
-2.600713 -0.293922 -0.876051 11.400000
-2.655191 -0.311187 -0.850028 11.420000
-2.589596 -0.327914 -0.822136 11.440000
-2.588989 -0.344042 -0.790273 11.460000
-2.972148 -0.359508 -0.755871 11.480000
-3.970931 -0.374333 -0.726209 11.500000
-3.229188 -0.388725 -0.712541 11.520000
-3.664201 -0.402680 -0.682619 11.540000
-4.270540 -0.416094 -0.658408 11.560000
-4.847983 -0.429112 -0.642895 11.580000
-4.243621 -0.441898 -0.635329 11.600000
-4.448688 -0.454399 -0.614386 11.620000
-5.220842 -0.466496 -0.594897 11.640000
-5.205288 -0.478317 -0.586867 11.660000
-4.468210 -0.489951 -0.576144 11.680000
-3.864404 -0.501219 -0.550273 11.700000
-3.511499 -0.511845 -0.512128 11.720000
-3.013227 -0.521634 -0.466551 11.740000
-3.280286 -0.530415 -0.411458 11.760000
-3.383094 -0.538134 -0.360378 11.780000
-3.140918 -0.544845 -0.310612 11.800000
-2.543872 -0.550516 -0.256494 11.820000
-2.356707 -0.555004 -0.192379 11.840000
-2.526634 -0.558183 -0.125652 11.860000
-3.032127 -0.560064 -0.062621 11.880000
-2.314797 -0.560780 -0.009071 11.900000
-2.415693 -0.560313 0.055475 11.920000
-2.088841 -0.558588 0.116842 11.940000
-2.415006 -0.555596 0.182039 11.960000
-1.996399 -0.551374 0.239776 11.980000
-0.998679 -0.545947 0.302524 12.000000
-0.624941 -0.539119 0.379810 12.020000
-1.590045 -0.530710 0.460586 12.040000
-0.826721 -0.520883 0.521644 12.060000
-1.285546 -0.509734 0.592718 12.080000
-1.150280 -0.497277 0.652329 12.100000
-0.361377 -0.483641 0.710738 12.120000
-0.475708 -0.468734 0.779272 12.140000
-0.870209 -0.452517 0.841675 12.160000
-0.309204 -0.435166 0.892785 12.180000
-0.252262 -0.416733 0.949722 12.200000
0.256440 -0.397197 1.003149 12.220000
0.129845 -0.376545 1.061212 12.240000
-0.838486 -0.354805 1.111996 12.260000
-1.135791 -0.332279 1.139707 12.280000
-1.363765 -0.309305 1.156982 12.300000
-0.809105 -0.286075 1.165168 12.320000
0.117240 -0.262623 1.179243 12.340000
-0.583949 -0.238759 1.206281 12.360000
0.070490 -0.214541 1.214728 12.380000
0.521890 -0.190075 1.231030 12.400000
1.076298 -0.165245 1.251117 12.420000
1.206160 -0.139956 1.276905 12.440000
0.392088 -0.114179 1.299901 12.460000
-0.499690 -0.088157 1.301475 12.480000
-1.337019 -0.062330 1.280410 12.500000
-1.870548 -0.037137 1.238239 12.520000
-2.566903 -0.012933 1.181525 12.540000
-1.936660 0.009963 1.107559 12.560000
-2.731621 0.031476 1.043241 12.580000
-3.565082 0.051516 0.960458 12.600000
-4.278398 0.069715 0.859184 12.620000
-4.219318 0.085734 0.742601 12.640000
-4.505108 0.099428 0.626727 12.660000
-3.547965 0.110747 0.505207 12.680000
-4.061384 0.119829 0.403059 12.700000
-3.631179 0.126771 0.291366 12.720000
-4.202843 0.131576 0.189264 12.740000
-4.318284 0.134238 0.077278 12.760000
-3.804685 0.134657 -0.035033 12.780000
-4.566771 0.132954 -0.134922 12.800000
-4.207091 0.129127 -0.247292 12.820000
-4.219978 0.123154 -0.349481 12.840000
-3.505726 0.115167 -0.448626 12.860000
-3.333320 0.105374 -0.530115 12.880000
-3.647370 0.094020 -0.604629 12.900000
-4.098252 0.081151 -0.681596 12.920000
-4.606813 0.066694 -0.763381 12.940000
-4.528349 0.050545 -0.850719 12.960000
-4.778555 0.032714 -0.931558 12.980000
-3.926308 0.013268 -1.012188 13.000000
-4.307680 -0.007568 -1.070455 13.020000
-4.154815 -0.029591 -1.130947 13.040000
-3.321651 -0.052738 -1.182776 13.060000
-3.114877 -0.076699 -1.212442 13.080000
-3.866299 -0.101158 -1.232632 13.100000
-4.744733 -0.126117 -1.262284 13.120000
-4.876536 -0.151785 -1.303462 13.140000
-5.709998 -0.178240 -1.341028 13.160000
-6.430147 -0.205546 -1.388460 13.180000
-6.099626 -0.233872 -1.442945 13.200000
-7.052366 -0.263151 -1.483715 13.220000
-7.300196 -0.293355 -1.535313 13.240000
-7.158245 -0.324558 -1.583620 13.260000
-8.000000 -0.356618 -1.621041 13.280000
-8.000000 -0.389500 -1.665732 13.300000
-7.888997 -0.423188 -1.701557 13.320000
-8.000000 -0.457483 -1.726455 13.340000
-8.000000 -0.492207 -1.744423 13.360000
-7.560752 -0.527200 -1.753461 13.380000
-8.000000 -0.562211 -1.746216 13.400000
-8.000000 -0.597067 -1.737869 13.420000
-7.180590 -0.631669 -1.721017 13.440000
-6.681385 -0.665722 -1.682977 13.460000
-6.945547 -0.698862 -1.629936 13.480000
-6.927372 -0.730915 -1.574278 13.500000
-7.797773 -0.761789 -1.512022 13.520000
-7.268778 -0.791481 -1.456174 13.540000
-7.627656 -0.819922 -1.387016 13.560000
-7.564797 -0.846975 -1.317412 13.580000
-7.616359 -0.872577 -1.242009 13.600000
-6.832202 -0.896632 -1.162799 13.620000
-6.805051 -0.918966 -1.070055 13.640000
-5.809306 -0.939411 -0.974007 13.660000
-6.263473 -0.957794 -0.864033 13.680000
-6.466486 -0.974015 -0.757790 13.700000
-5.509032 -0.988121 -0.652678 13.720000
-5.195921 -1.000013 -0.536530 13.740000
-4.991990 -1.009550 -0.417251 13.760000
-4.202514 -1.016687 -0.296610 13.780000
-3.507567 -1.021341 -0.169067 13.800000
-4.382638 -1.023391 -0.036300 13.820000
-3.622551 -1.022900 0.084941 13.840000
-2.926921 -1.019932 0.211335 13.860000
-2.886058 -1.014395 0.341775 13.880000
-3.197862 -1.006281 0.469024 13.900000
-3.676592 -0.995694 0.588998 13.920000
-3.178892 -0.982802 0.699523 13.940000
-3.763962 -0.967688 0.811030 13.960000
-4.650976 -0.950459 0.911055 13.980000
-4.968188 -0.931384 0.995600 14.000000
-5.295153 -0.910709 1.070897 14.020000
-4.310487 -0.888626 1.136468 14.040000
-3.961368 -0.865166 1.208570 14.060000
-4.340547 -0.840278 1.279179 14.080000
-4.774451 -0.814091 1.338503 14.100000
-4.906155 -0.786840 1.385436 14.120000
-4.559499 -0.758736 1.423924 14.140000
-4.883009 -0.729877 1.460783 14.160000
-4.640198 -0.700397 1.486098 14.180000
-3.983496 -0.670441 1.508371 14.200000
-4.089998 -0.640004 1.534199 14.220000
-3.565112 -0.609135 1.551587 14.240000
-2.566626 -0.577900 1.570867 14.260000
-1.581936 -0.546178 1.600167 14.280000
-1.701986 -0.513770 1.639549 14.300000
-1.041368 -0.480663 1.670019 14.320000
-1.802565 -0.446898 1.705312 14.340000
-1.154853 -0.412634 1.719942 14.360000
-0.522269 -0.378027 1.739506 14.380000
-0.759177 -0.342982 1.763830 14.400000
-1.518645 -0.307566 1.776663 14.420000
-1.167733 -0.272107 1.768109 14.440000
-1.141973 -0.236819 1.759553 14.460000
-0.385048 -0.201764 1.744837 14.480000
0.596928 -0.166921 1.738347 14.500000
1.011550 -0.132081 1.744506 14.520000
0.210711 -0.097104 1.752038 14.540000
0.749436 -0.062204 1.736929 14.560000
0.872255 -0.027563 1.726051 14.580000
0.294535 0.006820 1.711139 14.600000
0.866077 0.040726 1.678453 14.620000
0.212218 0.074032 1.651190 14.640000
-0.614862 0.106605 1.605152 14.660000
-1.442668 0.138040 1.537576 14.680000
-1.649696 0.167915 1.449292 14.700000
-1.626554 0.195946 1.353321 14.720000
-1.935013 0.222032 1.254720 14.740000
-0.941815 0.246058 1.147563 14.760000
-0.521229 0.268112 1.057430 14.780000
0.445506 0.288422 0.973232 14.800000
-0.002501 0.307212 0.905426 14.820000
-0.378409 0.324541 0.827139 14.840000
-1.146372 0.340217 0.740330 14.860000
-1.039182 0.354004 0.638278 14.880000
-1.551165 0.365767 0.538009 14.900000
-1.469088 0.375430 0.428412 14.920000
-2.005212 0.382923 0.321043 14.940000
-1.478308 0.388180 0.204884 14.960000
-2.366233 0.391226 0.099996 14.980000
-1.445319 0.392029 -0.019393 15.000000
-1.505053 0.390636 -0.119508 15.020000
-1.207710 0.387253 -0.218331 15.040000
-0.786739 0.381975 -0.309009 15.060000
-0.033134 0.374990 -0.389092 15.080000
0.837774 0.366571 -0.452329 15.100000
1.116709 0.357077 -0.496559 15.120000
1.497973 0.346779 -0.532869 15.140000
1.825027 0.335852 -0.559326 15.160000
1.946045 0.324485 -0.576979 15.180000
1.825738 0.312813 -0.589753 15.200000
2.737092 0.300889 -0.602228 15.220000
2.006396 0.288915 -0.594838 15.240000
1.592310 0.276971 -0.599084 15.260000
1.646205 0.264888 -0.608775 15.280000
2.123507 0.252648 -0.614862 15.300000
1.169132 0.240403 -0.609260 15.320000
0.880255 0.228108 -0.619721 15.340000
1.631300 0.215575 -0.633143 15.360000
0.963765 0.202947 -0.629315 15.380000
1.640056 0.190289 -0.636045 15.400000
0.896199 0.177654 -0.627015 15.420000
0.966517 0.165078 -0.630202 15.440000
1.686217 0.152477 -0.629503 15.460000
2.073473 0.140055 -0.612278 15.480000
2.604661 0.128075 -0.585390 15.500000
3.433875 0.116756 -0.546288 15.520000
2.662289 0.106397 -0.489483 15.540000
2.332798 0.097030 -0.447033 15.560000
3.220830 0.088457 -0.410143 15.580000
3.417342 0.080806 -0.354856 15.600000
3.755852 0.074303 -0.295378 15.620000
3.436837 0.069058 -0.229224 15.640000
4.166229 0.065069 -0.169767 15.660000
4.649484 0.062408 -0.096411 15.680000
3.813079 0.061301 -0.014580 15.700000
3.375659 0.061649 0.049169 15.720000
3.332837 0.063171 0.102822 15.740000
3.763588 0.065744 0.154160 15.760000
3.905873 0.069412 0.212376 15.780000
3.158080 0.074253 0.271403 15.800000
3.756462 0.080105 0.313427 15.820000
4.560043 0.086895 0.365175 15.840000
4.947415 0.094855 0.430275 15.860000
5.209766 0.104163 0.499978 15.880000
5.346662 0.114883 0.571429 15.900000
5.580589 0.127022 0.641817 15.920000
5.187621 0.140575 0.712757 15.940000
4.533503 0.155426 0.771641 15.960000
5.117871 0.171283 0.813386 15.980000
5.774010 0.188047 0.862322 16.000000
6.247453 0.205873 0.919409 16.020000
5.395392 0.224882 0.980595 16.040000
5.248275 0.244896 1.019923 16.060000
6.075739 0.265616 1.051288 16.080000
6.718849 0.287071 1.093275 16.100000
6.111552 0.309432 1.141782 16.120000
6.298342 0.332587 1.172781 16.140000
6.643994 0.356339 1.201418 16.160000
7.177718 0.380668 1.230455 16.180000
6.986055 0.405614 1.263037 16.200000
7.044801 0.431111 1.285591 16.220000
6.939545 0.457005 1.302731 16.240000
7.503002 0.483159 1.311536 16.260000
8.000000 0.509523 1.323791 16.280000
8.000000 0.536152 1.337921 16.300000
8.000000 0.562994 1.345145 16.320000
7.145233 0.589912 1.345540 16.340000
7.504809 0.616631 1.325294 16.360000
6.577712 0.642942 1.304837 16.380000
7.203466 0.668638 1.263873 16.400000
8.000000 0.693560 1.227450 16.420000
7.824270 0.717822 1.197844 16.440000
6.965844 0.741412 1.160238 16.460000
7.347613 0.764073 1.105236 16.480000
6.885092 0.785648 1.051516 16.500000
7.809077 0.806043 0.987410 16.520000
6.832981 0.825248 0.932509 16.540000
6.338389 0.843190 0.861151 16.560000
7.218587 0.859613 0.780798 16.580000
7.063059 0.874522 0.709841 16.600000
6.681701 0.887974 0.635010 16.620000
7.317660 0.899866 0.554002 16.640000
7.751397 0.910206 0.479885 16.660000
7.706761 0.919108 0.410230 16.680000
7.146532 0.926606 0.339455 16.700000
6.833933 0.932619 0.261834 16.720000
7.090109 0.937045 0.180877 16.740000
6.327432 0.939889 0.103707 16.760000
6.335064 0.941111 0.018701 16.780000
6.035736 0.940649 -0.064613 16.800000
5.482180 0.938504 -0.149493 16.820000
5.333380 0.934619 -0.238551 16.840000
5.701430 0.928963 -0.326635 16.860000
5.174937 0.921618 -0.407283 16.880000
4.871744 0.912630 -0.490980 16.900000
4.262876 0.901966 -0.574752 16.920000
3.609679 0.889590 -0.662141 16.940000
3.170560 0.875426 -0.753523 16.960000
3.816767 0.859423 -0.846015 16.980000
2.887462 0.841702 -0.925293 17.000000
2.457905 0.822321 -1.011948 17.020000
3.260652 0.801201 -1.099217 17.040000
3.939255 0.778501 -1.169838 17.060000
3.675692 0.754542 -1.225096 17.080000
3.004208 0.729497 -1.278332 17.100000
3.491197 0.703348 -1.335597 17.120000
3.089259 0.676189 -1.379314 17.140000
2.995701 0.648154 -1.423071 17.160000
3.907740 0.619293 -1.462001 17.180000
3.367698 0.589865 -1.479686 17.200000
2.713513 0.560058 -1.499945 17.220000
2.050316 0.529799 -1.524880 17.240000
1.872027 0.498992 -1.554814 17.260000
0.986673 0.467619 -1.581378 17.280000
0.157749 0.435622 -1.617173 17.300000
0.492545 0.402826 -1.661288 17.320000
1.060982 0.369278 -1.692420 17.340000
1.328553 0.335281 -1.706137 17.360000
1.202885 0.301128 -1.708066 17.380000
1.480856 0.266979 -1.705750 17.400000
1.212954 0.232995 -1.691553 17.420000
0.345416 0.199307 -1.676201 17.440000
-0.445540 0.165819 -1.671500 17.460000
-0.841388 0.132334 -1.675938 17.480000
-1.215952 0.098747 -1.681662 17.500000
-1.617525 0.065037 -1.688222 17.520000
-1.970098 0.031182 -1.696107 17.540000
-2.473201 -0.002833 -1.704269 17.560000
-1.980051 -0.037043 -1.715607 17.580000
-1.052415 -0.071313 -1.710263 17.600000
-1.708175 -0.105226 -1.680028 17.620000
-1.226584 -0.138604 -1.656716 17.640000
-2.107331 -0.171360 -1.617930 17.660000
-2.118770 -0.203456 -1.590716 17.680000
-2.992695 -0.234952 -1.557950 17.700000
-3.852896 -0.265905 -1.536403 17.720000
-3.374749 -0.296534 -1.525405 17.740000
-3.689581 -0.326790 -1.499281 17.760000
-3.830332 -0.356527 -1.473393 17.780000
-3.749153 -0.385715 -1.444504 17.800000
-3.140108 -0.414256 -1.408692 17.820000
-3.817951 -0.441918 -1.356782 17.840000
-4.297912 -0.468618 -1.312466 17.860000
-3.336460 -0.494471 -1.272006 17.880000
-3.748713 -0.519301 -1.210345 17.900000
-4.072513 -0.542931 -1.152068 17.920000
-4.810220 -0.565415 -1.095683 17.940000
-5.012241 -0.586859 -1.048118 17.960000
-4.648966 -0.607349 -1.000309 17.980000
-4.546735 -0.626790 -0.943266 18.000000
-4.312234 -0.645044 -0.881742 18.020000
-4.538371 -0.662006 -0.814065 18.040000
-4.775699 -0.677629 -0.747891 18.060000
-5.356641 -0.691946 -0.683560 18.080000
-4.852354 -0.705049 -0.626438 18.100000
-5.189882 -0.716917 -0.560176 18.120000
-5.263416 -0.727500 -0.497892 18.140000
-5.414555 -0.736838 -0.435799 18.160000
-4.641415 -0.744949 -0.375280 18.180000
-4.473210 -0.751734 -0.303135 18.200000
-4.756787 -0.757052 -0.228753 18.220000
-4.676110 -0.760928 -0.158991 18.240000
-5.331139 -0.763405 -0.088803 18.260000
-6.113127 -0.764581 -0.029001 18.280000
-6.307225 -0.764684 0.018576 18.300000
-5.981341 -0.763873 0.062355 18.320000
-5.966653 -0.762150 0.109646 18.340000
-6.181928 -0.759494 0.155723 18.360000
-5.853441 -0.755963 0.197102 18.380000
-6.122788 -0.751574 0.241513 18.400000
-5.580499 -0.746355 0.280076 18.420000
-5.311736 -0.740305 0.324514 18.440000
-5.016998 -0.733350 0.370599 18.460000
-5.298824 -0.725454 0.418528 18.480000
-4.848073 -0.716669 0.459554 18.500000
-4.598925 -0.707023 0.504542 18.520000
-4.810877 -0.696470 0.550287 18.540000
-4.967599 -0.685065 0.589613 18.560000
-4.586002 -0.672931 0.623266 18.580000
-5.514747 -0.660097 0.659531 18.600000
-5.650347 -0.646719 0.677731 18.620000
-6.099347 -0.633032 0.690429 18.640000
-5.713107 -0.619196 0.692602 18.660000
-5.554841 -0.605287 0.697829 18.680000
-4.980711 -0.591279 0.702414 18.700000
-5.718825 -0.577116 0.713262 18.720000
-4.826567 -0.562893 0.708513 18.740000
-3.992716 -0.548646 0.715674 18.760000
-3.492584 -0.534146 0.733751 18.780000
-4.084170 -0.519233 0.756985 18.800000
-4.881718 -0.503993 0.766482 18.820000
-4.423028 -0.488735 0.758711 18.840000
-4.018811 -0.473585 0.755853 18.860000
-3.957878 -0.458451 0.756983 18.880000
-3.641275 -0.443316 0.756010 18.900000
-3.039851 -0.428174 0.757577 18.920000
-3.140815 -0.412925 0.766850 18.940000
-2.491305 -0.397541 0.771008 18.960000
-3.267448 -0.381986 0.783843 18.980000
-3.900858 -0.366353 0.779018 19.000000
-3.056231 -0.350964 0.759369 19.020000
-3.426893 -0.335839 0.752677 19.040000
-3.174565 -0.320946 0.736118 19.060000
-2.823013 -0.306364 0.721611 19.080000
-3.262053 -0.292033 0.711095 19.100000
-2.883994 -0.278022 0.689580 19.120000
-2.457907 -0.264393 0.672882 19.140000
-2.958846 -0.251041 0.661946 19.160000
-3.404446 -0.238028 0.638962 19.180000
-4.097017 -0.225582 0.605265 19.200000
-3.857380 -0.213963 0.556389 19.220000
-4.039939 -0.203289 0.510820 19.240000
-3.979981 -0.193574 0.460512 19.260000
-4.837227 -0.184863 0.410471 19.280000
-5.364507 -0.177327 0.343050 19.300000
-5.683712 -0.171245 0.265263 19.320000
-6.250188 -0.166777 0.181679 19.340000
-5.756565 -0.164083 0.087931 19.360000
-5.812635 -0.163153 0.005304 19.380000
-6.527760 -0.163871 -0.076803 19.400000
-6.090478 -0.166352 -0.170920 19.420000
-6.597641 -0.170605 -0.253916 19.440000
-6.237318 -0.176590 -0.344078 19.460000
-5.658905 -0.184276 -0.423969 19.480000
-5.444622 -0.193413 -0.489227 19.500000
-6.000129 -0.203780 -0.546962 19.520000
-5.383786 -0.215376 -0.611989 19.540000
-4.850718 -0.228114 -0.661200 19.560000
-4.696661 -0.241696 -0.696362 19.580000
-5.458511 -0.255915 -0.724929 19.600000
-5.564034 -0.270815 -0.764424 19.620000
-4.572572 -0.286485 -0.801844 19.640000
-4.562209 -0.302672 -0.816268 19.660000
-5.283470 -0.319109 -0.826747 19.680000
-5.678711 -0.335853 -0.847018 19.700000
-6.439735 -0.353036 -0.870563 19.720000
-6.680476 -0.370788 -0.903878 19.740000
-7.273170 -0.389204 -0.936853 19.760000
-7.832967 -0.408338 -0.975680 19.780000
-7.208859 -0.428297 -1.019268 19.800000
-7.016198 -0.448958 -1.045905 19.820000
-7.817449 -0.470063 -1.063648 19.840000
-7.025259 -0.491610 -1.090077 19.860000
-7.219346 -0.513489 -1.096927 19.880000
-7.873100 -0.535484 -1.101761 19.900000
-6.879971 -0.557634 -1.112266 19.920000
-6.609835 -0.579771 -1.100513 19.940000
-7.391276 -0.601577 -1.079339 19.960000
-7.182197 -0.623041 -1.066187 19.980000
