0.659326 -0.082978 -0.188974 0.000000
0.607170 -0.086426 -0.155794 0.020000
0.449415 -0.089221 -0.123701 0.040000
1.049759 -0.091406 -0.094878 0.060000
0.234375 -0.092899 -0.054430 0.080000
0.381273 -0.093749 -0.030640 0.100000
0.201178 -0.094097 -0.004309 0.120000
0.826395 -0.093960 0.017969 0.140000
0.765302 -0.093258 0.052055 0.160000
1.024649 -0.091896 0.084062 0.180000
0.580599 -0.089851 0.120224 0.200000
0.375588 -0.087182 0.146457 0.220000
0.873017 -0.084041 0.167566 0.240000
0.716281 -0.080388 0.197421 0.260000
0.049129 -0.076184 0.222834 0.280000
0.283075 -0.071616 0.233721 0.300000
0.442288 -0.066796 0.248107 0.320000
-0.260647 -0.061669 0.264394 0.340000
-0.162945 -0.056369 0.265451 0.360000
0.569375 -0.051038 0.267388 0.380000
-0.297284 -0.045535 0.282724 0.400000
0.355747 -0.039911 0.279530 0.420000
0.537376 -0.034231 0.288227 0.440000
0.837883 -0.028354 0.299229 0.460000
-0.009320 -0.022211 0.314798 0.480000
0.181054 -0.015941 0.312079 0.500000
0.380696 -0.009698 0.311969 0.520000
-0.112351 -0.003430 0.314603 0.540000
-0.231518 0.002780 0.306207 0.560000
0.117285 0.008788 0.294431 0.580000
-0.260349 0.014620 0.288648 0.600000
0.114897 0.020252 0.274389 0.620000
-0.797224 0.025665 0.266771 0.640000
-1.281902 0.030736 0.240227 0.660000
-1.226505 0.035175 0.203693 0.680000
-1.876281 0.038894 0.168193 0.700000
-1.161684 0.041774 0.119898 0.720000
-1.045820 0.043835 0.086227 0.740000
-1.689637 0.045249 0.055180 0.760000
-1.327928 0.045917 0.011809 0.780000
-0.825743 0.045798 -0.023599 0.800000
-1.645747 0.045078 -0.048288 0.820000
-2.068101 0.043708 -0.088512 0.840000
-1.846179 0.041462 -0.135949 0.860000
-2.590574 0.038324 -0.177536 0.880000
-1.742839 0.034222 -0.232337 0.900000
-1.969541 0.029212 -0.268394 0.920000
-1.612905 0.023453 -0.307185 0.940000
-2.561207 0.017009 -0.336967 0.960000
-3.225334 0.009799 -0.383619 0.980000
-2.260669 0.001548 -0.441004 1.000000
-2.124864 -0.007631 -0.476454 1.020000
-2.655113 -0.017466 -0.506663 1.040000
-3.068170 -0.027985 -0.544790 1.060000
-3.400468 -0.039321 -0.588203 1.080000
-2.484021 -0.051558 -0.635017 1.100000
-2.825354 -0.064517 -0.660294 1.120000
-3.195452 -0.078017 -0.689210 1.140000
-3.075713 -0.092136 -0.722125 1.160000
-3.221312 -0.106855 -0.749156 1.180000
-2.287622 -0.122108 -0.775527 1.200000
-2.339490 -0.137668 -0.779948 1.220000
-1.836402 -0.153295 -0.782204 1.240000
-2.457545 -0.168836 -0.771479 1.260000
-2.233237 -0.184257 -0.770021 1.280000
-2.537496 -0.199573 -0.761162 1.300000
-3.500007 -0.214743 -0.755341 1.320000
-4.336961 -0.229954 -0.765188 1.340000
-3.984831 -0.245490 -0.787804 1.360000
-3.575458 -0.261374 -0.799933 1.380000
-3.754873 -0.277385 -0.800689 1.400000
-4.373699 -0.293413 -0.801539 1.420000
-3.723900 -0.309542 -0.810743 1.440000
-4.039546 -0.325696 -0.804128 1.460000
-3.909169 -0.341745 -0.800209 1.480000
-4.095554 -0.357658 -0.790591 1.500000
-3.714867 -0.373383 -0.781305 1.520000
-3.202811 -0.388820 -0.761928 1.540000
-3.066472 -0.403747 -0.730427 1.560000
-3.330164 -0.417996 -0.694107 1.580000
-2.696816 -0.431545 -0.660457 1.600000
-3.367780 -0.444287 -0.613432 1.620000
-2.838296 -0.456193 -0.576861 1.640000
-2.864592 -0.467256 -0.529287 1.660000
-2.710038 -0.477361 -0.481017 1.680000
-2.061722 -0.486464 -0.429085 1.700000
-2.351794 -0.494407 -0.365177 1.720000
-3.261318 -0.501120 -0.306190 1.740000
-2.744040 -0.506812 -0.262952 1.760000
-2.345209 -0.511547 -0.210576 1.780000
-2.355927 -0.515168 -0.151538 1.800000
-1.595657 -0.517615 -0.093273 1.820000
-2.448496 -0.518773 -0.022735 1.840000
-1.675902 -0.518680 0.031833 1.860000
-1.717940 -0.517374 0.098481 1.880000
-1.695273 -0.514759 0.162720 1.900000
-1.021575 -0.510874 0.225475 1.920000
-1.718844 -0.505637 0.297795 1.940000
-2.419810 -0.499100 0.355521 1.960000
-1.505340 -0.491555 0.398573 1.980000
-0.647373 -0.483013 0.455219 2.000000
-1.184822 -0.473214 0.524125 2.020000
-0.432789 -0.462165 0.580303 2.040000
-1.271437 -0.449890 0.646591 2.060000
-1.116713 -0.436475 0.694268 2.080000
-0.579908 -0.422115 0.741195 2.100000
-0.338757 -0.406755 0.794158 2.120000
-0.685653 -0.390331 0.847568 2.140000
-0.826923 -0.372943 0.890465 2.160000
-1.101448 -0.354766 0.926595 2.180000
-0.762046 -0.335959 0.953421 2.200000
-1.713302 -0.316593 0.982448 2.220000
-2.168326 -0.296869 0.989241 2.240000
-2.390337 -0.277137 0.983397 2.260000
-1.877689 -0.257601 0.969531 2.280000
-1.863986 -0.238281 0.961902 2.300000
-0.879179 -0.219147 0.950893 2.320000
-0.026064 -0.200077 0.955410 2.340000
-0.693036 -0.180789 0.972715 2.360000
-0.096982 -0.161326 0.972957 2.380000
-0.232747 -0.141779 0.981086 2.400000
0.171919 -0.122136 0.982617 2.420000
-0.309768 -0.102420 0.988280 2.440000
0.664315 -0.082726 0.980532 2.460000
1.137049 -0.063030 0.988361 2.480000
2.099529 -0.043124 1.001566 2.500000
1.957106 -0.022804 1.029682 2.520000
1.972021 -0.001995 1.050449 2.540000
1.305142 0.019187 1.067025 2.560000
0.542968 0.040523 1.065929 2.580000
0.843737 0.061645 1.045637 2.600000
-0.055265 0.082384 1.027621 2.620000
-0.407745 0.102548 0.988246 2.640000
-0.351251 0.121824 0.938908 2.660000
-0.269258 0.140098 0.888059 2.680000
-0.723677 0.157347 0.836426 2.700000
-0.990283 0.173451 0.773755 2.720000
-0.550053 0.188234 0.704217 2.740000
-0.273535 0.201698 0.641969 2.760000
-0.098851 0.213958 0.583896 2.780000
0.837241 0.225080 0.528145 2.800000
-0.152777 0.235259 0.489541 2.820000
0.524035 0.244463 0.430787 2.840000
-0.153258 0.252618 0.384563 2.860000
-0.603653 0.259712 0.324824 2.880000
0.167586 0.265524 0.256448 2.900000
-0.185325 0.270120 0.203199 2.920000
-0.634156 0.273587 0.143515 2.940000
-0.069706 0.275780 0.075930 2.960000
-0.217961 0.276739 0.020151 2.980000
-1.183207 0.276564 -0.037420 3.000000
-0.187245 0.275066 -0.112092 3.020000
0.769600 0.272283 -0.165905 3.040000
0.094588 0.268624 -0.199789 3.060000
0.428305 0.264172 -0.245125 3.080000
0.073566 0.258895 -0.282263 3.100000
-0.225090 0.252826 -0.324386 3.120000
0.171706 0.245876 -0.370182 3.140000
-0.438814 0.238110 -0.406062 3.160000
0.406277 0.229531 -0.451447 3.180000
0.102504 0.220233 -0.477943 3.200000
-0.239625 0.210370 -0.507960 3.220000
-0.965758 0.199865 -0.542080 3.240000
-0.715248 0.188563 -0.587571 3.260000
-0.984152 0.176432 -0.625090 3.280000
-0.883982 0.163528 -0.664753 3.300000
-0.364725 0.149883 -0.699171 3.320000
-0.523153 0.135685 -0.720090 3.340000
-0.913217 0.121069 -0.740951 3.360000
-1.055709 0.105992 -0.766232 3.380000
-0.709924 0.090415 -0.790892 3.400000
0.171993 0.074448 -0.805218 3.420000
-0.105394 0.058403 -0.798749 3.440000
-0.346386 0.042463 -0.794793 3.460000
-0.820545 0.026584 -0.792602 3.480000
-1.272105 0.010685 -0.796764 3.500000
-1.960811 -0.005355 -0.806691 3.520000
-2.188540 -0.021697 -0.826917 3.540000
-2.945557 -0.038453 -0.848025 3.560000
-2.811895 -0.055744 -0.880362 3.580000
-3.276651 -0.073614 -0.905952 3.600000
-3.275675 -0.092047 -0.936621 3.620000
-2.412693 -0.111049 -0.962933 3.640000
-2.154678 -0.130365 -0.967921 3.660000
-1.442192 -0.149689 -0.963911 3.680000
-1.997812 -0.168756 -0.942240 3.700000
-2.433313 -0.187466 -0.928124 3.720000
-2.833602 -0.205944 -0.919065 3.740000
-3.212329 -0.224283 -0.914252 3.760000
-2.428398 -0.242563 -0.913139 3.780000
-2.998973 -0.260633 -0.893307 3.800000
-2.064422 -0.278383 -0.881180 3.820000
-2.155211 -0.295680 -0.847983 3.840000
-2.294705 -0.312302 -0.813809 3.860000
-1.310569 -0.328241 -0.779713 3.880000
-1.186125 -0.343290 -0.724814 3.900000
-0.618173 -0.357199 -0.665915 3.920000
-0.193120 -0.369812 -0.595149 3.940000
0.112741 -0.380921 -0.515752 3.960000
0.762093 -0.390383 -0.430448 3.980000
0.453690 -0.398021 -0.333431 4.000000
-0.030228 -0.403782 -0.242800 4.020000
0.146580 -0.407828 -0.161913 4.040000
-0.060581 -0.410233 -0.078840 4.060000
0.237189 -0.411028 -0.000892 4.080000
0.999349 -0.410225 0.080919 4.100000
0.135574 -0.407665 0.174663 4.120000
-0.340082 -0.403413 0.250249 4.140000
-0.873867 -0.397758 0.314783 4.160000
-0.322283 -0.390935 0.367144 4.180000
-0.214810 -0.382987 0.427211 4.200000
-0.378884 -0.373845 0.486507 4.220000
0.481890 -0.363577 0.539827 4.240000
-0.256053 -0.352112 0.606060 4.260000
-0.608397 -0.339496 0.655075 4.280000
0.054156 -0.325998 0.694110 4.300000
0.284648 -0.311629 0.742218 4.320000
0.293696 -0.296290 0.790989 4.340000
0.371039 -0.280013 0.836056 4.360000
1.231588 -0.262860 0.878615 4.380000
1.291757 -0.244731 0.933556 4.400000
1.844468 -0.225536 0.985163 4.420000
1.382874 -0.205248 1.042820 4.440000
2.001245 -0.183946 1.086566 4.460000
1.073037 -0.161697 1.137465 4.480000
0.513601 -0.138664 1.164984 4.500000
1.310202 -0.115241 1.176569 4.520000
1.802948 -0.091476 1.199096 4.540000
1.798176 -0.067213 1.226321 4.560000
2.548629 -0.042459 1.248225 4.580000
2.874561 -0.017170 1.279738 4.600000
3.073229 0.008758 1.312133 4.620000
3.630726 0.035317 1.342714 4.640000
4.477839 0.062538 1.378444 4.660000
3.900104 0.090581 1.424718 4.680000
3.140302 0.119369 1.452973 4.700000
3.318614 0.148508 1.459906 4.720000
3.349694 0.177760 1.464312 4.740000
2.644348 0.207046 1.463304 4.760000
2.556910 0.236116 1.442745 4.780000
1.673772 0.264703 1.415123 4.800000
2.491553 0.292518 1.365574 4.820000
1.537047 0.319452 1.327101 4.840000
0.721656 0.345392 1.266239 4.860000
1.634534 0.369925 1.186586 4.880000
1.743525 0.393005 1.120860 4.900000
1.321476 0.414760 1.054123 4.920000
1.746276 0.435075 0.977063 4.940000
1.151575 0.453904 0.905465 4.960000
2.090419 0.471175 0.821321 4.980000
1.267504 0.486914 0.752320 5.000000
0.962811 0.501113 0.667478 5.020000
0.620381 0.513555 0.576614 5.040000
1.170190 0.524117 0.479608 5.060000
1.628183 0.532835 0.392248 5.080000
2.039260 0.539887 0.313004 5.100000
2.404654 0.545428 0.241150 5.120000
2.924141 0.549599 0.175990 5.140000
3.073911 0.552560 0.120209 5.160000
2.221309 0.554437 0.067583 5.180000
2.358594 0.555124 0.001393 5.200000
2.266087 0.554524 -0.061183 5.220000
3.055832 0.552671 -0.123844 5.240000
3.648240 0.549715 -0.171485 5.260000
4.118796 0.545923 -0.207500 5.280000
3.414965 0.541506 -0.233989 5.300000
3.006034 0.536454 -0.270932 5.320000
2.073750 0.530611 -0.313020 5.340000
1.161353 0.523787 -0.368980 5.360000
1.390098 0.515711 -0.438111 5.380000
1.041458 0.506322 -0.500347 5.400000
0.684781 0.495657 -0.565570 5.420000
0.373280 0.483659 -0.633689 5.440000
0.434763 0.470279 -0.703678 5.460000
0.048431 0.455548 -0.768711 5.480000
0.385451 0.439488 -0.836612 5.500000
0.094711 0.422173 -0.894163 5.520000
0.231899 0.403698 -0.952624 5.540000
1.058767 0.384124 -1.004007 5.560000
0.373730 0.363721 -1.035494 5.580000
0.021891 0.342607 -1.075168 5.600000
0.346956 0.320680 -1.116656 5.620000
-0.013622 0.298035 -1.147081 5.640000
-0.661206 0.274761 -1.179447 5.660000
-1.656553 0.250766 -1.219145 5.680000
-1.657052 0.225839 -1.272692 5.700000
-2.315317 0.199896 -1.320564 5.720000
-3.094243 0.172926 -1.375437 5.740000
-3.912407 0.144767 -1.439404 5.760000
-3.333900 0.115233 -1.512884 5.780000
-3.015078 0.084413 -1.567957 5.800000
-2.221050 0.052624 -1.609758 5.820000
-2.912902 0.020226 -1.628893 5.840000
-2.341824 -0.012625 -1.655051 5.860000
-1.389096 -0.045816 -1.662951 5.880000
-1.699096 -0.078909 -1.645363 5.900000
-2.672282 -0.111651 -1.627796 5.920000
-3.407844 -0.144173 -1.623279 5.940000
-4.359377 -0.176684 -1.626739 5.960000
-5.206884 -0.209383 -1.642011 5.980000
-5.338682 -0.242481 -1.666504 6.000000
-5.991905 -0.276018 -1.685931 6.020000
-5.066518 -0.309992 -1.710083 6.040000
-4.731965 -0.344194 -1.708864 6.060000
-5.062084 -0.378235 -1.694080 6.080000
-5.687507 -0.411971 -1.678338 6.100000
-5.649809 -0.445435 -1.666850 6.120000
-4.889643 -0.478590 -1.647469 6.140000
-4.024325 -0.511154 -1.607867 6.160000
-4.175179 -0.542715 -1.547290 6.180000
-5.129253 -0.573036 -1.484031 6.200000
-5.458564 -0.602201 -1.431566 6.220000
-4.777844 -0.630318 -1.379234 6.240000
-3.957985 -0.657229 -1.311088 6.260000
-3.662503 -0.682606 -1.226034 6.280000
-3.405875 -0.706203 -1.133270 6.300000
-3.556667 -0.727881 -1.034103 6.320000
-2.743125 -0.747577 -0.935184 6.340000
-1.974735 -0.765160 -0.822960 6.360000
-2.666398 -0.780381 -0.699151 6.380000
-1.960633 -0.793224 -0.585143 6.400000
-1.461962 -0.803690 -0.461616 6.420000
-1.835294 -0.811626 -0.332213 6.440000
-1.818216 -0.817040 -0.209415 6.460000
-2.745595 -0.820012 -0.088150 6.480000
-2.587114 -0.820706 0.018479 6.500000
-2.849047 -0.819266 0.125072 6.520000
-3.195355 -0.815755 0.225585 6.540000
-3.875983 -0.810308 0.318612 6.560000
-4.579496 -0.803124 0.399335 6.580000
-5.339382 -0.794453 0.467232 6.600000
-5.877312 -0.784562 0.521322 6.620000
-5.635276 -0.773698 0.564558 6.640000
-5.664251 -0.761968 0.607899 6.660000
-5.656074 -0.749409 0.647321 6.680000
-6.216734 -0.736098 0.683254 6.700000
-5.611377 -0.722187 0.707211 6.720000
-5.154337 -0.707743 0.736529 6.740000
-4.473415 -0.692682 0.768946 6.760000
-3.523526 -0.676907 0.807860 6.780000
-3.651956 -0.660247 0.857411 6.800000
-3.985589 -0.642660 0.900600 6.820000
-3.713011 -0.624306 0.934035 6.840000
-4.348950 -0.605284 0.967412 6.860000
-5.271426 -0.585744 0.985814 6.880000
-5.713548 -0.566035 0.984418 6.900000
-6.172713 -0.546471 0.971295 6.920000
-7.132874 -0.527288 0.946264 6.940000
-7.199020 -0.508811 0.900886 6.960000
-6.944194 -0.491287 0.850967 6.980000
-7.226743 -0.474748 0.802447 7.000000
-7.284248 -0.459258 0.746118 7.020000
-7.632033 -0.444930 0.686340 7.040000
-8.000000 -0.431881 0.618260 7.060000
-8.000000 -0.420277 0.541938 7.080000
-7.122143 -0.410211 0.464506 7.100000
-7.659108 -0.401541 0.402328 7.120000
-8.000000 -0.394220 0.329705 7.140000
-8.000000 -0.388416 0.250720 7.160000
-7.888917 -0.384189 0.172098 7.180000
-7.288404 -0.381507 0.096248 7.200000
-8.000000 -0.380221 0.032472 7.220000
-8.000000 -0.380332 -0.043267 7.240000
-8.000000 -0.381941 -0.117300 7.260000
-7.923132 -0.385010 -0.189306 7.280000
-7.656211 -0.389483 -0.257572 7.300000
-8.000000 -0.395247 -0.318374 7.320000
-8.000000 -0.402263 -0.382730 7.340000
-8.000000 -0.410535 -0.443971 7.360000
-7.556608 -0.419999 -0.501858 7.380000
-7.416323 -0.430506 -0.548182 7.400000
-6.746818 -0.441878 -0.588456 7.420000
-6.911396 -0.453900 -0.613189 7.440000
-6.150053 -0.466413 -0.637495 7.460000
-6.800714 -0.479242 -0.644915 7.480000
-6.449490 -0.492303 -0.660628 7.500000
-6.838029 -0.505583 -0.666830 7.520000
-6.519316 -0.519022 -0.676521 7.540000
-5.921760 -0.532566 -0.677379 7.560000
-5.022119 -0.545994 -0.664923 7.580000
-4.610831 -0.558993 -0.634549 7.600000
-4.365943 -0.571293 -0.595148 7.620000
-3.623170 -0.582746 -0.549937 7.640000
-2.774603 -0.593158 -0.491088 7.660000
-2.061543 -0.602245 -0.417551 7.680000
-1.911059 -0.609742 -0.332279 7.700000
-2.620100 -0.615515 -0.245047 7.720000
-2.464489 -0.619665 -0.170097 7.740000
-2.614784 -0.622299 -0.093487 7.760000
-2.990931 -0.623436 -0.020462 7.780000
-3.551287 -0.623187 0.045151 7.800000
-2.805329 -0.621731 0.100283 7.820000
-3.004077 -0.619065 0.165934 7.840000
-2.048361 -0.615138 0.226447 7.860000
-1.884566 -0.609866 0.300361 7.880000
-1.403870 -0.603114 0.374380 7.900000
-1.017104 -0.594831 0.453434 7.920000
-0.839987 -0.584934 0.535684 7.940000
0.062497 -0.573397 0.617386 7.960000
-0.777575 -0.560113 0.710412 7.980000
-0.260282 -0.545150 0.785121 8.000000
-0.109494 -0.528648 0.864415 8.020000
0.513160 -0.510578 0.941788 8.040000
-0.155932 -0.490900 1.025229 8.060000
-0.293363 -0.469720 1.091864 8.080000
0.189153 -0.447284 1.150933 8.100000
0.137984 -0.423631 1.213404 8.120000
0.344345 -0.398793 1.269456 8.140000
0.517240 -0.372852 1.323669 8.160000
0.704856 -0.345853 1.375294 8.180000
0.534049 -0.317845 1.424481 8.200000
0.151754 -0.288947 1.464343 8.220000
-0.225299 -0.259385 1.490776 8.240000
-0.521454 -0.229429 1.503878 8.260000
-0.904775 -0.199328 1.505283 8.280000
-0.244150 -0.169331 1.493417 8.300000
0.333508 -0.139498 1.488902 8.320000
0.699661 -0.109699 1.490079 8.340000
0.074279 -0.079861 1.492720 8.360000
-0.165149 -0.050153 1.477221 8.380000
-1.015527 -0.020856 1.451572 8.400000
-1.558367 0.007707 1.403972 8.420000
-0.635197 0.035165 1.341134 8.440000
-1.465316 0.061510 1.292615 8.460000
-2.247461 0.086678 1.223690 8.480000
-2.665932 0.110281 1.136059 8.500000
-2.442472 0.132021 1.037673 8.520000
-1.767014 0.151819 0.941766 8.540000
-1.032422 0.169814 0.857477 8.560000
-1.385602 0.186251 0.785985 8.580000
-1.315096 0.201174 0.706113 8.600000
-1.282582 0.214503 0.626581 8.620000
-2.254401 0.226239 0.546945 8.640000
-1.862466 0.236190 0.448162 8.660000
-1.574037 0.244244 0.357270 8.680000
-1.130131 0.250540 0.272430 8.700000
-1.188108 0.255231 0.196794 8.720000
-0.577869 0.258405 0.120828 8.740000
-1.300821 0.260188 0.057600 8.760000
-1.312037 0.260578 -0.018412 8.780000
-1.311123 0.259460 -0.093067 8.800000
-0.395222 0.256867 -0.165890 8.820000
-0.657770 0.253014 -0.219131 8.840000
-0.760456 0.248064 -0.275537 8.860000
-0.834755 0.241987 -0.331778 8.880000
-1.727969 0.234794 -0.387109 8.900000
-0.863297 0.226347 -0.457120 8.920000
-1.328569 0.216697 -0.507394 8.940000
-2.155228 0.205980 -0.563789 8.960000
-1.840310 0.194006 -0.633018 8.980000
-2.476172 0.180745 -0.692449 9.000000
-2.801108 0.166209 -0.760544 9.020000
-3.768836 0.150287 -0.830853 9.040000
-3.499616 0.132814 -0.915678 9.060000
-2.937314 0.113747 -0.990195 9.080000
-2.132293 0.093351 -1.048508 9.100000
-3.081330 0.072000 -1.085853 9.120000
-2.768376 0.049762 -1.137068 9.140000
-3.649252 0.026615 -1.176743 9.160000
-3.106808 0.002552 -1.228531 9.180000
-2.344183 -0.022380 -1.263798 9.200000
-2.533537 -0.047811 -1.278349 9.220000
-1.686170 -0.073516 -1.291341 9.240000
-1.351610 -0.099261 -1.282280 9.260000
-1.648519 -0.124709 -1.261784 9.280000
-1.945928 -0.149760 -1.242573 9.300000
-2.298594 -0.174440 -1.224663 9.320000
-2.455388 -0.198786 -1.209121 9.340000
-1.765692 -0.222806 -1.192106 9.360000
-1.064497 -0.246307 -1.157387 9.380000
-0.462550 -0.268941 -1.105387 9.400000
-0.412406 -0.290386 -1.038711 9.420000
0.276512 -0.310462 -0.968491 9.440000
0.128081 -0.328981 -0.883093 9.460000
0.947039 -0.345804 -0.798947 9.480000
0.824095 -0.360778 -0.698360 9.500000
-0.059229 -0.373758 -0.599591 9.520000
-0.255279 -0.384924 -0.516921 9.540000
0.227343 -0.394469 -0.437612 9.560000
-0.599396 -0.402340 -0.349487 9.580000
-1.138261 -0.408603 -0.276905 9.600000
-0.483710 -0.413517 -0.214522 9.620000
-0.037628 -0.417068 -0.140723 9.640000
0.063932 -0.419071 -0.059808 9.660000
0.411471 -0.419451 0.021553 9.680000
0.892644 -0.418157 0.107510 9.700000
0.497026 -0.415077 0.200097 9.720000
1.262264 -0.410242 0.282997 9.740000
0.436005 -0.403635 0.377178 9.760000
0.938402 -0.395327 0.453157 9.780000
0.616082 -0.385437 0.535233 9.800000
1.204172 -0.374000 0.607910 9.820000
1.816212 -0.361036 0.687867 9.840000
2.644069 -0.346398 0.775220 9.860000
2.753691 -0.329901 0.873658 9.880000
3.120497 -0.311463 0.969293 9.900000
2.148763 -0.291094 1.066710 9.920000
3.018428 -0.269017 1.140130 9.940000
2.611972 -0.245359 1.224731 9.960000
3.392473 -0.220146 1.295576 9.980000
4.190668 -0.193424 1.375521 10.000000
4.207434 -0.165012 1.464541 10.020000
4.252027 -0.134886 1.546920 10.040000
4.189548 -0.103175 1.622942 10.060000
4.169412 -0.070030 1.690244 10.080000
3.774848 -0.035620 1.749469 10.100000
3.052161 -0.000182 1.793034 10.120000
3.983655 0.035905 1.814483 10.140000
3.985382 0.072532 1.846798 10.160000
3.577865 0.109724 1.871151 10.180000
4.453431 0.147244 1.879485 10.200000
3.680438 0.185024 1.897138 10.220000
3.347077 0.222924 1.891614 10.240000
4.216358 0.260573 1.872030 10.260000
3.830041 0.297923 1.861711 10.280000
4.750931 0.334918 1.836516 10.300000
4.064348 0.371508 1.821273 10.320000
3.986773 0.407592 1.785938 10.340000
4.013830 0.442886 1.742405 10.360000
3.770770 0.477250 1.692929 10.380000
3.698687 0.510520 1.633128 10.400000
3.979726 0.542526 1.566560 10.420000
4.122068 0.573196 1.499638 10.440000
3.679462 0.602503 1.430215 10.460000
3.197862 0.630303 1.349127 10.480000
2.790276 0.656366 1.256634 10.500000
2.155957 0.680484 1.154810 10.520000
2.653391 0.702446 1.041049 10.540000
3.021088 0.722192 0.933332 10.560000
3.328439 0.739825 0.829798 10.580000
2.792025 0.755422 0.729726 10.600000
2.329572 0.768932 0.621238 10.620000
1.996740 0.780206 0.506148 10.640000
2.011766 0.789135 0.386953 10.660000
2.355380 0.795693 0.269051 10.680000
1.946635 0.799954 0.157347 10.700000
1.045567 0.801942 0.041695 10.720000
0.217110 0.801512 -0.084201 10.740000
0.702165 0.798477 -0.218774 10.760000
0.517427 0.792850 -0.343358 10.780000
0.046898 0.784740 -0.467048 10.800000
-0.883224 0.774128 -0.593560 10.820000
-1.687781 0.760893 -0.729158 10.840000
-1.125843 0.744875 -0.871813 10.860000
-1.264040 0.726136 -1.001304 10.880000
-0.940256 0.704837 -1.127685 10.900000
-1.779827 0.681114 -1.243663 10.920000
-2.153640 0.654998 -1.366929 10.940000
-1.210734 0.626418 -1.490063 10.960000
-0.699280 0.595591 -1.591532 10.980000
-1.671038 0.562886 -1.677836 11.000000
-2.401132 0.528360 -1.773610 11.020000
-1.479263 0.491864 -1.874742 11.040000
-2.340963 0.453583 -1.952057 11.060000
-1.825337 0.413679 -2.037006 11.080000
-1.330810 0.372252 -2.104368 11.100000
-2.143063 0.329652 -2.154154 11.120000
-2.005004 0.285989 -2.210730 11.140000
-2.504708 0.241308 -2.255848 11.160000
-2.838590 0.195718 -2.301655 11.180000
-2.004179 0.149238 -2.344749 11.200000
-1.860937 0.102155 -2.362004 11.220000
-2.857847 0.054848 -2.367169 11.240000
-3.140535 0.007332 -2.382873 11.260000
-3.296228 -0.040459 -2.394636 11.280000
-3.775949 -0.088420 -2.399838 11.300000
-3.400283 -0.136483 -2.404820 11.320000
-3.102872 -0.184474 -2.392635 11.340000
-3.898733 -0.232067 -2.365219 11.360000
-3.117681 -0.279175 -2.343985 11.380000
-2.155187 -0.325616 -2.298682 11.400000
-2.310423 -0.370886 -2.227021 11.420000
-1.759622 -0.414677 -2.150876 11.440000
-1.720935 -0.456775 -2.057931 11.460000
-1.158618 -0.496948 -1.958347 11.480000
-2.089313 -0.534976 -1.843743 11.500000
-1.112196 -0.570826 -1.740493 11.520000
-0.532375 -0.604404 -1.616738 11.540000
-0.652689 -0.635381 -1.480529 11.560000
0.240969 -0.663631 -1.344102 11.580000
-0.126517 -0.688996 -1.192263 11.600000
0.560182 -0.711374 -1.045491 11.620000
1.131703 -0.730711 -0.888311 11.640000
1.558762 -0.746827 -0.723446 11.660000
0.979630 -0.759597 -0.553840 11.680000
0.978810 -0.769077 -0.394540 11.700000
1.134920 -0.775393 -0.237411 11.720000
1.799253 -0.778568 -0.080597 11.740000
1.535079 -0.778542 0.082668 11.760000
0.973226 -0.775322 0.238785 11.780000
0.322220 -0.769095 0.383285 11.800000
0.858450 -0.760109 0.514661 11.820000
1.513837 -0.748458 0.649764 11.840000
1.840051 -0.734052 0.790061 11.860000
2.791544 -0.716838 0.930449 11.880000
3.650882 -0.696724 1.080097 11.900000
3.537373 -0.673539 1.237499 11.920000
3.312885 -0.647280 1.387370 11.940000
2.627120 -0.618121 1.527564 11.960000
2.707385 -0.586333 1.650125 11.980000
2.724244 -0.552148 1.767211 12.000000
2.388661 -0.515689 1.877418 12.020000
3.041951 -0.477159 1.974263 12.040000
2.326678 -0.436655 2.074842 12.060000
2.170488 -0.394350 2.154239 12.080000
2.226864 -0.350571 2.222230 12.100000
2.374171 -0.305509 2.282487 12.120000
2.019391 -0.259304 2.336510 12.140000
1.896893 -0.212179 2.374438 12.160000
2.085155 -0.164412 2.400628 12.180000
1.306121 -0.116179 2.421096 12.200000
1.104885 -0.067786 2.416712 12.220000
0.812769 -0.019612 2.399168 12.240000
0.527677 0.028063 2.366908 12.260000
1.116058 0.074951 2.320454 12.280000
1.642877 0.120944 2.277494 12.300000
1.774005 0.166101 2.236809 12.320000
2.389605 0.210389 2.190681 12.340000
2.870711 0.253796 2.148688 12.360000
3.250626 0.296377 2.108109 12.380000
3.234986 0.338140 2.066954 12.400000
2.853695 0.379001 2.017878 12.420000
2.130634 0.418737 1.954594 12.440000
2.426759 0.457011 1.871782 12.460000
2.037457 0.493624 1.788606 12.480000
1.829107 0.528452 1.693433 12.500000
2.750705 0.561296 1.590256 12.520000
2.785693 0.592191 1.498571 12.540000
2.343496 0.621218 1.403534 12.560000
2.736916 0.648238 1.298005 12.580000
1.916846 0.673182 1.195969 12.600000
2.827469 0.695934 1.078947 12.620000
2.861048 0.716469 0.974213 12.640000
3.574676 0.734898 0.868481 12.660000
4.208916 0.751306 0.772081 12.680000
4.659313 0.765866 0.683762 12.700000
3.715335 0.778714 0.600872 12.720000
2.983891 0.789763 0.503965 12.740000
2.103568 0.798771 0.396931 12.760000
3.038370 0.805523 0.278498 12.780000
2.230825 0.810048 0.174277 12.800000
2.460320 0.812393 0.060499 12.820000
3.216344 0.812513 -0.048103 12.840000
3.369969 0.810588 -0.144095 12.860000
2.723394 0.806787 -0.235569 12.880000
2.407408 0.801094 -0.333250 12.900000
2.405955 0.793434 -0.432206 12.920000
2.785917 0.783828 -0.527752 12.940000
2.311160 0.772402 -0.614246 12.960000
3.199033 0.759216 -0.703619 12.980000
2.234693 0.744414 -0.775964 13.000000
2.795616 0.728065 -0.858136 13.020000
2.277562 0.710203 -0.927338 13.040000
2.428110 0.690925 -0.999609 13.060000
2.910357 0.670275 -1.064569 13.080000
2.720556 0.648452 -1.116828 13.100000
2.830488 0.625606 -1.166840 13.120000
2.395947 0.601832 -1.209678 13.140000
3.213375 0.577184 -1.254178 13.160000
3.579774 0.551839 -1.279405 13.180000
3.791460 0.526108 -1.292829 13.200000
2.910976 0.500199 -1.297080 13.220000
2.955561 0.474106 -1.311294 13.240000
2.933690 0.447792 -1.319220 13.260000
2.605624 0.421370 -1.322100 13.280000
2.810159 0.394884 -1.325573 13.300000
2.832687 0.368420 -1.319948 13.320000
2.599683 0.342125 -1.308711 13.340000
3.004304 0.316062 -1.296784 13.360000
2.801561 0.290363 -1.272255 13.380000
3.488148 0.265164 -1.246908 13.400000
3.217957 0.240649 -1.203878 13.420000
2.292856 0.216984 -1.161975 13.440000
3.171786 0.194016 -1.134101 13.460000
2.826906 0.171818 -1.085161 13.480000
2.322768 0.150565 -1.039545 13.500000
1.484844 0.130158 -1.000548 13.520000
0.794630 0.110399 -0.974816 13.540000
1.037857 0.091052 -0.959360 13.560000
0.836944 0.072096 -0.935679 13.580000
0.149704 0.053606 -0.912786 13.600000
0.132468 0.035469 -0.900380 13.620000
0.990996 0.017609 -0.885068 13.640000
1.326133 0.000257 -0.849637 13.660000
1.055274 -0.016293 -0.804979 13.680000
0.947340 -0.031981 -0.763448 13.700000
0.485217 -0.046838 -0.721923 13.720000
0.417362 -0.060936 -0.687567 13.740000
0.913997 -0.074341 -0.652576 13.760000
0.360933 -0.086929 -0.605965 13.780000
-0.348598 -0.098680 -0.568852 13.800000
-1.335336 -0.109813 -0.544249 13.820000
-1.809668 -0.120633 -0.537422 13.840000
-2.034004 -0.131391 -0.537938 13.860000
-1.432789 -0.142181 -0.540723 13.880000
-2.037513 -0.152887 -0.529546 13.900000
-1.329334 -0.163469 -0.528331 13.920000
-0.791658 -0.173868 -0.511234 13.940000
-1.480210 -0.183802 -0.482005 13.960000
-2.239996 -0.193274 -0.464873 13.980000
-1.448988 -0.202535 -0.460999 14.000000
-1.390336 -0.211548 -0.440049 14.020000
-0.826345 -0.220117 -0.416658 14.040000
-0.366065 -0.228097 -0.381222 14.060000
-1.042664 -0.235272 -0.336154 14.080000
-1.602830 -0.241672 -0.303708 14.100000
-1.842341 -0.247525 -0.281486 14.120000
-1.663039 -0.252973 -0.263192 14.140000
-2.002580 -0.258013 -0.240792 14.160000
-1.565811 -0.262666 -0.224383 14.180000
-2.440330 -0.266901 -0.199071 14.200000
-2.073563 -0.270795 -0.190167 14.220000
-1.520105 -0.274434 -0.173689 14.240000
-1.739305 -0.277634 -0.146313 14.260000
-2.421377 -0.280328 -0.123078 14.280000
-1.973110 -0.282687 -0.112787 14.300000
-2.133147 -0.284752 -0.093734 14.320000
-2.713150 -0.286467 -0.077728 14.340000
-3.270567 -0.287972 -0.072737 14.360000
-4.217388 -0.289481 -0.078126 14.380000
-3.764972 -0.291274 -0.101040 14.400000
-3.916353 -0.293431 -0.114504 14.420000
-3.801967 -0.295878 -0.130093 14.440000
-4.752679 -0.298607 -0.142668 14.460000
-4.417449 -0.301760 -0.172373 14.480000
-4.272157 -0.305430 -0.194424 14.500000
-4.826255 -0.309501 -0.212478 14.520000
-5.618253 -0.314025 -0.239715 14.540000
-5.738175 -0.319229 -0.280279 14.560000
-5.857427 -0.325246 -0.321062 14.580000
-6.152112 -0.332079 -0.361858 14.600000
-5.252600 -0.339759 -0.405750 14.620000
-4.424665 -0.348123 -0.430204 14.640000
-4.544566 -0.356797 -0.436924 14.660000
-4.312000 -0.365609 -0.443875 14.680000
-4.184162 -0.374496 -0.444505 14.700000
-4.495579 -0.383353 -0.440889 14.720000
-4.053788 -0.392177 -0.441190 14.740000
-4.515952 -0.400907 -0.431540 14.760000
-5.294702 -0.409512 -0.428673 14.780000
-5.515960 -0.418183 -0.438141 14.800000
-5.147186 -0.427063 -0.449488 14.820000
-5.832274 -0.436082 -0.451988 14.840000
-5.080682 -0.445253 -0.464722 14.860000
-5.837980 -0.454520 -0.461722 14.880000
-5.786503 -0.463843 -0.470198 14.900000
-5.542975 -0.473304 -0.475478 14.920000
-4.548456 -0.482805 -0.474238 14.940000
-4.596460 -0.492085 -0.453524 14.960000
-4.307373 -0.500944 -0.432119 14.980000
-3.576584 -0.509310 -0.404284 15.000000
-2.951150 -0.516981 -0.362697 15.020000
-3.394252 -0.523706 -0.309719 15.040000
-2.506359 -0.529445 -0.264149 15.060000
-1.917095 -0.534118 -0.203275 15.080000
-1.906907 -0.537478 -0.132799 15.100000
-2.309832 -0.539435 -0.063051 15.120000
-3.235934 -0.540076 -0.001289 15.140000
-3.907131 -0.539652 0.043536 15.160000
-3.282011 -0.538456 0.075901 15.180000
-3.074609 -0.536516 0.117937 15.200000
-2.766125 -0.533712 0.162200 15.220000
-1.933062 -0.529985 0.210205 15.240000
-1.402579 -0.525173 0.270682 15.260000
-1.217195 -0.519081 0.338047 15.280000
-2.066750 -0.511636 0.406039 15.300000
-1.404923 -0.503006 0.456520 15.320000
-2.379465 -0.493278 0.515774 15.340000
-3.239169 -0.482566 0.554922 15.360000
-2.824174 -0.471252 0.576031 15.380000
-2.502376 -0.459470 0.601734 15.400000
-3.374860 -0.447145 0.630262 15.420000
-3.165535 -0.434436 0.640135 15.440000
-2.203621 -0.421520 0.650968 15.460000
-1.543596 -0.408242 0.676368 15.480000
-1.215110 -0.394366 0.710645 15.500000
-0.970234 -0.379778 0.747550 15.520000
-0.798136 -0.364442 0.785411 15.540000
-1.299197 -0.348354 0.822760 15.560000
-2.032846 -0.331651 0.846931 15.580000
-2.855718 -0.314640 0.853609 15.600000
-1.903537 -0.297686 0.841267 15.620000
-0.985345 -0.280829 0.843829 15.640000
-0.322525 -0.263779 0.860519 15.660000
-0.503225 -0.246305 0.886258 15.680000
-0.190805 -0.228390 0.904651 15.700000
-1.047451 -0.210084 0.925253 15.720000
-0.909936 -0.191572 0.925312 15.740000
-1.253695 -0.173069 0.924448 15.760000
-1.647546 -0.154686 0.913299 15.780000
-1.608834 -0.136637 0.891090 15.800000
-1.024894 -0.119055 0.866575 15.820000
-1.235795 -0.101878 0.850627 15.840000
-1.378699 -0.085091 0.827522 15.860000
-1.916027 -0.068824 0.798821 15.880000
-1.697189 -0.053262 0.756954 15.900000
-2.462939 -0.038516 0.717278 15.920000
-1.904079 -0.024736 0.660444 15.940000
-2.689006 -0.011997 0.613214 15.960000
-2.979677 -0.000373 0.549003 15.980000
-3.427693 0.009899 0.478181 16.000000
-3.291342 0.018662 0.398047 16.020000
-3.584400 0.025849 0.320663 16.040000
-2.742607 0.031432 0.237781 16.060000
-2.712006 0.035532 0.172278 16.080000
-2.824226 0.038334 0.108015 16.100000
-3.722544 0.039836 0.042391 16.120000
-4.611062 0.039859 -0.039857 16.140000
-4.316377 0.038077 -0.137894 16.160000
-3.567958 0.034418 -0.227638 16.180000
-2.680144 0.029138 -0.299931 16.200000
-3.363554 0.022614 -0.352080 16.220000
-3.334794 0.014935 -0.415361 16.240000
-3.604467 0.006024 -0.475215 16.260000
-3.787770 -0.004107 -0.537381 16.280000
-3.689489 -0.015485 -0.599855 16.300000
-3.961646 -0.028058 -0.656806 16.320000
-4.357320 -0.041787 -0.715437 16.340000
-4.375984 -0.056727 -0.777907 16.360000
-4.526560 -0.072878 -0.836419 16.380000
-4.509676 -0.090184 -0.893399 16.400000
-3.792993 -0.108579 -0.945322 16.420000
-4.386306 -0.127823 -0.978306 16.440000
-3.690513 -0.147797 -1.018313 16.460000
-3.986614 -0.168386 -1.039764 16.480000
-3.111652 -0.189415 -1.062324 16.500000
-2.647966 -0.210676 -1.063107 16.520000
-3.302900 -0.231820 -1.050615 16.540000
-2.632072 -0.252801 -1.046731 16.560000
-2.086185 -0.273533 -1.025834 16.580000
-1.910544 -0.293705 -0.990860 16.600000
-2.513980 -0.313113 -0.949345 16.620000
-2.081750 -0.331774 -0.916252 16.640000
-1.438598 -0.349662 -0.872095 16.660000
-0.813895 -0.366521 -0.813469 16.680000
-0.468500 -0.382072 -0.741386 16.700000
-0.427906 -0.396104 -0.661648 16.720000
-0.189419 -0.408525 -0.580334 16.740000
-0.752953 -0.419270 -0.494203 16.760000
-0.999760 -0.428395 -0.418177 16.780000
-0.467702 -0.436042 -0.346562 16.800000
-1.395795 -0.442162 -0.265559 16.820000
-1.150670 -0.446835 -0.201788 16.840000
-1.441044 -0.450193 -0.134155 16.860000
-0.545027 -0.452259 -0.072537 16.880000
-0.113122 -0.452941 0.004077 16.900000
-0.263877 -0.452029 0.086846 16.920000
-0.651926 -0.449507 0.164986 16.940000
-1.252632 -0.445513 0.234072 16.960000
-0.426932 -0.440267 0.290204 16.980000
-1.412441 -0.433771 0.358948 17.000000
-2.369322 -0.426104 0.407314 17.020000
-1.654652 -0.417668 0.435914 17.040000
-0.897657 -0.408553 0.475188 17.060000
-0.801736 -0.398540 0.525646 17.080000
0.111654 -0.387529 0.574905 17.100000
0.866609 -0.375396 0.637829 17.120000
0.100116 -0.361900 0.711151 17.140000
0.279977 -0.347119 0.766302 17.160000
-0.639082 -0.331240 0.820931 17.180000
-1.175236 -0.314482 0.854249 17.200000
-1.183820 -0.297197 0.873571 17.220000
-1.607686 -0.279566 0.888987 17.240000
-2.355620 -0.261744 0.892586 17.260000
-3.058927 -0.244030 0.878292 17.280000
-2.985704 -0.226769 0.847244 17.300000
-2.838004 -0.210144 0.814791 17.320000
-3.035033 -0.194167 0.782551 17.340000
-2.737614 -0.178898 0.743970 17.360000
-3.137440 -0.164365 0.708953 17.380000
-3.833770 -0.150632 0.663975 17.400000
-3.781310 -0.137954 0.603582 17.420000
-2.814400 -0.126487 0.542968 17.440000
-3.063023 -0.116052 0.500354 17.460000
-2.366218 -0.106529 0.451703 17.480000
-1.704267 -0.097851 0.415930 17.500000
-1.903985 -0.089768 0.392262 17.520000
-1.247311 -0.082208 0.363587 17.540000
-1.105220 -0.075100 0.347005 17.560000
-1.482146 -0.068306 0.332200 17.580000
-1.341153 -0.061893 0.308950 17.600000
-2.098404 -0.055925 0.287738 17.620000
-3.002536 -0.050539 0.250859 17.640000
-3.025399 -0.046072 0.195858 17.660000
-3.389174 -0.042707 0.140724 17.680000
-4.165594 -0.040511 0.078936 17.700000
-4.241916 -0.039697 0.002710 17.720000
-5.222622 -0.040408 -0.073526 17.740000
-4.478632 -0.042821 -0.167353 17.760000
-4.357433 -0.046938 -0.243950 17.780000
-5.104406 -0.052538 -0.315670 17.800000
-5.167467 -0.059695 -0.399476 17.820000
-4.187880 -0.068508 -0.481272 17.840000
-5.118761 -0.078728 -0.540186 17.860000
-4.821418 -0.090278 -0.614128 17.880000
-5.543021 -0.103208 -0.678264 17.900000
-6.439651 -0.117524 -0.752571 17.920000
-7.109594 -0.133457 -0.839916 17.940000
-6.127332 -0.151217 -0.935139 17.960000
-6.846674 -0.170631 -1.005307 17.980000
-7.253033 -0.191533 -1.083828 18.000000
-8.000000 -0.214022 -1.163982 18.020000
-7.901118 -0.238192 -1.251830 18.040000
-8.000000 -0.264026 -1.330387 18.060000
-8.000000 -0.291375 -1.403201 18.080000
-7.597879 -0.320102 -1.468081 18.100000
-7.943695 -0.349969 -1.517294 18.120000
-8.000000 -0.380804 -1.564828 18.140000
-8.000000 -0.412516 -1.604983 18.160000
-7.237022 -0.444946 -1.636602 18.180000
-7.180731 -0.477787 -1.646116 18.200000
-8.000000 -0.510728 -1.646623 18.220000
-7.142665 -0.543740 -1.653267 18.240000
-6.313844 -0.576658 -1.637215 18.260000
-7.245661 -0.609042 -1.600034 18.280000
-6.611002 -0.640766 -1.571162 18.300000
-5.993081 -0.671741 -1.525335 18.320000
-5.702286 -0.701643 -1.463846 18.340000
-5.179046 -0.730216 -1.392655 18.360000
-4.621954 -0.757241 -1.309133 18.380000
-5.277147 -0.782475 -1.213817 18.400000
-5.625423 -0.805865 -1.124567 18.420000
-5.064352 -0.827486 -1.037085 18.440000
-6.033829 -0.847255 -0.939482 18.460000
-5.820989 -0.865179 -0.852554 18.480000
-6.711985 -0.881317 -0.760947 18.500000
-6.039467 -0.895720 -0.679037 18.520000
-6.193456 -0.908386 -0.587446 18.540000
-5.265091 -0.919231 -0.497019 18.560000
-4.304183 -0.928153 -0.395173 18.580000
-3.536249 -0.934927 -0.282423 18.600000
-4.220834 -0.939368 -0.161873 18.620000
-3.931375 -0.941495 -0.051139 18.640000
-3.784947 -0.941393 0.060958 18.660000
-3.802405 -0.939055 0.172328 18.680000
-4.328184 -0.934520 0.280685 18.700000
-5.319808 -0.927911 0.379700 18.720000
-4.727956 -0.919473 0.463522 18.740000
-3.917555 -0.909322 0.550962 18.760000
-4.224236 -0.897361 0.644469 18.780000
-4.761831 -0.883610 0.729966 18.800000
-5.478674 -0.868260 0.804218 18.820000
-5.095664 -0.851564 0.864571 18.840000
-5.014604 -0.833659 0.925152 18.860000
-5.725613 -0.814581 0.981828 18.880000
-5.425318 -0.794518 1.023594 18.900000
-5.894770 -0.773630 1.064302 18.920000
-5.551990 -0.752049 1.092938 18.940000
-5.775239 -0.729898 1.121172 18.960000
-6.435057 -0.707271 1.140637 18.980000
-5.713547 -0.684409 1.144638 19.000000
-5.572743 -0.661410 1.154440 19.020000
-4.609977 -0.638245 1.161127 19.040000
-3.674265 -0.614845 1.177970 19.060000
-3.022190 -0.591009 1.204757 19.080000
-3.979026 -0.566583 1.236956 19.100000
-4.310059 -0.541729 1.247574 19.120000
-4.067399 -0.516772 1.247167 19.140000
-3.541461 -0.491835 1.245714 19.160000
-2.659256 -0.466886 1.248317 19.180000
-2.441454 -0.441779 1.261441 19.200000
-2.109349 -0.416424 1.273233 19.220000
-2.925565 -0.390825 1.285819 19.240000
-2.936533 -0.365177 1.278124 19.260000
-2.619146 -0.339735 1.265217 19.280000
-2.231168 -0.314541 1.253395 19.300000
-1.694440 -0.289558 1.244111 19.320000
-1.963016 -0.264706 1.240286 19.340000
-2.305698 -0.240030 1.226530 19.360000
-3.174997 -0.215741 1.201591 19.380000
-3.587701 -0.192164 1.155512 19.400000
-3.580888 -0.169626 1.097635 19.420000
-3.375183 -0.148279 1.036577 19.440000
-2.815700 -0.128143 0.976564 19.460000
-2.651500 -0.109124 0.924808 19.480000
-1.919274 -0.091136 0.873631 19.500000
-2.564656 -0.074050 0.834449 19.520000
-2.599509 -0.057902 0.780023 19.540000
-1.764432 -0.042870 0.722919 19.560000
-2.711140 -0.028831 0.680626 19.580000
-2.197259 -0.015845 0.617788 19.600000
-1.419669 -0.004025 0.563956 19.620000
-2.134046 0.006860 0.524386 19.640000
-1.590430 0.016800 0.469432 19.660000
-0.850341 0.025741 0.424507 19.680000
-0.812348 0.033922 0.393470 19.700000
-0.978789 0.041481 0.362278 19.720000
-1.586586 0.048375 0.327014 19.740000
-2.578703 0.054437 0.279175 19.760000
-1.928543 0.059345 0.211611 19.780000
-1.810322 0.063034 0.157419 19.800000
-2.569804 0.065668 0.106034 19.820000
-1.943324 0.067129 0.040264 19.840000
-2.512812 0.067410 -0.011987 19.860000
-1.884401 0.066544 -0.074402 19.880000
-0.975898 0.064569 -0.122890 19.900000
-0.580072 0.061818 -0.152005 19.920000
-0.494684 0.058575 -0.172140 19.940000
0.379239 0.054956 -0.189525 19.960000
0.537008 0.051174 -0.188565 19.980000
