-0.981283 -0.000942 0.964056 -0.175265 0.842221 0.621758 0.000000 0.567187 0.000000
0.000000 -0.450968 0.984120 -0.152639 0.863453 0.588028 -0.009163 0.310956 0.050000
0.370815 -0.463980 1.003161 -0.131003 0.870111 0.564838 -0.011592 -0.012714 0.100000
1.166130 -0.316528 1.021514 -0.110152 0.864346 0.546218 -0.008917 -0.199984 0.150000
1.960056 -0.095393 1.039435 -0.089890 0.853184 0.535761 -0.004310 -0.242669 0.200000
2.622763 0.232175 1.057195 -0.069926 0.842923 0.533030 -0.000259 -0.174973 0.250000
3.289922 0.689219 1.075009 -0.049985 0.838976 0.536524 0.001244 0.000133 0.300000
3.026011 0.684057 1.093034 -0.029794 0.847016 0.546062 -0.001926 0.292881 0.350000
2.705030 0.803486 1.111245 -0.009226 0.866004 0.552618 -0.009310 0.450543 0.400000
3.660089 0.399919 1.129473 0.011653 0.892237 0.555562 -0.019367 0.584750 0.450000
4.148501 0.192419 1.147751 0.032983 0.918904 0.566874 -0.029375 0.493336 0.500000
3.745852 0.444892 1.166265 0.055015 0.940014 0.582180 -0.037015 0.365800 0.550000
2.783180 0.468630 1.185009 0.077732 0.959431 0.593004 -0.043899 0.407247 0.600000
3.512051 0.357473 1.203752 0.100868 0.980744 0.594140 -0.051433 0.442337 0.650000
2.936435 0.332653 1.222428 0.124381 1.002184 0.601763 -0.058827 0.418715 0.700000
3.065780 0.182083 1.241033 0.148290 1.022580 0.603615 -0.065593 0.399920 0.750000
4.017597 -0.280097 1.259500 0.172501 1.040655 0.606635 -0.071158 0.331060 0.800000
4.606136 -0.422215 1.277974 0.197211 1.050930 0.619023 -0.073208 0.103269 0.850000
5.102064 -0.007705 1.296694 0.222690 1.050988 0.637348 -0.070727 -0.083378 0.900000
4.847389 0.457178 1.315829 0.249100 1.048766 0.659717 -0.067307 -0.012361 0.950000
4.010161 -0.000371 1.335364 0.276462 1.054681 0.678038 -0.067874 0.226091 1.000000
3.603753 -0.136667 1.355078 0.304547 1.064333 0.687467 -0.070261 0.166369 1.050000
3.584263 0.031851 1.374816 0.333078 1.070197 0.693073 -0.070754 0.077013 1.100000
3.931092 0.103952 1.394548 0.361945 1.074652 0.698394 -0.070563 0.099123 1.150000
3.092277 0.502283 1.414298 0.391207 1.080797 0.706542 -0.071249 0.142616 1.200000
2.169054 0.784478 1.433970 0.420762 1.093226 0.705929 -0.075101 0.335391 1.250000
1.242367 0.551662 1.453281 0.450269 1.116117 0.695552 -0.083994 0.556947 1.300000
0.652814 0.310556 1.471954 0.479374 1.144571 0.676041 -0.095047 0.579712 1.350000
1.518045 -0.181319 1.489842 0.507774 1.171242 0.651734 -0.104431 0.497112 1.400000
1.324991 0.212783 1.507042 0.535543 1.189371 0.637449 -0.109197 0.254194 1.450000
0.733409 -0.265441 1.523707 0.562835 1.203058 0.622545 -0.111624 0.289598 1.500000
1.127744 -0.574418 1.539808 0.589499 1.212529 0.603388 -0.111958 0.107132 1.550000
1.220610 -0.471192 1.555419 0.615511 1.211443 0.590276 -0.107678 -0.128950 1.600000
2.198197 -0.878746 1.570680 0.640994 1.202493 0.579662 -0.100279 -0.220896 1.650000
1.326772 -0.390794 1.585755 0.666194 1.185281 0.579506 -0.089745 -0.445051 1.700000
1.230988 -0.036883 1.600721 0.691124 1.165225 0.571342 -0.078471 -0.366929 1.750000
1.033878 -0.148677 1.615484 0.715584 1.151963 0.561684 -0.070455 -0.183426 1.800000
1.802693 0.003296 1.629973 0.739539 1.144158 0.549977 -0.064973 -0.134325 1.850000
2.356291 -0.400374 1.644228 0.763136 1.139898 0.545533 -0.061109 -0.045112 1.900000
3.288615 -0.578110 1.658372 0.786671 1.134262 0.546493 -0.056835 -0.168721 1.950000
2.874952 -0.376480 1.672596 0.810447 1.121851 0.556507 -0.050016 -0.313532 2.000000
2.591507 -0.718309 1.687000 0.834537 1.106284 0.562344 -0.042113 -0.310292 2.050000
1.607968 -0.388314 1.701537 0.858766 1.086818 0.565328 -0.032853 -0.453863 2.100000
1.860859 -0.016876 1.716111 0.882838 1.065718 0.558881 -0.023288 -0.397309 2.150000
2.112673 -0.386238 1.730635 0.906609 1.050839 0.554646 -0.016603 -0.217283 2.200000
2.017533 -0.691864 1.745137 0.930202 1.038322 0.552756 -0.011098 -0.277809 2.250000
2.907260 -0.773883 1.759658 0.953641 1.019965 0.550008 -0.003499 -0.439992 2.300000
2.065189 -0.407499 1.774351 0.977049 0.994612 0.555390 0.006619 -0.561594 2.350000
2.438186 -0.887737 1.789257 1.000399 0.968861 0.552390 0.016560 -0.478732 2.400000
1.587109 -1.362400 1.804323 1.023580 0.940559 0.552540 0.027156 -0.636483 2.450000
1.484927 -1.352808 1.819531 1.046452 0.901130 0.543790 0.041655 -0.908928 2.500000
2.033927 -1.567994 1.834812 1.068761 0.852047 0.532942 0.059085 -1.039238 2.550000
1.190637 -1.152442 1.850269 1.090529 0.795909 0.525763 0.078274 -1.188116 2.600000
1.476599 -0.835261 1.865859 1.111653 0.738997 0.509540 0.096612 -1.101522 2.650000
1.749885 -0.563976 1.881462 1.132047 0.688359 0.496243 0.111470 -0.945446 2.700000
1.160314 -0.315820 1.897142 1.151843 0.646019 0.486455 0.122493 -0.770634 2.750000
0.491754 -0.537588 1.912812 1.171051 0.612551 0.472585 0.129750 -0.589670 2.800000
0.261019 -0.786500 1.928218 1.189556 0.583056 0.453503 0.135056 -0.590075 2.850000
0.000000 -0.445033 1.943192 1.207268 0.550750 0.432310 0.140643 -0.690382 2.900000
0.000000 -0.050114 1.957646 1.224146 0.518698 0.409372 0.145454 -0.601804 2.950000
0.000000 -0.284134 1.971537 1.240225 0.494337 0.388734 0.147414 -0.395147 3.000000
0.810488 -0.224319 1.984877 1.255587 0.474917 0.369870 0.147628 -0.382508 3.050000
0.028551 -0.022805 1.997855 1.270365 0.456700 0.359523 0.147320 -0.349395 3.100000
0.673973 0.215701 2.010487 1.284596 0.442067 0.343060 0.145952 -0.246094 3.150000
1.649761 -0.125119 2.022764 1.298318 0.434107 0.334589 0.142888 -0.087584 3.200000
2.625921 0.101166 2.035043 1.311736 0.428202 0.335937 0.139424 -0.143028 3.250000
2.826108 -0.240469 2.047741 1.325047 0.422847 0.346424 0.135963 -0.077568 3.300000
1.972777 -0.522880 2.061091 1.338364 0.415984 0.358101 0.133056 -0.186400 3.350000
1.581342 -0.215854 2.074930 1.351591 0.401759 0.360091 0.132167 -0.364186 3.400000
1.311469 0.152907 2.088978 1.364567 0.384465 0.357831 0.132082 -0.331022 3.450000
0.517292 0.133459 2.103089 1.377243 0.372657 0.354148 0.130567 -0.158670 3.500000
0.025152 0.090443 2.117037 1.389568 0.367122 0.344371 0.127491 -0.070813 3.550000
0.000000 -0.081350 2.130553 1.401471 0.364476 0.330928 0.123781 -0.037648 3.600000
0.000000 -0.492274 2.143545 1.412932 0.361151 0.317685 0.120330 -0.089865 3.650000
0.000000 -0.296965 2.156026 1.423948 0.351131 0.303896 0.118447 -0.290376 3.700000
0.000000 0.183651 2.168011 1.434506 0.335918 0.289840 0.117629 -0.315207 3.750000
0.000000 -0.213249 2.179520 1.444622 0.325368 0.277101 0.115753 -0.125563 3.800000
0.257845 0.224494 2.190574 1.454340 0.317378 0.265287 0.113353 -0.187515 3.850000
0.903296 0.644305 2.201250 1.463698 0.312187 0.256782 0.110458 -0.034647 3.900000
0.355125 1.048115 2.211769 1.472804 0.317744 0.256200 0.105675 0.231363 3.950000
0.000000 0.999374 2.222167 1.481723 0.337964 0.252526 0.098410 0.544152 4.000000
0.464115 0.605087 2.232255 1.490449 0.369101 0.246862 0.089521 0.685453 4.050000
0.622761 0.531250 2.242064 1.499020 0.400938 0.245441 0.080892 0.598585 4.100000
0.000000 0.330383 2.251729 1.507488 0.428866 0.244792 0.073266 0.527010 4.150000
0.000000 0.236973 2.261147 1.515797 0.451964 0.237661 0.066806 0.410156 4.200000
0.834072 0.736921 2.270195 1.523873 0.469758 0.230167 0.061573 0.312297 4.250000
0.321918 1.199588 2.279060 1.531801 0.489698 0.230753 0.056205 0.468705 4.300000
0.783965 0.975802 2.287805 1.539643 0.520624 0.227176 0.049250 0.737584 4.350000
0.473339 1.269683 2.296409 1.547437 0.558712 0.228157 0.041398 0.780980 4.400000
1.128404 1.706670 2.304889 1.555216 0.601639 0.226041 0.033044 0.919283 4.450000
1.351060 1.674293 2.313291 1.563053 0.654248 0.229936 0.023365 1.154548 4.500000
1.145102 1.780108 2.321737 1.571104 0.714623 0.235208 0.012557 1.248076 4.550000
1.641047 2.278318 2.330179 1.579389 0.779361 0.237496 0.001218 1.330392 4.600000
0.789790 1.959399 2.338605 1.587972 0.852250 0.243201 -0.011330 1.553207 4.650000
0.277298 2.389695 2.346890 1.596797 0.929184 0.239425 -0.024186 1.528406 4.700000
1.092065 2.681221 2.354791 1.605602 1.009916 0.229548 -0.036867 1.678564 4.750000
1.166365 2.972772 2.362310 1.614430 1.098641 0.225743 -0.050028 1.844806 4.800000
0.372341 3.000000 2.369499 1.623436 1.195771 0.220511 -0.063794 2.013357 4.850000
0.000000 2.537977 2.376245 1.632421 1.298549 0.205773 -0.077250 2.085951 4.900000
0.832513 2.133525 2.382465 1.641079 1.398887 0.186692 -0.088661 1.950208 4.950000
1.160570 1.953207 2.388226 1.649485 1.490763 0.175781 -0.097513 1.755980 5.000000
1.530921 1.972090 2.393603 1.657893 1.574529 0.168468 -0.104469 1.616263 5.050000
2.435214 1.976440 2.398607 1.666451 1.653959 0.164781 -0.110346 1.568296 5.100000
1.865654 2.476209 2.403199 1.675432 1.731883 0.169258 -0.115868 1.551451 5.150000
1.315386 2.656928 2.407333 1.684863 1.814556 0.166900 -0.121835 1.728469 5.200000
0.790360 3.000000 2.411017 1.694422 1.904860 0.157540 -0.128128 1.862436 5.250000
0.215343 3.000000 2.414315 1.703814 2.002985 0.141512 -0.134217 2.034154 5.300000
0.831343 3.000000 2.417349 1.712767 2.106484 0.119017 -0.139242 2.095119 5.350000
0.087590 2.567459 2.420155 1.721284 2.211841 0.102153 -0.142789 2.115355 5.400000
0.887266 2.106675 2.422804 1.729364 2.313347 0.079391 -0.144472 1.968755 5.450000
1.865180 1.912492 2.425310 1.737059 2.405408 0.066672 -0.144321 1.748594 5.500000
2.301866 1.986216 2.427378 1.744692 2.488342 0.065376 -0.143287 1.592656 5.550000
1.964182 2.029400 2.428739 1.752458 2.566974 0.069141 -0.142163 1.557925 5.600000
2.900417 2.242266 2.429366 1.760320 2.644931 0.069866 -0.141172 1.560040 5.650000
2.205966 2.674847 2.429130 1.768277 2.725217 0.078905 -0.140618 1.639584 5.700000
2.622743 3.000000 2.427994 1.776273 2.812652 0.079806 -0.140776 1.828319 5.750000
2.321754 3.000000 2.426042 1.784177 2.909522 0.082687 -0.141595 2.015926 5.800000
2.723978 3.000000 2.423284 1.791906 3.012317 0.081388 -0.142777 2.084398 5.850000
1.940946 2.745015 2.419729 1.799368 3.117255 0.083292 -0.144065 2.109031 5.900000
2.602251 2.793625 2.415503 1.806484 -3.062834 0.078040 -0.145067 2.028228 5.950000
1.716770 2.725343 2.410663 1.813183 -2.961778 0.079417 -0.145785 2.016102 6.000000
1.233869 3.000000 2.405301 1.819428 -2.861808 0.072645 -0.146220 1.987273 6.050000
1.074095 3.000000 2.399763 1.825259 -2.759946 0.061242 -0.146084 2.072656 6.100000
1.916774 3.000000 2.394217 1.830721 -2.655447 0.048335 -0.145171 2.102024 6.150000
1.925689 3.000000 2.388539 1.835739 -2.550061 0.043749 -0.143669 2.111624 6.200000
2.531112 2.687219 2.382587 1.840197 -2.444392 0.039597 -0.141900 2.114548 6.250000
1.892907 2.550510 2.376301 1.843970 -2.341840 0.042088 -0.140033 2.005764 6.300000
2.192876 2.677560 2.369735 1.847034 -2.244112 0.039722 -0.138096 1.917723 6.350000
2.757509 2.934708 2.363003 1.849414 -2.147861 0.040765 -0.136144 1.930300 6.400000
2.516007 2.654683 2.356060 1.850929 -2.048551 0.046687 -0.134602 2.026379 6.450000
3.393665 2.540362 2.348963 1.851504 -1.949085 0.050294 -0.133444 1.962849 6.500000
3.266165 2.387633 2.341763 1.850988 -1.852786 0.062621 -0.132765 1.899694 6.550000
4.033505 2.597108 2.334521 1.849214 -1.760043 0.073982 -0.132749 1.822651 6.600000
4.388494 2.496910 2.327350 1.846051 -1.667543 0.092032 -0.133706 1.870185 6.650000
5.103950 2.146635 2.320376 1.841281 -1.574512 0.112403 -0.135930 1.854176 6.700000
5.553224 2.557650 2.313779 1.834716 -1.485570 0.139060 -0.139256 1.724691 6.750000
6.000000 2.363261 2.307764 1.826173 -1.396406 0.168326 -0.144301 1.826699 6.800000
6.000000 2.033867 2.302581 1.815583 -1.305883 0.199624 -0.151255 1.799580 6.850000
5.564024 2.162316 2.298459 1.803001 -1.219546 0.229671 -0.159291 1.674572 6.900000
5.215837 1.760920 2.295545 1.788692 -1.135771 0.254070 -0.168301 1.677171 6.950000
4.308133 1.361161 2.293909 1.772995 -1.056012 0.274186 -0.177548 1.535690 7.000000
4.650046 1.793963 2.293507 1.756307 -0.985034 0.286304 -0.185629 1.333529 7.050000
4.981201 1.303821 2.294331 1.738849 -0.916055 0.300856 -0.193720 1.414914 7.100000
5.132495 0.833950 2.296526 1.720628 -0.849496 0.317807 -0.201740 1.269166 7.150000
4.294960 1.029468 2.300202 1.701663 -0.792807 0.337584 -0.208033 1.031512 7.200000
3.311247 0.761107 2.305266 1.682149 -0.742012 0.350034 -0.213340 1.004607 7.250000
2.689947 0.672943 2.311415 1.662459 -0.695019 0.353629 -0.217790 0.890168 7.300000
3.298988 0.681587 2.318364 1.642874 -0.652958 0.352536 -0.220889 0.803187 7.350000
4.028411 0.421238 2.326110 1.623415 -0.613839 0.357870 -0.223202 0.766436 7.400000
3.380495 0.626946 2.334900 1.603925 -0.578874 0.370922 -0.224603 0.646974 7.450000
3.301194 0.368040 2.344739 1.584419 -0.545803 0.377955 -0.225715 0.673150 7.500000
3.944331 0.717517 2.355468 1.565032 -0.514661 0.384521 -0.226413 0.583289 7.550000
4.813156 0.235627 2.367191 1.545726 -0.482765 0.396524 -0.227522 0.681666 7.600000
5.387011 -0.119446 2.380201 1.526393 -0.452672 0.416622 -0.228407 0.539363 7.650000
5.332890 0.364665 2.394782 1.506906 -0.431642 0.444037 -0.226979 0.326058 7.700000
5.479503 0.725612 2.411010 1.487220 -0.412789 0.470548 -0.225339 0.419101 7.750000
5.700161 1.045613 2.428858 1.467415 -0.386292 0.495011 -0.226745 0.619410 7.800000
6.000000 1.353870 2.448351 1.447605 -0.348829 0.516994 -0.232502 0.852510 7.850000
5.706594 1.470042 2.469542 1.427941 -0.299546 0.536649 -0.243054 1.090069 7.900000
6.000000 1.319526 2.492362 1.408639 -0.240574 0.548665 -0.257524 1.249182 7.950000
6.000000 0.895543 2.516734 1.389899 -0.177582 0.560253 -0.273551 1.269833 8.000000
6.000000 0.857051 2.542653 1.371853 -0.118222 0.571445 -0.288032 1.126253 8.050000
6.000000 0.808576 2.570064 1.354584 -0.063939 0.583114 -0.300409 1.056338 8.100000
5.118921 1.279392 2.598904 1.338176 -0.012362 0.594554 -0.311663 1.014109 8.150000
5.150952 1.443704 2.628887 1.322727 0.043105 0.594835 -0.324409 1.183390 8.200000
5.796076 1.715495 2.659695 1.308373 0.106296 0.590878 -0.339890 1.325891 8.250000
6.000000 1.711504 2.691347 1.295262 0.177374 0.587916 -0.357985 1.494609 8.300000
6.000000 1.348370 2.723871 1.283561 0.254206 0.582300 -0.377601 1.569284 8.350000
6.000000 1.163706 2.757160 1.273384 0.329832 0.575596 -0.395653 1.471663 8.400000
5.694029 1.415769 2.791114 1.264786 0.400420 0.570227 -0.410674 1.368007 8.450000
6.000000 0.989453 2.825574 1.257781 0.470372 0.561220 -0.424561 1.422925 8.500000
6.000000 0.734699 2.860418 1.252419 0.537678 0.555747 -0.436505 1.289143 8.550000
6.000000 0.896708 2.895649 1.248758 0.597827 0.553834 -0.445010 1.138195 8.600000
6.000000 0.799664 2.931217 1.246816 0.654681 0.553369 -0.451883 1.136846 8.650000
6.000000 0.824129 2.967027 1.246614 0.710509 0.553054 -0.458081 1.101597 8.700000
6.000000 1.187933 3.002984 1.248168 0.765466 0.552848 -0.463706 1.097741 8.750000
5.825376 1.460717 3.038967 1.251484 0.824310 0.549729 -0.470611 1.237450 8.800000
6.000000 1.116165 3.074765 1.256530 0.890868 0.539516 -0.479981 1.401676 8.850000
5.293054 0.627315 3.110194 1.263287 0.959234 0.529329 -0.489179 1.341549 8.900000
5.974124 0.880951 3.145107 1.271648 1.020290 0.517182 -0.494753 1.129361 8.950000
5.646042 0.529499 3.179485 1.281619 1.076852 0.514494 -0.498185 1.132734 9.000000
6.000000 0.353093 3.213309 1.293258 1.129693 0.511182 -0.499990 0.998473 9.050000
5.619845 0.263905 3.246553 1.306576 1.175959 0.515688 -0.499349 0.868953 9.100000
5.589594 0.016361 3.279197 1.321568 1.216739 0.520270 -0.496865 0.774110 9.150000
5.285187 -0.294226 3.311193 1.338144 1.251428 0.528645 -0.492378 0.630785 9.200000
4.608932 -0.570836 3.342534 1.356238 1.277513 0.539810 -0.485017 0.434893 9.250000
4.218638 -0.710597 3.373210 1.375655 1.293303 0.551231 -0.474135 0.219212 9.300000
3.679746 -0.386611 3.403241 1.396184 1.299416 0.564930 -0.459951 0.042310 9.350000
4.137532 -0.060234 3.432645 1.417623 1.302558 0.574996 -0.445149 0.079115 9.400000
4.401671 0.030680 3.461419 1.439913 1.310817 0.585914 -0.433034 0.235366 9.450000
4.167022 -0.102040 3.489549 1.463150 1.325936 0.594976 -0.424297 0.356542 9.500000
4.339373 -0.579010 3.516982 1.487282 1.343985 0.599985 -0.417182 0.364202 9.550000
5.083427 -0.724274 3.543716 1.512273 1.356792 0.609504 -0.408137 0.167911 9.600000
4.785510 -0.665938 3.569877 1.538351 1.360536 0.630629 -0.395553 -0.001769 9.650000
4.407569 -0.826806 3.595571 1.565616 1.358501 0.651205 -0.380852 -0.073151 9.700000
4.807671 -1.250727 3.620833 1.593890 1.351824 0.669705 -0.364461 -0.183810 9.750000
4.755165 -0.920057 3.645760 1.623160 1.336002 0.695345 -0.344086 -0.424781 9.800000
5.082053 -0.557125 3.670506 1.653483 1.314927 0.721310 -0.321524 -0.420078 9.850000
5.394711 -0.160591 3.695141 1.684851 1.298010 0.746851 -0.301570 -0.273331 9.900000
5.200425 -0.010899 3.719662 1.717322 1.290997 0.769877 -0.287395 -0.031698 9.950000
5.057293 0.004042 3.743972 1.750840 1.294820 0.785870 -0.279622 0.165462 10.000000
4.196302 -0.395893 3.767939 1.785267 1.306250 0.797028 -0.276437 0.280229 10.050000
4.469309 -0.836209 3.791440 1.820339 1.317353 0.799901 -0.273209 0.174267 10.100000
5.363390 -0.655092 3.814498 1.855916 1.319289 0.808596 -0.264871 -0.074049 10.150000
5.672635 -0.280529 3.837304 1.892261 1.313780 0.827823 -0.252525 -0.140778 10.200000
5.615573 -0.324223 3.859980 1.929613 1.309993 0.848422 -0.241588 -0.022784 10.250000
4.971112 -0.652716 3.882506 1.967975 1.310102 0.866304 -0.233352 0.022428 10.300000
5.170049 -1.145382 3.904828 2.007143 1.308010 0.878120 -0.224017 -0.095948 10.350000
4.954316 -1.630907 3.927012 2.046989 1.295557 0.894251 -0.208422 -0.375574 10.400000
5.873435 -1.295212 3.949259 2.087472 1.266931 0.911595 -0.182807 -0.732476 10.450000
6.000000 -1.639348 3.971858 2.128677 1.228757 0.937738 -0.151377 -0.791903 10.500000
5.773340 -1.942231 3.995037 2.170719 1.184080 0.963351 -0.115903 -0.977472 10.550000
5.036916 -1.733562 4.018976 2.213415 1.128896 0.984728 -0.073596 -1.206640 10.600000
5.828461 -1.395916 4.043774 2.256362 1.067239 0.995485 -0.027559 -1.260520 10.650000
5.696785 -1.471109 4.069527 2.299386 1.006432 1.009332 0.016835 -1.189707 10.700000
5.610180 -1.517472 4.096331 2.342462 0.946261 1.017797 0.059761 -1.220978 10.750000
4.922143 -1.487865 4.124195 2.385369 0.883574 1.021297 0.103313 -1.285771 10.800000
4.518777 -1.819750 4.153039 2.427778 0.818059 1.014087 0.147334 -1.335869 10.850000
3.809781 -1.848120 4.182711 2.469314 0.746376 0.998044 0.193728 -1.513756 10.900000
3.198461 -1.945937 4.213027 2.509587 0.667584 0.969456 0.242341 -1.628371 10.950000
3.242948 -1.541019 4.243702 2.548228 0.583182 0.929269 0.291111 -1.737395 11.000000
2.843425 -1.131671 4.274533 2.585057 0.498808 0.885968 0.335614 -1.655193 11.050000
2.990075 -1.615012 4.305331 2.620068 0.420950 0.839383 0.371817 -1.487002 11.100000
3.663690 -1.330554 4.335954 2.653313 0.343239 0.792654 0.404072 -1.605234 11.150000
2.806724 -1.366765 4.366496 2.684850 0.264509 0.750385 0.433254 -1.552740 11.200000
2.275847 -1.169557 4.396838 2.714711 0.187086 0.699889 0.458107 -1.544551 11.250000
2.303489 -1.316871 4.426608 2.742889 0.112178 0.645864 0.477967 -1.461769 11.300000
2.804877 -1.012742 4.455667 2.769470 0.038722 0.593517 0.493633 -1.472057 11.350000
2.972280 -1.046327 4.484125 2.794551 -0.031490 0.548856 0.504866 -1.350960 11.400000
3.287432 -1.539258 4.512161 2.818228 -0.097676 0.509483 0.512077 -1.300596 11.450000
3.205737 -2.020201 4.539880 2.840544 -0.167116 0.471772 0.518363 -1.452210 11.500000
3.624109 -1.716318 4.567241 2.861497 -0.246325 0.427307 0.525517 -1.678375 11.550000
4.258486 -2.031982 4.594211 2.881079 -0.329291 0.385160 0.531032 -1.642156 11.600000
5.163867 -1.831092 4.620983 2.899252 -0.413995 0.348835 0.534496 -1.729190 11.650000
5.747101 -2.048237 4.647824 2.915894 -0.499057 0.321823 0.535994 -1.678573 11.700000
5.082829 -2.080499 4.674981 2.930837 -0.584490 0.300937 0.536086 -1.728857 11.750000
6.000000 -2.458781 4.702334 2.944079 -0.671621 0.273527 0.535045 -1.750294 11.800000
5.329455 -2.151248 4.729809 2.955565 -0.763105 0.252726 0.533384 -1.885390 11.850000
4.597498 -1.727632 4.757313 2.965265 -0.855439 0.226187 0.530350 -1.816314 11.900000
5.408614 -1.539550 4.784563 2.973395 -0.940818 0.199395 0.524607 -1.625611 11.950000
5.412581 -1.881627 4.811561 2.979886 -1.017750 0.187914 0.516754 -1.473070 12.000000
5.496901 -2.318501 4.838376 2.984546 -1.093152 0.178813 0.508456 -1.532986 12.050000
6.000000 -2.712940 4.864895 2.987381 -1.175007 0.167256 0.500717 -1.712494 12.100000
6.000000 -2.683907 4.891011 2.988338 -1.266653 0.155048 0.493698 -1.919065 12.150000
5.703433 -2.412042 4.916586 2.987396 -1.364419 0.140120 0.486665 -1.980028 12.200000
5.863284 -2.132742 4.941459 2.984672 -1.461127 0.124690 0.478707 -1.899835 12.250000
6.000000 -1.920449 4.965501 2.980202 -1.552237 0.116038 0.469724 -1.765091 12.300000
5.612877 -2.276953 4.988598 2.973909 -1.636715 0.114302 0.460190 -1.633978 12.350000
5.957499 -2.388247 5.010631 2.965879 -1.720647 0.110448 0.450821 -1.710922 12.400000
6.000000 -2.632277 5.031472 2.956214 -1.808186 0.108804 0.441909 -1.779549 12.450000
5.946452 -3.000000 5.050979 2.944947 -1.900435 0.105850 0.433542 -1.892012 12.500000
5.965472 -3.000000 5.069031 2.932234 -2.000009 0.099261 0.425704 -2.062171 12.550000
5.330242 -3.000000 5.085519 2.918256 -2.104846 0.091144 0.417965 -2.120682 12.600000
4.656758 -2.665056 5.100414 2.903288 -2.211405 0.077592 0.409789 -2.137634 12.650000
5.242037 -2.926133 5.113805 2.887696 -2.314928 0.061209 0.400601 -2.021459 12.700000
4.394622 -3.000000 5.125626 2.871583 -2.417373 0.052793 0.390810 -2.067865 12.750000
5.227704 -2.819974 5.135883 2.855099 -2.521927 0.037101 0.380552 -2.106581 12.800000
5.719204 -2.994951 5.144531 2.838371 -2.625743 0.031607 0.369847 -2.054390 12.850000
5.595880 -2.751445 5.151263 2.821366 -2.729690 0.032313 0.359367 -2.096400 12.900000
4.972231 -3.000000 5.155973 2.804219 -2.832453 0.033860 0.349300 -2.025988 12.950000
5.615855 -2.799431 5.158805 2.787163 -2.935556 0.030767 0.339560 -2.087556 13.000000
5.172537 -2.308306 5.159763 2.770378 -3.038519 0.035174 0.330199 -2.039278 13.050000
5.884047 -1.968308 5.158806 2.754025 -3.134929 0.039455 0.321297 -1.848448 13.100000
5.398417 -2.080854 5.155864 2.738280 3.061414 0.055414 0.313084 -1.656165 13.150000
6.000000 -2.510567 5.150907 2.723308 2.979516 0.069232 0.305890 -1.625188 13.200000
6.000000 -2.466217 5.143996 2.709287 2.894017 0.087363 0.300115 -1.772778 13.250000
6.000000 -2.923714 5.135134 2.696412 2.804121 0.103615 0.295873 -1.816920 13.300000
6.000000 -2.437522 5.124484 2.684854 2.707975 0.117175 0.293250 -1.999818 13.350000
5.787171 -2.835675 5.112237 2.674777 2.610985 0.130161 0.291657 -1.897238 13.400000
5.454908 -3.000000 5.098604 2.666304 2.513056 0.140445 0.291048 -2.003092 13.450000
4.656100 -3.000000 5.083898 2.659479 2.410052 0.145256 0.291499 -2.100908 13.500000
4.690408 -2.865999 5.068524 2.654211 2.303982 0.141160 0.292260 -2.135777 13.550000
3.868644 -3.000000 5.052779 2.650429 2.198218 0.137578 0.292664 -2.100589 13.600000
2.907631 -2.662809 5.036912 2.648015 2.092216 0.126379 0.292523 -2.133308 13.650000
3.137946 -2.349889 5.021252 2.646621 1.988731 0.107784 0.291036 -2.023532 13.700000
3.462006 -1.874822 5.005926 2.646110 1.892016 0.095014 0.287954 -1.869472 13.750000
4.344379 -2.301911 4.990919 2.646630 1.805219 0.090060 0.283711 -1.638245 13.800000
4.666933 -2.060384 4.976222 2.648479 1.721426 0.095138 0.279457 -1.703600 13.850000
4.652029 -1.763923 4.961895 2.651906 1.638022 0.103623 0.275716 -1.642346 13.900000
4.178989 -2.260812 4.948059 2.656954 1.559695 0.113935 0.272264 -1.510913 13.950000
4.177675 -2.557636 4.934835 2.663467 1.480375 0.119422 0.269487 -1.642284 14.000000
4.654003 -2.300815 4.922337 2.671246 1.393634 0.122236 0.267684 -1.802480 14.050000
3.676463 -2.653977 4.910699 2.680297 1.304395 0.128649 0.266432 -1.772135 14.100000
3.059701 -2.959684 4.899992 2.690414 1.212438 0.124878 0.265565 -1.887525 14.150000
2.086818 -3.000000 4.890175 2.701135 1.113682 0.113176 0.264796 -2.037463 14.200000
1.121617 -3.000000 4.881126 2.712029 1.009881 0.091227 0.263223 -2.102527 14.250000
1.193176 -2.714327 4.872606 2.722670 0.904188 0.060811 0.259862 -2.120605 14.300000
0.800730 -3.000000 4.864462 2.732908 0.801018 0.033721 0.254366 -2.021517 14.350000
0.752494 -2.698966 4.856612 2.742745 0.698166 0.005002 0.247010 -2.081192 14.400000
0.583611 -2.621388 4.848952 2.752167 0.596680 -0.021497 0.237894 -1.991981 14.450000
0.043702 -2.959172 4.841435 2.761219 0.498921 -0.046049 0.227342 -1.927895 14.500000
0.000000 -3.000000 4.833916 2.769892 0.399812 -0.073608 0.215285 -2.020242 14.550000
0.000000 -2.569756 4.826264 2.778212 0.297480 -0.099712 0.201554 -2.064807 14.600000
0.193344 -2.746354 4.818488 2.786270 0.198250 -0.122035 0.186781 -1.926722 14.650000
0.000000 -2.453070 4.810681 2.794152 0.101597 -0.139057 0.171374 -1.937463 14.700000
0.000000 -2.296365 4.802889 2.801920 0.007655 -0.154590 0.155665 -1.836450 14.750000
0.951052 -2.707771 4.795124 2.809611 -0.081434 -0.166571 0.140136 -1.742141 14.800000
0.209703 -2.911604 4.787661 2.817227 -0.171816 -0.167611 0.124583 -1.855586 14.850000
0.428782 -2.857883 4.780574 2.824783 -0.267983 -0.174486 0.108599 -1.972454 14.900000
1.400097 -3.000000 4.773774 2.832307 -0.367340 -0.177400 0.092429 -1.998051 14.950000
1.833001 -2.737096 4.767557 2.839685 -0.469023 -0.169295 0.076715 -2.059646 15.000000
2.762432 -2.625478 4.762225 2.846727 -0.570009 -0.155348 0.062416 -1.991678 15.050000
3.375518 -2.928405 4.758008 2.853167 -0.667772 -0.131248 0.050309 -1.929603 15.100000
3.470106 -2.533737 4.755106 2.858675 -0.766759 -0.100988 0.040424 -2.016090 15.150000
3.828210 -2.281523 4.753501 2.863029 -0.864452 -0.069783 0.033105 -1.909423 15.200000
3.731666 -2.235783 4.753088 2.866035 -0.956180 -0.035395 0.028543 -1.780533 15.250000
3.514544 -2.184252 4.753714 2.867562 -1.043324 -0.002611 0.026401 -1.715577 15.300000
2.700360 -2.180268 4.755150 2.867621 -1.127849 0.027157 0.026254 -1.672260 15.350000
3.121733 -2.079058 4.757115 2.866403 -1.210943 0.048224 0.027605 -1.654340 15.400000
2.187698 -2.353751 4.759420 2.863987 -1.292402 0.072259 0.030175 -1.610830 15.450000
2.684014 -2.686806 4.761900 2.860504 -1.375354 0.086295 0.033854 -1.694551 15.500000
2.983877 -2.427663 4.764399 2.856075 -1.464524 0.103626 0.038766 -1.848207 15.550000
3.126115 -2.002102 4.766815 2.850557 -1.555950 0.122297 0.044824 -1.814474 15.600000
3.081431 -2.167916 4.769021 2.843900 -1.641882 0.141156 0.051371 -1.648905 15.650000
3.021527 -2.044799 4.770899 2.836146 -1.724234 0.158352 0.058430 -1.645983 15.700000
2.289708 -1.785359 4.772343 2.827399 -1.805237 0.173628 0.066039 -1.601346 15.750000
1.969416 -2.041681 4.773307 2.817916 -1.882082 0.181082 0.073511 -1.489465 15.800000
1.016488 -2.426214 4.773803 2.808001 -1.958003 0.184595 0.080917 -1.540162 15.850000
0.482102 -2.797663 4.773906 2.797996 -2.039683 0.177674 0.088719 -1.702447 15.900000
0.323496 -2.550437 4.773748 2.788269 -2.130524 0.164026 0.096767 -1.899834 15.950000
0.414656 -2.756260 4.773429 2.778993 -2.225103 0.147981 0.103990 -1.885560 16.000000
0.036578 -3.000000 4.772993 2.770180 -2.321347 0.132306 0.110063 -1.953060 16.050000
0.000000 -2.983786 4.772530 2.761872 -2.422215 0.112285 0.115102 -2.063079 16.100000
0.146158 -3.000000 4.772154 2.754116 -2.526331 0.091578 0.118739 -2.095681 16.150000
0.537810 -3.000000 4.771890 2.746854 -2.631588 0.072428 0.120838 -2.111509 16.200000
0.000000 -3.000000 4.771660 2.739977 -2.737296 0.057365 0.121603 -2.115784 16.250000
0.000000 -3.000000 4.771522 2.733452 -2.843097 0.037839 0.121038 -2.115801 16.300000
0.191851 -3.000000 4.771605 2.727274 -2.948850 0.019236 0.119054 -2.114170 16.350000
1.184417 -2.755453 4.771869 2.721372 -3.054508 0.003501 0.115843 -2.112152 16.400000
0.688754 -2.535220 4.772027 2.715678 3.125615 -0.001505 0.111962 -2.024900 16.450000
0.092147 -2.174077 4.771954 2.710176 3.027569 -0.009624 0.107752 -1.914823 16.500000
1.054926 -2.639227 4.771888 2.704842 2.936781 -0.021362 0.103072 -1.743732 16.550000
0.326620 -2.683577 4.771723 2.699694 2.846640 -0.023029 0.098138 -1.845724 16.600000
0.000000 -2.342532 4.771404 2.694733 2.752781 -0.031272 0.092976 -1.899812 16.650000
0.000000 -2.604112 4.771155 2.689872 2.660753 -0.041339 0.087425 -1.797520 16.700000
0.000000 -2.303884 4.771016 2.685065 2.569286 -0.050247 0.081461 -1.852336 16.750000
0.000000 -2.217551 4.770957 2.680299 2.479199 -0.057917 0.075213 -1.764951 16.800000
0.746987 -2.326260 4.770947 2.675572 2.392826 -0.064170 0.068895 -1.700073 16.850000
0.107690 -2.401649 4.770836 2.671008 2.307406 -0.062426 0.062700 -1.714557 16.900000
0.740307 -2.500879 4.770598 2.666627 2.220721 -0.066083 0.056597 -1.747722 16.950000
0.000000 -2.107981 4.770239 2.662445 2.131922 -0.063163 0.050586 -1.796615 17.000000
0.590825 -2.283423 4.769770 2.658445 2.045649 -0.066369 0.044883 -1.673522 17.050000
1.065923 -2.628356 4.769219 2.654619 1.961509 -0.063191 0.039476 -1.689677 17.100000
1.125165 -2.529812 4.768495 2.651205 1.873223 -0.055326 0.034413 -1.821217 17.150000
0.891252 -2.838067 4.767594 2.648328 1.781727 -0.046775 0.029919 -1.836304 17.200000
0.890432 -2.733428 4.766576 2.645951 1.686541 -0.040335 0.025954 -1.952388 17.250000
0.145129 -3.000000 4.765497 2.644021 1.588748 -0.033752 0.022494 -1.958393 17.300000
0.000000 -2.732816 4.764399 2.642360 1.488016 -0.033989 0.019298 -2.054916 17.350000
0.284327 -3.000000 4.763290 2.640762 1.386994 -0.035143 0.016153 -1.995805 17.400000
0.000000 -2.754308 4.762183 2.639268 1.285080 -0.033203 0.013123 -2.068608 17.450000
0.000000 -2.550012 4.761079 2.637883 1.183404 -0.033571 0.010257 -2.008499 17.500000
0.450938 -2.288780 4.759966 2.636550 1.085719 -0.033495 0.007573 -1.914335 17.550000
0.278163 -1.838604 4.758902 2.635366 0.993726 -0.028849 0.005272 -1.785951 17.600000
0.000000 -1.348889 4.757935 2.634381 0.910562 -0.025678 0.003476 -1.573294 17.650000
0.000000 -1.702403 4.757016 2.633497 0.839546 -0.024986 0.002075 -1.306071 17.700000
0.000000 -1.383998 4.756113 2.632659 0.773650 -0.024185 0.000850 -1.326845 17.750000
0.000000 -1.407726 4.755228 2.631868 0.710484 -0.023308 -0.000248 -1.215322 17.800000
0.438539 -1.598695 4.754363 2.631120 0.650834 -0.022380 -0.001211 -1.176075 17.850000
0.000000 -1.219504 4.753604 2.630475 0.590447 -0.017336 -0.002024 -1.231767 17.900000
0.584745 -1.503142 4.752950 2.629925 0.532279 -0.016506 -0.002657 -1.111287 17.950000
0.175739 -1.087244 4.752436 2.629474 0.475137 -0.010232 -0.003110 -1.166903 18.000000
0.325833 -1.298085 4.752097 2.629131 0.420622 -0.007979 -0.003359 -1.031647 18.050000
1.109088 -0.946695 4.751877 2.628853 0.368453 -0.004412 -0.003475 -1.052408 18.100000
0.835603 -0.827917 4.751982 2.628706 0.319421 0.006288 -0.003326 -0.925272 18.150000
0.000000 -0.722818 4.752514 2.628704 0.276126 0.014004 -0.002902 -0.819677 18.200000
0.725052 -0.301832 4.753216 2.628751 0.237716 0.013621 -0.002425 -0.727857 18.250000
1.563160 -0.418936 4.754061 2.628827 0.207293 0.019944 -0.001983 -0.513772 18.300000
0.880232 -0.550395 4.755398 2.629002 0.183281 0.033785 -0.001457 -0.453398 18.350000
1.251752 -1.033436 4.757244 2.629264 0.159976 0.040740 -0.000788 -0.476272 18.400000
0.431091 -1.049099 4.759514 2.629580 0.130370 0.050864 0.000214 -0.684152 18.450000
0.000000 -0.800967 4.762089 2.629914 0.093127 0.052924 0.001587 -0.792551 18.500000
0.000000 -0.454889 4.764667 2.630219 0.054802 0.050828 0.002950 -0.746073 18.550000
0.521505 -0.882215 4.767148 2.630489 0.022001 0.048774 0.004015 -0.584861 18.600000
0.121658 -0.892138 4.769657 2.630730 -0.009825 0.051604 0.005020 -0.677434 18.650000
1.098126 -0.780910 4.772218 2.630939 -0.045080 0.050540 0.006134 -0.726893 18.700000
0.310304 -1.230071 4.774962 2.631101 -0.080855 0.058532 0.007319 -0.706552 18.750000
0.000000 -0.791445 4.777921 2.631206 -0.120919 0.058791 0.008748 -0.875378 18.800000
0.000000 -0.667913 4.780830 2.631269 -0.162070 0.056066 0.010137 -0.782163 18.850000
0.882946 -0.801920 4.783619 2.631304 -0.198552 0.053443 0.011219 -0.688353 18.900000
0.366628 -0.710952 4.786494 2.631272 -0.233194 0.059102 0.012230 -0.696421 18.950000
0.868467 -1.060482 4.789529 2.631154 -0.267108 0.059714 0.013253 -0.663966 19.000000
0.478513 -0.796776 4.792714 2.630940 -0.303778 0.064865 0.014438 -0.787977 19.050000
0.402832 -0.357540 4.796058 2.630616 -0.341913 0.066106 0.015730 -0.742901 19.100000
0.003741 -0.188659 4.799452 2.630212 -0.373526 0.066683 0.016692 -0.544710 19.150000
0.479835 0.043139 4.802790 2.629774 -0.396073 0.063706 0.017176 -0.375686 19.200000
1.172856 0.523735 4.806098 2.629298 -0.409750 0.065463 0.017223 -0.190508 19.250000
1.492959 0.793402 4.809631 2.628684 -0.410898 0.073886 0.016688 0.115410 19.300000
0.637694 0.337278 4.813606 2.627855 -0.397336 0.085286 0.015342 0.397990 19.350000
0.000000 0.513239 4.817900 2.626883 -0.378522 0.088383 0.013659 0.358785 19.400000
0.000000 0.861483 4.822183 2.625915 -0.359136 0.085405 0.011997 0.411075 19.450000
0.000000 0.744447 4.826320 2.625006 -0.333864 0.082581 0.010078 0.580893 19.500000
0.000000 0.303097 4.830317 2.624161 -0.303754 0.079854 0.007995 0.619168 19.550000
0.083980 -0.154068 4.834179 2.623378 -0.277243 0.077117 0.006241 0.459300 19.600000
0.019556 0.076335 4.837924 2.622641 -0.261784 0.075128 0.005192 0.187454 19.650000
0.000000 -0.203572 4.841556 2.621936 -0.253790 0.072549 0.004596 0.137276 19.700000
0.159048 0.041126 4.845058 2.621263 -0.250952 0.069850 0.004297 -0.009735 19.750000
0.120616 0.347776 4.848466 2.620608 -0.250849 0.068714 0.004146 0.011855 19.800000
0.994208 0.664848 4.851810 2.619963 -0.246334 0.067288 0.003787 0.154940 19.850000
1.753314 1.003295 4.855284 2.619288 -0.232751 0.074070 0.002969 0.366609 19.900000
1.155044 1.191063 4.859257 2.618512 -0.207477 0.087663 0.001398 0.616506 19.950000
1.507072 1.044655 4.863748 2.617662 -0.171062 0.095118 -0.001030 0.816260 20.000000
1.423404 1.416644 4.868689 2.616790 -0.129188 0.105410 -0.003992 0.854075 20.050000
2.226919 1.543809 4.874124 2.615925 -0.081868 0.114306 -0.007572 1.017898 20.100000
1.300596 1.956845 4.880199 2.615105 -0.027463 0.129977 -0.012066 1.141951 20.150000
2.252416 2.082147 4.886853 2.614390 0.035676 0.135897 -0.017653 1.354256 20.200000
1.448280 2.471620 4.894054 2.613858 0.107312 0.149669 -0.024363 1.491498 20.250000
1.107693 2.292232 4.901787 2.613576 0.187643 0.154400 -0.032259 1.691668 20.300000
1.643300 2.052954 4.909730 2.613567 0.272636 0.154675 -0.040535 1.706089 20.350000
1.766949 2.439895 4.917881 2.613880 0.355612 0.159109 -0.048445 1.625569 20.400000
2.660835 2.465100 4.926338 2.614588 0.440071 0.163518 -0.056526 1.736006 20.450000
3.270906 2.870597 4.935244 2.615840 0.528401 0.174785 -0.065274 1.789247 20.500000
2.764925 3.000000 4.944803 2.617861 0.622708 0.189597 -0.075334 1.956546 20.550000
1.974344 2.719388 4.954890 2.620729 0.723712 0.197030 -0.086714 2.065937 20.600000
1.242551 2.485386 4.965133 2.624291 0.825321 0.195206 -0.097975 2.008396 20.650000
0.701505 2.551985 4.975198 2.628293 0.922744 0.185780 -0.107870 1.905538 20.700000
0.000000 2.634451 4.984868 2.632479 1.017609 0.170873 -0.116254 1.891346 20.750000
0.000000 3.000000 4.993990 2.636570 1.112865 0.148976 -0.123146 1.914781 20.800000
0.000000 2.623769 5.002515 2.640383 1.212600 0.126348 -0.128728 2.051648 20.850000
0.000000 3.000000 5.010497 2.643879 1.312728 0.103882 -0.132547 1.966999 20.900000
0.485380 2.671760 5.018004 2.647037 1.414009 0.081654 -0.134714 2.067099 20.950000
0.340607 2.833115 5.025115 2.649952 1.515008 0.064640 -0.135375 1.985934 21.000000
0.682068 2.474123 5.031893 2.652702 1.615068 0.047092 -0.134732 2.011760 21.050000
1.104647 2.478407 5.038374 2.655338 1.712195 0.034078 -0.132936 1.892503 21.100000
0.869863 2.136775 5.044562 2.658051 1.805554 0.026438 -0.130409 1.848677 21.150000
1.791978 2.588710 5.050454 2.660891 1.893930 0.018124 -0.127356 1.708270 21.200000
1.629628 3.000000 5.055987 2.664014 1.982498 0.019035 -0.124190 1.817303 21.250000
1.296493 2.512245 5.061079 2.667553 2.078829 0.017480 -0.121216 2.005265 21.300000
1.395166 2.698188 5.065758 2.671360 2.176067 0.013132 -0.118138 1.901184 21.350000
0.950415 2.366435 5.070028 2.675367 2.271922 0.010498 -0.114918 1.928537 21.400000
0.233929 2.353130 5.073925 2.679491 2.365199 0.004652 -0.111499 1.819873 21.450000
0.000000 2.346066 5.077629 2.683534 2.454848 -0.006642 -0.107631 1.773248 21.500000
0.000000 1.879577 5.081308 2.687370 2.542900 -0.018956 -0.103156 1.751953 21.550000
0.000000 1.584755 5.085007 2.691001 2.625348 -0.029483 -0.098216 1.573157 21.600000
0.150902 1.507868 5.088715 2.694468 2.698809 -0.037892 -0.093106 1.391783 21.650000
0.000000 1.332834 5.092382 2.697813 2.765411 -0.043234 -0.088011 1.287080 21.700000
0.395260 1.744978 5.095998 2.701057 2.826598 -0.048697 -0.083011 1.175696 21.750000
1.236438 1.448034 5.099495 2.704229 2.888468 -0.049942 -0.078015 1.284129 21.800000
0.532430 1.537663 5.102594 2.707403 2.950806 -0.042962 -0.073299 1.218625 21.850000
0.564380 1.472900 5.105267 2.710572 3.011909 -0.042288 -0.068953 1.224710 21.900000
0.608005 1.002647 5.107671 2.713691 3.072523 -0.040946 -0.064813 1.202891 21.950000
1.430346 1.468106 5.109787 2.716751 3.127290 -0.038428 -0.061061 1.013091 22.000000
1.372736 1.141427 5.111410 2.719736 -3.102553 -0.027984 -0.057733 1.108215 22.050000
0.739097 1.548786 5.112379 2.722617 -3.049491 -0.018223 -0.054899 1.025294 22.100000
0.530898 1.903310 5.112876 2.725376 -2.994821 -0.014642 -0.052400 1.145548 22.150000
1.214448 1.512840 5.113115 2.728019 -2.932194 -0.013499 -0.049998 1.333515 22.200000
0.267609 1.168258 5.113004 2.730507 -2.867426 -0.005993 -0.047853 1.266657 22.250000
0.112732 0.961584 5.112615 2.732843 -2.808636 -0.007013 -0.045956 1.106686 22.300000
0.975325 0.524962 5.112197 2.735091 -2.757573 -0.008815 -0.044110 0.955532 22.350000
1.621490 0.822473 5.111591 2.737183 -2.716584 -0.001821 -0.042455 0.713860 22.400000
1.729391 0.560976 5.110482 2.738965 -2.680814 0.011296 -0.041139 0.716720 22.450000
1.372062 0.219576 5.108739 2.740349 -2.647859 0.025137 -0.040171 0.613641 22.500000
1.432610 0.561834 5.106448 2.741348 -2.622456 0.035586 -0.039354 0.423795 22.550000
1.077250 0.958351 5.103692 2.741992 -2.600067 0.046391 -0.038678 0.467079 22.600000
1.035838 0.612307 5.100561 2.742314 -2.571598 0.053185 -0.038385 0.650810 22.650000
0.423339 0.635153 5.097159 2.742358 -2.540395 0.059205 -0.038335 0.602904 22.700000
0.000000 0.783151 5.093633 2.742208 -2.510655 0.059384 -0.038293 0.588383 22.750000
0.820069 1.010364 5.090186 2.742006 -2.479771 0.055564 -0.038262 0.640867 22.800000
0.922976 0.939236 5.086748 2.741692 -2.444456 0.059276 -0.038415 0.757853 22.850000
1.660894 0.971556 5.083163 2.741129 -2.405770 0.063616 -0.038810 0.786198 22.900000
2.361181 0.719181 5.079308 2.740180 -2.365714 0.074550 -0.039471 0.812847 22.950000
2.587309 0.770524 5.074975 2.738607 -2.327514 0.091637 -0.040395 0.725838 23.000000
2.671656 0.404774 5.070062 2.736251 -2.291811 0.110260 -0.041597 0.704939 23.050000
2.684374 0.903224 5.064576 2.733057 -2.260939 0.129178 -0.042814 0.548259 23.100000
3.682802 0.832219 5.058553 2.729015 -2.230067 0.147433 -0.044419 0.672462 23.150000
2.849813 0.854715 5.051916 2.723939 -2.195507 0.173952 -0.046881 0.706210 23.200000
2.697541 0.745451 5.044719 2.717809 -2.159458 0.191486 -0.049992 0.732841 23.250000
3.166934 0.327253 5.037167 2.710822 -2.123650 0.206788 -0.053382 0.703269 23.300000
4.091919 0.374858 5.029273 2.702925 -2.093560 0.226131 -0.056202 0.521584 23.350000
3.935542 -0.033086 5.020913 2.693854 -2.069458 0.253674 -0.058413 0.450751 23.400000
4.292943 -0.464549 5.012041 2.683485 -2.052559 0.279208 -0.059621 0.247019 23.450000
5.049607 -0.865515 5.002651 2.671816 -2.048208 0.308060 -0.058477 -0.044581 23.500000
5.644026 -1.173970 4.992594 2.658677 -2.059551 0.344007 -0.053810 -0.375528 23.550000
5.653326 -0.862047 4.981653 2.643885 -2.086673 0.384992 -0.044887 -0.675742 23.600000
5.831834 -0.527698 4.969672 2.627448 -2.121159 0.424441 -0.033406 -0.701263 23.650000
5.850002 -0.219590 4.956578 2.609461 -2.152883 0.463326 -0.022249 -0.582259 23.700000
5.564519 0.102272 4.942345 2.589997 -2.176919 0.500186 -0.013266 -0.400034 23.750000
5.933039 -0.081766 4.927051 2.569183 -2.190663 0.532513 -0.007790 -0.173548 23.800000
6.000000 -0.523280 4.910744 2.547050 -2.198121 0.566797 -0.004610 -0.129431 23.850000
5.653609 -0.369240 4.893398 2.523583 -2.209078 0.600258 0.000132 -0.292828 23.900000
6.000000 -0.589099 4.875034 2.498933 -2.224435 0.629010 0.006863 -0.319471 23.950000
6.000000 -0.743576 4.855638 2.473198 -2.243406 0.659562 0.015364 -0.428769 24.000000
6.000000 -1.078157 4.835129 2.446428 -2.268298 0.688406 0.026829 -0.554493 24.050000
5.863421 -1.517897 4.813455 2.418767 -2.301730 0.715172 0.042684 -0.760802 24.100000
5.351008 -1.326050 4.790553 2.390428 -2.347686 0.737761 0.065087 -1.044756 24.150000
4.998529 -1.191958 4.766438 2.361751 -2.401821 0.752254 0.091645 -1.115183 24.200000
4.129067 -0.890863 4.741227 2.333054 -2.457373 0.760709 0.118489 -1.111343 24.250000
4.896300 -0.484521 4.715148 2.304642 -2.509952 0.759347 0.142927 -1.008710 24.300000
5.412317 -0.661432 4.688251 2.276578 -2.554896 0.765174 0.162442 -0.816202 24.350000
5.245906 -0.203527 4.660327 2.248701 -2.595383 0.775464 0.179116 -0.807107 24.400000
6.000000 0.236531 4.631335 2.221020 -2.630754 0.784233 0.192620 -0.630938 24.450000
6.000000 0.379803 4.601192 2.193452 -2.655094 0.802046 0.199738 -0.372961 24.500000
6.000000 -0.046308 4.569792 2.165842 -2.668502 0.821912 0.200620 -0.183735 24.550000
5.230772 -0.260729 4.537183 2.138149 -2.679864 0.841466 0.200488 -0.263388 24.600000
6.000000 -0.081953 4.503558 2.110520 -2.696756 0.851513 0.203821 -0.398914 24.650000
5.986620 -0.260183 4.468932 2.083057 -2.716745 0.867291 0.209073 -0.401767 24.700000
6.000000 -0.366779 4.433169 2.055752 -2.739053 0.881433 0.215813 -0.483310 24.750000
5.912148 -0.185186 4.396294 2.028706 -2.765766 0.893526 0.225312 -0.576729 24.800000
5.765014 -0.110322 4.358351 2.002032 -2.794070 0.903426 0.235691 -0.559535 24.850000
5.935043 -0.245390 4.319422 1.975803 -2.821159 0.911546 0.245100 -0.529405 24.900000
6.000000 -0.738692 4.279529 1.950066 -2.848924 0.920308 0.254795 -0.577739 24.950000
5.107965 -0.745922 4.238655 1.924906 -2.884247 0.926159 0.269294 -0.810332 25.000000
4.541044 -0.853607 4.197038 1.900564 -2.928248 0.919408 0.288956 -0.936887 25.050000
4.043537 -1.345354 4.155065 1.877270 -2.978212 0.904033 0.311446 -1.049984 25.100000
4.892211 -1.525222 4.113048 1.855202 -3.037778 0.878832 0.338526 -1.301334 25.150000
5.297659 -1.360136 4.071005 1.834527 -3.108142 0.855061 0.370274 -1.489613 25.200000
5.842171 -1.547780 4.028775 1.815367 3.099783 0.830486 0.402597 -1.519607 25.250000
5.130422 -1.870366 3.986266 1.797810 3.021185 0.806873 0.434427 -1.613258 25.300000
5.927306 -2.306843 3.943685 1.781944 2.935841 0.770140 0.467211 -1.776843 25.350000
6.000000 -2.757151 3.901231 1.767879 2.840506 0.731935 0.501891 -2.001523 25.400000
5.509487 -3.000000 3.858990 1.755748 2.733351 0.683135 0.538312 -2.243457 25.450000
5.415967 -2.903652 3.817366 1.745538 2.616345 0.619235 0.573649 -2.405676 25.500000
5.924369 -2.860106 3.776727 1.737116 2.495705 0.549085 0.603582 -2.413992 25.550000
5.056611 -2.572125 3.737122 1.730419 2.375772 0.482854 0.626283 -2.383472 25.600000
5.705870 -2.678442 3.698659 1.725264 2.260326 0.412100 0.640841 -2.250758 25.650000
5.974170 -3.000000 3.661359 1.721538 2.148630 0.351773 0.648467 -2.216434 25.700000
6.000000 -2.975935 3.625112 1.719335 2.035462 0.294242 0.651477 -2.290623 25.750000
5.242929 -2.721941 3.589948 1.718630 1.921007 0.237969 0.650018 -2.282252 25.800000
5.926140 -2.639088 3.555948 1.719214 1.810150 0.180632 0.643431 -2.165248 25.850000
6.000000 -2.328577 3.523117 1.721089 1.704471 0.137648 0.632551 -2.072314 25.900000
5.624464 -1.893927 3.491434 1.724459 1.605438 0.104400 0.618629 -1.911464 25.950000
4.996703 -1.646259 3.460950 1.729320 1.516441 0.079238 0.602505 -1.681626 26.000000
5.565232 -1.226717 3.431713 1.735525 1.437797 0.059534 0.585059 -1.490514 26.050000
4.947618 -1.220015 3.403792 1.743139 1.370125 0.056294 0.567159 -1.250125 26.100000
5.925075 -1.627461 3.377253 1.752213 1.310654 0.055256 0.549513 -1.143065 26.150000
6.000000 -1.614867 3.352191 1.762810 1.250388 0.064143 0.532750 -1.253182 26.200000
6.000000 -1.934265 3.328739 1.775055 1.186453 0.072107 0.517128 -1.298451 26.250000
6.000000 -1.491666 3.306977 1.788835 1.117507 0.077614 0.502666 -1.439503 26.300000
5.632883 -1.347627 3.286976 1.804011 1.048557 0.084225 0.488987 -1.334011 26.350000
5.408513 -1.551032 3.268783 1.820430 0.984638 0.091708 0.475841 -1.236796 26.400000
4.720468 -1.323852 3.252397 1.837897 0.921750 0.098579 0.463448 -1.273954 26.450000
5.349394 -0.942373 3.237737 1.856138 0.860036 0.100554 0.451604 -1.204187 26.500000
5.482280 -1.413287 3.224849 1.875078 0.804807 0.113189 0.440002 -1.029161 26.550000
4.603644 -1.025342 3.213902 1.894786 0.750334 0.127851 0.429334 -1.136446 26.600000
5.238908 -0.676233 3.204779 1.915027 0.696332 0.134821 0.419396 -1.037141 26.650000
5.466545 -1.042889 3.197474 1.935691 0.649520 0.152181 0.409537 -0.859103 26.700000
6.000000 -1.304411 3.192173 1.956847 0.604729 0.172695 0.400466 -0.925417 26.750000
6.000000 -1.009708 3.189005 1.978475 0.554590 0.195003 0.393119 -1.063619 26.800000
6.000000 -0.955231 3.188044 2.000487 0.502744 0.216006 0.387027 -1.017560 26.850000
6.000000 -0.939045 3.189283 2.022756 0.452932 0.237655 0.381614 -0.980951 26.900000
6.000000 -1.341814 3.192708 2.045160 0.404412 0.259462 0.376940 -0.963438 26.950000
6.000000 -1.766095 3.198286 2.067568 0.351927 0.278656 0.373929 -1.116953 27.000000
6.000000 -1.584484 3.205946 2.089800 0.289444 0.292159 0.373683 -1.350869 27.050000
6.000000 -1.972124 3.215596 2.111659 0.220936 0.302029 0.375207 -1.385307 27.100000
5.253200 -2.014956 3.227162 2.132967 0.147058 0.308560 0.378266 -1.546759 27.150000
6.000000 -1.606889 3.240367 2.153517 0.067359 0.304537 0.382534 -1.628739 27.200000
6.000000 -1.415624 3.255127 2.173154 -0.010721 0.308023 0.386252 -1.512402 27.250000
5.607240 -1.194041 3.271566 2.191773 -0.082998 0.314081 0.388818 -1.396199 27.300000
5.159913 -1.691091 3.289543 2.209276 -0.149096 0.319315 0.390186 -1.266499 27.350000
5.843093 -1.995681 3.308802 2.225600 -0.216226 0.319502 0.391905 -1.399868 27.400000
5.949661 -1.704876 3.329261 2.240627 -0.291080 0.321677 0.395392 -1.569620 27.450000
5.058852 -1.972775 3.350941 2.254202 -0.368483 0.323008 0.399400 -1.532403 27.500000
4.962602 -2.177754 3.373540 2.266302 -0.447511 0.314708 0.403455 -1.615790 27.550000
4.303227 -1.713070 3.396701 2.276949 -0.531369 0.302739 0.407858 -1.721572 27.600000
3.630581 -1.992015 3.420146 2.286193 -0.613678 0.285557 0.410875 -1.589846 27.650000
3.212335 -1.812954 3.443560 2.294186 -0.694492 0.263383 0.412356 -1.634330 27.700000
2.934729 -2.039563 3.466688 2.301088 -0.774671 0.238469 0.412304 -1.579264 27.750000
2.864057 -2.069116 3.489388 2.307024 -0.855219 0.211821 0.410848 -1.632516 27.800000
3.364937 -1.900714 3.511574 2.312078 -0.937575 0.184774 0.408157 -1.655979 27.850000
3.709320 -1.673187 3.533291 2.316188 -1.018694 0.164487 0.404015 -1.596231 27.900000
3.501073 -1.387136 3.554637 2.319188 -1.095284 0.151169 0.398538 -1.483063 27.950000
4.098112 -1.390947 3.575617 2.321027 -1.164963 0.140750 0.391890 -1.325815 28.000000
3.923653 -1.711002 3.596243 2.321591 -1.229346 0.139712 0.384678 -1.258663 28.050000
3.462551 -1.661481 3.616503 2.320791 -1.294884 0.137112 0.377772 -1.349649 28.100000
4.204053 -2.130457 3.636275 2.318807 -1.362886 0.129679 0.371102 -1.367250 28.150000
3.303124 -1.832577 3.655499 2.315612 -1.436424 0.127252 0.364960 -1.547550 28.200000
3.909992 -1.928544 3.674095 2.311311 -1.512692 0.115817 0.358882 -1.508117 28.250000
4.043389 -1.650577 3.691989 2.306000 -1.588596 0.111272 0.352565 -1.525114 28.300000
4.829284 -1.197400 3.709124 2.299534 -1.662064 0.109949 0.346111 -1.427678 28.350000
4.626203 -1.557577 3.725411 2.291712 -1.727445 0.120382 0.339449 -1.217658 28.400000
4.326274 -1.401869 3.740754 2.282413 -1.789701 0.130519 0.333257 -1.266343 28.450000
5.063433 -1.074076 3.755097 2.271827 -1.851971 0.137972 0.327666 -1.229817 28.500000
5.772047 -0.691143 3.768332 2.259915 -1.909508 0.154532 0.322301 -1.091245 28.550000
6.000000 -1.068971 3.780279 2.246400 -1.958227 0.181269 0.316947 -0.885454 28.600000
6.000000 -1.288545 3.790786 2.231141 -2.004131 0.210615 0.312406 -0.944728 28.650000
6.000000 -1.379191 3.799765 2.214220 -2.054692 0.237091 0.309691 -1.063656 28.700000
6.000000 -1.352271 3.807146 2.195803 -2.110506 0.260460 0.308897 -1.157648 28.750000
5.967554 -1.393944 3.812857 2.176057 -2.169391 0.281636 0.309600 -1.194034 28.800000
5.276370 -1.823582 3.816837 2.155151 -2.230108 0.300806 0.311504 -1.230821 28.850000
5.615208 -1.968533 3.819137 2.133391 -2.296824 0.310027 0.315279 -1.412762 28.900000
6.000000 -2.262701 3.819767 2.111043 -2.371249 0.318282 0.321055 -1.545544 28.950000
6.000000 -2.474320 3.818579 2.088199 -2.453253 0.325775 0.328791 -1.710336 29.000000
5.916797 -2.958150 3.815492 2.065039 -2.542912 0.328559 0.338332 -1.854062 29.050000
6.000000 -2.568890 3.810530 2.041836 -2.642245 0.324684 0.349764 -2.082068 29.100000
5.876552 -3.000000 3.803731 2.018852 -2.744791 0.318661 0.361129 -2.028973 29.150000
5.877696 -2.975367 3.795144 1.996297 -2.850114 0.308798 0.372156 -2.161475 29.200000
6.000000 -2.616340 3.784878 1.974401 -2.959291 0.295826 0.382746 -2.198854 29.250000
6.000000 -2.248200 3.772985 1.953342 -3.065929 0.284410 0.391459 -2.085613 29.300000
5.682080 -2.090555 3.759491 1.933261 3.117966 0.276294 0.397640 -1.914063 29.350000
6.000000 -1.596805 3.744514 1.914278 3.025769 0.268694 0.401675 -1.792867 29.400000
5.020470 -1.862179 3.728095 1.896510 2.942650 0.268923 0.403568 -1.566743 29.450000
4.912494 -2.043960 3.710425 1.880017 2.864103 0.262387 0.404377 -1.573654 29.500000
5.837359 -2.304553 3.691843 1.864824 2.783466 0.253876 0.405127 -1.641006 29.550000
5.325781 -1.826921 3.672293 1.851077 2.697944 0.251496 0.406430 -1.761108 29.600000
5.927525 -1.626534 3.651829 1.838886 2.613576 0.244976 0.407170 -1.632956 29.650000
6.000000 -2.119728 3.630520 1.828345 2.535516 0.247760 0.406667 -1.508329 29.700000
6.000000 -2.450592 3.608339 1.819607 2.456298 0.250499 0.406583 -1.640669 29.750000
5.751351 -2.739852 3.585467 1.812733 2.369276 0.248765 0.407923 -1.813190 29.800000
5.868537 -2.420510 3.562174 1.807710 2.273734 0.239848 0.410363 -1.980704 29.850000
5.059091 -2.690920 3.538694 1.804531 2.176250 0.230999 0.412402 -1.926912 29.900000
5.531528 -2.725874 3.515277 1.803074 2.077764 0.214194 0.413650 -1.999387 29.950000
4.943348 -3.000000 3.492128 1.803262 1.976762 0.200906 0.414166 -2.033945 30.000000
5.281272 -3.000000 3.469398 1.805033 1.871998 0.180533 0.413968 -2.137549 30.050000
5.410336 -2.819555 3.447259 1.808280 1.764176 0.162480 0.412708 -2.168595 30.100000
5.044780 -3.000000 3.425810 1.813065 1.657382 0.147178 0.410086 -2.111633 30.150000
5.815202 -2.608762 3.405179 1.819293 1.550660 0.129566 0.406312 -2.149419 30.200000
5.196144 -2.713457 3.385494 1.827006 1.446892 0.122032 0.401431 -2.022066 30.250000
5.444966 -2.417188 3.366877 1.836199 1.346118 0.111381 0.395822 -2.010003 30.300000
5.946187 -2.488537 3.349441 1.846721 1.248864 0.106132 0.389558 -1.897994 30.350000
6.000000 -2.708837 3.333361 1.858675 1.154454 0.108059 0.383204 -1.881134 30.400000
6.000000 -2.387886 3.318812 1.872063 1.058295 0.110291 0.377369 -1.953490 30.450000
6.000000 -2.283941 3.305923 1.886744 0.963157 0.113697 0.371828 -1.866298 30.500000
6.000000 -2.385132 3.294815 1.902581 0.871853 0.119589 0.366486 -1.797181 30.550000
6.000000 -1.952156 3.285592 1.919423 0.781670 0.126436 0.361664 -1.808636 30.600000
5.016486 -2.027021 3.278339 1.937105 0.695601 0.135594 0.357120 -1.658076 30.650000
4.874447 -2.137365 3.272955 1.955333 0.613582 0.137726 0.352707 -1.627419 30.700000
3.935665 -2.483328 3.269269 1.973808 0.531397 0.138852 0.348571 -1.655637 30.750000
4.080098 -2.541332 3.267064 1.992264 0.444693 0.129528 0.344781 -1.790732 30.800000
4.731289 -2.647417 3.266151 2.010483 0.353116 0.120086 0.340973 -1.860553 30.850000
4.225634 -2.532504 3.266675 2.028422 0.258271 0.116033 0.337136 -1.922805 30.900000
4.951951 -2.146778 3.268634 2.045972 0.162689 0.107607 0.333061 -1.903085 30.950000
4.116775 -2.250225 3.272067 2.063022 0.071785 0.108907 0.328514 -1.756430 31.000000
4.942986 -2.604425 3.276936 2.079469 -0.015482 0.104570 0.323769 -1.736919 31.050000
4.180349 -2.822277 3.283194 2.095191 -0.105797 0.107289 0.319393 -1.856763 31.100000
4.328424 -2.759562 3.290763 2.110077 -0.202188 0.100709 0.315493 -1.978564 31.150000
4.818444 -2.636700 3.299401 2.124036 -0.301734 0.094932 0.311514 -1.999436 31.200000
4.094351 -2.584755 3.309168 2.136930 -0.400640 0.094743 0.307417 -1.962745 31.250000
3.604348 -2.831239 3.319928 2.148684 -0.497829 0.089098 0.303146 -1.929829 31.300000
3.183146 -2.461449 3.331341 2.159347 -0.596470 0.079099 0.298579 -2.003109 31.350000
2.509101 -2.028795 3.343144 2.168985 -0.693532 0.066854 0.293293 -1.896140 31.400000
2.223760 -2.247514 3.355108 2.177716 -0.782612 0.052704 0.286936 -1.697591 31.450000
2.047224 -1.926126 3.367065 2.185657 -0.867498 0.038856 0.279793 -1.697156 31.500000
1.411399 -1.891059 3.378934 2.192874 -0.948904 0.026045 0.272008 -1.576721 31.550000
2.244011 -2.066983 3.390608 2.199503 -1.025919 0.010283 0.263616 -1.512643 31.600000
1.494417 -2.222827 3.402111 2.205489 -1.102622 0.003852 0.254917 -1.549627 31.650000
1.459679 -2.475227 3.413444 2.210824 -1.182139 -0.009349 0.245979 -1.619874 31.700000
2.367585 -2.480809 3.424516 2.215689 -1.266539 -0.022986 0.236538 -1.737377 31.750000
1.437487 -2.296868 3.435379 2.219902 -1.354748 -0.027771 0.226806 -1.783582 31.800000
1.442895 -2.787471 3.446019 2.223476 -1.442493 -0.039712 0.216892 -1.733617 31.850000
1.618275 -3.000000 3.456381 2.226617 -1.533705 -0.050944 0.206495 -1.889675 31.900000
2.503302 -3.000000 3.466465 2.229296 -1.632056 -0.060744 0.195492 -2.022337 31.950000
2.003940 -2.821408 3.476239 2.231278 -1.734573 -0.061539 0.184319 -2.070380 32.000000
2.435045 -3.000000 3.485652 2.232481 -1.836768 -0.065335 0.173374 -2.025034 32.050000
3.321747 -3.000000 3.494637 2.232932 -1.939384 -0.063580 0.162723 -2.071926 32.100000
3.054403 -3.000000 3.503015 2.232372 -2.043498 -0.052540 0.152851 -2.089997 32.150000
2.238705 -3.000000 3.510630 2.230734 -2.148219 -0.043208 0.144053 -2.097859 32.200000
2.853341 -3.000000 3.517522 2.228314 -2.253214 -0.040670 0.135992 -2.101459 32.250000
3.605751 -2.710192 3.523634 2.225226 -2.358342 -0.031440 0.128648 -2.103560 32.300000
3.166328 -2.678903 3.528672 2.221331 -2.460602 -0.014117 0.122594 -2.003945 32.350000
3.527571 -2.381862 3.532506 2.216702 -2.559456 -0.000232 0.117909 -1.958084 32.400000
2.922534 -2.710310 3.535085 2.211494 -2.653827 0.017742 0.114473 -1.836732 32.450000
2.272541 -2.646237 3.536422 2.205871 -2.747781 0.029848 0.112177 -1.909880 32.500000
1.339175 -2.985077 3.536774 2.200085 -2.843419 0.035449 0.110583 -1.914934 32.550000
2.009877 -2.612266 3.536497 2.194346 -2.942720 0.031806 0.109199 -2.036906 32.600000
1.927824 -2.436081 3.535661 2.188738 -3.042022 0.034724 0.107831 -1.949618 32.650000
2.126147 -2.345033 3.534137 2.183295 -3.136750 0.037607 0.106597 -1.854905 32.700000
2.330810 -2.072310 3.531911 2.178082 3.055662 0.042939 0.105571 -1.786921 32.750000
2.786658 -1.710884 3.528913 2.173173 2.969909 0.050797 0.104837 -1.662657 32.800000
3.592586 -1.759574 3.525021 2.168665 2.891979 0.063770 0.104441 -1.481887 32.850000
2.723805 -2.126343 3.519991 2.164706 2.819446 0.084515 0.104720 -1.427731 32.900000
2.327524 -2.429573 3.513913 2.161370 2.744762 0.096018 0.105974 -1.542910 32.950000
2.789417 -2.660247 3.507155 2.158626 2.663057 0.102210 0.108151 -1.701302 33.000000
2.990078 -2.671850 3.499796 2.156546 2.573775 0.111043 0.111271 -1.847190 33.050000
2.324507 -3.000000 3.491807 2.155263 2.479672 0.120238 0.115249 -1.907507 33.100000
1.610702 -3.000000 3.483390 2.154762 2.380238 0.121497 0.119902 -2.046952 33.150000
1.790830 -2.764166 3.474888 2.154851 2.276414 0.114718 0.124559 -2.097464 33.200000
2.246738 -2.599949 3.466457 2.155447 2.173433 0.109410 0.128535 -2.032614 33.250000
1.452431 -2.651209 3.458055 2.156669 2.074175 0.108691 0.131864 -1.951194 33.300000
1.321461 -3.000000 3.449769 2.158440 1.976959 0.100574 0.134614 -1.939246 33.350000
2.205046 -3.000000 3.441737 2.160554 1.876544 0.090630 0.136865 -2.057537 33.400000
2.880726 -2.545647 3.433943 2.163154 1.772432 0.088303 0.138836 -2.099783 33.450000
2.650536 -2.182772 3.426362 2.166576 1.671657 0.092716 0.140591 -1.955358 33.500000
2.103106 -2.473091 3.419056 2.170904 1.579180 0.096193 0.142006 -1.773078 33.550000
2.041752 -2.499346 3.412104 2.175936 1.489498 0.094820 0.143266 -1.808575 33.600000
1.088704 -2.756799 3.405561 2.181490 1.398407 0.092505 0.144456 -1.831395 33.650000
0.628597 -2.275661 3.399427 2.187293 1.303928 0.080623 0.145352 -1.931317 33.700000
0.367837 -2.105562 3.393632 2.192997 1.211299 0.065231 0.145194 -1.795250 33.750000
0.482135 -2.588975 3.388099 2.198460 1.124850 0.049304 0.143757 -1.680213 33.800000
0.000000 -2.432981 3.382791 2.203674 1.037101 0.035005 0.141481 -1.809151 33.850000
0.351556 -1.956628 3.377630 2.208581 0.946881 0.016614 0.138302 -1.800522 33.900000
0.433147 -2.428645 3.372579 2.213186 0.861970 0.003606 0.134185 -1.623079 33.950000
1.121526 -2.202386 3.367687 2.217612 0.777884 -0.007505 0.129485 -1.724444 34.000000
0.425044 -2.315858 3.363074 2.221999 0.692910 -0.011401 0.124492 -1.681131 34.050000
0.904742 -1.914351 3.358732 2.226357 0.608163 -0.021003 0.119263 -1.704903 34.100000
0.551760 -2.091526 3.354632 2.230655 0.526883 -0.024629 0.113870 -1.567188 34.150000
1.487519 -1.704762 3.350808 2.234920 0.448237 -0.030411 0.108445 -1.577091 34.200000
2.076722 -2.060353 3.347396 2.239201 0.373368 -0.026168 0.103236 -1.438273 34.250000
2.340882 -2.342959 3.344737 2.243610 0.299283 -0.016001 0.098615 -1.514161 34.300000
2.441231 -2.567533 3.343015 2.248144 0.219679 -0.004051 0.094702 -1.649782 34.350000
2.512327 -2.589616 3.342294 2.252737 0.133269 0.007907 0.091612 -1.785632 34.400000
2.385913 -2.270964 3.342589 2.257296 0.042232 0.019824 0.089404 -1.846398 34.450000
1.785276 -2.358628 3.343858 2.261719 -0.047453 0.030506 0.087971 -1.755549 34.500000
2.453623 -2.312896 3.345901 2.265921 -0.135151 0.035581 0.087047 -1.752851 34.550000
2.154342 -2.044010 3.348700 2.269819 -0.222296 0.046824 0.086650 -1.735795 34.600000
3.135048 -1.894078 3.352294 2.273331 -0.306089 0.055272 0.086751 -1.632044 34.650000
2.328765 -1.538379 3.356785 2.276329 -0.384947 0.073058 0.087407 -1.536897 34.700000
1.564593 -1.936546 3.362149 2.278737 -0.456927 0.083404 0.088442 -1.367186 34.750000
1.250807 -2.280265 3.367993 2.280655 -0.527539 0.086308 0.089711 -1.445991 34.800000
1.222082 -2.165967 3.374042 2.282176 -0.604427 0.085276 0.091369 -1.605748 34.850000
0.657019 -1.856006 3.380184 2.283328 -0.685349 0.083336 0.093126 -1.627760 34.900000
0.601478 -1.706853 3.386281 2.284195 -0.763711 0.076374 0.094415 -1.522433 34.950000
0.731139 -1.497911 3.392223 2.284876 -0.837014 0.069707 0.095017 -1.424002 35.000000
0.889537 -1.501799 3.398029 2.285359 -0.904803 0.065177 0.095040 -1.304515 35.050000
0.138389 -1.950735 3.403745 2.285593 -0.968619 0.062813 0.094717 -1.255004 35.100000
0.642676 -1.614206 3.409291 2.285697 -1.035589 0.053186 0.094261 -1.402676 35.150000
0.861775 -1.811297 3.414629 2.285726 -1.103878 0.048495 0.093527 -1.338040 35.200000
0.765451 -1.459001 3.419846 2.285532 -1.172112 0.046099 0.092647 -1.384588 35.250000
0.850300 -1.280712 3.424946 2.285095 -1.238115 0.043265 0.091595 -1.271471 35.300000
1.298561 -1.365755 3.429922 2.284414 -1.298378 0.042137 0.090311 -1.154999 35.350000
1.557925 -0.907549 3.434800 2.283365 -1.355604 0.045691 0.089032 -1.136555 35.400000
2.329980 -1.388105 3.439600 2.281792 -1.407204 0.052292 0.087800 -0.951725 35.450000
1.737927 -1.176395 3.444330 2.279462 -1.457705 0.066024 0.086955 -1.055103 35.500000
1.203950 -1.381694 3.448952 2.276361 -1.509481 0.073627 0.086576 -1.020590 35.550000
0.516326 -1.399654 3.453405 2.272777 -1.562324 0.075874 0.086451 -1.084733 35.600000
0.419920 -1.640262 3.457656 2.269014 -1.617569 0.071370 0.086411 -1.120255 35.650000
1.115955 -1.332645 3.461704 2.265269 -1.676636 0.065696 0.086359 -1.227702 35.700000
0.707301 -1.558276 3.465531 2.261408 -1.736017 0.066677 0.086224 -1.157157 35.750000
0.459810 -1.662459 3.469125 2.257373 -1.795444 0.063829 0.086057 -1.212368 35.800000
1.277917 -2.109699 3.472511 2.253329 -1.857866 0.058454 0.085852 -1.275643 35.850000
1.740442 -2.289695 3.475646 2.249159 -1.927220 0.060088 0.085871 -1.470579 35.900000
2.407427 -1.848066 3.478413 2.244615 -2.004967 0.064955 0.086426 -1.617400 35.950000
1.498461 -2.337024 3.480672 2.239507 -2.082872 0.075742 0.087392 -1.514415 36.000000
1.954077 -1.998168 3.482414 2.233938 -2.162588 0.077330 0.088777 -1.653306 36.050000
2.347768 -2.065735 3.483657 2.228064 -2.243276 0.082816 0.090364 -1.584744 36.100000
2.359630 -1.632153 3.484256 2.221781 -2.322454 0.091753 0.092221 -1.582833 36.150000
1.884581 -1.338882 3.484118 2.215085 -2.396993 0.100842 0.094195 -1.422564 36.200000
1.614285 -1.741889 3.483300 2.208112 -2.463097 0.106071 0.095859 -1.246576 36.250000
2.513721 -2.006377 3.481924 2.201020 -2.527638 0.108643 0.097542 -1.324284 36.300000
2.313783 -1.645752 3.479865 2.193783 -2.597642 0.118571 0.099905 -1.456962 36.350000
1.391418 -1.592403 3.476989 2.186387 -2.668235 0.125940 0.102655 -1.378333 36.400000
0.475286 -1.504965 3.473532 2.179019 -2.735652 0.124651 0.105181 -1.325843 36.450000
0.000000 -1.901587 3.469892 2.171887 -2.800365 0.115082 0.107127 -1.270329 36.500000
0.000000 -1.741500 3.466381 2.165105 -2.867456 0.100960 0.108641 -1.395320 36.550000
0.000000 -1.571980 3.463116 2.158686 -2.936983 0.086902 0.109593 -1.386746 36.600000
0.693945 -1.075911 3.460098 2.152596 -3.004377 0.073644 0.109713 -1.318441 36.650000
0.851592 -1.537518 3.457154 2.146779 -3.064097 0.068500 0.108997 -1.100106 36.700000
1.180691 -1.644805 3.454075 2.141196 -3.121389 0.065439 0.108022 -1.180644 36.750000
1.276436 -1.497172 3.450758 2.135850 3.100604 0.065055 0.107192 -1.256592 36.800000
1.869277 -1.588061 3.447119 2.130759 3.038436 0.065500 0.106434 -1.233338 36.850000
2.210096 -1.971138 3.443015 2.125962 2.976068 0.071466 0.105858 -1.258060 36.900000
1.549802 -2.319766 3.438262 2.121525 2.908728 0.079685 0.105894 -1.413605 36.950000
1.218485 -2.395700 3.432989 2.117476 2.832475 0.080138 0.106641 -1.607724 37.000000
1.797489 -2.230240 3.427473 2.113788 2.749057 0.076364 0.107666 -1.712800 37.050000
1.723349 -2.225809 3.421701 2.110510 2.663969 0.077756 0.108674 -1.693701 37.100000
1.635191 -1.891359 3.415603 2.107713 2.579542 0.078389 0.109672 -1.684774 37.150000
2.463565 -2.081409 3.409252 2.105404 2.498923 0.078644 0.110444 -1.559089 37.200000
2.578860 -1.932392 3.402549 2.103712 2.420395 0.086814 0.111318 -1.579206 37.250000
2.598023 -2.226491 3.395388 2.102805 2.342762 0.095769 0.112579 -1.533189 37.300000
2.859624 -1.752569 3.387830 2.102733 2.263503 0.104151 0.114401 -1.623723 37.350000
2.618565 -1.367573 3.379924 2.103568 2.186266 0.114750 0.116524 -1.486535 37.400000
1.754600 -1.226357 3.371746 2.105334 2.117632 0.123865 0.118379 -1.287552 37.450000
2.621147 -0.945699 3.363491 2.107821 2.057177 0.125772 0.119718 -1.149655 37.500000
1.875204 -0.723082 3.355199 2.111039 2.004461 0.136827 0.120562 -0.981388 37.550000
1.389402 -0.313242 3.346885 2.115010 1.959994 0.141836 0.120862 -0.817948 37.600000
2.243522 0.091726 3.338677 2.119471 1.925839 0.143831 0.120212 -0.576797 37.650000
3.051978 -0.052284 3.330538 2.124509 1.904940 0.155881 0.118331 -0.290452 37.700000
3.241866 0.112782 3.322324 2.130491 1.892916 0.176446 0.115717 -0.200096 37.750000
3.454887 -0.198893 3.313963 2.137615 1.886144 0.198841 0.112671 -0.082667 37.800000
2.655789 -0.615342 3.305435 2.145934 1.880133 0.222490 0.109743 -0.151439 37.850000
3.268897 -0.626799 3.296810 2.155272 1.866673 0.236721 0.108225 -0.365189 37.900000
3.056376 -0.925059 3.288157 2.165548 1.845129 0.254922 0.108327 -0.484020 37.950000
2.554187 -1.350808 3.279513 2.176815 1.815825 0.269265 0.110130 -0.667494 38.000000
2.112100 -1.683906 3.271000 2.188871 1.775140 0.276538 0.114313 -0.928286 38.050000
2.809984 -1.785230 3.262760 2.201458 1.721615 0.277078 0.120995 -1.179835 38.100000
1.946338 -1.577454 3.254880 2.214593 1.658339 0.281878 0.129490 -1.330785 38.150000
1.132442 -2.074433 3.247433 2.228187 1.592156 0.277203 0.138260 -1.318587 38.200000
1.368434 -2.139064 3.240479 2.241806 1.521028 0.263400 0.147248 -1.500284 38.250000
0.478488 -1.861149 3.234045 2.255268 1.443188 0.250074 0.156465 -1.598685 38.300000
1.356179 -2.037692 3.228106 2.268387 1.365066 0.228036 0.164423 -1.535364 38.350000
1.444528 -2.450749 3.222640 2.281150 1.287182 0.214292 0.171075 -1.574051 38.400000
0.448548 -2.587609 3.217684 2.293752 1.203696 0.199888 0.177548 -1.739718 38.450000
0.318165 -2.409579 3.213149 2.305948 1.113461 0.174432 0.183500 -1.851349 38.500000
0.000000 -2.116761 3.208888 2.317483 1.021582 0.147709 0.187754 -1.826918 38.550000
0.000000 -1.849253 3.204785 2.328303 0.933634 0.119675 0.189692 -1.708637 38.600000
0.526627 -2.110146 3.200744 2.338414 0.852422 0.094343 0.189377 -1.561357 38.650000
1.189206 -1.742550 3.196808 2.347980 0.773357 0.075526 0.187667 -1.595443 38.700000
1.844764 -1.565737 3.193148 2.357237 0.697134 0.064531 0.185034 -1.471478 38.750000
1.147810 -1.227971 3.189999 2.366409 0.626926 0.061838 0.181850 -1.353712 38.800000
1.683006 -1.555503 3.187360 2.375496 0.564309 0.054941 0.178221 -1.175470 38.850000
1.904449 -1.497809 3.185217 2.384471 0.504201 0.054190 0.174459 -1.222347 38.900000
1.964965 -1.168708 3.183721 2.393403 0.443132 0.055600 0.170877 -1.220669 38.950000
2.045953 -1.170040 3.182928 2.402288 0.385686 0.058641 0.167363 -1.094294 39.000000
1.911629 -1.034780 3.182876 2.411112 0.332541 0.063554 0.163950 -1.038934 39.050000
1.000923 -1.377399 3.183552 2.419839 0.282775 0.068015 0.160674 -0.961800 39.100000
1.741780 -1.251293 3.184713 2.428372 0.231918 0.063824 0.157572 -1.059559 39.150000
1.669510 -1.361717 3.186308 2.436676 0.179077 0.066465 0.154640 -1.054751 39.200000
2.546781 -0.940125 3.188477 2.444760 0.125191 0.068319 0.151946 -1.095342 39.250000
1.585803 -0.741227 3.191392 2.452618 0.074509 0.079100 0.149410 -0.951015 39.300000
2.363196 -0.815526 3.195025 2.460223 0.031009 0.082159 0.146800 -0.807002 39.350000
2.100941 -0.404023 3.199328 2.467544 -0.008266 0.093310 0.144242 -0.768908 39.400000
1.578910 -0.393486 3.204408 2.474563 -0.041618 0.102884 0.141640 -0.586787 39.450000
0.583116 -0.776477 3.210072 2.481271 -0.068328 0.108626 0.138815 -0.492347 39.500000
1.356757 -0.285613 3.215954 2.487686 -0.095950 0.104826 0.136180 -0.600181 39.550000
1.979657 -0.246925 3.221993 2.493805 -0.121914 0.108760 0.133505 -0.454742 39.600000
2.257974 -0.420348 3.228518 2.499597 -0.142150 0.119454 0.130593 -0.364634 39.650000
2.998316 -0.320973 3.235725 2.505029 -0.161083 0.132631 0.127842 -0.390207 39.700000
2.545612 -0.152279 3.243820 2.510056 -0.179859 0.152276 0.125389 -0.364011 39.750000
2.546399 -0.510430 3.252834 2.514659 -0.195778 0.167507 0.122924 -0.281643 39.800000
1.910354 -0.272026 3.262630 2.518852 -0.212791 0.182027 0.120861 -0.387940 39.850000
1.741618 -0.198497 3.273021 2.522657 -0.231026 0.189926 0.119158 -0.346039 39.900000
1.909369 0.157248 3.283803 2.526113 -0.246883 0.196378 0.117279 -0.293778 39.950000
2.032503 0.277072 3.294968 2.529225 -0.256702 0.205134 0.114679 -0.116847 40.000000
2.811594 0.270517 3.306585 2.531998 -0.258467 0.215964 0.111030 0.032092 40.050000
3.727297 -0.097673 3.318860 2.534402 -0.254647 0.234441 0.106630 0.112794 40.100000
2.828860 -0.289370 3.332155 2.536363 -0.252091 0.260502 0.102560 -0.000149 40.150000
2.754158 -0.051567 3.346420 2.537888 -0.256115 0.276290 0.099851 -0.146900 40.200000
2.488852 -0.534522 3.361383 2.539027 -0.262950 0.290404 0.097833 -0.128462 40.250000
2.693050 -0.208517 3.376931 2.539798 -0.274706 0.300865 0.096996 -0.322208 40.300000
2.223303 -0.656275 3.393007 2.540183 -0.289951 0.312360 0.097026 -0.291065 40.350000
1.534912 -0.660393 3.409518 2.540190 -0.309200 0.318500 0.098064 -0.460889 40.400000
1.690609 -0.184781 3.426164 2.539873 -0.334742 0.317117 0.100517 -0.550847 40.450000
1.501850 -0.267491 3.442806 2.539256 -0.358174 0.317450 0.102389 -0.402872 40.500000
1.029170 -0.357427 3.459444 2.538354 -0.377144 0.316595 0.103190 -0.360488 40.550000
1.142927 -0.380062 3.475938 2.537232 -0.395581 0.311441 0.103804 -0.375348 40.600000
0.256387 -0.797237 3.492209 2.535920 -0.414818 0.307418 0.104514 -0.392277 40.650000
0.312684 -0.575010 3.508090 2.534487 -0.439418 0.294526 0.106233 -0.571653 40.700000
0.000000 -0.758616 3.523398 2.532998 -0.468002 0.282020 0.108488 -0.571582 40.750000
0.000000 -0.290241 3.538093 2.531481 -0.498635 0.266709 0.110782 -0.645059 40.800000
0.000000 -0.313884 3.552131 2.529977 -0.526608 0.252323 0.112183 -0.491127 40.850000
0.653743 -0.537597 3.565559 2.528503 -0.549233 0.239281 0.112325 -0.421284 40.900000
0.397439 -0.528639 3.578542 2.526986 -0.571825 0.232820 0.112300 -0.476221 40.950000
1.197807 -0.883754 3.591166 2.525380 -0.596302 0.223942 0.112459 -0.500056 41.000000
1.172816 -0.508102 3.603539 2.523607 -0.625650 0.222081 0.113299 -0.655968 41.050000
0.379772 -0.389695 3.615794 2.521561 -0.656383 0.219812 0.114277 -0.581932 41.100000
0.890371 -0.607281 3.627784 2.519363 -0.683102 0.210862 0.114483 -0.496278 41.150000
0.893798 -0.199892 3.639472 2.517055 -0.709160 0.207099 0.114465 -0.540951 41.200000
0.216134 0.267434 3.650960 2.514564 -0.732208 0.203989 0.113939 -0.396757 41.250000
0.781851 0.250786 3.662156 2.512002 -0.744581 0.196376 0.111822 -0.125637 41.300000
1.087937 0.179815 3.673091 2.509391 -0.746941 0.195848 0.108341 0.017783 41.350000
0.368936 0.326995 3.683947 2.506599 -0.744648 0.198864 0.104329 0.069144 41.400000
0.000000 0.456072 3.694666 2.503703 -0.738669 0.195581 0.099937 0.161249 41.450000
0.000000 0.955537 3.705081 2.500879 -0.727692 0.189620 0.095030 0.267391 41.500000
0.930674 1.167393 3.715159 2.498187 -0.706997 0.185016 0.089036 0.532092 41.550000
0.297040 1.595334 3.725112 2.495494 -0.674232 0.190438 0.081619 0.752832 41.600000
0.000000 1.514262 3.735027 2.492778 -0.628831 0.190721 0.072675 1.028750 41.650000
0.000000 1.310729 3.744760 2.490201 -0.574686 0.188457 0.062889 1.124692 41.700000
0.307220 1.676435 3.754262 2.487814 -0.519424 0.185663 0.053385 1.090692 41.750000
0.000000 2.077901 3.763590 2.485587 -0.461305 0.185308 0.043887 1.217244 41.800000
0.809436 2.488617 3.772746 2.483536 -0.394520 0.181790 0.033660 1.425097 41.850000
0.380897 2.710316 3.781844 2.481648 -0.316394 0.185381 0.022284 1.664461 41.900000
1.081482 2.784857 3.790956 2.479935 -0.228087 0.183816 0.009901 1.840580 41.950000
1.820206 2.478176 3.800124 2.478435 -0.133310 0.187341 -0.002986 1.935568 42.000000
0.849268 2.825401 3.809640 2.477148 -0.038640 0.195949 -0.015829 1.863371 42.050000
0.594989 2.726493 3.819395 2.476123 0.057384 0.193516 -0.028635 1.962003 42.100000
0.962064 2.936701 3.829049 2.475399 0.155559 0.187077 -0.040991 1.964917 42.150000
1.278640 2.689738 3.838582 2.474987 0.256034 0.182544 -0.052849 2.041708 42.200000
1.816032 2.649218 3.848101 2.474931 0.356424 0.179571 -0.064019 1.983818 42.250000
0.894744 2.456244 3.857743 2.475304 0.454612 0.180447 -0.074453 1.949662 42.300000
0.499443 2.261621 3.867371 2.476070 0.549758 0.171735 -0.083868 1.869368 42.350000
0.468868 2.112035 3.876686 2.477067 0.640339 0.159117 -0.091697 1.769758 42.400000
1.154732 1.949478 3.885608 2.478208 0.726159 0.146452 -0.097923 1.677336 42.450000
1.777763 2.445437 3.894261 2.479571 0.807271 0.140637 -0.102888 1.581711 42.500000
2.752297 2.464310 3.902852 2.481359 0.890496 0.139997 -0.107719 1.725383 42.550000
3.170032 2.429217 3.911555 2.483859 0.978594 0.147137 -0.113077 1.788853 42.600000
3.181445 1.972245 3.920461 2.487339 1.068403 0.156948 -0.118966 1.801814 42.650000
3.795028 1.943605 3.929503 2.491889 1.153893 0.166491 -0.124759 1.642873 42.700000
4.380361 2.108323 3.938630 2.497641 1.233976 0.181639 -0.130442 1.571744 42.750000
5.192935 1.855099 3.947811 2.504843 1.313542 0.201080 -0.136858 1.606370 42.800000
4.939716 1.415296 3.956970 2.513777 1.391655 0.226860 -0.144102 1.530482 42.850000
5.894846 1.140471 3.965969 2.524524 1.462701 0.249937 -0.151237 1.339925 42.900000
5.760779 1.049171 3.974680 2.537200 1.524545 0.282248 -0.157781 1.159987 42.950000
6.000000 1.360705 3.982990 2.551933 1.579431 0.313024 -0.164022 1.051182 43.000000
6.000000 0.922059 3.990764 2.568666 1.634137 0.344347 -0.171249 1.128219 43.050000
6.000000 0.915353 3.997858 2.587349 1.686869 0.374344 -0.178881 0.999489 43.100000
6.000000 0.818418 4.004163 2.607889 1.735258 0.403682 -0.186171 0.944646 43.150000
6.000000 1.096195 4.009585 2.630188 1.780853 0.432086 -0.193369 0.887877 43.200000
6.000000 0.946300 4.014032 2.654140 1.827718 0.458527 -0.201635 0.977053 43.250000
5.280376 0.785735 4.017403 2.679617 1.876240 0.482878 -0.211000 0.966852 43.300000
4.493112 1.223145 4.019665 2.706342 1.922836 0.499517 -0.220065 0.906192 43.350000
5.162343 1.638261 4.020878 2.733882 1.972300 0.506692 -0.230260 1.054476 43.400000
5.808930 1.402459 4.020965 2.762071 2.031569 0.515841 -0.243976 1.286404 43.450000
6.000000 1.618555 4.019698 2.791013 2.096371 0.527556 -0.259681 1.305105 43.500000
5.113899 1.578224 4.016912 2.820713 2.164366 0.537979 -0.276570 1.402947 43.550000
4.148712 1.737006 4.012635 2.850846 2.235432 0.536979 -0.294254 1.436504 43.600000
5.018064 1.679117 4.007091 2.880902 2.309473 0.524138 -0.312089 1.514680 43.650000
5.347743 2.005300 4.000280 2.910720 2.385609 0.517220 -0.329543 1.529773 43.700000
4.614476 1.721138 3.992010 2.940355 2.465836 0.509948 -0.347508 1.660750 43.750000
4.895907 2.065023 3.982372 2.969576 2.547458 0.493598 -0.364627 1.612040 43.800000
4.375266 2.136248 3.971479 2.998194 2.631165 0.477631 -0.380938 1.719993 43.850000
3.865173 1.898744 3.959436 3.026043 2.719126 0.453419 -0.396869 1.787480 43.900000
4.833105 1.455030 3.946525 3.052915 2.806705 0.423912 -0.410408 1.724460 43.950000
4.506807 1.757318 3.932678 3.078810 2.887479 0.407041 -0.419985 1.534751 44.000000
4.759574 2.015020 3.917773 3.103760 2.965171 0.388656 -0.427357 1.567181 44.050000
3.777343 2.041540 3.901886 3.127683 3.046543 0.370448 -0.434456 1.670977 44.100000
4.132262 2.275364 3.885278 3.150482 3.131422 0.341031 -0.440794 1.715344 44.150000
3.839054 2.362649 3.868177 3.172096 -3.063225 0.313219 -0.446031 1.809416 44.200000
4.248516 2.673337 3.850659 3.192493 -2.971000 0.280998 -0.449959 1.867784 44.250000
3.493360 2.628571 3.832785 3.211645 -2.873970 0.250501 -0.452603 1.990904 44.300000
3.469878 2.472247 3.814729 3.229567 -2.773814 0.212045 -0.453267 2.009134 44.350000
3.203758 2.901619 3.796710 3.246327 -2.675049 0.175822 -0.451042 1.948381 44.400000
2.540854 2.804318 3.778806 3.261981 -2.574128 0.137658 -0.446536 2.065688 44.450000
2.658163 2.617678 3.761234 3.276683 -2.470911 0.094207 -0.439434 2.060232 44.500000
3.538418 2.244829 3.744074 3.290543 -2.370175 0.056150 -0.429456 1.979461 44.550000
3.422747 2.153492 3.727104 3.303403 -2.276145 0.033063 -0.417427 1.807591 44.600000
2.985297 1.870083 3.710164 3.315092 -2.188750 0.015055 -0.404352 1.703135 44.650000
3.239689 1.898460 3.693333 3.325670 -2.107866 -0.001260 -0.390645 1.553734 44.700000
3.961337 2.012330 3.676638 3.335123 -2.031683 -0.010647 -0.376721 1.500810 44.750000
3.550692 2.081468 3.660009 3.343222 -1.956081 -0.011261 -0.363037 1.520372 44.800000
4.273108 2.416344 3.643481 3.349902 -1.879111 -0.014948 -0.349713 1.553320 44.850000
5.012587 1.938399 3.627120 3.355106 -1.797528 -0.012557 -0.336798 1.689445 44.900000
4.545066 1.745476 3.610949 3.358527 -1.716505 -0.001746 -0.324699 1.570253 44.950000
4.330864 1.566404 3.595079 3.360100 -1.641353 0.008121 -0.313616 1.453654 45.000000
4.938619 1.375389 3.579649 3.359980 -1.571902 0.019090 -0.303430 1.341156 45.050000
3.991401 1.409432 3.564772 3.358087 -1.508180 0.038525 -0.294239 1.224968 45.100000
3.229569 1.757699 3.550543 3.354532 -1.447914 0.050534 -0.285988 1.190911 45.150000
3.847754 1.524018 3.537008 3.349767 -1.384987 0.054636 -0.278485 1.309812 45.200000
3.249443 1.276701 3.524231 3.343893 -1.320539 0.064377 -0.271609 1.273584 45.250000
3.379957 0.814794 3.512273 3.336952 -1.259946 0.070171 -0.265140 1.165233 45.300000
2.892755 1.063746 3.501161 3.329076 -1.208046 0.080566 -0.258772 0.940637 45.350000
2.405402 0.809206 3.490909 3.320355 -1.161137 0.088204 -0.252681 0.936519 45.400000
1.617330 0.822757 3.481458 3.311035 -1.117159 0.092393 -0.246805 0.835378 45.450000
2.177100 0.676367 3.472695 3.301404 -1.076582 0.090571 -0.240955 0.792755 45.500000
2.458435 0.534257 3.464607 3.291517 -1.039151 0.095353 -0.235143 0.714062 45.550000
3.084251 0.916684 3.457297 3.281211 -1.006092 0.104234 -0.229405 0.619664 45.600000
3.517707 0.700599 3.450886 3.270327 -0.972076 0.118542 -0.224233 0.728626 45.650000
4.343459 0.788270 3.445516 3.258718 -0.936524 0.136094 -0.219755 0.697731 45.700000
4.389221 1.141714 3.441369 3.246209 -0.901006 0.160855 -0.215973 0.721114 45.750000
4.294780 1.282421 3.438580 3.232729 -0.860610 0.183825 -0.213543 0.876513 45.800000
4.301835 1.152689 3.437152 3.218409 -0.813102 0.203069 -0.212782 1.007780 45.850000
5.246400 1.291781 3.437086 3.203392 -0.762374 0.220722 -0.213144 1.020414 45.900000
5.364494 1.132940 3.438561 3.187640 -0.709587 0.245804 -0.214618 1.083758 45.950000
5.531231 1.256124 3.441777 3.171126 -0.656229 0.270699 -0.217072 1.055417 46.000000
4.728385 0.937648 3.446798 3.153951 -0.602365 0.295805 -0.220504 1.095082 46.050000
3.757971 0.647868 3.453502 3.136345 -0.550490 0.312807 -0.224171 0.994082 46.100000
3.180822 0.954446 3.461535 3.118621 -0.505209 0.321921 -0.226697 0.837468 46.150000
2.275905 1.304160 3.470577 3.101008 -0.461963 0.325797 -0.228893 0.886534 46.200000
1.389240 1.193492 3.480297 3.083728 -0.413124 0.319210 -0.232259 1.046389 46.250000
0.470770 1.643654 3.490288 3.067015 -0.359988 0.303054 -0.236053 1.074797 46.300000
0.000000 1.702362 3.500133 3.051038 -0.301052 0.276854 -0.240109 1.256953 46.350000
0.933997 1.483489 3.509493 3.035897 -0.235428 0.244799 -0.244039 1.353206 46.400000
1.059183 1.804531 3.518458 3.021527 -0.169055 0.222133 -0.246677 1.307271 46.450000
0.269633 1.980072 3.527263 3.007830 -0.100882 0.200707 -0.248455 1.404821 46.500000
0.000000 1.845646 3.535730 2.994794 -0.027704 0.170951 -0.249585 1.506138 46.550000
0.000000 1.976819 3.543598 2.982385 0.047235 0.139201 -0.249265 1.492061 46.600000
0.929392 2.021384 3.550818 2.970527 0.122936 0.108521 -0.247356 1.529024 46.650000
0.525511 2.070399 3.557624 2.959176 0.200177 0.087392 -0.244227 1.555629 46.700000
1.141498 1.889997 3.564149 2.948296 0.278688 0.063275 -0.240030 1.580040 46.750000
0.305274 1.713785 3.570458 2.937868 0.355975 0.046689 -0.234793 1.519656 46.800000
0.084514 1.790339 3.576536 2.927838 0.429302 0.024793 -0.228579 1.426172 46.850000
0.000000 2.145964 3.582196 2.918083 0.500238 0.003056 -0.221419 1.412320 46.900000
0.000000 1.791486 3.587418 2.908532 0.574400 -0.018879 -0.213387 1.535244 46.950000
0.347854 1.787839 3.592223 2.899132 0.648760 -0.039200 -0.204514 1.450849 47.000000
0.335703 1.831089 3.596734 2.889912 0.720215 -0.053821 -0.195123 1.412471 47.050000
0.000000 2.219468 3.601056 2.880911 0.790808 -0.066859 -0.185393 1.411105 47.100000
0.559662 2.103960 3.605167 2.872057 0.865454 -0.082557 -0.175060 1.553387 47.150000
0.964021 1.789106 3.609130 2.863373 0.943531 -0.092176 -0.164200 1.567457 47.200000
1.694842 1.946727 3.613112 2.855041 1.018726 -0.095914 -0.153538 1.456766 47.250000
1.101573 2.083486 3.617256 2.847308 1.091961 -0.091267 -0.143406 1.470876 47.300000
1.790278 1.957084 3.621560 2.840211 1.167146 -0.091689 -0.133606 1.528205 47.350000
0.884631 2.026258 3.625994 2.833782 1.242904 -0.084820 -0.124280 1.505756 47.400000
0.882662 1.607882 3.630514 2.827978 1.318684 -0.085702 -0.115435 1.523027 47.450000
1.787002 2.001962 3.635029 2.822609 1.390597 -0.085107 -0.107119 1.375163 47.500000
1.833736 2.068660 3.639553 2.817896 1.461832 -0.075254 -0.099406 1.461941 47.550000
0.878687 1.815729 3.644074 2.814052 1.536689 -0.065093 -0.092283 1.523515 47.600000
1.348214 1.378311 3.648532 2.810848 1.610914 -0.063426 -0.085741 1.455587 47.650000
0.664198 1.261878 3.652879 2.808171 1.678226 -0.056063 -0.079954 1.264277 47.700000
0.061383 1.127429 3.657089 2.805971 1.737863 -0.054038 -0.074894 1.138474 47.750000
0.935482 1.547162 3.661183 2.803950 1.791752 -0.056736 -0.070221 1.031329 47.800000
0.659211 1.407451 3.665136 2.802174 1.846550 -0.050958 -0.065738 1.145501 47.850000
0.642430 1.118580 3.668910 2.800768 1.903750 -0.047848 -0.061492 1.142926 47.900000
0.291906 1.330827 3.672508 2.799656 1.957723 -0.044437 -0.057629 1.030902 47.950000
0.070253 1.069948 3.675952 2.798749 2.010170 -0.044025 -0.054020 1.062819 48.000000
0.949646 0.985628 3.679291 2.797922 2.060864 -0.045314 -0.050574 0.976222 48.050000
1.272829 1.010755 3.682446 2.797313 2.107634 -0.037896 -0.047471 0.903872 48.100000
0.517423 0.879269 3.685265 2.797150 2.152167 -0.027431 -0.044827 0.880522 48.150000
0.000000 1.246583 3.687793 2.797326 2.194436 -0.024096 -0.042531 0.818029 48.200000
0.411281 0.821158 3.690196 2.797577 2.238582 -0.025672 -0.040307 0.933341 48.250000
0.142248 1.244524 3.692487 2.797882 2.282063 -0.023200 -0.038183 0.820075 48.300000
0.000000 1.537356 3.694645 2.798263 2.326261 -0.023236 -0.036159 0.933625 48.350000
0.000000 1.093011 3.696737 2.798645 2.377643 -0.024810 -0.034054 1.099938 48.400000
0.878279 0.854549 3.698792 2.799007 2.429902 -0.026218 -0.031950 1.003140 48.450000
0.000000 1.191048 3.700650 2.799485 2.476193 -0.019020 -0.030120 0.865978 48.500000
0.000000 1.441692 3.702311 2.800070 2.521416 -0.020104 -0.028469 0.934309 48.550000
0.598110 1.838812 3.703942 2.800634 2.571779 -0.021236 -0.026763 1.063438 48.600000
0.079433 2.144971 3.705425 2.801252 2.630919 -0.016957 -0.025057 1.273588 48.650000
0.000000 2.591691 3.706754 2.801928 2.700464 -0.017864 -0.023346 1.478754 48.700000
0.000000 2.533075 3.708056 2.802594 2.781548 -0.019657 -0.021470 1.726900 48.750000
0.151482 2.041306 3.709350 2.803247 2.870077 -0.021375 -0.019447 1.802406 48.800000
0.000000 1.582149 3.710600 2.803904 2.955895 -0.021313 -0.017482 1.653481 48.850000
0.000000 1.929191 3.711801 2.804565 3.032030 -0.022228 -0.015708 1.425743 48.900000
0.000000 1.860889 3.712980 2.805223 3.104344 -0.022853 -0.014014 1.461591 48.950000
0.882385 2.092619 3.714136 2.805881 -3.106067 -0.023298 -0.012342 1.450972 49.000000
0.576217 2.551373 3.715058 2.806526 -3.031175 -0.015402 -0.010896 1.532645 49.050000
1.400544 2.644942 3.715623 2.807132 -2.948748 -0.010622 -0.009768 1.733732 49.100000
1.871532 2.309499 3.715730 2.807636 -2.858824 0.001647 -0.009159 1.845552 49.150000
1.682551 2.449330 3.715120 2.807909 -2.768806 0.017856 -0.009477 1.767539 49.200000
2.619976 2.398397 3.713785 2.807861 -2.679830 0.031620 -0.010733 1.788276 49.250000
3.502210 2.012406 3.711641 2.807336 -2.590714 0.053365 -0.013079 1.778040 49.300000
3.066083 2.418992 3.708418 2.806041 -2.505958 0.082220 -0.016732 1.634540 49.350000
3.159488 2.238955 3.704162 2.803835 -2.421565 0.105436 -0.021831 1.727051 49.400000
4.102133 1.945306 3.699084 2.800694 -2.336042 0.127944 -0.028217 1.698540 49.450000
3.897290 2.086054 3.693165 2.796384 -2.254498 0.157731 -0.035566 1.581460 49.500000
4.243426 2.024083 3.686454 2.790738 -2.175242 0.183722 -0.044022 1.588208 49.550000
5.174352 1.595417 3.679116 2.783695 -2.096363 0.210983 -0.053640 1.570267 49.600000
4.929249 1.496326 3.671182 2.774986 -2.022543 0.245181 -0.063815 1.407254 49.650000
5.724372 1.791449 3.662758 2.764480 -1.955098 0.275338 -0.074161 1.305862 49.700000
4.848520 1.521620 3.653981 2.752077 -1.887768 0.310709 -0.085732 1.378221 49.750000
4.970852 1.595753 3.645056 2.737841 -1.820774 0.335497 -0.098249 1.312084 49.800000
5.136790 1.472060 3.636208 2.721992 -1.755061 0.359466 -0.111194 1.317049 49.850000
5.823452 1.369274 3.627583 2.704525 -1.690355 0.383014 -0.124533 1.278083 49.900000
6.000000 0.930617 3.619307 2.685315 -1.627894 0.411223 -0.137970 1.228844 49.950000
