-0.142625 -0.105154 0.556158 -0.745749 -1.443517 -0.130690 0.000000 -0.534693 0.000000
0.000000 -0.136593 0.555360 -0.739355 -1.464724 -0.127067 -0.001948 -0.335288 0.050000
0.654156 0.215796 0.554617 -0.733166 -1.478953 -0.122235 -0.003146 -0.243430 0.100000
1.495917 0.181474 0.553934 -0.727362 -1.485676 -0.111529 -0.003604 -0.044940 0.150000
2.339843 -0.009244 0.553322 -0.722274 -1.485274 -0.093442 -0.003457 0.051941 0.200000
3.323365 -0.121404 0.552807 -0.718266 -1.483406 -0.068204 -0.003231 0.025320 0.250000
3.770471 -0.153606 0.552425 -0.715721 -1.483866 -0.034768 -0.003133 -0.037797 0.300000
4.053413 -0.251105 0.552199 -0.714913 -1.487108 0.001585 -0.003060 -0.087168 0.350000
4.904277 -0.497829 0.552133 -0.715948 -1.493358 0.039223 -0.002857 -0.156072 0.400000
4.869406 -0.055673 0.552223 -0.719022 -1.505059 0.083374 -0.002227 -0.297597 0.450000
4.259452 -0.087214 0.552444 -0.724247 -1.516943 0.125520 -0.001280 -0.188817 0.500000
5.052003 -0.361871 0.552755 -0.731394 -1.525120 0.160376 -0.000407 -0.142833 0.550000
4.584011 0.048607 0.553134 -0.740433 -1.534755 0.201244 0.000863 -0.233553 0.600000
4.241343 0.102090 0.553554 -0.751366 -1.543046 0.236173 0.002112 -0.110378 0.650000
3.944300 0.282515 0.553999 -0.763932 -1.546071 0.266568 0.002573 -0.019331 0.700000
4.100566 0.463658 0.554475 -0.777919 -1.543516 0.293034 0.001963 0.109342 0.750000
4.953377 0.774986 0.555009 -0.793238 -1.533971 0.319914 -0.000207 0.257757 0.800000
5.754884 1.045565 0.555663 -0.810070 -1.515283 0.353575 -0.004717 0.467676 0.850000
6.000000 1.368962 0.556549 -0.828728 -1.485791 0.393057 -0.012447 0.687422 0.900000
5.579816 1.630074 0.557818 -0.849360 -1.444724 0.432561 -0.024159 0.926845 0.950000
4.779460 1.619227 0.559641 -0.871802 -1.392256 0.465306 -0.040177 1.144788 1.000000
4.031897 2.023465 0.562148 -0.895632 -1.332231 0.487545 -0.059226 1.244461 1.050000
3.081318 1.722457 0.565412 -0.920356 -1.264251 0.499522 -0.081165 1.447918 1.100000
2.642349 1.298637 0.569442 -0.945450 -1.192446 0.499654 -0.103984 1.429120 1.150000
2.825087 1.616277 0.574165 -0.970512 -1.125572 0.494386 -0.124129 1.270120 1.200000
2.713300 1.784580 0.579550 -0.995433 -1.060425 0.489588 -0.142749 1.329071 1.250000
2.291545 1.766453 0.585621 -1.020151 -0.991314 0.481474 -0.161801 1.423330 1.300000
1.333260 1.336543 0.592323 -1.044471 -0.919095 0.467285 -0.180688 1.461121 1.350000
0.929632 1.612036 0.599446 -1.068081 -0.850099 0.443890 -0.196895 1.319540 1.400000
0.816529 2.004008 0.606744 -1.090751 -0.782838 0.416770 -0.210768 1.364607 1.450000
0.498644 1.809584 0.614095 -1.112394 -0.709883 0.386763 -0.224419 1.529323 1.500000
0.300246 1.613256 0.621377 -1.132937 -0.633586 0.352679 -0.236803 1.522894 1.550000
0.000000 1.612243 0.628444 -1.152356 -0.559672 0.317761 -0.246307 1.444232 1.600000
0.642818 1.578146 0.635156 -1.170673 -0.488501 0.281552 -0.253018 1.406754 1.650000
0.594042 1.572371 0.641558 -1.188009 -0.419086 0.252805 -0.257514 1.373505 1.700000
0.893303 1.092941 0.647755 -1.204499 -0.350977 0.224847 -0.260227 1.352598 1.750000
0.847869 0.704987 0.653795 -1.220225 -0.288867 0.202725 -0.260713 1.157744 1.800000
0.781659 0.417624 0.659763 -1.235287 -0.237733 0.184956 -0.258785 0.917986 1.850000
0.253169 0.150725 0.665678 -1.249751 -0.198221 0.171497 -0.254883 0.689609 1.900000
0.840598 0.240118 0.671453 -1.263650 -0.169927 0.157721 -0.249423 0.466739 1.950000
0.093191 0.064603 0.677154 -1.277038 -0.148790 0.152538 -0.243173 0.386990 2.000000
0.011211 0.074015 0.682768 -1.289944 -0.132656 0.142418 -0.236503 0.270010 2.050000
0.000000 -0.331804 0.688133 -1.302371 -0.120833 0.133430 -0.229533 0.208589 2.100000
0.755138 -0.761228 0.693258 -1.314349 -0.116092 0.126959 -0.222086 0.000701 2.150000
0.416925 -0.898751 0.698366 -1.325937 -0.124292 0.131614 -0.213697 -0.299047 2.200000
0.008699 -0.967477 0.703602 -1.337191 -0.145266 0.136461 -0.204357 -0.516409 2.250000
0.000000 -1.177725 0.708822 -1.348131 -0.174958 0.139407 -0.194429 -0.655473 2.300000
0.848832 -1.270850 0.713949 -1.358774 -0.212016 0.143635 -0.184028 -0.808560 2.350000
1.299828 -0.991555 0.719188 -1.369200 -0.255529 0.156612 -0.173065 -0.918166 2.400000
1.832371 -0.709458 0.724818 -1.379517 -0.299779 0.172796 -0.161947 -0.859061 2.450000
2.216889 -0.372678 0.731014 -1.389819 -0.338799 0.191548 -0.151348 -0.718667 2.500000
2.623395 -0.325461 0.737917 -1.400189 -0.369030 0.210876 -0.141852 -0.513990 2.550000
2.049272 -0.461089 0.745634 -1.410690 -0.391299 0.231384 -0.133507 -0.390132 2.600000
1.386915 -0.417823 0.754073 -1.421306 -0.410562 0.244995 -0.125682 -0.381375 2.650000
1.932947 -0.717245 0.762928 -1.431933 -0.429019 0.251591 -0.118132 -0.359434 2.700000
1.426849 -0.519544 0.772148 -1.442576 -0.450110 0.263215 -0.110231 -0.472126 2.750000
0.665818 -0.201534 0.781715 -1.453264 -0.473101 0.269728 -0.102111 -0.450172 2.800000
0.808776 0.093548 0.791341 -1.463871 -0.491697 0.268099 -0.095074 -0.309118 2.850000
0.434473 0.301627 0.800890 -1.474310 -0.501713 0.266635 -0.089936 -0.111630 2.900000
1.222890 0.414289 0.810318 -1.484526 -0.501887 0.260523 -0.086847 0.085765 2.950000
1.002007 -0.009856 0.819717 -1.494537 -0.493271 0.260946 -0.085501 0.243176 3.000000
0.179805 -0.441989 0.829207 -1.504388 -0.483662 0.259202 -0.084374 0.150385 3.050000
0.853525 -0.753934 0.838569 -1.513984 -0.482607 0.250877 -0.081698 -0.086004 3.100000
1.762930 -1.053703 0.847779 -1.523361 -0.494177 0.250490 -0.076850 -0.350227 3.150000
2.358214 -1.069333 0.857159 -1.532752 -0.518999 0.259782 -0.069712 -0.613606 3.200000
2.293074 -1.543131 0.866985 -1.542387 -0.553555 0.274825 -0.060750 -0.752466 3.250000
3.149927 -1.239655 0.877308 -1.552380 -0.598345 0.288969 -0.049669 -1.007528 3.300000
2.387762 -1.339419 0.888201 -1.562898 -0.648747 0.310131 -0.037216 -1.008871 3.350000
2.739857 -1.048544 0.899598 -1.573984 -0.700357 0.322567 -0.024309 -1.050749 3.400000
3.721293 -1.188299 0.911338 -1.585603 -0.750308 0.336852 -0.011747 -0.959816 3.450000
4.224439 -0.748937 0.923577 -1.597974 -0.798730 0.358827 0.000667 -0.975780 3.500000
4.896681 -0.921775 0.936469 -1.611350 -0.842958 0.383848 0.012341 -0.814417 3.550000
4.683694 -1.415658 0.950105 -1.625929 -0.883540 0.413515 0.023465 -0.810308 3.600000
4.515527 -1.718887 0.964434 -1.641794 -0.929566 0.439123 0.036691 -1.007002 3.650000
4.991845 -1.357551 0.979226 -1.658901 -0.985893 0.460572 0.053546 -1.219220 3.700000
4.396612 -1.512658 0.994332 -1.677332 -1.045744 0.483935 0.071884 -1.181792 3.750000
4.072738 -1.107991 1.009582 -1.697045 -1.106225 0.499252 0.090652 -1.232445 3.800000
4.532728 -1.263590 1.024735 -1.717825 -1.164266 0.509776 0.108435 -1.107924 3.850000
4.773669 -0.989188 1.039710 -1.739668 -1.219967 0.523150 0.125255 -1.120338 3.900000
5.073232 -0.695882 1.054464 -1.762688 -1.273325 0.537403 0.141145 -1.028081 3.950000
4.320164 -0.308838 1.068956 -1.786964 -1.320502 0.554026 0.154661 -0.879739 4.000000
5.127372 -0.780640 1.083123 -1.812349 -1.358390 0.564239 0.164452 -0.663279 4.050000
4.962935 -0.697943 1.096949 -1.838826 -1.394024 0.581551 0.173392 -0.752895 4.100000
4.790996 -0.993462 1.110380 -1.866493 -1.432106 0.595574 0.183437 -0.769904 4.150000
4.294462 -0.851641 1.123309 -1.895215 -1.474266 0.605816 0.195222 -0.901822 4.200000
4.840554 -0.689238 1.135608 -1.924774 -1.519686 0.609434 0.208201 -0.914936 4.250000
4.877851 -0.809037 1.147204 -1.955128 -1.563967 0.617524 0.220411 -0.864336 4.300000
4.963150 -0.951376 1.158050 -1.986364 -1.608002 0.624976 0.232341 -0.894915 4.350000
4.748374 -1.027334 1.168068 -2.018441 -1.654882 0.631248 0.245349 -0.972262 4.400000
3.985783 -1.516680 1.177170 -2.051246 -1.705500 0.633125 0.259719 -1.044769 4.450000
3.701125 -1.754261 1.185289 -2.084450 -1.764149 0.623851 0.277059 -1.271927 4.500000
2.765643 -2.064207 1.192351 -2.117680 -1.833226 0.606764 0.297804 -1.464962 4.550000
2.799743 -2.428692 1.198348 -2.150515 -1.912146 0.575551 0.320766 -1.662809 4.600000
3.017307 -2.603648 1.203304 -2.182612 -2.001400 0.538769 0.345104 -1.874204 4.650000
3.413212 -2.438501 1.207208 -2.213879 -2.099230 0.498446 0.369289 -2.015492 4.700000
2.503425 -2.693499 1.210040 -2.244328 -2.199758 0.459046 0.390740 -2.006272 4.750000
2.265021 -2.862437 1.211955 -2.273794 -2.302464 0.408925 0.408890 -2.086329 4.800000
2.250001 -2.795042 1.213220 -2.302024 -2.409114 0.354100 0.423615 -2.163364 4.850000
1.798438 -2.745117 1.213995 -2.328980 -2.517092 0.298745 0.433926 -2.153679 4.900000
0.922376 -2.871671 1.214473 -2.354662 -2.623818 0.240977 0.439268 -2.117189 4.950000
1.464297 -2.750715 1.215005 -2.379019 -2.730184 0.177114 0.439738 -2.130105 5.000000
0.695007 -2.857854 1.215722 -2.402154 -2.835164 0.121846 0.435529 -2.074020 5.050000
1.395700 -3.000000 1.216705 -2.424216 -2.938972 0.063114 0.427131 -2.073601 5.100000
0.641058 -3.000000 1.217974 -2.445345 -3.043725 0.014013 0.415079 -2.106984 5.150000
1.255202 -2.933800 1.219535 -2.465692 3.134102 -0.038655 0.399653 -2.103956 5.200000
1.528287 -2.816534 1.221372 -2.485380 3.029907 -0.080608 0.381281 -2.067229 5.250000
2.329154 -2.983003 1.223205 -2.504497 2.928342 -0.114381 0.360941 -2.003987 5.300000
2.945029 -2.582812 1.224710 -2.523044 2.827225 -0.136329 0.339361 -2.034704 5.350000
2.572630 -2.345737 1.225523 -2.540925 2.729332 -0.147317 0.317682 -1.902589 5.400000
1.694716 -2.667801 1.225548 -2.558062 2.638090 -0.155765 0.296816 -1.768588 5.450000
1.018730 -2.654089 1.225022 -2.574528 2.547776 -0.169123 0.276098 -1.833575 5.500000
0.407633 -2.578048 1.224237 -2.590496 2.455537 -0.186379 0.254876 -1.852765 5.550000
0.000000 -2.863457 1.223387 -2.606145 2.363491 -0.205909 0.233215 -1.832272 5.600000
0.623925 -2.526876 1.222574 -2.621631 2.269139 -0.226409 0.210643 -1.926611 5.650000
1.289935 -2.591606 1.221691 -2.636907 2.175248 -0.237297 0.187882 -1.843105 5.700000
1.456724 -2.641523 1.220504 -2.651687 2.083264 -0.238271 0.165845 -1.837993 5.750000
1.001735 -2.821436 1.218906 -2.665755 1.990815 -0.235061 0.144570 -1.857801 5.800000
1.446586 -2.406762 1.216938 -2.679130 1.895758 -0.234044 0.123732 -1.933198 5.850000
2.437534 -2.261105 1.214631 -2.691766 1.802494 -0.226062 0.104208 -1.817025 5.900000
1.464330 -2.442021 1.211966 -2.703281 1.714346 -0.206209 0.087072 -1.724469 5.950000
1.336592 -2.666794 1.209028 -2.713642 1.627182 -0.194126 0.071673 -1.757649 6.000000
1.509220 -2.349915 1.205926 -2.723094 1.536524 -0.182233 0.057079 -1.854014 6.050000
1.349335 -2.312817 1.202727 -2.731616 1.446009 -0.167478 0.043855 -1.779064 6.100000
1.309565 -1.957875 1.199513 -2.739204 1.358227 -0.153121 0.032335 -1.738940 6.150000
2.191565 -1.673452 1.196361 -2.745916 1.275418 -0.138243 0.022635 -1.595720 6.200000
1.257914 -2.137336 1.193416 -2.751585 1.200258 -0.114577 0.015091 -1.434748 6.250000
1.066133 -2.372033 1.190749 -2.756272 1.125453 -0.099785 0.008871 -1.541822 6.300000
2.006401 -2.496138 1.188312 -2.760261 1.044625 -0.086783 0.003202 -1.671688 6.350000
2.411760 -2.626469 1.186245 -2.763441 0.958258 -0.064965 -0.001568 -1.768073 6.400000
2.454353 -2.438626 1.184787 -2.765620 0.867419 -0.039707 -0.004891 -1.852127 6.450000
3.232826 -2.070444 1.184084 -2.766818 0.775844 -0.014692 -0.006495 -1.816521 6.500000
3.011285 -1.812730 1.184350 -2.767032 0.689257 0.016665 -0.006216 -1.669810 6.550000
2.402703 -2.105855 1.185742 -2.766324 0.610142 0.044605 -0.004280 -1.517720 6.600000
1.789376 -2.095016 1.188141 -2.764954 0.532908 0.065556 -0.001091 -1.564655 6.650000
1.945427 -2.061755 1.191322 -2.763196 0.454244 0.079632 0.003024 -1.579708 6.700000
2.101259 -1.586353 1.195197 -2.761202 0.375430 0.094151 0.007811 -1.573816 6.750000
1.449248 -1.554651 1.199825 -2.759032 0.301843 0.109116 0.012876 -1.395919 6.800000
0.802617 -2.035795 1.205079 -2.756795 0.234486 0.117081 0.017873 -1.310592 6.850000
0.758695 -2.224807 1.210644 -2.754623 0.164813 0.118202 0.023117 -1.455620 6.900000
0.120727 -2.650044 1.216343 -2.752588 0.088297 0.118117 0.028785 -1.585789 6.950000
0.000000 -2.164316 1.221998 -2.750733 0.003024 0.111123 0.034780 -1.793103 7.000000
0.000000 -2.556811 1.227413 -2.749071 -0.083875 0.102531 0.040221 -1.697772 7.050000
0.000000 -2.623935 1.232550 -2.747576 -0.171809 0.093604 0.045005 -1.803102 7.100000
0.000000 -2.216944 1.237402 -2.746229 -0.263828 0.084213 0.049311 -1.867354 7.150000
0.000000 -2.443137 1.241967 -2.745002 -0.353662 0.074848 0.052732 -1.745310 7.200000
0.181388 -2.883807 1.246253 -2.743865 -0.441934 0.065584 0.055360 -1.780053 7.250000
0.000000 -2.749695 1.250301 -2.742814 -0.535900 0.057628 0.057609 -1.950985 7.300000
0.000000 -2.425288 1.254114 -2.741825 -0.633901 0.047713 0.059331 -1.966421 7.350000
0.633270 -2.717538 1.257667 -2.740852 -0.729026 0.038230 0.060230 -1.856333 7.400000
0.991507 -2.458161 1.261091 -2.739976 -0.823674 0.034947 0.060655 -1.919348 7.450000
0.155031 -2.425953 1.264543 -2.739358 -0.917634 0.035129 0.060943 -1.850233 7.500000
0.169223 -2.706349 1.267943 -2.738905 -1.009054 0.027718 0.060920 -1.812496 7.550000
1.125705 -2.293981 1.271181 -2.738458 -1.102174 0.020607 0.060454 -1.898399 7.600000
0.386054 -2.420228 1.274366 -2.738215 -1.193744 0.022853 0.059819 -1.782882 7.650000
0.115236 -2.558975 1.277514 -2.738218 -1.282931 0.018412 0.059100 -1.784331 7.700000
0.016463 -2.601040 1.280540 -2.738240 -1.373605 0.011607 0.058062 -1.834550 7.750000
0.000000 -2.938450 1.283437 -2.738196 -1.466314 0.004132 0.056609 -1.868307 7.800000
0.000000 -2.490742 1.286220 -2.738057 -1.563582 -0.003352 0.054712 -2.000709 7.850000
0.000000 -2.085004 1.288913 -2.737824 -1.660408 -0.010246 0.052383 -1.890306 7.900000
0.362323 -2.069590 1.291535 -2.737512 -1.749502 -0.016023 0.049769 -1.702979 7.950000
0.000000 -2.286324 1.294081 -2.737220 -1.832392 -0.017489 0.047089 -1.624638 8.000000
0.886401 -2.095568 1.296559 -2.736959 -1.915015 -0.021948 0.044329 -1.672851 8.050000
0.668394 -1.970478 1.298921 -2.736847 -1.997198 -0.017669 0.041666 -1.622252 8.100000
0.469292 -1.791372 1.301097 -2.737021 -2.076416 -0.015137 0.039326 -1.556415 8.150000
0.159442 -1.991314 1.303112 -2.737383 -2.151578 -0.014101 0.037210 -1.463778 8.200000
0.000000 -1.709194 1.305020 -2.737822 -2.225809 -0.015728 0.035159 -1.500121 8.250000
0.000000 -2.122951 1.306882 -2.738249 -2.298238 -0.018486 0.033084 -1.410137 8.300000
0.000000 -1.819914 1.308721 -2.738644 -2.372092 -0.020995 0.030923 -1.526878 8.350000
0.000000 -2.158455 1.310542 -2.739012 -2.446582 -0.023217 0.028701 -1.462245 8.400000
0.656171 -1.864673 1.312343 -2.739364 -2.522535 -0.025184 0.026418 -1.561219 8.450000
1.522648 -1.802756 1.313997 -2.739790 -2.598633 -0.020753 0.024277 -1.492872 8.500000
0.778182 -1.448175 1.315195 -2.740461 -2.671823 -0.008148 0.022703 -1.442198 8.550000
0.000000 -1.552728 1.315906 -2.741350 -2.739544 -0.002643 0.021672 -1.288567 8.600000
0.000000 -1.521539 1.316455 -2.742276 -2.803239 -0.004374 0.020779 -1.262814 8.650000
0.000000 -1.309234 1.317008 -2.743166 -2.865727 -0.005929 0.019847 -1.239899 8.700000
0.170612 -0.820248 1.317565 -2.744025 -2.925142 -0.007265 0.018895 -1.149072 8.750000
0.000000 -0.934193 1.318083 -2.744864 -2.976120 -0.006681 0.018002 -0.919930 8.800000
0.669523 -0.924858 1.318560 -2.745684 -3.020401 -0.007486 0.017169 -0.858978 8.850000
0.033894 -1.340391 1.318878 -2.746495 -3.062443 -0.001940 0.016448 -0.826688 8.900000
0.674241 -0.885120 1.319035 -2.747294 -3.107950 -0.002546 0.015819 -0.974906 8.950000
0.759711 -0.787996 1.319035 -2.748070 3.129573 0.002855 0.015288 -0.865421 9.000000
1.216831 -0.961758 1.318715 -2.748814 3.088821 0.008978 0.014942 -0.775712 9.050000
1.541436 -0.958444 1.317958 -2.749502 3.049300 0.019158 0.014836 -0.801966 9.100000
1.544487 -0.714714 1.316603 -2.750098 3.008884 0.031954 0.015074 -0.813311 9.150000
1.554533 -0.533691 1.314600 -2.750564 2.970776 0.044326 0.015599 -0.722075 9.200000
0.612199 -0.560190 1.311976 -2.750874 2.937935 0.056411 0.016247 -0.605323 9.250000
0.735059 -0.545769 1.308971 -2.751056 2.908982 0.059342 0.016892 -0.558169 9.300000
1.099839 -0.978241 1.305787 -2.751141 2.881895 0.063324 0.017506 -0.528666 9.350000
0.415407 -1.281147 1.302324 -2.751095 2.850991 0.070425 0.018393 -0.689003 9.400000
0.791298 -1.638486 1.298674 -2.750927 2.810961 0.070615 0.019786 -0.887881 9.450000
1.702667 -1.292335 1.294925 -2.750640 2.760007 0.073893 0.021747 -1.120093 9.500000
1.962141 -1.672435 1.290818 -2.750105 2.704822 0.085236 0.024144 -1.091263 9.550000
2.656383 -1.380000 1.286143 -2.749184 2.646476 0.098250 0.027154 -1.224595 9.600000
3.640181 -1.042882 1.280762 -2.747734 2.586747 0.116904 0.030818 -1.171956 9.650000
2.642041 -1.015353 1.274415 -2.745508 2.532455 0.143922 0.034815 -1.020129 9.700000
3.370192 -0.977682 1.267188 -2.742479 2.483667 0.160609 0.038931 -0.941735 9.750000
2.421892 -0.960296 1.259215 -2.738655 2.437989 0.183316 0.043212 -0.891969 9.800000
2.679242 -1.295687 1.250610 -2.734055 2.394209 0.196185 0.047671 -0.863122 9.850000
3.485335 -1.420179 1.241564 -2.728770 2.347699 0.210478 0.052810 -0.982437 9.900000
4.079974 -1.592976 1.231988 -2.722605 2.295630 0.230921 0.059227 -1.087067 9.950000
3.306687 -1.812242 1.221772 -2.715297 2.238018 0.255111 0.067219 -1.202488 10.000000
2.893264 -1.688610 1.211083 -2.706863 2.174033 0.269864 0.076928 -1.338582 10.050000
3.075844 -1.856834 1.200222 -2.697518 2.106720 0.278952 0.087489 -1.352616 10.100000
2.364322 -1.700186 1.189331 -2.687312 2.037054 0.288097 0.098606 -1.424417 10.150000
3.354804 -1.741483 1.178568 -2.676374 1.966590 0.289112 0.109749 -1.398516 10.200000
2.700964 -1.519970 1.167996 -2.664660 1.896468 0.298289 0.120698 -1.406044 10.250000
1.890513 -1.876712 1.157664 -2.652131 1.828382 0.300366 0.131109 -1.329015 10.300000
2.209913 -2.351466 1.147733 -2.639151 1.758985 0.293643 0.141333 -1.432408 10.350000
2.476790 -2.657340 1.138297 -2.625873 1.681058 0.287441 0.152660 -1.652228 10.400000
1.998385 -2.990078 1.129420 -2.612224 1.592694 0.280449 0.165344 -1.851481 10.450000
1.203952 -2.680929 1.121179 -2.598340 1.494461 0.265424 0.178810 -2.046091 10.500000
0.880035 -2.683711 1.113598 -2.584603 1.393269 0.241164 0.190951 -2.007711 10.550000
0.007084 -3.000000 1.106609 -2.571313 1.293297 0.213672 0.200605 -1.993014 10.600000
0.000000 -2.865762 1.100073 -2.558759 1.190623 0.177229 0.208015 -2.095660 10.650000
0.338893 -2.770496 1.093832 -2.547127 1.086243 0.140801 0.212693 -2.080770 10.700000
0.331270 -3.000000 1.087818 -2.536302 0.983445 0.108917 0.214526 -2.037241 10.750000
1.257438 -3.000000 1.081985 -2.526157 0.879792 0.077833 0.214045 -2.097513 10.800000
1.491215 -2.765851 1.076407 -2.516482 0.774380 0.056229 0.211721 -2.115109 10.850000
1.699251 -2.947132 1.071235 -2.507045 0.670907 0.038601 0.207937 -2.036326 10.900000
1.015339 -2.958286 1.066541 -2.497765 0.568113 0.024362 0.203101 -2.069341 10.950000
0.808062 -2.520275 1.062222 -2.488699 0.464242 0.004750 0.197200 -2.082544 11.000000
1.437397 -2.027671 1.058096 -2.479926 0.364536 -0.014049 0.190092 -1.930231 11.050000
1.678758 -2.015560 1.054284 -2.471378 0.274819 -0.022773 0.182385 -1.695385 11.100000
0.722275 -1.986079 1.051019 -2.462980 0.192818 -0.026127 0.174702 -1.599247 11.150000
1.532317 -1.928185 1.048155 -2.454777 0.114283 -0.036592 0.166961 -1.549384 11.200000
2.033602 -1.781689 1.045674 -2.446791 0.038017 -0.037810 0.159223 -1.507494 11.250000
1.841844 -2.269809 1.043890 -2.439020 -0.035319 -0.032930 0.151927 -1.436549 11.300000
2.671221 -1.912332 1.042866 -2.431505 -0.111520 -0.029886 0.145037 -1.588959 11.350000
2.002244 -1.412856 1.042719 -2.424316 -0.188968 -0.018805 0.138737 -1.519650 11.400000
2.097743 -0.954452 1.043464 -2.417518 -0.258842 -0.012344 0.133215 -1.306256 11.450000
1.364992 -0.571008 1.044956 -2.411146 -0.316635 -0.002609 0.128349 -1.041522 11.500000
0.665462 -1.017969 1.047047 -2.405198 -0.361144 0.002580 0.123962 -0.772771 11.550000
1.103088 -1.375184 1.049421 -2.399585 -0.401189 0.002067 0.119804 -0.822887 11.600000
0.423445 -1.827602 1.052004 -2.394290 -0.446957 0.004948 0.115841 -0.987116 11.650000
0.994900 -1.762707 1.054719 -2.389281 -0.503380 0.000002 0.111995 -1.236285 11.700000
1.964166 -1.866499 1.057519 -2.384543 -0.567577 -0.000311 0.108175 -1.319869 11.750000
2.904163 -1.870601 1.060689 -2.380271 -0.635704 0.008150 0.104687 -1.394719 11.800000
2.073595 -1.683934 1.064544 -2.376748 -0.706400 0.024963 0.101965 -1.428534 11.850000
2.208504 -1.461494 1.069032 -2.374020 -0.776255 0.033767 0.099956 -1.373720 11.900000
3.116656 -1.345446 1.073961 -2.372013 -0.841912 0.044228 0.098376 -1.267678 11.950000
3.109167 -1.012630 1.079433 -2.370936 -0.902771 0.063488 0.097363 -1.179209 12.000000
3.299287 -1.092339 1.085507 -2.370972 -0.957041 0.082879 0.096872 -1.013875 12.050000
2.662442 -1.335505 1.092124 -2.372172 -1.006532 0.103948 0.096872 -0.971591 12.100000
3.041320 -1.659967 1.099142 -2.374446 -1.057267 0.118111 0.097601 -1.048123 12.150000
3.536462 -1.845646 1.106439 -2.377739 -1.114216 0.134340 0.099422 -1.208600 12.200000
3.084993 -2.261510 1.113999 -2.382221 -1.178677 0.153329 0.102668 -1.350432 12.250000
4.067416 -2.121859 1.121699 -2.387878 -1.252389 0.165724 0.107579 -1.566700 12.300000
4.937130 -1.882852 1.129427 -2.394802 -1.331804 0.185361 0.113867 -1.604785 12.350000
4.767379 -2.061218 1.137140 -2.403377 -1.410018 0.211788 0.121061 -1.535075 12.400000
4.181008 -1.913588 1.144699 -2.413708 -1.487932 0.234845 0.129353 -1.576173 12.450000
5.016220 -1.637825 1.151911 -2.425547 -1.565728 0.250664 0.138407 -1.541657 12.500000
5.270885 -1.323416 1.158623 -2.438876 -1.639563 0.273437 0.147469 -1.429290 12.550000
4.918159 -1.356202 1.164698 -2.453871 -1.706430 0.298232 0.156042 -1.269241 12.600000
5.187001 -1.086813 1.170026 -2.470422 -1.768402 0.319071 0.164342 -1.217844 12.650000
5.245110 -0.892902 1.174505 -2.488416 -1.825843 0.341936 0.172242 -1.097264 12.700000
6.000000 -1.337799 1.178039 -2.507840 -1.877178 0.365303 0.179275 -0.973530 12.750000
5.396757 -1.549754 1.180495 -2.528780 -1.929271 0.394036 0.187260 -1.095717 12.800000
4.659331 -1.257305 1.181762 -2.551119 -1.988050 0.413627 0.197788 -1.237644 12.850000
4.016848 -1.617814 1.181860 -2.574406 -2.048655 0.424218 0.209099 -1.193818 12.900000
3.233296 -1.351696 1.180873 -2.598229 -2.111810 0.426720 0.221089 -1.316383 12.950000
3.291318 -1.625306 1.178923 -2.622181 -2.176339 0.420410 0.232969 -1.271701 13.000000
3.469874 -1.525293 1.176087 -2.646041 -2.242382 0.413377 0.244588 -1.358396 13.050000
3.135755 -1.691329 1.172321 -2.669766 -2.310327 0.406614 0.256023 -1.359745 13.100000
2.293514 -1.340310 1.167653 -2.693250 -2.380148 0.395320 0.267159 -1.424103 13.150000
2.060762 -1.664461 1.162290 -2.716233 -2.448367 0.376274 0.276694 -1.319344 13.200000
1.297686 -1.694818 1.156442 -2.738538 -2.516516 0.355036 0.284904 -1.395240 13.250000
0.308544 -1.262597 1.150329 -2.760005 -2.587437 0.325757 0.292266 -1.434797 13.300000
0.096709 -1.614646 1.144329 -2.780437 -2.654896 0.289257 0.296942 -1.283364 13.350000
0.628801 -1.726056 1.138702 -2.799785 -2.720855 0.252503 0.299404 -1.344486 13.400000
0.292842 -1.230914 1.133404 -2.818150 -2.789846 0.220729 0.300682 -1.404782 13.450000
0.625451 -1.610147 1.128413 -2.835620 -2.855334 0.188474 0.299828 -1.236611 13.500000
1.187155 -1.374121 1.123713 -2.852280 -2.919050 0.161414 0.297404 -1.301421 13.550000
1.206706 -1.392357 1.119103 -2.868234 -2.982237 0.141079 0.293931 -1.234219 13.600000
1.885267 -1.367776 1.114440 -2.883551 -3.043214 0.122913 0.289508 -1.207458 13.650000
1.794762 -1.803551 1.109554 -2.898272 -3.102908 0.112632 0.284517 -1.182982 13.700000
0.914170 -2.009419 1.104318 -2.912413 3.116780 0.100851 0.279531 -1.335037 13.750000
0.265541 -1.548378 1.099000 -2.925974 3.046068 0.079061 0.274415 -1.472392 13.800000
0.638609 -2.013413 1.093975 -2.939006 2.975860 0.052792 0.268240 -1.351910 13.850000
1.094269 -2.265791 1.089274 -2.951561 2.904839 0.031318 0.261116 -1.470634 13.900000
0.131367 -2.059677 1.084705 -2.963642 2.827320 0.013337 0.253350 -1.608629 13.950000
0.895606 -1.987074 1.080383 -2.975328 2.747570 -0.012813 0.244629 -1.583902 14.000000
1.240280 -1.939940 1.076315 -2.986663 2.669514 -0.029343 0.235030 -1.543681 14.050000
1.196269 -1.622931 1.072228 -2.997559 2.593346 -0.040426 0.225048 -1.507946 14.100000
0.780907 -1.336704 1.068037 -3.007977 2.521773 -0.049103 0.215024 -1.374141 14.150000
0.261713 -1.477076 1.063804 -3.017964 2.457766 -0.058202 0.205187 -1.208991 14.200000
0.000000 -1.573271 1.059671 -3.027636 2.397852 -0.069827 0.195411 -1.189875 14.250000
0.351233 -1.204118 1.055747 -3.037118 2.337581 -0.082737 0.185431 -1.216917 14.300000
0.000000 -1.379979 1.051988 -3.046398 2.280426 -0.090324 0.175551 -1.086773 14.350000
0.826453 -1.368497 1.048361 -3.055469 2.225817 -0.099543 0.165844 -1.096205 14.400000
1.655030 -1.329947 1.044777 -3.064240 2.171011 -0.100063 0.156273 -1.096172 14.450000
2.497572 -1.652932 1.041013 -3.072389 2.116599 -0.092091 0.147207 -1.082519 14.500000
2.160597 -1.917574 1.036891 -3.079584 2.059085 -0.076546 0.138734 -1.202423 14.550000
1.487912 -1.787140 1.032412 -3.085733 1.994575 -0.065353 0.130748 -1.356728 14.600000
1.306295 -2.178085 1.027743 -3.091064 1.926246 -0.060813 0.123216 -1.374135 14.650000
0.604747 -2.433799 1.023003 -3.095765 1.853140 -0.058220 0.115919 -1.527778 14.700000
1.379340 -2.340645 1.018283 -3.100048 1.772250 -0.062699 0.108482 -1.684099 14.750000
0.909918 -2.729743 1.013599 -3.103900 1.687244 -0.059579 0.101082 -1.711949 14.800000
1.626032 -2.603526 1.008957 -3.107252 1.597258 -0.060752 0.093783 -1.863539 14.850000
2.233956 -3.000000 1.004393 -3.110053 1.503721 -0.054782 0.086740 -1.876108 14.900000
2.216502 -3.000000 0.999971 -3.112002 1.405660 -0.043046 0.080382 -2.022552 14.950000
2.067109 -3.000000 0.995788 -3.112996 1.302959 -0.031615 0.074922 -2.076618 15.000000
2.708691 -2.673208 0.991930 -3.113118 1.198547 -0.021477 0.070404 -2.096662 15.050000
3.231393 -2.901409 0.988538 -3.112316 1.096838 -0.004944 0.067053 -1.989735 15.100000
3.341075 -3.000000 0.985833 -3.110423 0.996114 0.016281 0.065196 -2.032396 15.150000
2.697140 -2.560550 0.984003 -3.107430 0.893010 0.037665 0.064980 -2.083444 15.200000
2.750770 -2.967932 0.983067 -3.103577 0.792795 0.052457 0.065991 -1.947853 15.250000
2.127147 -2.585794 0.983011 -3.099095 0.692629 0.066989 0.068031 -2.043167 15.300000
1.750291 -2.613193 0.983777 -3.094196 0.593378 0.074936 0.070742 -1.943491 15.350000
0.877167 -2.213901 0.985199 -3.089117 0.496976 0.078981 0.073631 -1.917000 15.400000
0.941439 -2.098464 0.987027 -3.084069 0.405552 0.074908 0.076142 -1.764302 15.450000
0.191458 -1.627511 0.989090 -3.079162 0.320237 0.071952 0.078019 -1.663866 15.500000
0.000000 -2.005285 0.991232 -3.074450 0.243159 0.062844 0.079068 -1.450912 15.550000
0.364336 -1.588732 0.993242 -3.069977 0.169094 0.052548 0.079425 -1.503787 15.600000
0.443837 -1.258694 0.995161 -3.065715 0.097731 0.046309 0.079237 -1.370019 15.650000
1.293861 -0.789777 0.997100 -3.061633 0.034388 0.041944 0.078534 -1.188897 15.700000
0.601630 -0.716422 0.999287 -3.057717 -0.017702 0.046906 0.077508 -0.928908 15.750000
1.591389 -0.751791 1.001764 -3.053967 -0.059969 0.046349 0.076277 -0.780183 15.800000
0.620600 -0.785305 1.004602 -3.050399 -0.097388 0.055578 0.075045 -0.723531 15.850000
1.075817 -0.643089 1.007792 -3.047020 -0.133178 0.055662 0.073915 -0.709685 15.900000
1.771369 -0.191706 1.011205 -3.043828 -0.166882 0.060234 0.072796 -0.646027 15.950000
1.062650 -0.124231 1.015100 -3.040872 -0.193221 0.071872 0.071555 -0.431770 16.000000
0.177458 0.271266 1.019465 -3.038154 -0.210988 0.077354 0.070067 -0.293650 16.050000
0.000000 -0.106574 1.023930 -3.035594 -0.219066 0.075351 0.068127 -0.053219 16.100000
0.000000 -0.393600 1.028263 -3.033130 -0.222461 0.072221 0.065994 -0.079953 16.150000
0.442139 -0.797544 1.032430 -3.030751 -0.230203 0.068836 0.064143 -0.216222 16.200000
0.000000 -0.308921 1.036527 -3.028481 -0.247699 0.068866 0.062828 -0.458031 16.250000
0.633633 -0.335765 1.040545 -3.026322 -0.268520 0.064535 0.061686 -0.382861 16.300000
0.000000 -0.692114 1.044532 -3.024284 -0.286880 0.066492 0.060451 -0.354568 16.350000
0.012614 -0.476721 1.048488 -3.022363 -0.308268 0.062271 0.059381 -0.486546 16.400000
0.421069 -0.173137 1.052272 -3.020515 -0.332027 0.058167 0.058386 -0.466039 16.450000
0.137426 -0.361098 1.055984 -3.018769 -0.351571 0.058377 0.057216 -0.330306 16.500000
0.879368 -0.676895 1.059661 -3.017129 -0.368265 0.056194 0.055958 -0.336714 16.550000
0.000000 -1.140264 1.063402 -3.015635 -0.388807 0.060724 0.054920 -0.470542 16.600000
0.000000 -1.407748 1.067164 -3.014271 -0.419483 0.056186 0.054335 -0.726861 16.650000
0.000000 -1.182742 1.070744 -3.012960 -0.462292 0.050944 0.054126 -0.956875 16.700000
0.000000 -1.066294 1.074139 -3.011697 -0.510665 0.045504 0.053953 -0.975567 16.750000
0.000000 -0.654761 1.077354 -3.010475 -0.558399 0.040332 0.053583 -0.938486 16.800000
0.287776 -1.103657 1.080404 -3.009287 -0.600283 0.035809 0.052902 -0.759052 16.850000
0.000000 -1.128116 1.083355 -3.008170 -0.640831 0.034267 0.052122 -0.851486 16.900000
0.250475 -1.024514 1.086212 -3.007116 -0.684900 0.029903 0.051362 -0.904591 16.950000
0.982654 -0.824300 1.088968 -3.006120 -0.729679 0.028029 0.050545 -0.888575 17.000000
0.651770 -1.158967 1.091797 -3.005333 -0.771680 0.033268 0.049748 -0.802210 17.050000
1.282949 -1.599338 1.094759 -3.004820 -0.814360 0.035231 0.049105 -0.893626 17.100000
0.886739 -1.199841 1.097879 -3.004634 -0.865093 0.042479 0.048855 -1.107893 17.150000
0.649937 -1.116436 1.101162 -3.004814 -0.918859 0.045580 0.048886 -1.050380 17.200000
0.289423 -1.113312 1.104492 -3.005247 -0.969734 0.046553 0.048899 -0.992202 17.250000
0.618946 -1.044444 1.107778 -3.005818 -1.018560 0.044276 0.048822 -0.964415 17.300000
1.490055 -0.694014 1.111011 -3.006522 -1.065662 0.045269 0.048670 -0.924720 17.350000
1.599574 -0.688721 1.114321 -3.007604 -1.107505 0.054676 0.048507 -0.768448 17.400000
1.598879 -0.280994 1.117796 -3.009266 -1.143783 0.065120 0.048410 -0.691902 17.450000
0.731654 0.069457 1.121417 -3.011524 -1.172756 0.075648 0.048216 -0.490172 17.500000
1.273391 -0.083750 1.125092 -3.014180 -1.190416 0.078470 0.047547 -0.242553 17.550000
1.213635 -0.284978 1.128794 -3.017162 -1.200661 0.086711 0.046537 -0.174175 17.600000
0.521620 -0.573395 1.132559 -3.020563 -1.210679 0.094113 0.045608 -0.221808 17.650000
0.407357 -0.862474 1.136316 -3.024206 -1.225808 0.094501 0.045081 -0.368106 17.700000
0.357383 -0.494836 1.139984 -3.027905 -1.249639 0.093286 0.045151 -0.563536 17.750000
1.041890 -0.180995 1.143540 -3.031620 -1.276415 0.091467 0.045384 -0.513184 17.800000
1.390770 0.100769 1.147029 -3.035496 -1.297795 0.096407 0.045274 -0.358840 17.850000
1.759269 0.013328 1.150523 -3.039760 -1.310260 0.104954 0.044627 -0.160137 17.900000
2.436908 -0.465154 1.154068 -3.044566 -1.316303 0.116997 0.043590 -0.088641 17.950000
1.759812 -0.538947 1.157721 -3.050131 -1.325219 0.134716 0.042925 -0.251886 18.000000
1.345041 -0.651070 1.161457 -3.056425 -1.341108 0.145067 0.043062 -0.371273 18.050000
0.451923 -0.734586 1.165186 -3.063175 -1.362698 0.150824 0.043885 -0.480498 18.100000
0.091667 -0.641261 1.168818 -3.070066 -1.389232 0.147734 0.045222 -0.570707 18.150000
0.447400 -0.744211 1.172286 -3.076806 -1.417978 0.141228 0.046650 -0.578278 18.200000
0.000000 -0.647366 1.175592 -3.083399 -1.448158 0.138129 0.048074 -0.623699 18.250000
0.502295 -0.999568 1.178736 -3.089824 -1.478882 0.130899 0.049390 -0.607135 18.300000
0.000000 -1.022449 1.181722 -3.096099 -1.512966 0.128326 0.050867 -0.740495 18.350000
0.692253 -1.437152 1.184548 -3.102222 -1.552056 0.120760 0.052612 -0.814120 18.400000
0.044381 -1.250378 1.187209 -3.108236 -1.598334 0.119287 0.054791 -1.011935 18.450000
0.330499 -1.180866 1.189700 -3.114141 -1.649441 0.111342 0.057133 -1.029986 18.500000
0.599226 -0.747380 1.192028 -3.119853 -1.700408 0.106219 0.059147 -1.011118 18.550000
1.156431 -0.572634 1.194187 -3.125503 -1.745949 0.104110 0.060552 -0.833060 18.600000
0.653070 -0.124663 1.196154 -3.131290 -1.783302 0.107867 0.061315 -0.679583 18.650000
1.133006 -0.592577 1.197933 -3.137226 -1.810138 0.107658 0.061292 -0.422827 18.700000
1.040188 -0.370815 1.199530 -3.143311 -1.832958 0.112253 0.061004 -0.483377 18.750000
1.524178 -0.438332 1.200920 -3.149623 -1.855472 0.115845 0.060764 -0.423779 18.800000
1.111845 -0.879457 1.202075 -3.156241 -1.876582 0.123919 0.060507 -0.420991 18.850000
0.430573 -0.595969 1.202985 -3.163160 -1.902613 0.127451 0.060792 -0.600195 18.900000
0.000000 -1.058789 1.203721 -3.170115 -1.931936 0.124232 0.061360 -0.575545 18.950000
0.469227 -1.446841 1.204371 -3.176855 -1.965574 0.116747 0.062166 -0.749444 19.000000
0.059779 -1.772804 1.204925 -3.183381 -2.009706 0.112960 0.063673 -0.986197 19.050000
0.957552 -1.692268 1.205375 -3.189693 -2.065648 0.104367 0.065844 -1.220091 19.100000
0.212138 -1.750875 1.205662 -3.195874 -2.128687 0.103625 0.068285 -1.291595 19.150000
0.000000 -1.844462 1.205777 -3.201945 -2.194769 0.095491 0.070655 -1.344175 19.200000
0.000000 -2.186538 1.205851 -3.207714 -2.263608 0.085230 0.072688 -1.401124 19.250000
0.240754 -2.197419 1.205932 -3.213148 -2.337980 0.074628 0.074454 -1.551513 19.300000
0.835331 -1.823987 1.205997 -3.218297 -2.417409 0.065987 0.075905 -1.615841 19.350000
0.815777 -1.746148 1.205915 -3.223299 -2.494986 0.063261 0.076898 -1.503967 19.400000
1.082322 -1.327927 1.205585 -3.228241 -2.568051 0.060843 0.077515 -1.429485 19.450000
0.143111 -1.101975 1.204956 -3.233143 -2.634160 0.061682 0.077764 -1.241500 19.500000
0.000000 -0.824417 1.204165 -3.237929 -2.691481 0.054684 0.077497 -1.073861 19.550000
0.989923 -1.164409 1.203432 -3.242494 -2.740000 0.047581 0.076632 -0.890378 19.600000
1.603926 -1.423700 1.202565 -3.246934 -2.785876 0.050279 0.075631 -0.938597 19.650000
2.232832 -1.325019 1.201221 -3.251374 -2.836291 0.058170 0.075018 -1.062055 19.700000
1.874382 -1.073988 1.199136 -3.255864 -2.889905 0.071308 0.074949 -1.080283 19.750000
2.638868 -0.714815 1.196269 -3.260370 -2.941420 0.080826 0.075194 -0.991997 19.800000
2.100372 -0.999153 1.192538 -3.264861 -2.985940 0.097784 0.075465 -0.811726 19.850000
1.767226 -1.230342 1.187912 -3.269306 -3.027316 0.109393 0.075961 -0.839986 19.900000
1.953286 -0.859619 1.182624 -3.273632 -3.072264 0.117052 0.077015 -0.944864 19.950000
2.468302 -0.680960 1.176733 -3.277792 -3.116801 0.126123 0.078256 -0.848858 20.000000
2.847107 -1.064069 1.170095 -3.281760 3.127178 0.140132 0.079313 -0.733624 20.050000
2.484800 -0.656259 1.162531 -3.285503 3.087753 0.157033 0.080805 -0.831736 20.100000
1.654677 -1.110494 1.154079 -3.288975 3.049364 0.169949 0.082528 -0.717869 20.150000
1.506388 -0.704845 1.145054 -3.292164 3.009922 0.174441 0.084571 -0.844520 20.200000
0.581787 -0.657607 1.135717 -3.295067 2.970500 0.177275 0.086635 -0.744652 20.250000
0.000000 -0.326217 1.126326 -3.297721 2.935138 0.171798 0.088088 -0.677741 20.300000
0.000000 0.090622 1.117223 -3.300202 2.905904 0.161813 0.088569 -0.510617 20.350000
0.656038 -0.344160 1.108511 -3.302564 2.887498 0.153511 0.087626 -0.252954 20.400000
0.000000 -0.046056 1.100007 -3.304789 2.873639 0.152185 0.086158 -0.296807 20.450000
0.661990 0.024186 1.091700 -3.306886 2.861596 0.145055 0.084505 -0.195118 20.500000
0.455161 -0.290939 1.083574 -3.308862 2.854190 0.144901 0.082397 -0.109480 20.550000
0.241838 -0.008127 1.075516 -3.310695 2.846360 0.142805 0.080401 -0.195181 20.600000
0.000000 0.308146 1.067618 -3.312415 2.838597 0.138836 0.078448 -0.122415 20.650000
0.000000 0.572568 1.059971 -3.314061 2.837290 0.133469 0.075911 0.053656 20.700000
0.000000 0.255003 1.052600 -3.315663 2.845780 0.129296 0.072538 0.265083 20.750000
0.000000 0.324576 1.045483 -3.317233 2.858545 0.125650 0.068916 0.247475 20.800000
0.000000 0.566444 1.038608 -3.318772 2.871473 0.122096 0.065435 0.267681 20.850000
0.000000 0.739321 1.031966 -3.320283 2.887949 0.118920 0.061800 0.379720 20.900000
0.440920 0.362198 1.025541 -3.321773 2.910547 0.116276 0.057809 0.510009 20.950000
0.660479 0.712829 1.019221 -3.323225 2.933628 0.117744 0.053924 0.422893 21.000000
0.750428 0.469268 1.012856 -3.324611 2.957523 0.121133 0.050059 0.522024 21.050000
1.041340 0.135514 1.006377 -3.325930 2.982273 0.125159 0.046191 0.473419 21.100000
1.816451 -0.076224 0.999703 -3.327176 3.001450 0.131278 0.042877 0.311082 21.150000
1.313851 0.280366 0.992605 -3.328316 3.012184 0.143814 0.040380 0.135956 21.200000
0.478474 0.470573 0.985045 -3.329342 3.020482 0.151039 0.038138 0.190545 21.250000
1.230702 0.604721 0.977348 -3.330306 3.033033 0.150411 0.035497 0.300336 21.300000
2.031643 1.087714 0.969531 -3.331229 3.051214 0.157004 0.032298 0.414809 21.350000
1.445350 1.380251 0.961235 -3.332103 3.079092 0.171086 0.027929 0.671258 21.400000
1.158500 1.693192 0.952426 -3.332977 3.119464 0.179406 0.021929 0.914051 21.450000
0.771718 2.116051 0.943324 -3.333920 -3.111370 0.184664 0.014384 1.149372 21.500000
0.957268 2.550581 0.934110 -3.334988 -3.046349 0.185706 0.005305 1.414558 21.550000
0.057721 2.426860 0.924856 -3.336236 -2.967806 0.187562 -0.005337 1.686692 21.600000
0.000000 2.733527 0.915765 -3.337675 -2.881640 0.179717 -0.016441 1.750390 21.650000
0.689035 3.000000 0.907085 -3.339258 -2.790183 0.170201 -0.027296 1.886512 21.700000
0.246503 3.000000 0.898704 -3.341025 -2.691596 0.165792 -0.038188 2.033169 21.750000
0.000000 3.000000 0.890602 -3.342980 -2.588360 0.155735 -0.048731 2.087388 21.800000
0.000000 3.000000 0.882946 -3.345017 -2.483408 0.142248 -0.058228 2.107429 21.850000
0.376035 2.765309 0.875784 -3.347058 -2.377821 0.127967 -0.066423 2.114846 21.900000
1.300410 2.303167 0.869040 -3.349118 -2.274401 0.116865 -0.073193 2.035313 21.950000
0.741078 2.411058 0.862502 -3.351394 -2.178234 0.114673 -0.078639 1.842815 22.000000
1.500643 2.857954 0.856119 -3.353933 -2.087060 0.107262 -0.083179 1.809435 22.050000
1.456533 3.000000 0.849897 -3.356768 -1.992310 0.106230 -0.087570 1.956811 22.100000
1.698380 3.000000 0.843807 -3.360027 -1.891419 0.103504 -0.092141 2.061488 22.150000
1.443114 3.000000 0.837892 -3.363733 -1.787239 0.102091 -0.096647 2.099381 22.200000
1.730948 3.000000 0.832205 -3.367854 -1.681872 0.097585 -0.100859 2.112976 22.250000
1.291106 3.000000 0.826794 -3.372371 -1.576082 0.095293 -0.104701 2.117851 22.300000
2.163082 3.000000 0.821696 -3.377213 -1.470140 0.088459 -0.108075 2.119450 22.350000
1.550197 3.000000 0.816965 -3.382450 -1.364152 0.089527 -0.111121 2.120051 22.400000
2.385300 3.000000 0.812643 -3.388098 -1.258142 0.084432 -0.113909 2.120243 22.450000
2.571918 3.000000 0.808799 -3.394158 -1.152127 0.086910 -0.116506 2.120420 22.500000
3.296457 3.000000 0.805571 -3.400789 -1.046095 0.090643 -0.119250 2.120909 22.550000
3.470896 2.920147 0.803130 -3.408089 -0.940028 0.100543 -0.122421 2.121890 22.600000
3.137723 3.000000 0.801665 -3.416117 -0.834714 0.111315 -0.126205 2.095468 22.650000
4.100929 2.576113 0.801217 -3.424707 -0.729374 0.117998 -0.130518 2.115066 22.700000
4.542734 2.999337 0.801952 -3.433814 -0.627729 0.133407 -0.135168 1.974640 22.750000
4.674292 2.637836 0.804173 -3.443476 -0.526082 0.151619 -0.140906 2.075110 22.800000
5.249151 2.520203 0.808022 -3.453555 -0.424924 0.169591 -0.147677 1.986609 22.850000
4.692464 2.737642 0.813661 -3.463904 -0.327680 0.192040 -0.155170 1.915635 22.900000
3.951574 3.000000 0.821075 -3.474309 -0.230341 0.207369 -0.163741 1.969821 22.950000
4.284898 2.503535 0.829919 -3.484475 -0.128514 0.212992 -0.173417 2.084666 23.000000
3.776801 2.865588 0.840032 -3.494196 -0.028119 0.220516 -0.182986 1.953527 23.050000
3.743816 3.000000 0.851299 -3.503337 0.071941 0.221814 -0.192506 2.035697 23.100000
2.834228 2.660491 0.863496 -3.511763 0.176006 0.220375 -0.202320 2.114043 23.150000
1.943030 3.000000 0.876299 -3.519413 0.279063 0.209507 -0.211162 2.023390 23.200000
2.267540 2.819860 0.889229 -3.526346 0.382740 0.189457 -0.218654 2.108816 23.250000
2.139307 3.000000 0.902096 -3.532595 0.487184 0.172027 -0.224592 2.074257 23.300000
2.402764 2.520480 0.914902 -3.538156 0.592330 0.153126 -0.229055 2.122731 23.350000
1.819975 2.608773 0.927632 -3.543016 0.694005 0.137978 -0.231714 1.969296 23.400000
1.448590 2.118972 0.940219 -3.547232 0.791693 0.118995 -0.232684 1.941923 23.450000
1.252644 2.309126 0.952497 -3.550964 0.883344 0.099179 -0.231794 1.753347 23.500000
0.887902 2.691868 0.964407 -3.554315 0.970839 0.079794 -0.229397 1.746640 23.550000
1.606218 2.257511 0.975892 -3.557411 1.062008 0.056964 -0.225948 1.878196 23.600000
0.839812 2.356271 0.987005 -3.560201 1.152768 0.042293 -0.221382 1.768915 23.650000
1.768330 2.705668 0.997775 -3.562698 1.240972 0.022425 -0.215802 1.759869 23.700000
2.428416 2.407678 1.008221 -3.564865 1.332452 0.011701 -0.209504 1.879761 23.750000
3.044300 2.708393 1.018434 -3.566356 1.424628 0.008118 -0.202957 1.817144 23.800000
3.851990 2.501833 1.028414 -3.566879 1.517923 0.010897 -0.196632 1.901241 23.850000
2.972738 2.356963 1.038098 -3.566127 1.611776 0.021694 -0.190978 1.859911 23.900000
2.500938 2.370867 1.047378 -3.564148 1.702836 0.025301 -0.185953 1.793214 23.950000
3.444809 2.395382 1.056188 -3.561291 1.791911 0.025481 -0.181191 1.772962 24.000000
2.629139 2.510617 1.064421 -3.557487 1.880602 0.035071 -0.176903 1.774700 24.050000
2.711581 2.898112 1.071999 -3.552764 1.970574 0.036895 -0.173157 1.817436 24.100000
3.091785 2.411086 1.078909 -3.547356 2.065941 0.038596 -0.169807 1.972186 24.150000
2.613917 2.708893 1.085041 -3.541245 2.161188 0.044208 -0.166799 1.856611 24.200000
3.287796 2.961516 1.090349 -3.534518 2.255863 0.045659 -0.164130 1.920113 24.250000
4.249925 2.986637 1.094746 -3.527236 2.355169 0.052606 -0.162006 2.033620 24.300000
3.584940 2.874072 1.097918 -3.519242 2.458335 0.067614 -0.160899 2.084833 24.350000
4.181006 2.986870 1.099764 -3.510643 2.561989 0.075857 -0.160699 2.064920 24.400000
4.986343 3.000000 1.100243 -3.501620 2.666210 0.089176 -0.161345 2.098629 24.450000
5.542134 3.000000 1.099043 -3.492202 2.771670 0.109023 -0.163291 2.117267 24.500000
5.239860 3.000000 1.095860 -3.482494 2.877788 0.132743 -0.166865 2.126641 24.550000
5.148431 2.689043 1.090660 -3.472739 2.984283 0.152034 -0.171979 2.132852 24.600000
5.700149 2.754179 1.083579 -3.463208 3.087873 0.169623 -0.177966 2.028970 24.650000
5.160147 2.706890 1.074576 -3.454127 -3.094214 0.191369 -0.184891 2.017785 24.700000
4.904906 3.000000 1.063754 -3.445713 -2.993852 0.206430 -0.192795 2.000393 24.750000
5.130013 2.833809 1.051428 -3.438149 -2.890938 0.216709 -0.201729 2.100166 24.800000
4.135147 2.587190 1.037758 -3.431613 -2.786523 0.226972 -0.211327 2.080524 24.850000
3.612014 2.456048 1.023065 -3.426181 -2.685180 0.227164 -0.220469 1.988855 24.900000
3.276055 2.227942 1.007794 -3.421800 -2.588039 0.222590 -0.228459 1.909844 24.950000
3.088648 2.090955 0.992211 -3.418418 -2.495760 0.215642 -0.235008 1.799013 25.000000
2.452124 1.694702 0.976483 -3.415991 -2.408467 0.208099 -0.240098 1.706984 25.050000
3.111686 1.368985 0.960800 -3.414405 -2.328344 0.196786 -0.243384 1.525122 25.100000
2.736293 1.446744 0.945174 -3.413682 -2.257686 0.194909 -0.244854 1.329464 25.150000
2.265654 1.766987 0.929574 -3.413883 -2.192733 0.191414 -0.245365 1.276033 25.200000
2.090418 2.238585 0.914161 -3.414850 -2.126156 0.183098 -0.245809 1.372957 25.250000
2.564584 2.562872 0.899077 -3.416434 -2.051355 0.170668 -0.246788 1.587003 25.300000
1.656999 2.284148 0.884361 -3.418659 -1.966165 0.159514 -0.248327 1.788848 25.350000
1.096478 2.258665 0.870109 -3.421382 -1.877443 0.139024 -0.249209 1.763161 25.400000
1.347202 2.500703 0.856437 -3.424259 -1.789927 0.114502 -0.248526 1.739975 25.450000
1.841513 2.093630 0.843339 -3.427208 -1.700753 0.092846 -0.246553 1.814237 25.500000
2.109786 2.033038 0.830766 -3.430387 -1.613550 0.077574 -0.243350 1.692247 25.550000
2.587339 1.647904 0.818694 -3.433984 -1.531000 0.067327 -0.239230 1.620251 25.600000
2.606466 2.071662 0.807143 -3.438182 -1.454918 0.064470 -0.234561 1.448407 25.650000
2.897858 2.169148 0.796155 -3.443095 -1.380012 0.062749 -0.229896 1.534908 25.700000
3.237442 2.291585 0.785790 -3.448752 -1.301236 0.063066 -0.225531 1.605483 25.750000
3.206989 2.511083 0.776138 -3.455235 -1.218861 0.065884 -0.221573 1.678431 25.800000
2.805890 2.914220 0.767281 -3.462539 -1.131810 0.067334 -0.218103 1.786713 25.850000
2.522597 3.000000 0.759233 -3.470482 -1.037092 0.063138 -0.215028 1.971854 25.900000
2.175944 3.000000 0.751956 -3.478830 -0.935656 0.054920 -0.211914 2.069052 25.950000
1.964328 2.923594 0.745389 -3.487392 -0.831219 0.043396 -0.208294 2.102341 26.000000
1.747331 2.451848 0.739462 -3.496028 -0.726579 0.030847 -0.203905 2.085569 26.050000
1.523286 2.776322 0.734118 -3.504648 -0.627365 0.018913 -0.198654 1.911320 26.100000
1.158594 2.689971 0.729292 -3.513187 -0.530350 0.006675 -0.192720 1.960730 26.150000
1.231001 2.965996 0.724870 -3.521567 -0.432718 -0.007830 -0.186065 1.946416 26.200000
0.486834 3.000000 0.720793 -3.529760 -0.332744 -0.020770 -0.178665 2.037102 26.250000
0.000000 2.556745 0.716904 -3.537727 -0.229625 -0.039825 -0.170308 2.079922 26.300000
0.000000 3.000000 0.712936 -3.545432 -0.129780 -0.060715 -0.160889 1.936979 26.350000
0.000000 2.580339 0.708811 -3.552917 -0.029926 -0.079474 -0.150385 2.039801 26.400000
0.185180 2.713917 0.704557 -3.560245 0.068806 -0.095828 -0.139065 1.927695 26.450000
0.000000 2.220406 0.700265 -3.567459 0.165356 -0.107904 -0.127296 1.933311 26.500000
0.027469 2.504893 0.695983 -3.574590 0.256961 -0.118892 -0.115540 1.758747 26.550000
0.939791 2.683598 0.691724 -3.581658 0.345946 -0.127361 -0.103785 1.795040 26.600000
1.260191 2.667312 0.687730 -3.588598 0.437977 -0.126008 -0.091937 1.873885 26.650000
1.682967 2.300895 0.684278 -3.595284 0.532390 -0.120556 -0.080510 1.898944 26.700000
2.580887 2.146501 0.681507 -3.601582 0.623836 -0.109694 -0.070263 1.778498 26.750000
3.394721 2.056397 0.679629 -3.607243 0.709850 -0.089256 -0.061774 1.678080 26.800000
2.844632 2.148239 0.678870 -3.611929 0.791710 -0.060828 -0.055299 1.607502 26.850000
2.951431 2.154219 0.679155 -3.615526 0.872278 -0.037875 -0.050596 1.614434 26.900000
2.104718 2.238655 0.680283 -3.618047 0.953165 -0.014379 -0.047382 1.620342 26.950000
2.323444 1.756852 0.682031 -3.619594 1.035155 0.000582 -0.045379 1.654232 27.000000
2.445372 1.403459 0.684209 -3.620261 1.113180 0.017429 -0.044337 1.491323 27.050000
2.972136 1.005967 0.686760 -3.619960 1.182084 0.035390 -0.044124 1.293369 27.100000
2.406246 1.138560 0.689650 -3.618544 1.240066 0.058218 -0.044550 1.058015 27.150000
2.870830 0.707213 0.692794 -3.616032 1.291461 0.075275 -0.045487 1.004878 27.200000
1.961334 0.976463 0.696106 -3.612463 1.336286 0.096340 -0.046677 0.812550 27.250000
2.381180 0.490034 0.699504 -3.607963 1.377373 0.108315 -0.048095 0.829030 27.300000
1.911901 0.042957 0.702914 -3.602668 1.413641 0.123978 -0.049459 0.643981 27.350000
2.757422 0.309557 0.706308 -3.596608 1.438258 0.135420 -0.050045 0.371161 27.400000
2.805437 0.625767 0.709687 -3.589716 1.455958 0.154736 -0.050179 0.340306 27.450000
2.338131 0.241240 0.713056 -3.581813 1.476161 0.173577 -0.050853 0.455575 27.500000
2.719943 -0.071658 0.716370 -3.573037 1.496231 0.187342 -0.051706 0.357920 27.550000
3.616472 -0.167549 0.719614 -3.563435 1.509125 0.204613 -0.051742 0.176619 27.600000
4.550987 0.051492 0.722812 -3.552734 1.514138 0.230096 -0.050751 0.037550 27.650000
4.501740 0.158286 0.725997 -3.540547 1.516460 0.263456 -0.049442 0.054014 27.700000
4.349691 0.436889 0.729174 -3.526729 1.520686 0.294931 -0.048615 0.109920 27.750000
5.011761 0.777279 0.732315 -3.511392 1.530297 0.323403 -0.049104 0.259783 27.800000
4.551719 1.260678 0.735370 -3.494481 1.549457 0.356219 -0.052114 0.483205 27.850000
4.836075 1.002255 0.738241 -3.476025 1.582316 0.382303 -0.059039 0.795392 27.900000
3.888527 0.661395 0.740791 -3.456145 1.623522 0.408896 -0.068669 0.847449 27.950000
3.686416 0.681897 0.742934 -3.435076 1.662896 0.425280 -0.078037 0.741400 28.000000
3.534283 0.792366 0.744644 -3.413144 1.698852 0.439035 -0.086461 0.702387 28.050000
3.881044 0.864159 0.745893 -3.390481 1.734761 0.450419 -0.094911 0.731389 28.100000
4.058884 0.831628 0.746624 -3.367096 1.772615 0.463872 -0.104024 0.778151 28.150000
4.092785 1.006532 0.746759 -3.342931 1.811891 0.477741 -0.113668 0.792295 28.200000
4.487092 0.719338 0.746233 -3.318007 1.853749 0.490408 -0.124250 0.873228 28.250000
5.039966 0.336501 0.744957 -3.292306 1.895422 0.505654 -0.134802 0.803647 28.300000
5.475073 0.159898 0.742836 -3.265676 1.930530 0.526108 -0.143091 0.623421 28.350000
4.883829 0.365648 0.739797 -3.237943 1.957346 0.551069 -0.148480 0.467952 28.400000
5.019795 0.545133 0.735865 -3.209186 1.980985 0.569986 -0.152855 0.477534 28.450000
5.583941 0.106000 0.731061 -3.179575 2.007135 0.588695 -0.158443 0.560329 28.500000
5.371341 -0.123337 0.725286 -3.149036 2.031463 0.612071 -0.163420 0.428638 28.550000
5.072683 0.143380 0.718524 -3.117536 2.048493 0.634008 -0.165373 0.270183 28.600000
4.406166 -0.346517 0.710864 -3.085205 2.062817 0.652831 -0.166292 0.300372 28.650000
4.097099 -0.433115 0.702427 -3.052283 2.072685 0.665685 -0.165220 0.113358 28.700000
4.980542 -0.719684 0.693380 -3.018951 2.074503 0.676942 -0.160426 -0.027562 28.750000
4.308605 -0.473273 0.683731 -2.985056 2.067569 0.697773 -0.151519 -0.230458 28.800000
3.987056 -0.855420 0.673547 -2.950522 2.055761 0.712360 -0.140409 -0.241761 28.850000
4.602715 -0.452997 0.663006 -2.915548 2.038990 0.724049 -0.127014 -0.412628 28.900000
4.928068 -0.667529 0.652163 -2.880049 2.020320 0.740943 -0.112943 -0.343117 28.950000
5.211631 -0.497906 0.640968 -2.843844 2.001571 0.759794 -0.099060 -0.402119 29.000000
4.391726 -0.611377 0.629431 -2.806820 1.982389 0.780170 -0.085165 -0.370207 29.050000
3.780068 -0.962551 0.617658 -2.769120 1.962876 0.791750 -0.071334 -0.408110 29.100000
2.872449 -1.066439 0.605857 -2.731055 1.937730 0.797242 -0.054655 -0.580882 29.150000
2.058712 -1.228143 0.594273 -2.692932 1.904835 0.793917 -0.034136 -0.721496 29.200000
2.695290 -0.863868 0.583147 -2.655106 1.864731 0.782426 -0.010440 -0.868223 29.250000
3.198414 -1.253844 0.572572 -2.617601 1.823073 0.776048 0.013053 -0.808832 29.300000
3.421155 -0.768724 0.562505 -2.580173 1.778783 0.773181 0.037083 -0.948691 29.350000
3.953318 -1.170695 0.552981 -2.542674 1.734544 0.771097 0.060171 -0.838018 29.400000
3.530483 -1.643032 0.543999 -2.504963 1.689353 0.772572 0.083008 -0.957811 29.450000
4.244667 -1.168528 0.535665 -2.467057 1.634409 0.767256 0.110365 -1.210195 29.500000
3.740818 -1.130921 0.528129 -2.428949 1.575519 0.766056 0.138786 -1.156668 29.550000
3.406382 -0.979390 0.521438 -2.390658 1.518413 0.758430 0.165073 -1.134090 29.600000
4.051071 -0.985564 0.515615 -2.352441 1.463340 0.746584 0.188958 -1.079083 29.650000
4.657345 -0.940486 0.510680 -2.314268 1.409751 0.739919 0.210868 -1.068634 29.700000
4.093424 -0.675629 0.506701 -2.275905 1.356689 0.737776 0.231570 -1.058003 29.750000
4.678813 -1.151965 0.503702 -2.237401 1.306593 0.730068 0.249798 -0.960606 29.800000
4.618897 -0.828520 0.501706 -2.198802 1.254390 0.726133 0.268301 -1.110183 29.850000
4.634717 -0.963688 0.500809 -2.160087 1.200298 0.719796 0.286911 -1.062042 29.900000
4.830619 -1.175264 0.501035 -2.121339 1.146140 0.712520 0.304646 -1.101071 29.950000
4.749648 -0.929715 0.502442 -2.082608 1.088110 0.704392 0.323419 -1.207686 30.000000
4.794907 -1.064071 0.505082 -2.043984 1.028886 0.693871 0.341717 -1.168329 30.050000
4.875633 -0.633712 0.508963 -2.005558 0.969354 0.682642 0.359065 -1.208894 30.100000
5.466149 -1.116343 0.514110 -1.967381 0.912952 0.672898 0.373816 -1.067397 30.150000
4.701908 -1.189628 0.520613 -1.929377 0.855989 0.667646 0.388043 -1.195283 30.200000
5.033109 -1.164343 0.528451 -1.891710 0.793738 0.651545 0.403802 -1.283300 30.250000
5.424611 -0.789301 0.537559 -1.854591 0.728702 0.636318 0.419572 -1.314478 30.300000
6.000000 -1.118374 0.548048 -1.817993 0.666577 0.625764 0.432847 -1.188683 30.350000
5.733360 -1.058804 0.560080 -1.781830 0.605057 0.620275 0.445051 -1.262848 30.400000
6.000000 -0.614737 0.573688 -1.746187 0.541575 0.610330 0.457325 -1.275263 30.450000
5.450217 -0.913234 0.588854 -1.711166 0.482408 0.605034 0.466916 -1.114001 30.500000
6.000000 -0.653954 0.605503 -1.676839 0.425441 0.595551 0.474938 -1.158732 30.550000
5.736077 -0.760071 0.623608 -1.643296 0.369745 0.591811 0.481846 -1.080065 30.600000
6.000000 -1.136323 0.643203 -1.610571 0.315549 0.586279 0.487703 -1.086992 30.650000
6.000000 -0.654672 0.664241 -1.578765 0.256999 0.580053 0.494951 -1.235109 30.700000
5.893756 -1.060394 0.686707 -1.547987 0.198612 0.573652 0.501562 -1.116580 30.750000
5.905224 -1.340872 0.710537 -1.518311 0.139850 0.565762 0.507822 -1.219803 30.800000
5.510545 -1.456146 0.735615 -1.489860 0.074575 0.553225 0.516028 -1.369763 30.850000
4.964196 -1.012257 0.761725 -1.462777 0.003110 0.532404 0.525541 -1.472846 30.900000
4.014810 -1.385604 0.788546 -1.437152 -0.066889 0.507606 0.532968 -1.343963 30.950000
4.735712 -1.337012 0.815695 -1.412980 -0.136350 0.474782 0.538523 -1.420720 31.000000
4.432416 -1.339974 0.843052 -1.390280 -0.207550 0.448247 0.542970 -1.424448 31.050000
5.385892 -0.994400 0.870659 -1.369073 -0.278627 0.419711 0.545819 -1.417044 31.100000
5.874767 -0.527891 0.898630 -1.349411 -0.345490 0.404133 0.546196 -1.275981 31.150000
6.000000 -0.130995 0.927303 -1.331414 -0.402413 0.401158 0.543253 -1.033158 31.200000
5.163773 0.044548 0.956866 -1.315156 -0.446594 0.409124 0.536841 -0.767718 31.250000
6.000000 0.407200 0.987230 -1.300582 -0.479488 0.417591 0.527617 -0.571238 31.300000
6.000000 0.663312 1.018453 -1.287698 -0.501264 0.441782 0.515701 -0.327767 31.350000
5.697607 0.913318 1.050778 -1.276575 -0.511305 0.473445 0.500832 -0.098634 31.400000
6.000000 0.698161 1.084212 -1.267130 -0.509994 0.508777 0.482775 0.127987 31.450000
6.000000 0.861449 1.118818 -1.259283 -0.502790 0.549197 0.463148 0.155815 31.500000
5.030751 0.521315 1.154649 -1.252979 -0.492831 0.589443 0.442900 0.233514 31.550000
4.545719 0.297699 1.191483 -1.248016 -0.484003 0.618104 0.423652 0.129799 31.600000
4.282520 0.307148 1.228940 -1.244177 -0.481688 0.637208 0.407864 -0.022391 31.650000
5.198656 0.149198 1.266767 -1.241357 -0.485007 0.649977 0.395190 -0.102200 31.700000
4.914048 0.031750 1.305031 -1.239617 -0.493148 0.668216 0.385277 -0.212610 31.750000
5.673735 -0.309949 1.343776 -1.239023 -0.506796 0.680303 0.378451 -0.322036 31.800000
5.758508 -0.521153 1.382994 -1.239646 -0.528440 0.694939 0.375931 -0.522598 31.850000
5.595567 -0.403817 1.422705 -1.241623 -0.559876 0.704754 0.378569 -0.713715 31.900000
5.208855 -0.348106 1.462737 -1.244989 -0.596968 0.709560 0.384104 -0.764879 31.950000
5.264705 -0.711047 1.502879 -1.249696 -0.635372 0.709603 0.390160 -0.771315 32.000000
4.866821 -0.869951 1.542977 -1.255715 -0.678136 0.707474 0.398190 -0.921463 32.050000
4.752492 -1.072432 1.582830 -1.263018 -0.728002 0.697321 0.409294 -1.056424 32.100000
5.637261 -1.003573 1.622196 -1.271544 -0.784814 0.681800 0.422952 -1.197591 32.150000
6.000000 -1.119016 1.661062 -1.281422 -0.845776 0.671641 0.437590 -1.236566 32.200000
6.000000 -1.493541 1.699499 -1.292856 -0.909427 0.662440 0.452562 -1.301499 32.250000
6.000000 -1.575881 1.737397 -1.305892 -0.979398 0.648317 0.469431 -1.473425 32.300000
5.118754 -1.951312 1.774546 -1.320488 -1.056034 0.628808 0.487869 -1.577050 32.350000
5.548771 -2.260591 1.810654 -1.336395 -1.140025 0.595024 0.507391 -1.754367 32.400000
5.534748 -2.196846 1.845480 -1.353418 -1.232850 0.558189 0.527718 -1.929221 32.450000
6.000000 -1.792631 1.878906 -1.371515 -1.330390 0.516870 0.546501 -1.964377 32.500000
5.892941 -1.998117 1.910878 -1.390692 -1.424604 0.481885 0.560735 -1.824517 32.550000
4.956889 -2.470974 1.941379 -1.410974 -1.516228 0.447735 0.571294 -1.835954 32.600000
5.354807 -2.585181 1.970329 -1.432015 -1.612761 0.401235 0.580330 -1.995198 32.650000
5.211953 -2.213263 1.997663 -1.453543 -1.715013 0.354731 0.587366 -2.076736 32.700000
5.651495 -2.463529 2.023364 -1.475512 -1.815482 0.309487 0.590350 -1.957150 32.750000
4.853426 -2.278311 2.047414 -1.497954 -1.914263 0.271289 0.589914 -1.985267 32.800000
5.495819 -2.445889 2.069835 -1.520730 -2.011523 0.228653 0.586364 -1.912299 32.850000
4.910430 -2.598215 2.090625 -1.543771 -2.107709 0.195136 0.580161 -1.928655 32.900000
4.408118 -2.363253 2.109776 -1.567029 -2.205538 0.157130 0.571944 -1.972941 32.950000
4.376934 -2.042573 2.127431 -1.590238 -2.301852 0.118335 0.561188 -1.888979 33.000000
3.526574 -2.348114 2.143647 -1.613313 -2.391710 0.087141 0.547951 -1.727507 33.050000
3.759293 -1.990896 2.158545 -1.636140 -2.479182 0.052681 0.533002 -1.762319 33.100000
3.627901 -1.774766 2.172223 -1.658622 -2.563655 0.025672 0.516589 -1.633738 33.150000
4.320550 -1.848130 2.184622 -1.680801 -2.641383 0.005017 0.499271 -1.494316 33.200000
5.042049 -1.431076 2.195572 -1.702744 -2.715128 -0.003951 0.481778 -1.459759 33.250000
4.139525 -1.584498 2.204738 -1.724551 -2.783221 -0.000533 0.464769 -1.288683 33.300000
4.657483 -1.581056 2.212116 -1.746150 -2.847253 -0.001591 0.448458 -1.274502 33.350000
4.479336 -1.737625 2.217786 -1.767432 -2.910783 0.003889 0.432840 -1.268035 33.400000
5.042946 -2.140622 2.221692 -1.788336 -2.975829 0.007944 0.418015 -1.325965 33.450000
5.317851 -1.805385 2.223795 -1.808777 -3.047181 0.014847 0.404047 -1.502949 33.500000
5.945363 -1.462777 2.223976 -1.828664 -3.120892 0.024085 0.390991 -1.453420 33.550000
6.000000 -1.619751 2.222053 -1.847875 3.093786 0.042773 0.379000 -1.308795 33.600000
5.351044 -2.071965 2.217899 -1.866268 3.028282 0.063834 0.368319 -1.312256 33.650000
4.361794 -2.050021 2.211740 -1.883723 2.957680 0.076443 0.359083 -1.487267 33.700000
3.477294 -2.203506 2.204083 -1.900182 2.881456 0.077517 0.350806 -1.552006 33.750000
2.751537 -1.907282 2.195454 -1.915663 2.801511 0.069420 0.342825 -1.632933 33.800000
3.273334 -2.178190 2.186275 -1.930232 2.722135 0.056026 0.334475 -1.553210 33.850000
3.094311 -1.772273 2.176614 -1.943871 2.642593 0.048824 0.325860 -1.618165 33.900000
3.542169 -1.593295 2.166441 -1.956516 2.565277 0.042134 0.317068 -1.492751 33.950000
3.495937 -1.290078 2.155722 -1.968085 2.494033 0.043350 0.308255 -1.374178 34.000000
4.361407 -0.882967 2.144407 -1.978474 2.429994 0.047893 0.299664 -1.210481 34.050000
5.354302 -1.101001 2.132383 -1.987497 2.375872 0.065002 0.291463 -0.985158 34.100000
5.768237 -0.796416 2.119382 -1.994804 2.326998 0.093303 0.284160 -0.972789 34.150000
5.106142 -0.730067 2.105282 -2.000126 2.281738 0.126200 0.277880 -0.854192 34.200000
5.461001 -1.035171 2.090227 -2.003487 2.241193 0.153808 0.272334 -0.778177 34.250000
4.962171 -0.824142 2.074374 -2.004931 2.199783 0.183609 0.267942 -0.868442 34.300000
5.769213 -0.515007 2.057868 -2.004502 2.157388 0.207492 0.264613 -0.832835 34.350000
4.891527 -0.414336 2.040776 -2.002139 2.119544 0.239748 0.261509 -0.698615 34.400000
5.391841 -0.711764 2.023183 -1.997868 2.087446 0.264779 0.258260 -0.598087 34.450000
5.406640 -0.780133 2.005212 -1.991782 2.055474 0.293643 0.255742 -0.673278 34.500000
5.555926 -0.408111 1.986911 -1.983812 2.019895 0.320342 0.254732 -0.742818 34.550000
6.000000 -0.189930 1.968372 -1.973962 1.985853 0.347942 0.254054 -0.633047 34.600000
6.000000 0.033741 1.949608 -1.962130 1.958046 0.380753 0.252508 -0.496225 34.650000
6.000000 0.184478 1.930623 -1.948254 1.937579 0.414825 0.249594 -0.340654 34.700000
5.531345 0.606502 1.911436 -1.932372 1.924414 0.450070 0.245040 -0.201485 34.750000
5.049167 0.195120 1.892075 -1.914636 1.921227 0.482900 0.237633 0.049192 34.800000
4.831171 0.585169 1.872569 -1.895302 1.922683 0.511416 0.228952 0.012097 34.850000
4.896296 0.837976 1.852965 -1.874585 1.927240 0.537665 0.219362 0.156162 34.900000
5.252986 1.050714 1.833217 -1.852573 1.940155 0.565775 0.206728 0.341611 34.950000
5.428718 0.971548 1.813193 -1.829232 1.962417 0.598284 0.190375 0.528961 35.000000
6.000000 1.008798 1.792737 -1.804535 1.990701 0.632011 0.171439 0.595820 35.050000
6.000000 0.559554 1.771692 -1.778427 2.021954 0.669522 0.151065 0.649457 35.100000
5.331136 0.144601 1.749944 -1.750908 2.050251 0.704059 0.132073 0.500847 35.150000
5.393385 0.343229 1.727591 -1.722217 2.068603 0.728630 0.118230 0.260161 35.200000
6.000000 0.542339 1.704774 -1.692537 2.080467 0.751447 0.107949 0.219452 35.250000
5.251338 0.075939 1.681431 -1.661788 2.093222 0.778869 0.097306 0.285054 35.300000
4.868582 0.003257 1.657574 -1.630066 2.103172 0.797659 0.088426 0.129512 35.350000
5.839485 0.113905 1.633394 -1.597632 2.106520 0.811237 0.083514 0.015778 35.400000
4.970150 -0.189052 1.608879 -1.564381 2.106876 0.832878 0.080469 0.000082 35.450000
5.719891 0.129528 1.584061 -1.530320 2.103100 0.845080 0.080011 -0.138037 35.500000
5.951054 -0.308471 1.559018 -1.495480 2.097764 0.863532 0.080535 -0.081262 35.550000
5.500360 -0.082207 1.533666 -1.459691 2.089432 0.882980 0.083009 -0.237268 35.600000
5.169506 0.353186 1.508117 -1.423005 2.077753 0.896982 0.087596 -0.231441 35.650000
5.718940 0.691252 1.482484 -1.385610 2.071234 0.907877 0.088789 -0.047679 35.700000
6.000000 0.444486 1.456665 -1.347523 2.075633 0.924668 0.082862 0.200507 35.750000
6.000000 0.840717 1.430451 -1.308654 2.086677 0.943973 0.072685 0.238862 35.800000
5.958378 1.001838 1.403748 -1.269026 2.103920 0.962794 0.058469 0.432704 35.850000
6.000000 0.627389 1.376445 -1.228759 2.130455 0.980598 0.038077 0.612040 35.900000
6.000000 0.467070 1.348438 -1.187974 2.159714 0.997340 0.016163 0.567381 35.950000
6.000000 0.662041 1.319707 -1.146744 2.186014 1.012499 -0.003218 0.496212 36.000000
5.425345 0.513977 1.290259 -1.105129 2.212372 1.026301 -0.022276 0.555125 36.050000
4.642908 0.726397 1.260145 -1.063322 2.239644 1.033445 -0.041545 0.541074 36.100000
5.280266 1.066800 1.229538 -1.021644 2.269261 1.032132 -0.061953 0.636554 36.150000
4.944090 1.012577 1.198392 -0.980224 2.306629 1.035079 -0.087411 0.838761 36.200000
3.986304 1.407967 1.166572 -0.939160 2.351173 1.032396 -0.117274 0.936403 36.250000
3.044725 1.660121 1.134230 -0.898823 2.404153 1.017486 -0.152003 1.159671 36.300000
3.902895 1.262994 1.101629 -0.859705 2.468259 0.989231 -0.192666 1.380395 36.350000
4.757756 0.915934 1.068765 -0.821979 2.536299 0.965530 -0.233452 1.351683 36.400000
4.641655 1.213242 1.035370 -0.785460 2.600357 0.948645 -0.269101 1.232786 36.450000
3.867324 1.162768 1.001363 -0.750082 2.664216 0.928520 -0.302539 1.314838 36.500000
4.402148 0.709059 0.966979 -0.716041 2.730809 0.898072 -0.335413 1.347927 36.550000
4.879557 1.177092 0.932323 -0.683413 2.794039 0.872759 -0.363657 1.204259 36.600000
4.500597 0.704460 0.897221 -0.652105 2.857796 0.850364 -0.390174 1.331010 36.650000
5.365046 0.359293 0.861717 -0.622182 2.921012 0.823552 -0.414269 1.215427 36.700000
5.918884 0.368119 0.825730 -0.593601 2.976758 0.808391 -0.432203 1.039480 36.750000
4.938839 -0.026137 0.788942 -0.566258 3.026728 0.801256 -0.445752 0.969755 36.800000
4.479843 -0.220189 0.751470 -0.540151 3.070047 0.788631 -0.454680 0.786207 36.850000
4.293887 0.176394 0.713625 -0.515249 3.104730 0.777254 -0.458105 0.620303 36.900000
3.482485 0.422066 0.675532 -0.491506 3.137865 0.765464 -0.460296 0.695565 36.950000
2.850500 0.115559 0.637462 -0.468953 -3.106861 0.743180 -0.464868 0.825775 37.000000
2.543914 0.369846 0.599795 -0.447619 -3.067379 0.715117 -0.469097 0.759682 37.050000
3.083764 0.674636 0.562738 -0.427461 -3.027642 0.685034 -0.472492 0.820226 37.100000
3.594776 0.308204 0.526251 -0.408486 -2.982638 0.657620 -0.477475 0.960488 37.150000
2.827077 0.278715 0.490131 -0.390740 -2.936976 0.635393 -0.481767 0.875309 37.200000
2.883363 0.124211 0.454415 -0.374175 -2.894826 0.609077 -0.483560 0.815915 37.250000
3.803037 -0.276440 0.419225 -0.358715 -2.856743 0.587003 -0.482829 0.717281 37.300000
3.378674 -0.653521 0.384273 -0.344376 -2.826877 0.579847 -0.478302 0.501072 37.350000
3.927756 -0.782761 0.349336 -0.331129 -2.809294 0.577188 -0.468775 0.229781 37.400000
4.253774 -0.609119 0.314257 -0.318909 -2.803424 0.587312 -0.454788 0.024389 37.450000
4.124345 -1.100441 0.278756 -0.307715 -2.803387 0.603673 -0.438905 -0.019234 37.500000
5.066970 -0.981455 0.242756 -0.297497 -2.810805 0.622480 -0.420319 -0.254920 37.550000
4.909946 -0.574937 0.206005 -0.288216 -2.825748 0.653199 -0.398867 -0.334680 37.600000
3.955930 -0.912663 0.168332 -0.279840 -2.839018 0.679874 -0.378700 -0.209577 37.650000
3.896293 -0.635264 0.130048 -0.272239 -2.851626 0.695901 -0.359354 -0.288101 37.700000
3.720968 -0.748237 0.091392 -0.265281 -2.864143 0.710329 -0.340622 -0.220941 37.750000
3.571805 -0.300485 0.052449 -0.258911 -2.875649 0.721762 -0.322948 -0.239116 37.800000
4.284964 -0.521578 0.013316 -0.253080 -2.882856 0.729242 -0.308064 -0.067578 37.850000
3.844467 -0.064496 -0.026080 -0.247832 -2.886323 0.741362 -0.295598 -0.071747 37.900000
3.889966 0.292766 -0.065763 -0.243178 -2.884732 0.746845 -0.286252 0.116567 37.950000
3.081209 -0.153807 -0.105564 -0.239150 -2.871962 0.748234 -0.283199 0.368154 38.000000
3.063862 -0.196625 -0.145231 -0.235771 -2.855011 0.740508 -0.282412 0.314997 38.050000
3.544016 -0.239913 -0.184583 -0.232983 -2.840589 0.733946 -0.280239 0.266271 38.100000
4.260558 -0.182006 -0.223750 -0.230793 -2.828554 0.733064 -0.276857 0.219404 38.150000
4.223158 -0.148025 -0.263014 -0.229265 -2.817652 0.739339 -0.273027 0.216744 38.200000
4.019236 -0.356602 -0.302514 -0.228439 -2.806482 0.744956 -0.269522 0.228642 38.250000
4.524787 -0.332769 -0.342185 -0.228288 -2.797312 0.749227 -0.265105 0.146013 38.300000
5.039341 -0.416391 -0.382103 -0.228801 -2.791022 0.759082 -0.259347 0.108883 38.350000
5.247483 -0.003228 -0.422495 -0.230030 -2.787148 0.774172 -0.252523 0.051323 38.400000
5.587277 -0.341581 -0.463500 -0.232006 -2.780670 0.789696 -0.247460 0.193872 38.450000
6.000000 -0.215927 -0.505175 -0.234793 -2.772729 0.807261 -0.243454 0.130266 38.500000
6.000000 -0.423027 -0.547654 -0.238433 -2.765698 0.828232 -0.239180 0.149392 38.550000
5.867243 -0.770265 -0.590986 -0.242939 -2.760321 0.848872 -0.234156 0.073187 38.600000
5.685698 -0.303844 -0.635136 -0.248243 -2.761909 0.869595 -0.225107 -0.119071 38.650000
5.165763 -0.704302 -0.680049 -0.254228 -2.765460 0.888294 -0.215163 -0.032152 38.700000
5.762826 -0.873414 -0.725541 -0.260799 -2.770499 0.901735 -0.204547 -0.158458 38.750000
6.000000 -0.925150 -0.771645 -0.267879 -2.782439 0.921866 -0.189752 -0.305896 38.800000
5.564679 -0.484096 -0.818573 -0.275413 -2.800709 0.944580 -0.171083 -0.415695 38.850000
5.609451 -0.738937 -0.866278 -0.283280 -2.818304 0.961663 -0.153294 -0.302730 38.900000
6.000000 -0.529186 -0.914628 -0.291416 -2.834962 0.977814 -0.136536 -0.360111 38.950000
5.346293 -0.738255 -0.963698 -0.299788 -2.851660 0.996502 -0.120134 -0.315126 39.000000
4.383688 -0.560833 -1.013399 -0.308326 -2.869415 1.008092 -0.103346 -0.390035 39.050000
3.550362 -1.001723 -1.063353 -0.316855 -2.888279 1.009988 -0.086264 -0.369822 39.100000
3.663990 -1.149985 -1.113154 -0.325207 -2.911830 1.004097 -0.066413 -0.555563 39.150000
3.389707 -1.167391 -1.162675 -0.333213 -2.944302 0.999442 -0.040956 -0.727978 39.200000
3.155984 -1.075408 -1.211902 -0.340727 -2.983733 0.991497 -0.011577 -0.840974 39.250000
2.945691 -1.026580 -1.260715 -0.347623 -3.026796 0.980124 0.019084 -0.882003 39.300000
2.028127 -0.638306 -1.308995 -0.353830 -3.071417 0.965464 0.049385 -0.905294 39.350000
2.777410 -0.808979 -1.356458 -0.359316 -3.113168 0.941485 0.076081 -0.784113 39.400000
2.591821 -0.889866 -1.403067 -0.364124 3.130144 0.924301 0.100012 -0.811371 39.450000
3.441117 -1.135267 -1.448949 -0.368249 3.087957 0.904510 0.124106 -0.872242 39.500000
2.443806 -1.406229 -1.494242 -0.371632 3.040476 0.891042 0.150267 -1.013003 39.550000
2.748784 -1.412249 -1.538859 -0.374194 2.984678 0.865269 0.180063 -1.198243 39.600000
2.608078 -1.719323 -1.582568 -0.375865 2.922014 0.839302 0.211964 -1.298487 39.650000
2.194418 -1.748193 -1.625327 -0.376591 2.852215 0.808172 0.245669 -1.472297 39.700000
1.973970 -1.456735 -1.666909 -0.376374 2.775920 0.769030 0.280088 -1.568322 39.750000
1.878956 -1.866440 -1.707100 -0.375293 2.699241 0.725992 0.311255 -1.509509 39.800000
1.955897 -1.639595 -1.745810 -0.373459 2.619978 0.679650 0.340178 -1.642026 39.850000
1.326408 -1.374315 -1.782986 -0.370941 2.538699 0.632068 0.366353 -1.613509 39.900000
2.004873 -1.270974 -1.818546 -0.367917 2.461205 0.579994 0.387070 -1.501648 39.950000
2.947747 -1.374676 -1.852576 -0.364471 2.388657 0.537128 0.402457 -1.411839 40.000000
2.104314 -1.503453 -1.885431 -0.360420 2.318152 0.504555 0.414592 -1.407663 40.050000
2.472006 -1.962583 -1.917145 -0.355804 2.246599 0.463826 0.424810 -1.446562 40.100000
3.421365 -2.006665 -1.947632 -0.350759 2.169140 0.423767 0.434478 -1.623047 40.150000
3.585057 -1.626317 -1.977025 -0.345101 2.085701 0.389611 0.443479 -1.700516 40.200000
4.489727 -1.285694 -2.005436 -0.338667 2.003990 0.358529 0.449739 -1.583644 40.250000
4.190606 -1.494502 -2.032991 -0.331241 1.929921 0.341258 0.452454 -1.404240 40.300000
4.986947 -1.670775 -2.059754 -0.322689 1.859716 0.324083 0.453269 -1.402785 40.350000
4.199283 -1.488744 -2.085700 -0.312926 1.787813 0.313879 0.453767 -1.463660 40.400000
3.624859 -1.642483 -2.110763 -0.302002 1.715954 0.296779 0.453521 -1.416162 40.450000
4.232960 -1.393802 -2.134838 -0.290266 1.644215 0.275162 0.452276 -1.447044 40.500000
3.795738 -1.025420 -2.157890 -0.277741 1.574300 0.261336 0.449812 -1.360704 40.550000
4.159079 -0.846853 -2.179906 -0.264386 1.511383 0.248549 0.445495 -1.179861 40.600000
4.395676 -0.726700 -2.200876 -0.250188 1.456660 0.244977 0.439532 -1.028634 40.650000
3.967088 -0.711690 -2.220769 -0.234983 1.408508 0.248091 0.432628 -0.912312 40.700000
4.874854 -0.347250 -2.239570 -0.218818 1.364587 0.250019 0.425315 -0.851930 40.750000
4.627120 -0.374299 -2.257229 -0.201592 1.326824 0.264264 0.417377 -0.680095 40.800000
4.201623 -0.378328 -2.273696 -0.183154 1.294784 0.279262 0.409025 -0.610365 40.850000
4.952403 -0.642042 -2.288996 -0.163685 1.265126 0.291383 0.400802 -0.579932 40.900000
5.418942 -0.372743 -2.303090 -0.143161 1.233515 0.309257 0.393627 -0.674438 40.950000
5.571156 -0.262100 -2.315862 -0.121397 1.201418 0.330793 0.387243 -0.617281 41.000000
4.610301 -0.055330 -2.327240 -0.098317 1.172473 0.354802 0.380836 -0.549555 41.050000
5.002359 0.020405 -2.337289 -0.074142 1.148189 0.371575 0.373868 -0.435206 41.100000
4.373052 0.154523 -2.346064 -0.049015 1.128847 0.394029 0.366144 -0.348734 41.150000
4.047953 -0.227868 -2.353603 -0.023004 1.114130 0.412216 0.357648 -0.250725 41.200000
4.302511 -0.560213 -2.360025 0.003668 1.098592 0.426423 0.349892 -0.359753 41.250000
3.463514 -0.803590 -2.365337 0.030904 1.075189 0.438860 0.344995 -0.555247 41.300000
3.132866 -0.506855 -2.369590 0.058465 1.041919 0.438523 0.343450 -0.752252 41.350000
3.383565 -0.814312 -2.372900 0.086008 1.004962 0.433467 0.343021 -0.728528 41.400000
2.419066 -0.542759 -2.375274 0.113479 0.965456 0.429763 0.343287 -0.838159 41.450000
2.405663 -0.906555 -2.376805 0.140687 0.925146 0.416871 0.343537 -0.780497 41.500000
3.232920 -1.087296 -2.377633 0.167436 0.882926 0.403466 0.343970 -0.893495 41.550000
3.380201 -1.542744 -2.377642 0.193826 0.834829 0.395475 0.345742 -1.014496 41.600000
2.554024 -1.887701 -2.376690 0.219944 0.777613 0.384698 0.349673 -1.242938 41.650000
1.988000 -2.270802 -2.374909 0.245554 0.709004 0.360858 0.355774 -1.468105 41.700000
2.392904 -2.385369 -2.372585 0.270326 0.629007 0.326553 0.363019 -1.695566 41.750000
1.892999 -2.830821 -2.369808 0.294162 0.540619 0.292443 0.369900 -1.818675 41.800000
2.605194 -2.344519 -2.366679 0.317022 0.443906 0.250065 0.375734 -2.015180 41.850000
1.949047 -2.441962 -2.363227 0.338918 0.346280 0.214915 0.378825 -1.905543 41.900000
2.520045 -2.088265 -2.359474 0.359915 0.251391 0.176230 0.378860 -1.889846 41.950000
2.860572 -1.926710 -2.355449 0.380049 0.160961 0.146801 0.376073 -1.747778 42.000000
2.759740 -1.533832 -2.350923 0.399409 0.077012 0.125417 0.371124 -1.627210 42.050000
1.919035 -1.421694 -2.345810 0.418017 0.001313 0.108677 0.364521 -1.428871 42.100000
2.437019 -1.789253 -2.340287 0.435879 -0.066469 0.089364 0.356632 -1.299455 42.150000
1.593485 -2.033263 -2.334404 0.453001 -0.133722 0.076596 0.348233 -1.378470 42.200000
1.211858 -2.016855 -2.328264 0.469400 -0.206091 0.054865 0.339542 -1.497437 42.250000
0.534097 -2.513605 -2.322176 0.485144 -0.282043 0.029669 0.330053 -1.533666 42.300000
0.000000 -2.231109 -2.316383 0.500340 -0.364236 -0.002596 0.319403 -1.723146 42.350000
0.450513 -2.705845 -2.311141 0.515152 -0.449389 -0.038602 0.307083 -1.686619 42.400000
0.939354 -2.986210 -2.306405 0.529655 -0.538122 -0.069004 0.293049 -1.837412 42.450000
1.131290 -2.970787 -2.301935 0.543814 -0.634437 -0.094854 0.277291 -1.989329 42.500000
0.508411 -3.000000 -2.297556 0.557594 -0.735283 -0.117438 0.260079 -2.035982 42.550000
0.477931 -2.728164 -2.293285 0.571084 -0.837807 -0.143085 0.241580 -2.060208 42.600000
0.000000 -2.899884 -2.289151 0.584392 -0.938231 -0.164747 0.222232 -1.971131 42.650000
0.000000 -3.000000 -2.285138 0.597595 -1.037584 -0.187032 0.202123 -1.998299 42.700000
0.000000 -3.000000 -2.281220 0.610767 -1.138810 -0.206169 0.180985 -2.043363 42.750000
0.007711 -3.000000 -2.277306 0.623883 -1.241473 -0.221949 0.159104 -2.060608 42.800000
0.000000 -3.000000 -2.273319 0.636895 -1.344726 -0.234098 0.136863 -2.068750 42.850000
0.000000 -3.000000 -2.269199 0.649746 -1.448308 -0.242791 0.114568 -2.074374 42.900000
0.000000 -2.849456 -2.264904 0.662370 -1.552158 -0.248073 0.092478 -2.079636 42.950000
0.766119 -2.649984 -2.260412 0.674697 -1.654732 -0.249954 0.071108 -2.032214 43.000000
0.239455 -2.160242 -2.255750 0.686481 -1.753875 -0.241504 0.051314 -1.948363 43.050000
1.063928 -2.423314 -2.250970 0.697620 -1.845397 -0.235354 0.034009 -1.745657 43.100000
0.468035 -2.736489 -2.246169 0.708021 -1.933256 -0.219629 0.018606 -1.766207 43.150000
0.978162 -3.000000 -2.241410 0.717628 -2.025116 -0.208327 0.003961 -1.889171 43.200000
1.606796 -3.000000 -2.236740 0.726458 -2.123684 -0.190901 -0.010200 -2.030756 43.250000
1.186436 -3.000000 -2.232360 0.734296 -2.226760 -0.166405 -0.022980 -2.083732 43.300000
0.625367 -3.000000 -2.228384 0.741147 -2.331524 -0.145045 -0.033832 -2.103668 43.350000
1.019032 -2.700992 -2.224744 0.747249 -2.436928 -0.128272 -0.042956 -2.111312 43.400000
1.240532 -2.336780 -2.221486 0.752691 -2.539516 -0.107496 -0.050121 -2.009251 43.450000
1.372617 -2.268456 -2.218783 0.757471 -2.635133 -0.085115 -0.054986 -1.842419 43.500000
1.154612 -2.646423 -2.216748 0.761649 -2.724710 -0.062319 -0.057826 -1.754407 43.550000
1.732429 -3.000000 -2.215386 0.765334 -2.815382 -0.042066 -0.059227 -1.856103 43.600000
2.259045 -3.000000 -2.214796 0.768599 -2.912938 -0.016557 -0.059238 -2.019154 43.650000
1.942590 -2.893815 -2.215237 0.771502 -3.015602 0.013176 -0.057334 -2.077335 43.700000
1.270981 -3.000000 -2.216740 0.774185 -3.118965 0.038506 -0.053472 -2.059905 43.750000
2.151603 -3.000000 -2.219034 0.776805 3.060335 0.056032 -0.048145 -2.090269 43.800000
1.247717 -3.000000 -2.222121 0.779495 2.955515 0.080295 -0.041403 -2.100658 43.850000
2.247486 -2.690737 -2.225924 0.782355 2.850378 0.094209 -0.033448 -2.104257 43.900000
3.116501 -2.589709 -2.230381 0.785501 2.748293 0.115579 -0.024672 -1.997103 43.950000
2.243563 -2.164764 -2.235800 0.789178 2.650607 0.142809 -0.014827 -1.922687 44.000000
2.487730 -2.631444 -2.242051 0.793471 2.559667 0.159462 -0.004525 -1.743651 44.050000
2.178644 -2.667317 -2.248882 0.798371 2.469566 0.176437 0.006437 -1.844724 44.100000
1.376190 -2.690382 -2.256159 0.803922 2.375815 0.188425 0.018429 -1.897280 44.150000
1.126427 -2.728130 -2.263572 0.809975 2.280104 0.190884 0.030757 -1.926815 44.200000
0.761542 -2.917989 -2.270865 0.816354 2.183017 0.189275 0.042881 -1.952816 44.250000
0.941319 -3.000000 -2.277893 0.822921 2.083107 0.182578 0.054678 -2.030981 44.300000
0.640885 -2.649210 -2.284589 0.829612 1.979863 0.175973 0.066026 -2.089316 44.350000
1.497409 -2.637028 -2.290919 0.836362 1.878362 0.165500 0.076140 -1.987821 44.400000
0.599366 -2.796276 -2.296913 0.843263 1.780156 0.162446 0.085036 -1.947297 44.450000
1.279012 -2.581354 -2.302564 0.850265 1.681569 0.149988 0.093125 -1.989285 44.500000
2.058664 -2.761399 -2.307845 0.857290 1.583869 0.143432 0.100175 -1.928711 44.550000
1.492483 -2.565751 -2.312757 0.864647 1.486213 0.143480 0.106759 -1.970809 44.600000
1.487405 -2.519243 -2.317269 0.872340 1.389232 0.137527 0.112836 -1.917231 44.650000
1.613324 -2.781638 -2.321367 0.880199 1.294428 0.131352 0.118077 -1.880842 44.700000
1.489569 -2.642974 -2.325030 0.888213 1.198063 0.125685 0.122885 -1.960718 44.750000
1.968459 -2.819740 -2.328242 0.896338 1.100605 0.118306 0.127169 -1.940788 44.800000
2.770147 -2.802292 -2.330950 0.904606 1.001958 0.114914 0.131036 -1.996000 44.850000
3.368000 -2.667628 -2.332978 0.913211 0.901744 0.118308 0.134901 -2.010362 44.900000
3.698463 -3.000000 -2.334089 0.922326 0.802440 0.126761 0.138974 -1.968941 44.950000
2.762203 -2.685265 -2.334091 0.931989 0.700983 0.136955 0.143784 -2.072484 45.000000
2.438271 -3.000000 -2.333057 0.941961 0.599475 0.137370 0.148797 -2.000024 45.050000
1.637968 -2.674967 -2.331208 0.951950 0.496998 0.133883 0.153628 -2.084901 45.100000
1.872398 -2.636493 -2.328784 0.961741 0.395204 0.122617 0.157678 -2.000688 45.150000
2.667890 -3.000000 -2.325916 0.971236 0.296475 0.114140 0.160614 -1.955676 45.200000
3.616004 -3.000000 -2.322390 0.980469 0.195435 0.112500 0.163293 -2.067358 45.250000
3.875156 -2.760679 -2.317845 0.989442 0.090884 0.118565 0.166327 -2.108079 45.300000
3.216784 -2.646302 -2.312048 0.998066 -0.012519 0.126618 0.169672 -2.039824 45.350000
3.493393 -2.310048 -2.305146 1.006211 -0.112637 0.128539 0.172968 -1.975675 45.400000
4.430105 -2.204039 -2.297283 1.013769 -0.207277 0.133831 0.175888 -1.833211 45.450000
4.063481 -2.155426 -2.288238 1.020586 -0.296311 0.148599 0.178825 -1.742947 45.500000
3.097943 -2.050519 -2.277966 1.026521 -0.381991 0.159836 0.182120 -1.692541 45.550000
2.841153 -2.083824 -2.266858 1.031587 -0.464978 0.161956 0.185397 -1.635814 45.600000
2.930828 -1.849048 -2.255254 1.035843 -0.546486 0.161628 0.188445 -1.626084 45.650000
2.999951 -1.533929 -2.243258 1.039265 -0.625208 0.162548 0.191077 -1.536408 45.700000
3.838826 -2.007411 -2.230894 1.041803 -0.697650 0.165466 0.192985 -1.383691 45.750000
4.015348 -2.041872 -2.218060 1.043287 -0.770107 0.175859 0.195200 -1.498347 45.800000
4.598698 -1.926681 -2.204696 1.043532 -0.846777 0.186106 0.198409 -1.559761 45.850000
4.775590 -1.742550 -2.190825 1.042375 -0.924307 0.200777 0.202299 -1.544445 45.900000
4.629785 -1.844062 -2.176479 1.039650 -0.999463 0.216755 0.206539 -1.473091 45.950000
5.273089 -2.036806 -2.161800 1.035337 -1.073430 0.230638 0.211252 -1.484611 46.000000
5.729665 -1.920702 -2.146897 1.029330 -1.149918 0.248699 0.217086 -1.564076 46.050000
5.080608 -1.471099 -2.131848 1.021415 -1.227908 0.269188 0.224032 -1.557659 46.100000
5.467247 -1.013490 -2.116852 1.011662 -1.301038 0.283622 0.230724 -1.392640 46.150000
4.991914 -0.596063 -2.102063 1.000144 -1.363879 0.303738 0.235916 -1.155186 46.200000
5.126449 -0.125058 -2.087569 0.986896 -1.414225 0.322307 0.239003 -0.893634 46.250000
5.475189 -0.116182 -2.073431 0.972004 -1.450344 0.345872 0.239343 -0.588691 46.300000
5.505058 -0.464816 -2.059646 0.955360 -1.475574 0.375281 0.237575 -0.438453 46.350000
5.374143 -0.404614 -2.046228 0.936918 -1.499438 0.404284 0.236048 -0.509431 46.400000
4.631172 -0.304776 -2.033243 0.916773 -1.525344 0.430290 0.235640 -0.526055 46.450000
5.000643 -0.042233 -2.020756 0.895199 -1.550844 0.448492 0.235521 -0.497877 46.500000
5.775767 0.280913 -2.008803 0.872328 -1.572433 0.470647 0.234480 -0.379472 46.550000
6.000000 0.418317 -1.997378 0.847921 -1.586076 0.501658 0.231117 -0.187119 46.600000
5.793231 0.485851 -1.986445 0.821773 -1.591050 0.536238 0.224989 -0.028110 46.650000
6.000000 0.065355 -1.975949 0.793916 -1.589284 0.569538 0.216547 0.087386 46.700000
6.000000 -0.115368 -1.965843 0.764404 -1.588093 0.603193 0.208634 -0.029262 46.750000
6.000000 -0.240974 -1.956147 0.733277 -1.593525 0.633594 0.203894 -0.174527 46.800000
5.109043 0.008652 -1.946922 0.700629 -1.605973 0.660822 0.202665 -0.310416 46.850000
5.084310 -0.309810 -1.938223 0.666755 -1.620713 0.678031 0.202743 -0.282705 46.900000
4.322618 -0.006578 -1.930070 0.631923 -1.638164 0.693523 0.204336 -0.403391 46.950000
4.969040 0.046182 -1.922501 0.596377 -1.656692 0.700959 0.206527 -0.344546 47.000000
4.274733 -0.444116 -1.915517 0.560169 -1.672515 0.714789 0.207418 -0.294287 47.050000
4.756416 -0.103242 -1.909125 0.523343 -1.692169 0.720474 0.210372 -0.473282 47.100000
4.929876 0.040117 -1.903386 0.486006 -1.714605 0.729490 0.214739 -0.429833 47.150000
4.588981 0.079718 -1.898330 0.448036 -1.733924 0.740532 0.217478 -0.352085 47.200000
5.107188 0.458773 -1.893934 0.409489 -1.750008 0.748847 0.218540 -0.297489 47.250000
4.790740 0.653011 -1.890177 0.370332 -1.759745 0.763486 0.216259 -0.110973 47.300000
4.809722 0.614827 -1.886987 0.330503 -1.760182 0.777298 0.209053 0.076319 47.350000
5.525356 0.629435 -1.884250 0.290048 -1.753853 0.792557 0.198329 0.168833 47.400000
5.825386 0.423504 -1.881918 0.248799 -1.743738 0.814673 0.185729 0.230621 47.450000
5.492538 0.176761 -1.879970 0.206545 -1.733550 0.838461 0.173373 0.182812 47.500000
6.000000 -0.095676 -1.878388 0.163351 -1.727891 0.856957 0.164040 0.056700 47.550000
6.000000 -0.546530 -1.877217 0.119246 -1.730129 0.877575 0.159842 -0.128574 47.600000
5.343209 -0.543323 -1.876577 0.074205 -1.744633 0.894619 0.163584 -0.422338 47.650000
5.196720 -0.084327 -1.876602 0.028491 -1.770128 0.902188 0.174335 -0.581685 47.700000
5.586050 0.017558 -1.877359 -0.017630 -1.796473 0.907491 0.185345 -0.485001 47.750000
5.131463 0.262627 -1.878856 -0.064190 -1.818374 0.916968 0.193224 -0.401784 47.800000
5.090802 0.175470 -1.881053 -0.111163 -1.834590 0.923142 0.197216 -0.262387 47.850000
4.133739 -0.129274 -1.883871 -0.158444 -1.846721 0.929699 0.198460 -0.226944 47.900000
4.228806 0.206502 -1.887235 -0.205795 -1.861088 0.926468 0.201168 -0.336716 47.950000
4.847520 -0.059377 -1.891122 -0.252993 -1.875726 0.924134 0.203914 -0.257421 48.000000
4.864130 0.031158 -1.895575 -0.300202 -1.890527 0.927532 0.206693 -0.327902 48.050000
4.083782 -0.238701 -1.900663 -0.347535 -1.906988 0.930403 0.210500 -0.330993 48.100000
3.690968 -0.729807 -1.906351 -0.394791 -1.926744 0.924863 0.216345 -0.447491 48.150000
3.818711 -0.849583 -1.912619 -0.441647 -1.956451 0.912701 0.228388 -0.712027 48.200000
3.607639 -0.392069 -1.919572 -0.487940 -1.997201 0.898101 0.246844 -0.897652 48.250000
3.884856 -0.754484 -1.927275 -0.533567 -2.039712 0.880566 0.265278 -0.815207 48.300000
3.942326 -0.420777 -1.935737 -0.578525 -2.083594 0.864804 0.283429 -0.928087 48.350000
3.069102 -0.432248 -1.945014 -0.622831 -2.127992 0.849009 0.300746 -0.858488 48.400000
3.322329 -0.100003 -1.954992 -0.666315 -2.170264 0.825730 0.315566 -0.836109 48.450000
3.952688 0.008713 -1.965571 -0.708877 -2.208153 0.806967 0.326671 -0.696835 48.500000
3.881663 0.118687 -1.976836 -0.750749 -2.239926 0.797121 0.333503 -0.587235 48.550000
4.283687 -0.171170 -1.988839 -0.792090 -2.266543 0.789152 0.336979 -0.488571 48.600000
4.319616 0.251762 -2.001612 -0.832990 -2.292869 0.785263 0.340074 -0.557008 48.650000
3.612311 0.092029 -2.015221 -0.873506 -2.316911 0.782844 0.341702 -0.419930 48.700000
4.559846 -0.115828 -2.029540 -0.913558 -2.337746 0.775429 0.341422 -0.413643 48.750000
4.734793 -0.119629 -2.044605 -0.953181 -2.360683 0.776133 0.342274 -0.495071 48.800000
4.272687 0.345731 -2.060603 -0.992510 -2.386665 0.776965 0.344789 -0.539631 48.850000
3.708472 0.141858 -2.077482 -1.031467 -2.409019 0.775121 0.345176 -0.372727 48.900000
3.479148 0.413212 -2.095041 -1.069935 -2.427547 0.769922 0.343405 -0.368273 48.950000
4.447359 0.575448 -2.113132 -1.107820 -2.442716 0.764438 0.339781 -0.249943 49.000000
5.010496 0.722372 -2.131872 -1.145302 -2.451508 0.771164 0.332801 -0.114643 49.050000
5.910469 0.850029 -2.151506 -1.182688 -2.453408 0.785970 0.322311 0.025992 49.100000
6.000000 0.520116 -2.172252 -1.220277 -2.448381 0.811457 0.308277 0.162465 49.150000
5.678626 0.954051 -2.194217 -1.258270 -2.441943 0.837149 0.293849 0.101786 49.200000
5.542782 1.027322 -2.217295 -1.296629 -2.432642 0.859728 0.278058 0.256128 49.250000
6.000000 0.973327 -2.241316 -1.335356 -2.416532 0.882307 0.258453 0.377582 49.300000
6.000000 0.580112 -2.266238 -1.374577 -2.396284 0.909067 0.236620 0.429186 49.350000
6.000000 0.226908 -2.292048 -1.414389 -2.378330 0.933383 0.216717 0.304603 49.400000
6.000000 0.560966 -2.318695 -1.454725 -2.368798 0.953839 0.202899 0.098882 49.450000
5.051085 0.216475 -2.346164 -1.495490 -2.362949 0.972257 0.191922 0.133044 49.500000
4.395263 0.184059 -2.374261 -1.536500 -2.359650 0.980349 0.183066 0.011814 49.550000
5.328758 0.470244 -2.402721 -1.577433 -2.361202 0.980799 0.177890 -0.065685 49.600000
6.000000 0.933069 -2.431596 -1.618304 -2.362264 0.990002 0.172537 0.016213 49.650000
5.736402 0.865455 -2.461103 -1.659428 -2.354690 1.006967 0.161208 0.263919 49.700000
6.000000 0.687309 -2.491192 -1.700986 -2.338356 1.022388 0.143868 0.380106 49.750000
5.812549 0.742334 -2.521758 -1.743046 -2.319396 1.039638 0.125023 0.381344 49.800000
5.335623 0.658613 -2.552736 -1.785636 -2.299362 1.054062 0.105807 0.419354 49.850000
6.000000 1.096576 -2.583945 -1.828657 -2.278453 1.063016 0.086429 0.420518 49.900000
6.000000 1.066294 -2.615331 -1.872172 -2.252062 1.077672 0.063325 0.617425 49.950000
