0.334615 0.189511 -0.735443 0.488252 0.969224 -0.587967 0.000000 0.073643 0.000000
0.703855 -0.077229 -0.751693 0.464548 0.974254 -0.561762 0.002060 0.122994 0.050000
1.111951 0.214762 -0.767138 0.441953 0.978069 -0.533207 0.003481 0.037904 0.100000
0.779902 0.053334 -0.781726 0.420580 0.982075 -0.502030 0.004838 0.115036 0.150000
0.275348 -0.178528 -0.795473 0.400388 0.987140 -0.475191 0.006439 0.090081 0.200000
1.223344 -0.283759 -0.808533 0.381174 0.988558 -0.454150 0.006693 -0.022717 0.250000
0.306184 -0.227307 -0.820901 0.363003 0.984437 -0.425210 0.005180 -0.131824 0.300000
0.074238 0.167978 -0.832626 0.345851 0.976819 -0.405954 0.002750 -0.169395 0.350000
0.000000 0.666226 -0.843880 0.329455 0.972360 -0.389596 0.001391 -0.023153 0.400000
0.755831 0.604164 -0.854687 0.313705 0.979274 -0.374548 0.003226 0.271009 0.450000
0.000000 0.880015 -0.864928 0.298675 0.996524 -0.352979 0.007585 0.405077 0.500000
0.000000 0.875538 -0.874594 0.284318 1.021884 -0.339045 0.013582 0.589144 0.550000
0.052003 0.954119 -0.883775 0.270452 1.053904 -0.325284 0.020704 0.681343 0.600000
0.898475 1.210018 -0.892465 0.257068 1.090153 -0.311128 0.028224 0.759610 0.650000
0.000000 1.300595 -0.900574 0.244342 1.132068 -0.289041 0.036229 0.899966 0.700000
0.072387 1.704750 -0.908118 0.232245 1.179944 -0.275374 0.044632 1.002288 0.750000
0.000000 1.584095 -0.915184 0.220597 1.235823 -0.260468 0.053789 1.205976 0.800000
0.000000 2.042399 -0.921769 0.209401 1.297382 -0.245670 0.063069 1.250488 0.850000
0.000000 1.616362 -0.927892 0.198650 1.365404 -0.230077 0.072461 1.443175 0.900000
0.000000 1.134879 -0.933566 0.188359 1.435326 -0.214066 0.081067 1.365077 0.950000
0.000000 0.849840 -0.938836 0.178533 1.497467 -0.198857 0.087456 1.150289 1.000000
0.528195 1.039906 -0.943764 0.169161 1.549192 -0.185058 0.091558 0.945463 1.050000
0.508297 1.531944 -0.948401 0.160347 1.595900 -0.167276 0.094307 0.925231 1.100000
0.733016 1.969481 -0.952781 0.152194 1.647286 -0.149587 0.096896 1.106335 1.150000
1.196043 1.964456 -0.956932 0.144745 1.709614 -0.128839 0.099774 1.352419 1.200000
1.375412 1.905006 -0.960914 0.138157 1.780130 -0.103235 0.102201 1.453220 1.250000
1.874498 2.075743 -0.964820 0.132551 1.853309 -0.076391 0.103399 1.470878 1.300000
2.131375 1.804897 -0.968778 0.128032 1.928827 -0.045548 0.103147 1.539151 1.350000
1.271215 1.747060 -0.972939 0.124698 2.003651 -0.013683 0.101210 1.464230 1.400000
1.252930 2.128654 -0.977331 0.122331 2.075318 0.008302 0.097897 1.409956 1.450000
0.595698 2.407457 -0.981927 0.120668 2.149208 0.029215 0.093566 1.527953 1.500000
0.024410 2.520531 -0.986694 0.119514 2.229903 0.043593 0.088280 1.677025 1.550000
0.231579 2.810357 -0.991502 0.118588 2.316617 0.052200 0.082312 1.776003 1.600000
1.191063 3.000000 -0.996321 0.117788 2.409525 0.062334 0.075713 1.917554 1.650000
0.997241 3.000000 -1.001377 0.117251 2.508881 0.080741 0.068058 2.036867 1.700000
1.079424 3.000000 -1.006827 0.117013 2.611978 0.095863 0.059243 2.079777 1.750000
1.003944 2.821289 -1.012659 0.116960 2.716416 0.109984 0.049556 2.095182 1.800000
1.916069 2.857354 -1.018867 0.116999 2.819513 0.121380 0.039363 2.038340 1.850000
1.117198 2.398519 -1.025614 0.117101 2.921214 0.139292 0.028564 2.031063 1.900000
1.092297 2.073497 -1.032885 0.117185 3.017979 0.147447 0.017701 1.866675 1.950000
1.033531 2.501585 -1.040444 0.117148 3.106165 0.153542 0.007637 1.688972 2.000000
0.389247 2.006750 -1.048230 0.116951 -3.090047 0.157660 -0.002279 1.776533 2.050000
0.116540 1.618398 -1.056037 0.116567 -3.005400 0.154521 -0.011624 1.631996 2.100000
0.000000 1.466547 -1.063628 0.116023 -2.929531 0.148173 -0.019418 1.432562 2.150000
0.000000 1.311083 -1.070905 0.115363 -2.861863 0.140514 -0.025725 1.294014 2.200000
0.512817 1.591749 -1.077846 0.114625 -2.800510 0.132868 -0.030833 1.176403 2.250000
1.366108 1.376363 -1.084572 0.113787 -2.740095 0.129918 -0.035450 1.232582 2.300000
2.188622 1.264002 -1.091369 0.112729 -2.680093 0.134661 -0.039908 1.175468 2.350000
2.291117 1.283907 -1.098566 0.111270 -2.623235 0.146686 -0.044258 1.108125 2.400000
2.301651 1.268386 -1.106305 0.109284 -2.568439 0.158994 -0.048732 1.086794 2.450000
2.073420 1.418175 -1.114548 0.106732 -2.514516 0.170649 -0.053419 1.072293 2.500000
2.336007 1.042313 -1.123193 0.103621 -2.459427 0.179291 -0.058485 1.124561 2.550000
3.121034 0.588861 -1.132183 0.099925 -2.406616 0.189855 -0.063445 1.004054 2.600000
3.797182 1.081892 -1.141654 0.095471 -2.362930 0.207790 -0.067468 0.772675 2.650000
4.772939 1.123167 -1.151800 0.090019 -2.321854 0.231314 -0.071620 0.860094 2.700000
5.134078 1.379096 -1.162790 0.083276 -2.277181 0.262359 -0.077063 0.919968 2.750000
6.000000 1.666990 -1.174694 0.074992 -2.227513 0.294614 -0.084332 1.050722 2.800000
6.000000 1.824585 -1.187512 0.064922 -2.170075 0.332124 -0.094336 1.224540 2.850000
6.000000 2.151503 -1.201135 0.052883 -2.104875 0.366195 -0.107390 1.365161 2.900000
5.649948 2.224756 -1.215305 0.038869 -2.031289 0.396300 -0.123777 1.552627 2.950000
5.829982 2.297542 -1.229705 0.022965 -1.950533 0.418882 -0.143051 1.662887 3.000000
6.000000 2.598653 -1.244046 0.005246 -1.865183 0.439060 -0.164291 1.741213 3.050000
6.000000 2.557067 -1.258084 -0.014294 -1.773898 0.456004 -0.187832 1.889122 3.100000
6.000000 2.537023 -1.271551 -0.035588 -1.678038 0.468017 -0.212988 1.939641 3.150000
5.389607 2.850877 -1.284193 -0.058499 -1.580495 0.475746 -0.238501 1.961093 3.200000
5.605623 3.000000 -1.295790 -0.082725 -1.478775 0.472660 -0.264704 2.088599 3.250000
5.926977 2.851971 -1.306144 -0.107979 -1.371309 0.465896 -0.291549 2.194004 3.300000
6.000000 2.528527 -1.315072 -0.134172 -1.261872 0.457744 -0.317506 2.186513 3.350000
5.857601 2.788558 -1.322437 -0.161196 -1.155785 0.448456 -0.340761 2.076946 3.400000
5.515782 2.571254 -1.328162 -0.188853 -1.050317 0.435313 -0.362170 2.133136 3.450000
5.335512 2.196465 -1.332236 -0.216842 -0.945247 0.416825 -0.381484 2.079069 3.500000
4.792014 1.803320 -1.334700 -0.244908 -0.845706 0.397844 -0.397083 1.927440 3.550000
3.921051 1.644841 -1.335654 -0.272841 -0.755083 0.377638 -0.408263 1.728439 3.600000
4.279312 1.312973 -1.335331 -0.300375 -0.672629 0.353577 -0.415492 1.589626 3.650000
3.630381 1.149637 -1.333816 -0.327425 -0.598365 0.337814 -0.419271 1.406862 3.700000
3.289578 1.383662 -1.331158 -0.353964 -0.532039 0.320921 -0.420195 1.264983 3.750000
4.146197 1.382551 -1.327549 -0.379871 -0.468112 0.302871 -0.419743 1.287526 3.800000
4.815539 1.240813 -1.322895 -0.405164 -0.403578 0.293204 -0.418805 1.292359 3.850000
4.895461 1.136341 -1.316890 -0.429942 -0.340481 0.291052 -0.417326 1.238755 3.900000
4.383319 1.193128 -1.309383 -0.454204 -0.280348 0.291547 -0.415247 1.175204 3.950000
5.105279 0.909376 -1.300487 -0.477856 -0.221779 0.288324 -0.412868 1.168133 4.000000
5.244823 0.592687 -1.290176 -0.500840 -0.166557 0.294005 -0.409919 1.055990 4.050000
5.603566 0.688473 -1.278256 -0.523145 -0.118620 0.305039 -0.405843 0.884116 4.100000
6.000000 0.922490 -1.264613 -0.544740 -0.075528 0.321887 -0.401327 0.845395 4.150000
5.581359 0.908339 -1.249119 -0.565569 -0.031074 0.341246 -0.397871 0.924111 4.200000
5.185663 1.339669 -1.231870 -0.585532 0.016104 0.354657 -0.395723 0.959377 4.250000
5.866846 1.486943 -1.213153 -0.604531 0.069324 0.360704 -0.395538 1.145310 4.300000
6.000000 1.804850 -1.193032 -0.622440 0.130575 0.368458 -0.397705 1.286062 4.350000
5.044161 1.569923 -1.171467 -0.639116 0.200071 0.372403 -0.402231 1.468197 4.400000
4.673122 1.918816 -1.148805 -0.654472 0.273155 0.364897 -0.407414 1.456657 4.450000
5.591361 1.724987 -1.125463 -0.668506 0.349527 0.351901 -0.412731 1.579351 4.500000
5.484726 1.727397 -1.101443 -0.681104 0.427827 0.346331 -0.417816 1.556050 4.550000
5.944039 1.539680 -1.076676 -0.692142 0.505372 0.339920 -0.422200 1.546900 4.600000
5.015171 1.433259 -1.051200 -0.701518 0.580613 0.338941 -0.425657 1.473717 4.650000
4.464465 1.185425 -1.025200 -0.709246 0.652293 0.331139 -0.427904 1.403251 4.700000
5.045507 0.881664 -0.999027 -0.715494 0.718905 0.321334 -0.428436 1.278197 4.750000
4.949488 1.149732 -0.972705 -0.720226 0.777965 0.321721 -0.426991 1.107439 4.800000
4.733471 1.366352 -0.946180 -0.723342 0.834119 0.323011 -0.424993 1.134979 4.850000
5.521118 1.567481 -0.919597 -0.724893 0.893554 0.320481 -0.423802 1.229312 4.900000
6.000000 2.054419 -0.893002 -0.724785 0.958347 0.322340 -0.423873 1.346139 4.950000
5.620780 1.565267 -0.866389 -0.722805 1.032281 0.323215 -0.426127 1.577481 5.000000
4.956674 1.146859 -0.839943 -0.718975 1.108664 0.318881 -0.428715 1.490554 5.050000
4.308451 0.958698 -0.813886 -0.713511 1.177677 0.312665 -0.429252 1.297273 5.100000
4.933792 0.619891 -0.788380 -0.706671 1.238119 0.305695 -0.427565 1.141188 5.150000
5.209284 0.733272 -0.763446 -0.698431 1.289501 0.310241 -0.423894 0.940457 5.200000
4.983195 0.956026 -0.739040 -0.688571 1.335211 0.320681 -0.419377 0.894335 5.250000
5.838432 1.295507 -0.715221 -0.677106 1.381828 0.328353 -0.415543 0.962104 5.300000
4.992196 1.786827 -0.692061 -0.663958 1.434590 0.340399 -0.413655 1.127417 5.350000
5.742100 2.274096 -0.669696 -0.649242 1.498399 0.337952 -0.414690 1.388409 5.400000
6.000000 2.493526 -0.648302 -0.633132 1.576131 0.334492 -0.418898 1.677624 5.450000
5.268543 2.150516 -0.628045 -0.615571 1.665588 0.326309 -0.425378 1.870021 5.500000
4.733592 2.385045 -0.609065 -0.596833 1.757582 0.309434 -0.431357 1.817200 5.550000
3.993674 2.262366 -0.591404 -0.577312 1.850196 0.287230 -0.435984 1.876355 5.600000
3.669073 2.698413 -0.575038 -0.557393 1.943223 0.258315 -0.438824 1.847220 5.650000
3.518569 2.895027 -0.559900 -0.537382 2.039580 0.225272 -0.440097 1.982433 5.700000
4.082752 2.794238 -0.545929 -0.517473 2.141924 0.188485 -0.439803 2.090308 5.750000
3.853568 2.714688 -0.533155 -0.497656 2.246292 0.157358 -0.437283 2.083053 5.800000
4.553395 2.496688 -0.521610 -0.477903 2.349329 0.126602 -0.432415 2.042614 5.850000
4.788173 2.616026 -0.511385 -0.458169 2.448601 0.106536 -0.425542 1.942975 5.900000
5.017220 2.746978 -0.502673 -0.438349 2.545785 0.091605 -0.417546 1.943083 5.950000
4.905967 2.762351 -0.495584 -0.418476 2.644190 0.079776 -0.408992 1.985163 6.000000
4.702905 2.968028 -0.490148 -0.398653 2.743965 0.067779 -0.399979 2.002035 6.050000
4.071679 3.000000 -0.486296 -0.379033 2.846269 0.054242 -0.390498 2.076575 6.100000
3.470523 2.556188 -0.483823 -0.359790 2.951097 0.035392 -0.380248 2.109567 6.150000
2.769236 2.505921 -0.482440 -0.341069 3.052243 0.015067 -0.368817 1.959753 6.200000
3.515817 2.654491 -0.481879 -0.322943 -3.135196 -0.006729 -0.356270 1.881370 6.250000
3.792061 2.958044 -0.482172 -0.305451 -3.040533 -0.018585 -0.343044 1.901231 6.300000
4.600494 3.000000 -0.483541 -0.288655 -2.942172 -0.027400 -0.329542 2.014147 6.350000
5.154024 2.954247 -0.486181 -0.272678 -2.839858 -0.028300 -0.316098 2.069242 6.400000
4.385812 3.000000 -0.490329 -0.257718 -2.736271 -0.022731 -0.303274 2.073842 6.450000
3.751337 3.000000 -0.495851 -0.243884 -2.632043 -0.023021 -0.291088 2.092199 6.500000
2.884023 3.000000 -0.502361 -0.231142 -2.527248 -0.027717 -0.279133 2.098371 6.550000
2.994945 2.716836 -0.509491 -0.219378 -2.422294 -0.038655 -0.267008 2.099197 6.600000
2.206952 2.943862 -0.517054 -0.208546 -2.320259 -0.045385 -0.254731 1.998755 6.650000
2.170268 2.962858 -0.524909 -0.198579 -2.219074 -0.057196 -0.242251 2.041150 6.700000
1.917704 3.000000 -0.532898 -0.189359 -2.116407 -0.067637 -0.229338 2.061784 6.750000
2.518049 3.000000 -0.540966 -0.180852 -2.012746 -0.078512 -0.216045 2.081150 6.800000
2.015927 2.522115 -0.549117 -0.173160 -1.908495 -0.081688 -0.202667 2.087839 6.850000
1.588399 2.964531 -0.557325 -0.166334 -1.808936 -0.086311 -0.189736 1.921983 6.900000
1.805798 3.000000 -0.565485 -0.160205 -1.710040 -0.092835 -0.176915 2.018034 6.950000
1.852751 3.000000 -0.573554 -0.154739 -1.607751 -0.096148 -0.163963 2.065679 7.000000
1.773471 3.000000 -0.581500 -0.150006 -1.503954 -0.097439 -0.151187 2.083414 7.050000
0.944501 3.000000 -0.589273 -0.146011 -1.399580 -0.097760 -0.138752 2.090537 7.100000
1.881092 3.000000 -0.596860 -0.142549 -1.294966 -0.104076 -0.126480 2.093571 7.150000
1.879136 2.633169 -0.604202 -0.139656 -1.190239 -0.099747 -0.114552 2.095505 7.200000
1.254948 2.874957 -0.611174 -0.137537 -1.089178 -0.093445 -0.103680 1.968404 7.250000
1.873387 3.000000 -0.617768 -0.136040 -0.989593 -0.091555 -0.093580 2.008575 7.300000
1.649591 2.804159 -0.623924 -0.135134 -0.887432 -0.082972 -0.084043 2.068202 7.350000
2.371743 2.343225 -0.629537 -0.134854 -0.785381 -0.075527 -0.075416 2.021804 7.400000
1.511850 2.293420 -0.634453 -0.135222 -0.689513 -0.059956 -0.068215 1.842415 7.450000
0.649192 2.570112 -0.638641 -0.136148 -0.599844 -0.051573 -0.062331 1.757893 7.500000
1.411352 2.361419 -0.642390 -0.137329 -0.509987 -0.050858 -0.056934 1.825708 7.550000
1.010468 2.441866 -0.645696 -0.138710 -0.420120 -0.042456 -0.052013 1.776820 7.600000
0.048340 2.707725 -0.648470 -0.140291 -0.330971 -0.037488 -0.047709 1.787531 7.650000
0.593557 3.000000 -0.651005 -0.141925 -0.238705 -0.041332 -0.043496 1.887186 7.700000
0.115191 2.874948 -0.653388 -0.143570 -0.140240 -0.039775 -0.039176 2.028262 7.750000
0.928697 2.568055 -0.655601 -0.145230 -0.038613 -0.042309 -0.034871 2.035619 7.800000
1.349482 2.229694 -0.657556 -0.146891 0.060092 -0.036483 -0.030915 1.930005 7.850000
0.909324 2.333682 -0.658961 -0.148509 0.151954 -0.026221 -0.027812 1.770121 7.900000
0.067393 2.759293 -0.659836 -0.150035 0.239787 -0.019950 -0.025425 1.746892 7.950000
0.092581 2.491360 -0.660491 -0.151495 0.331315 -0.021591 -0.023208 1.891219 8.000000
0.877173 2.822383 -0.661115 -0.152930 0.424671 -0.022714 -0.020947 1.849698 8.050000
0.641571 3.000000 -0.661533 -0.154257 0.520139 -0.016284 -0.018915 1.952370 8.100000
0.000000 3.000000 -0.661645 -0.155399 0.620691 -0.012170 -0.017258 2.053046 8.150000
0.099794 2.918154 -0.661645 -0.156454 0.724405 -0.014030 -0.015704 2.089384 8.200000
0.000000 2.890315 -0.661636 -0.157489 0.828415 -0.014677 -0.014107 2.073695 8.250000
0.524220 2.998560 -0.661613 -0.158505 0.931651 -0.015989 -0.012499 2.058311 8.300000
0.237225 3.000000 -0.661516 -0.159416 1.035515 -0.012170 -0.011035 2.090804 8.350000
0.000000 3.000000 -0.661325 -0.160171 1.140410 -0.010989 -0.009796 2.102941 8.400000
0.000000 3.000000 -0.661108 -0.160873 1.245684 -0.011890 -0.008605 2.107270 8.450000
0.000000 2.633643 -0.660888 -0.161571 1.351092 -0.012588 -0.007393 2.108815 8.500000
0.850458 2.752885 -0.660661 -0.162261 1.452795 -0.013055 -0.006213 1.980681 8.550000
1.295721 2.846789 -0.660409 -0.162741 1.551700 -0.005432 -0.005353 1.976252 8.600000
1.600565 2.733195 -0.660155 -0.162715 1.651434 0.006110 -0.005203 2.007878 8.650000
2.332494 2.964384 -0.659973 -0.162030 1.750995 0.020018 -0.005960 1.979315 8.700000
2.497545 2.947284 -0.659993 -0.160488 1.852039 0.040015 -0.007935 2.050616 8.750000
2.150869 3.000000 -0.660373 -0.157957 1.955149 0.060399 -0.011371 2.070534 8.800000
1.533249 2.646576 -0.661207 -0.154572 2.059432 0.076201 -0.016077 2.096481 8.850000
1.181038 2.340110 -0.662482 -0.150632 2.160912 0.085026 -0.021369 1.981950 8.900000
0.458533 2.486677 -0.664125 -0.146407 2.255634 0.089743 -0.026548 1.831401 8.950000
0.000000 2.360127 -0.665995 -0.142145 2.347095 0.087047 -0.031416 1.827688 9.000000
0.000000 2.724742 -0.667901 -0.138073 2.437125 0.079689 -0.035703 1.780928 9.050000
0.964852 2.918707 -0.669749 -0.134261 2.529454 0.072000 -0.039485 1.894111 9.100000
1.736169 3.000000 -0.671708 -0.130579 2.627395 0.072789 -0.043209 2.005365 9.150000
0.897430 2.846365 -0.674119 -0.126852 2.729689 0.079936 -0.047323 2.074870 9.200000
0.000000 3.000000 -0.676953 -0.123142 2.832594 0.078395 -0.051529 2.046201 9.250000
0.794493 2.634646 -0.679812 -0.119624 2.936179 0.067970 -0.055184 2.089807 9.300000
0.000000 2.185734 -0.682662 -0.116312 3.037376 0.065049 -0.058110 1.976881 9.350000
0.895732 2.124614 -0.685490 -0.113182 3.130368 0.055171 -0.060121 1.775149 9.400000
0.377368 2.031330 -0.688323 -0.110232 -3.066927 0.054370 -0.061433 1.675899 9.450000
0.129080 1.687414 -0.691246 -0.107454 -2.985234 0.049001 -0.062356 1.602887 9.500000
1.025291 1.605148 -0.694079 -0.104822 -2.909574 0.041967 -0.062691 1.446617 9.550000
1.332648 1.287467 -0.696978 -0.102367 -2.839963 0.044025 -0.062696 1.351512 9.600000
0.363996 1.683398 -0.700209 -0.100172 -2.776946 0.049424 -0.062663 1.191501 9.650000
0.132841 1.303880 -0.703611 -0.098197 -2.715055 0.045714 -0.062636 1.272862 9.700000
0.000000 1.665006 -0.706914 -0.096337 -2.654519 0.040121 -0.062361 1.163522 9.750000
0.860403 2.037543 -0.710050 -0.094546 -2.593790 0.033520 -0.061837 1.253220 9.800000
1.782891 2.428175 -0.713166 -0.092909 -2.526024 0.034618 -0.061389 1.431969 9.850000
2.630179 1.932427 -0.716583 -0.091665 -2.448147 0.043426 -0.061487 1.650520 9.900000
3.549019 1.609854 -0.720562 -0.091098 -2.368329 0.059570 -0.062330 1.556594 9.950000
3.700902 1.730293 -0.725317 -0.091534 -2.294989 0.084066 -0.063963 1.400254 10.000000
3.291379 1.582986 -0.730902 -0.093197 -2.225511 0.109175 -0.066585 1.381841 10.050000
4.100244 1.692671 -0.737145 -0.096070 -2.158187 0.129437 -0.070052 1.320203 10.100000
4.673114 1.772874 -0.743966 -0.100252 -2.091707 0.156166 -0.074452 1.337107 10.150000
4.234898 1.387296 -0.751385 -0.106029 -2.023738 0.186580 -0.080243 1.376623 10.200000
5.213584 0.957922 -0.759248 -0.113421 -1.958515 0.211493 -0.086764 1.250654 10.250000
5.991770 1.219590 -0.767456 -0.122535 -1.902117 0.245041 -0.092970 1.035065 10.300000
5.075543 1.492149 -0.776018 -0.133729 -1.850148 0.284594 -0.099630 1.043587 10.350000
5.681339 1.020216 -0.784761 -0.146917 -1.794788 0.313080 -0.108056 1.156724 10.400000
6.000000 1.045865 -0.793489 -0.161975 -1.740566 0.345586 -0.117095 1.030203 10.450000
5.125612 0.823664 -0.802108 -0.179052 -1.690267 0.379742 -0.126109 0.988527 10.500000
5.182885 0.753893 -0.810475 -0.197947 -1.643700 0.404473 -0.134815 0.888137 10.550000
4.353366 0.970158 -0.818474 -0.218402 -1.601267 0.428992 -0.142815 0.819043 10.600000
4.767578 0.777919 -0.826023 -0.240172 -1.558721 0.444333 -0.151190 0.876705 10.650000
5.175803 0.929066 -0.833030 -0.263092 -1.516142 0.462403 -0.159782 0.833119 10.700000
4.692405 1.146675 -0.839419 -0.287287 -1.473264 0.482955 -0.168775 0.877842 10.750000
4.596044 1.392362 -0.845102 -0.312656 -1.426248 0.496643 -0.179431 0.989949 10.800000
5.382848 1.356116 -0.849986 -0.338959 -1.372474 0.506424 -0.192530 1.142382 10.850000
5.069101 1.259363 -0.853926 -0.366240 -1.313670 0.520729 -0.207469 1.203431 10.900000
4.872481 1.194198 -0.856798 -0.394484 -1.253612 0.529968 -0.222839 1.201076 10.950000
5.194607 1.277155 -0.858562 -0.423465 -1.194127 0.535954 -0.237778 1.182572 11.000000
5.833420 0.826936 -0.859147 -0.453101 -1.134167 0.543325 -0.252666 1.213453 11.050000
6.000000 0.837904 -0.858404 -0.483490 -1.077822 0.556446 -0.266025 1.062586 11.100000
6.000000 0.873138 -0.856219 -0.514714 -1.026300 0.571394 -0.277554 1.007444 11.150000
5.595618 1.183550 -0.852536 -0.546704 -0.976068 0.585428 -0.288686 1.004204 11.200000
6.000000 1.148802 -0.847369 -0.579249 -0.922328 0.592925 -0.301300 1.130475 11.250000
6.000000 1.596341 -0.840668 -0.612179 -0.864414 0.601149 -0.315535 1.181255 11.300000
6.000000 2.057756 -0.832339 -0.645389 -0.799695 0.604831 -0.332458 1.381536 11.350000
5.726775 1.674996 -0.822349 -0.678629 -0.723107 0.601177 -0.353891 1.644976 11.400000
4.806200 1.685991 -0.810736 -0.711589 -0.641686 0.590498 -0.376173 1.617736 11.450000
5.177765 1.715914 -0.797747 -0.743936 -0.560881 0.569700 -0.396489 1.615477 11.500000
4.476415 2.144757 -0.783527 -0.775478 -0.479764 0.550916 -0.415065 1.627859 11.550000
4.876359 2.618849 -0.768206 -0.806062 -0.393717 0.521540 -0.433478 1.788542 11.600000
5.205231 2.590681 -0.751947 -0.835497 -0.297641 0.488865 -0.452945 2.016527 11.650000
5.180027 2.942478 -0.734724 -0.863680 -0.194771 0.453847 -0.471652 2.085398 11.700000
4.326676 3.000000 -0.716604 -0.890516 -0.086338 0.413916 -0.488662 2.225681 11.750000
3.852594 2.936412 -0.697949 -0.915901 0.026713 0.362285 -0.502773 2.282678 11.800000
3.413587 2.871621 -0.679186 -0.939826 0.140421 0.306063 -0.512171 2.264224 11.850000
3.564451 2.900855 -0.660587 -0.962373 0.252366 0.248176 -0.516250 2.216575 11.900000
3.353383 3.000000 -0.642230 -0.983637 0.362563 0.194927 -0.515477 2.190707 11.950000
4.061124 3.000000 -0.624125 -1.003697 0.472406 0.142449 -0.510541 2.196838 12.000000
3.250005 2.530112 -0.606163 -1.022555 0.581909 0.099795 -0.502036 2.181753 12.050000
2.400924 2.382474 -0.588335 -1.040259 0.685682 0.056585 -0.490159 1.996289 12.100000
3.084486 2.469487 -0.570868 -1.057034 0.781664 0.014076 -0.475360 1.861121 12.150000
3.035748 2.391236 -0.553714 -1.072889 0.873872 -0.016051 -0.458630 1.829664 12.200000
4.026605 2.676132 -0.536730 -1.087705 0.963988 -0.042068 -0.440706 1.780713 12.250000
3.877148 2.941374 -0.519786 -1.101280 1.055319 -0.056378 -0.422109 1.859071 12.300000
3.417822 3.000000 -0.502824 -1.113452 1.151792 -0.072078 -0.402972 1.979271 12.350000
4.368123 3.000000 -0.485969 -1.124359 1.252553 -0.091189 -0.383066 2.040015 12.400000
4.305509 3.000000 -0.469247 -1.133879 1.355138 -0.098919 -0.362787 2.059871 12.450000
3.428878 2.967979 -0.452687 -1.141793 1.458332 -0.104426 -0.342703 2.066775 12.500000
4.216092 3.000000 -0.436419 -1.148302 1.561405 -0.115025 -0.322748 2.057469 12.550000
4.829284 3.000000 -0.420553 -1.153409 1.664516 -0.115154 -0.303110 2.065940 12.600000
4.437452 3.000000 -0.405228 -1.156794 1.767954 -0.107035 -0.284439 2.071487 12.650000
4.659885 2.605040 -0.390599 -1.158441 1.871651 -0.100433 -0.266950 2.076264 12.700000
4.925709 2.440677 -0.376827 -1.158442 1.971523 -0.088328 -0.251010 1.941744 12.750000
4.271685 1.945741 -0.364124 -1.156751 2.065551 -0.070261 -0.237043 1.837257 12.800000
3.946546 1.673140 -0.352608 -1.153535 2.151182 -0.054683 -0.225055 1.622183 12.850000
3.169072 1.402261 -0.342303 -1.149073 2.227031 -0.038516 -0.214786 1.439643 12.900000
2.974444 1.190201 -0.333157 -1.143650 2.294020 -0.026678 -0.205843 1.265206 12.950000
3.555317 0.834720 -0.325095 -1.137503 2.352907 -0.014116 -0.197915 1.111646 13.000000
4.222278 0.862601 -0.318234 -1.130624 2.402726 0.006354 -0.190976 0.908219 13.050000
4.076487 0.878655 -0.312829 -1.122878 2.445875 0.034389 -0.185054 0.828633 13.100000
4.867174 0.682745 -0.308989 -1.114269 2.486515 0.060957 -0.180099 0.801194 13.150000
5.707303 0.755554 -0.306841 -1.104801 2.524115 0.094852 -0.176014 0.714342 13.200000
5.468550 0.944482 -0.306691 -1.094350 2.559579 0.135955 -0.172912 0.706436 13.250000
6.000000 0.942762 -0.308637 -1.082960 2.597020 0.172929 -0.171134 0.783081 13.300000
5.747199 0.739290 -0.312716 -1.070738 2.637298 0.212814 -0.170829 0.824245 13.350000
6.000000 0.311596 -0.318955 -1.057796 2.676913 0.248950 -0.171501 0.768367 13.400000
5.226432 -0.092496 -0.327330 -1.044256 2.709910 0.287531 -0.171915 0.575380 13.450000
5.964145 0.164529 -0.337701 -1.030241 2.731515 0.320070 -0.170677 0.317861 13.500000
6.000000 0.226585 -0.350023 -1.015785 2.746718 0.359686 -0.168519 0.293877 13.550000
6.000000 -0.086882 -0.364405 -1.000868 2.761880 0.398106 -0.166855 0.311834 13.600000
5.174562 0.400951 -0.380793 -0.985546 2.774231 0.435655 -0.164801 0.195121 13.650000
6.000000 0.422988 -0.398942 -0.969930 2.787966 0.463749 -0.163590 0.340100 13.700000
6.000000 0.511682 -0.418797 -0.954105 2.807440 0.497091 -0.164681 0.430265 13.750000
5.419360 0.451472 -0.440481 -0.938106 2.831373 0.528015 -0.167809 0.518579 13.800000
6.000000 -0.032079 -0.463807 -0.922080 2.857991 0.551546 -0.172315 0.544401 13.850000
6.000000 -0.401924 -0.488727 -0.906102 2.880209 0.580392 -0.175355 0.365172 13.900000
5.421889 -0.193532 -0.515328 -0.890129 2.891721 0.610541 -0.174202 0.120969 13.950000
6.000000 -0.501237 -0.543428 -0.874148 2.896567 0.635663 -0.170387 0.077439 14.000000
6.000000 -0.928987 -0.572977 -0.858133 2.896203 0.666304 -0.164365 -0.077231 14.050000
5.213849 -0.901230 -0.604049 -0.841979 2.884995 0.697977 -0.153254 -0.344517 14.100000
5.385685 -0.806361 -0.636396 -0.825600 2.864065 0.722725 -0.137402 -0.479476 14.150000
4.643918 -0.538659 -0.669805 -0.808924 2.839082 0.748242 -0.119609 -0.517444 14.200000
4.430148 -0.560536 -0.704069 -0.791934 2.815520 0.765001 -0.102835 -0.436029 14.250000
4.798462 -0.511135 -0.738915 -0.774692 2.794443 0.778236 -0.087745 -0.411635 14.300000
4.475760 -0.381782 -0.774331 -0.757172 2.774592 0.793770 -0.073642 -0.386879 14.350000
5.328205 -0.191590 -0.810279 -0.739364 2.756910 0.805092 -0.061071 -0.328325 14.400000
5.108200 -0.368213 -0.846840 -0.721232 2.743384 0.823244 -0.051162 -0.224694 14.450000
4.440306 -0.009326 -0.884116 -0.702747 2.731530 0.838299 -0.042404 -0.248308 14.500000
5.159767 0.175295 -0.921878 -0.683995 2.722795 0.846226 -0.035737 -0.115313 14.550000
5.746668 0.325365 -0.960129 -0.665026 2.721140 0.860093 -0.033540 0.034723 14.600000
5.945851 0.293680 -0.999154 -0.645803 2.726955 0.878445 -0.036030 0.183888 14.650000
5.744197 0.715698 -1.039118 -0.626352 2.738118 0.897528 -0.041888 0.256412 14.700000
6.000000 0.949366 -1.080012 -0.606777 2.756998 0.913291 -0.052687 0.477170 14.750000
6.000000 1.105589 -1.121859 -0.587247 2.786899 0.929448 -0.070576 0.696909 14.800000
5.597967 1.213116 -1.164718 -0.567951 2.826862 0.942920 -0.094880 0.883263 14.850000
6.000000 1.530906 -1.208482 -0.549136 2.875131 0.949398 -0.124230 1.033494 14.900000
5.899943 1.114064 -1.253109 -0.531023 2.932727 0.955436 -0.159133 1.247774 14.950000
6.000000 0.785304 -1.298596 -0.513819 2.993865 0.956672 -0.195351 1.209428 15.000000
5.704306 0.793806 -1.344855 -0.497634 3.050862 0.957146 -0.227509 1.091987 15.050000
5.615536 0.327683 -1.391762 -0.482512 3.104568 0.953596 -0.256251 1.064759 15.100000
5.336116 0.814338 -1.439164 -0.468495 -3.130410 0.949470 -0.280085 0.889939 15.150000
4.513869 0.543637 -1.486930 -0.455584 -3.082482 0.941533 -0.302725 1.014763 15.200000
3.824293 0.826377 -1.534726 -0.443845 -3.032791 0.924123 -0.325280 0.980211 15.250000
3.112504 0.855280 -1.582147 -0.433278 -2.980888 0.898574 -0.347723 1.084462 15.300000
2.965020 0.436678 -1.628804 -0.423882 -2.924849 0.863945 -0.370842 1.149807 15.350000
2.156546 0.657640 -1.674466 -0.415615 -2.870993 0.828969 -0.390416 1.021941 15.400000
3.144986 1.042039 -1.718945 -0.408350 -2.819105 0.787766 -0.406703 1.049389 15.450000
2.753772 0.805731 -1.762276 -0.402082 -2.762135 0.753471 -0.423813 1.207905 15.500000
3.415948 0.987594 -1.804534 -0.396852 -2.702371 0.714096 -0.440255 1.184859 15.550000
2.502627 1.074623 -1.845764 -0.392658 -2.641527 0.680615 -0.455098 1.240406 15.600000
1.545654 1.023085 -1.885883 -0.389435 -2.578010 0.637226 -0.468988 1.291189 15.650000
2.084814 1.161857 -1.924504 -0.386912 -2.513622 0.585125 -0.480588 1.282282 15.700000
2.815384 1.249081 -1.961583 -0.384974 -2.448419 0.538745 -0.489838 1.317674 15.750000
2.756694 0.814443 -1.997381 -0.383750 -2.381449 0.499133 -0.497411 1.353190 15.800000
3.571280 1.197320 -2.032042 -0.383296 -2.318310 0.462655 -0.501568 1.191849 15.850000
3.837633 0.900953 -2.065754 -0.383716 -2.256803 0.436058 -0.503655 1.257110 15.900000
3.577549 0.649654 -2.098676 -0.385176 -2.196553 0.413757 -0.504200 1.163663 15.950000
3.195259 1.086322 -2.130833 -0.387673 -2.142460 0.394193 -0.502052 1.017497 16.000000
3.600452 0.810526 -2.162174 -0.391084 -2.088858 0.372381 -0.499074 1.111862 16.050000
4.129064 0.807862 -2.192677 -0.395389 -2.035273 0.355454 -0.495446 1.039339 16.100000
3.167385 0.859353 -2.222447 -0.400781 -1.984400 0.346216 -0.490778 0.999614 16.150000
2.255306 1.163033 -2.251436 -0.407154 -1.934500 0.329398 -0.485576 0.995091 16.200000
2.386796 1.637771 -2.279466 -0.414078 -1.881680 0.303216 -0.480462 1.101133 16.250000
3.057350 1.442785 -2.306454 -0.421329 -1.820378 0.274130 -0.476243 1.318249 16.300000
3.842609 1.194605 -2.332421 -0.429016 -1.754154 0.249614 -0.471912 1.327082 16.350000
2.888707 0.805820 -2.357439 -0.437451 -1.690547 0.235453 -0.466366 1.229392 16.400000
2.241173 0.609754 -2.381516 -0.446612 -1.634651 0.218363 -0.459063 1.031208 16.450000
1.447479 0.179068 -2.404649 -0.456183 -1.587935 0.202182 -0.449993 0.857835 16.500000
1.814166 -0.215107 -2.426870 -0.465900 -1.552292 0.186541 -0.439191 0.597285 16.550000
0.928265 0.176303 -2.448232 -0.475772 -1.530624 0.183652 -0.426701 0.301092 16.600000
1.187702 0.163794 -2.468788 -0.485771 -1.515454 0.176707 -0.413765 0.304399 16.650000
0.334646 -0.144073 -2.488572 -0.495768 -1.500413 0.172772 -0.401220 0.297249 16.700000
1.169821 -0.360925 -2.507621 -0.505639 -1.489296 0.163416 -0.388583 0.160259 16.750000
0.184256 -0.561409 -2.525967 -0.515437 -1.485945 0.166382 -0.375458 -0.010116 16.800000
0.000000 -0.269668 -2.543654 -0.525189 -1.491460 0.164558 -0.361763 -0.193272 16.850000
0.000000 -0.262969 -2.560739 -0.534675 -1.500566 0.162713 -0.348147 -0.173475 16.900000
0.706750 -0.285226 -2.577248 -0.543864 -1.508917 0.160426 -0.335115 -0.162228 16.950000
0.159562 -0.375976 -2.593191 -0.552927 -1.517152 0.164596 -0.322554 -0.166845 17.000000
0.198649 -0.810324 -2.608589 -0.561903 -1.526642 0.163921 -0.310282 -0.208955 17.050000
0.839167 -0.580386 -2.623476 -0.570697 -1.542761 0.166201 -0.297659 -0.414508 17.100000
1.102743 -0.197194 -2.637885 -0.579509 -1.563852 0.176022 -0.284805 -0.427591 17.150000
0.708943 0.067059 -2.651840 -0.588546 -1.581026 0.186081 -0.272766 -0.275339 17.200000
0.000000 -0.354289 -2.665350 -0.597726 -1.589494 0.188685 -0.262236 -0.082777 17.250000
0.000000 0.021821 -2.678413 -0.606751 -1.595654 0.183686 -0.252386 -0.156962 17.300000
0.838777 -0.157672 -2.691041 -0.615462 -1.600310 0.178295 -0.243098 -0.041015 17.350000
1.058945 0.197919 -2.703247 -0.624052 -1.602717 0.180120 -0.234429 -0.054208 17.400000
0.381341 0.587912 -2.715050 -0.632762 -1.601484 0.182758 -0.226534 0.089789 17.450000
1.167920 0.190181 -2.726442 -0.641450 -1.590289 0.176005 -0.220184 0.332902 17.500000
0.970154 0.222561 -2.737411 -0.650111 -1.574656 0.175604 -0.214581 0.296067 17.550000
1.120679 0.198570 -2.747971 -0.658881 -1.560045 0.173792 -0.209034 0.288903 17.600000
0.891153 0.572043 -2.758130 -0.667750 -1.546003 0.173716 -0.203600 0.274113 17.650000
0.086543 0.583689 -2.767895 -0.676692 -1.528246 0.170596 -0.198799 0.420375 17.700000
0.864537 0.747126 -2.777274 -0.685445 -1.505022 0.158774 -0.194708 0.499363 17.750000
0.113364 0.465242 -2.786269 -0.693996 -1.477125 0.153534 -0.191141 0.604312 17.800000
0.494666 0.365337 -2.794890 -0.702345 -1.448663 0.141506 -0.187582 0.540882 17.850000
0.110506 0.013070 -2.803160 -0.710425 -1.423684 0.134500 -0.183611 0.466225 17.900000
0.237909 0.028720 -2.811101 -0.718263 -1.405495 0.126003 -0.179011 0.280712 17.950000
1.007752 -0.139264 -2.818745 -0.725841 -1.394040 0.120739 -0.173890 0.186714 18.000000
0.860260 -0.557049 -2.826070 -0.733393 -1.388085 0.124182 -0.168457 0.063498 18.050000
1.686680 -1.045166 -2.833067 -0.741088 -1.391693 0.128310 -0.162365 -0.184107 18.100000
1.992747 -0.829806 -2.839739 -0.749116 -1.410245 0.143132 -0.155003 -0.521752 18.150000
1.304556 -1.147265 -2.846087 -0.757768 -1.438686 0.162048 -0.146607 -0.606006 18.200000
1.726150 -1.457873 -2.852177 -0.766948 -1.473704 0.174770 -0.137389 -0.774649 18.250000
1.576025 -1.743158 -2.858080 -0.776594 -1.518150 0.192137 -0.126876 -0.977651 18.300000
0.605061 -1.896765 -2.863866 -0.786764 -1.572790 0.208423 -0.114736 -1.181025 18.350000
0.893012 -2.372545 -2.869618 -0.797178 -1.636064 0.215373 -0.101263 -1.329644 18.400000
0.553048 -2.517958 -2.875402 -0.807656 -1.709469 0.224795 -0.086288 -1.571566 18.450000
0.000000 -2.886568 -2.881281 -0.818156 -1.792433 0.230144 -0.069891 -1.724236 18.500000
0.000000 -2.968154 -2.887262 -0.828429 -1.884264 0.228980 -0.052481 -1.918709 18.550000
0.240299 -3.000000 -2.893335 -0.838305 -1.983216 0.226090 -0.034640 -2.022960 18.600000
0.000000 -2.564873 -2.899516 -0.847790 -2.085862 0.223300 -0.017012 -2.074899 18.650000
0.000000 -2.128599 -2.905772 -0.856839 -2.185746 0.216002 -0.000785 -1.942971 18.700000
0.000000 -1.865439 -2.912020 -0.865387 -2.277009 0.207034 0.013009 -1.740388 18.750000
0.000000 -2.034991 -2.918200 -0.873440 -2.359055 0.197096 0.024392 -1.568173 18.800000
0.880804 -2.473995 -2.924265 -0.881018 -2.437314 0.186514 0.034268 -1.563201 18.850000
1.732240 -2.542237 -2.930348 -0.888257 -2.520075 0.183247 0.044023 -1.723061 18.900000
1.665989 -2.905862 -2.936760 -0.895362 -2.608769 0.186506 0.054232 -1.811202 18.950000
2.544648 -3.000000 -2.943640 -0.902364 -2.704108 0.187221 0.065108 -1.976043 19.000000
3.497796 -2.736277 -2.951140 -0.909242 -2.805682 0.194026 0.076719 -2.071481 19.050000
2.749668 -2.729659 -2.959630 -0.916027 -2.907603 0.207766 0.088719 -2.015390 19.100000
3.092591 -2.675736 -2.969104 -0.922603 -3.007765 0.212592 0.100718 -1.995010 19.150000
2.244270 -2.931660 -2.979414 -0.928819 -3.106793 0.218967 0.112531 -1.970713 19.200000
2.013119 -2.818105 -2.990370 -0.934573 3.075436 0.215319 0.124336 -2.054063 19.250000
1.342265 -2.768758 -3.001643 -0.939790 2.972991 0.207830 0.135550 -2.045441 19.300000
0.543261 -3.000000 -3.012959 -0.944473 2.871305 0.193078 0.145453 -2.025344 19.350000
1.424675 -2.900044 -3.023941 -0.948714 2.767891 0.169858 0.153858 -2.098546 19.400000
1.938031 -2.848416 -3.034577 -0.952533 2.663249 0.154399 0.160690 -2.088575 19.450000
2.057751 -2.474851 -3.045140 -0.955819 2.559472 0.143623 0.166216 -2.066132 19.500000
1.939380 -1.991529 -3.055725 -0.958503 2.460255 0.134735 0.170364 -1.925568 19.550000
1.772281 -2.068806 -3.066310 -0.960581 2.370524 0.126844 0.172886 -1.699304 19.600000
1.883484 -1.690804 -3.076837 -0.962088 2.287292 0.118992 0.174256 -1.639014 19.650000
2.254956 -1.355491 -3.087279 -0.963029 2.210039 0.113784 0.174691 -1.475394 19.700000
3.078694 -1.077472 -3.097693 -0.963303 2.141776 0.114350 0.174250 -1.282680 19.750000
3.336014 -1.496499 -3.108213 -0.962656 2.082977 0.124840 0.173285 -1.095148 19.800000
3.764768 -1.341541 -3.118920 -0.960861 2.025972 0.137801 0.172701 -1.174719 19.850000
3.338272 -1.571276 -3.129794 -0.957784 1.967883 0.154015 0.172834 -1.152394 19.900000
2.590847 -2.066414 -3.140742 -0.953442 1.908006 0.165185 0.173741 -1.232161 19.950000
2.710228 -2.089737 -3.151563 -0.948124 1.840062 0.166951 0.175853 -1.454107 20.000000
3.647654 -2.369451 -3.162113 -0.942013 1.764464 0.167686 0.178858 -1.554996 20.050000
4.164879 -2.059464 -3.172348 -0.934911 1.682571 0.175212 0.182760 -1.699099 20.100000
3.324238 -2.245883 -3.182199 -0.926538 1.599201 0.186421 0.187244 -1.644604 20.150000
3.580361 -2.095318 -3.191551 -0.917029 1.515592 0.188801 0.192016 -1.692637 20.200000
4.004325 -2.294045 -3.200297 -0.906588 1.431974 0.192927 0.196810 -1.657748 20.250000
4.787843 -2.243268 -3.208326 -0.895127 1.347360 0.200004 0.201921 -1.717965 20.300000
4.737171 -1.745832 -3.215474 -0.882468 1.261267 0.213057 0.207676 -1.725309 20.350000
4.086180 -1.334575 -3.221583 -0.868554 1.180083 0.225872 0.213232 -1.549524 20.400000
4.952409 -0.930536 -3.226623 -0.853626 1.108955 0.234529 0.217560 -1.328213 20.450000
5.787198 -0.431121 -3.230500 -0.837698 1.049507 0.254009 0.220411 -1.083999 20.500000
5.107151 -0.409632 -3.232972 -0.820470 1.003771 0.284415 0.221574 -0.784646 20.550000
5.288328 -0.679688 -3.233992 -0.801961 0.968649 0.310458 0.221392 -0.638679 20.600000
5.753901 -0.937125 -3.233604 -0.782338 0.935578 0.337771 0.221437 -0.680369 20.650000
6.000000 -0.644914 -3.231701 -0.761590 0.897995 0.366925 0.223293 -0.808806 20.700000
6.000000 -0.302289 -3.228157 -0.739725 0.858949 0.396636 0.226242 -0.760355 20.750000
6.000000 0.022388 -3.222920 -0.716808 0.825280 0.426674 0.228325 -0.606041 20.800000
5.911691 -0.320240 -3.215995 -0.692901 0.800654 0.458247 0.228214 -0.402912 20.850000
4.997312 -0.069329 -3.207419 -0.668062 0.779382 0.488764 0.227559 -0.444645 20.900000
4.492980 0.150730 -3.197381 -0.642534 0.759308 0.509942 0.226875 -0.367483 20.950000
4.280843 0.466371 -3.186147 -0.616586 0.744512 0.527226 0.224533 -0.238291 21.000000
3.602092 0.218063 -3.173873 -0.590318 0.738141 0.544435 0.219231 -0.036441 21.050000
2.632331 0.600881 -3.160758 -0.563833 0.736517 0.556073 0.212340 -0.028982 21.100000
2.509789 0.773528 -3.147122 -0.537376 0.739712 0.559609 0.203772 0.141267 21.150000
2.986722 1.050585 -3.133192 -0.511053 0.751455 0.564102 0.192071 0.312156 21.200000
3.033778 1.022937 -3.118953 -0.484723 0.772860 0.575025 0.176786 0.522437 21.250000
2.906214 0.876932 -3.104385 -0.458218 0.801789 0.587152 0.158746 0.624634 21.300000
3.647693 0.724219 -3.089571 -0.431504 0.832958 0.597329 0.140162 0.623982 21.350000
3.707224 0.752840 -3.074475 -0.404464 0.862591 0.612927 0.122601 0.569216 21.400000
4.079348 0.628020 -3.059025 -0.376968 0.890765 0.627519 0.105967 0.560335 21.450000
3.811892 1.057869 -3.043219 -0.348943 0.917399 0.644135 0.090292 0.512026 21.500000
3.696326 0.904025 -3.027106 -0.320376 0.947337 0.657353 0.073318 0.669266 21.550000
3.625310 1.400146 -3.010839 -0.291309 0.981438 0.668584 0.054709 0.694006 21.600000
4.241167 1.771735 -2.994541 -0.261759 1.022227 0.678158 0.033250 0.913260 21.650000
3.688623 2.035957 -2.978300 -0.231570 1.075126 0.692024 0.006253 1.172019 21.700000
2.719759 2.493826 -2.962312 -0.200696 1.140168 0.697889 -0.026216 1.401624 21.750000
2.605261 2.701955 -2.946953 -0.169460 1.218268 0.690632 -0.064015 1.684765 21.800000
2.769720 2.796005 -2.932530 -0.138140 1.308338 0.677043 -0.105780 1.890511 21.850000
1.820887 3.000000 -2.919207 -0.106824 1.406517 0.658984 -0.148955 2.020228 21.900000
1.243445 3.000000 -2.907120 -0.075838 1.511387 0.625622 -0.191896 2.155715 21.950000
2.200514 2.786481 -2.896333 -0.045699 1.620873 0.581056 -0.232407 2.216046 22.000000
2.832703 2.905192 -2.886796 -0.016458 1.730322 0.541594 -0.268203 2.171451 22.050000
2.351670 3.000000 -2.878459 0.012140 1.839774 0.504646 -0.299763 2.202399 22.100000
2.285567 3.000000 -2.871254 0.040010 1.951219 0.459498 -0.327685 2.247423 22.150000
2.289604 2.987055 -2.865053 0.066933 2.063995 0.411075 -0.351307 2.260228 22.200000
2.921418 3.000000 -2.859732 0.092840 2.176874 0.361351 -0.370168 2.254044 22.250000
2.428970 2.830045 -2.855264 0.117835 2.289467 0.317096 -0.384506 2.248486 22.300000
2.838503 2.913600 -2.851562 0.141941 2.399894 0.269333 -0.394179 2.177905 22.350000
2.452016 2.547598 -2.848541 0.165168 2.508672 0.227006 -0.399675 2.171454 22.400000
2.138638 3.000000 -2.846138 0.187559 2.613184 0.184545 -0.401052 2.029890 22.450000
1.878845 2.836109 -2.844178 0.209086 2.717564 0.140915 -0.399171 2.125847 22.500000
2.392337 2.904271 -2.842489 0.229737 2.822892 0.096520 -0.394157 2.089981 22.550000
2.588547 2.844074 -2.841105 0.249601 2.927450 0.059915 -0.386244 2.089676 22.600000
2.499505 2.393359 -2.840181 0.268774 3.031094 0.028270 -0.376043 2.058961 22.650000
1.675931 2.439303 -2.839763 0.287294 3.128898 0.001473 -0.363981 1.880597 22.700000
1.548152 2.121229 -2.839688 0.305178 -3.061870 -0.027683 -0.350460 1.823394 22.750000
2.197151 1.756976 -2.839785 0.322462 -2.974799 -0.052687 -0.335790 1.680353 22.800000
3.120176 1.951945 -2.840243 0.339138 -2.896329 -0.065148 -0.320842 1.486943 22.850000
3.485504 2.214585 -2.841471 0.355101 -2.822178 -0.065162 -0.306293 1.480267 22.900000
2.703103 2.482847 -2.843738 0.370219 -2.745428 -0.061397 -0.292251 1.575861 22.950000
3.056208 2.715656 -2.846891 0.384490 -2.662688 -0.065912 -0.278410 1.712682 23.000000
3.499975 2.227627 -2.850771 0.397918 -2.573082 -0.067945 -0.264538 1.849934 23.050000
3.239578 2.069967 -2.855478 0.410361 -2.484142 -0.063894 -0.251228 1.727371 23.100000
2.543224 2.281914 -2.860998 0.421718 -2.400764 -0.059030 -0.238915 1.624017 23.150000
3.453317 2.736067 -2.867105 0.432070 -2.318481 -0.059126 -0.227233 1.661644 23.200000
3.826450 2.952098 -2.873758 0.441339 -2.230189 -0.051281 -0.215967 1.842129 23.250000
4.683515 3.000000 -2.881043 0.449276 -2.133821 -0.041257 -0.205388 1.989133 23.300000
5.215919 3.000000 -2.888975 0.455606 -2.032251 -0.023747 -0.196001 2.062175 23.350000
4.738622 2.991161 -2.897518 0.460002 -1.928310 -0.001387 -0.188360 2.091363 23.400000
4.885639 3.000000 -2.906454 0.462426 -1.823467 0.016425 -0.182474 2.101290 23.450000
4.080457 2.727449 -2.915530 0.462942 -1.718156 0.035547 -0.178182 2.110227 23.500000
4.778006 2.710131 -2.924507 0.461722 -1.615300 0.047573 -0.175122 2.019586 23.550000
5.774080 2.787091 -2.933182 0.458819 -1.515414 0.066680 -0.173198 1.982590 23.600000
5.346980 3.000000 -2.941342 0.453901 -1.415821 0.094540 -0.173007 1.999236 23.650000
6.000000 2.898102 -2.948754 0.446954 -1.313424 0.116602 -0.174815 2.083338 23.700000
6.000000 3.000000 -2.955166 0.438083 -1.209348 0.143116 -0.178479 2.081051 23.750000
5.194813 3.000000 -2.960314 0.427325 -1.104193 0.167699 -0.184037 2.119585 23.800000
5.993539 2.901404 -2.964086 0.415068 -0.997739 0.182628 -0.191038 2.136452 23.850000
6.000000 3.000000 -2.966314 0.401538 -0.891673 0.203423 -0.199095 2.111448 23.900000
5.287166 2.591947 -2.966759 0.386821 -0.785263 0.222130 -0.208424 2.141016 23.950000
4.783355 2.246863 -2.965433 0.371290 -0.681996 0.233030 -0.218014 2.012123 24.000000
4.235361 2.729341 -2.962489 0.355338 -0.586248 0.239812 -0.226646 1.845551 24.050000
4.387918 2.454831 -2.958103 0.339270 -0.490725 0.240193 -0.235213 1.957580 24.100000
4.735596 2.725326 -2.952363 0.323307 -0.394443 0.240635 -0.243619 1.902975 24.150000
5.387060 3.000000 -2.945185 0.307555 -0.297048 0.242822 -0.252030 1.980610 24.200000
5.957851 2.807638 -2.936397 0.292126 -0.194317 0.247956 -0.261344 2.107956 24.250000
5.752974 3.000000 -2.925798 0.277175 -0.089492 0.256110 -0.271173 2.089079 24.300000
5.732982 2.562989 -2.913397 0.262908 0.016799 0.260070 -0.281390 2.152489 24.350000
6.000000 2.510418 -2.899362 0.249539 0.120670 0.263202 -0.291033 2.024519 24.400000
5.652750 2.433426 -2.883739 0.237248 0.220068 0.269184 -0.299834 1.962412 24.450000
5.419634 2.523839 -2.866672 0.226187 0.316788 0.271659 -0.308107 1.914734 24.500000
5.985538 2.429657 -2.848428 0.216457 0.412988 0.271029 -0.316059 1.930970 24.550000
5.182993 2.307606 -2.829093 0.208208 0.508778 0.274841 -0.323754 1.905410 24.600000
5.029253 2.637316 -2.808871 0.201507 0.602541 0.270992 -0.330773 1.853579 24.650000
5.591195 2.607781 -2.788104 0.196311 0.698079 0.264187 -0.337545 1.951885 24.700000
6.000000 2.527433 -2.766895 0.192729 0.796424 0.260706 -0.344243 1.977776 24.750000
5.669832 2.992147 -2.745261 0.190959 0.894776 0.260291 -0.350562 1.959577 24.800000
5.138269 3.000000 -2.723387 0.191041 0.997354 0.253936 -0.357217 2.117060 24.850000
5.456646 3.000000 -2.701612 0.192797 1.104897 0.239552 -0.363730 2.174225 24.900000
4.482346 2.570456 -2.680152 0.196160 1.214140 0.226970 -0.369256 2.191870 24.950000
4.923480 2.972211 -2.659203 0.200952 1.319455 0.207135 -0.372689 2.044494 25.000000
5.790408 2.898894 -2.638912 0.207039 1.424165 0.192091 -0.374636 2.128710 25.050000
6.000000 2.977236 -2.619355 0.214661 1.530662 0.184553 -0.375903 2.130391 25.100000
5.117197 2.700995 -2.600668 0.223992 1.637961 0.178694 -0.376724 2.156719 25.150000
4.444164 2.355558 -2.583000 0.234785 1.743194 0.165865 -0.376528 2.066899 25.200000
5.167929 2.295384 -2.566420 0.246625 1.841960 0.150716 -0.374553 1.908703 25.250000
4.965177 2.694475 -2.551025 0.259489 1.935002 0.146112 -0.371360 1.825892 25.300000
4.282385 2.212654 -2.536938 0.273422 2.029499 0.139476 -0.368082 1.935701 25.350000
4.423559 2.595416 -2.524150 0.288122 2.122415 0.127996 -0.364128 1.801615 25.400000
5.203585 2.557577 -2.512667 0.303406 2.214943 0.118985 -0.359630 1.885384 25.450000
4.977880 2.482900 -2.502667 0.319338 2.309688 0.117063 -0.355113 1.901585 25.500000
4.768615 2.541006 -2.494285 0.335891 2.404146 0.113834 -0.350554 1.879907 25.550000
4.211373 2.213391 -2.487499 0.352863 2.498479 0.109431 -0.345895 1.891219 25.600000
3.720010 1.762668 -2.482206 0.370021 2.589718 0.102079 -0.340757 1.776109 25.650000
4.022641 1.476303 -2.478244 0.387154 2.672473 0.095006 -0.334730 1.565802 25.700000
3.829064 1.457903 -2.475628 0.404191 2.745276 0.096189 -0.328070 1.374282 25.750000
3.240327 1.629949 -2.474419 0.421093 2.811512 0.099073 -0.321309 1.287492 25.800000
2.541121 2.061225 -2.474451 0.437732 2.876681 0.097430 -0.314752 1.315153 25.850000
2.370763 2.478464 -2.475406 0.453959 2.947358 0.087590 -0.308530 1.486516 25.900000
2.848481 2.111782 -2.477028 0.469673 3.028045 0.072986 -0.302486 1.706676 25.950000
1.876192 1.719590 -2.479333 0.484841 3.111953 0.062751 -0.296079 1.656674 26.000000
2.659627 1.777236 -2.482200 0.499443 -3.093176 0.046952 -0.288887 1.489705 26.050000
3.234878 1.349824 -2.485611 0.513455 -3.020081 0.041729 -0.281216 1.440912 26.100000
3.933123 1.047739 -2.489887 0.526819 -2.953201 0.045141 -0.273566 1.260078 26.150000
4.923751 1.194990 -2.495329 0.539428 -2.895644 0.058998 -0.266251 1.068674 26.200000
4.925027 1.686020 -2.502301 0.551122 -2.842936 0.083800 -0.259758 1.044026 26.250000
5.843552 1.337877 -2.510941 0.561761 -2.785592 0.106474 -0.254728 1.226167 26.300000
5.221011 1.312133 -2.521319 0.571178 -2.725687 0.136283 -0.251138 1.177923 26.350000
5.259535 0.818043 -2.533378 0.579256 -2.667561 0.160015 -0.248631 1.151722 26.400000
5.352017 0.729890 -2.546884 0.585966 -2.615596 0.185442 -0.246447 0.953903 26.450000
4.388303 0.556627 -2.561782 0.591229 -2.571323 0.213453 -0.244246 0.833355 26.500000
4.033143 0.748346 -2.577822 0.595115 -2.533084 0.233545 -0.241922 0.711722 26.550000
3.740454 1.121188 -2.594682 0.597772 -2.496930 0.250349 -0.239838 0.732619 26.600000
3.292362 1.248399 -2.612157 0.599279 -2.455808 0.262238 -0.239118 0.893018 26.650000
3.796432 1.618492 -2.630004 0.599735 -2.407602 0.267203 -0.239999 1.019274 26.700000
3.238580 1.408742 -2.648121 0.599118 -2.350944 0.273780 -0.242688 1.220442 26.750000
2.534784 1.532804 -2.666385 0.597437 -2.289664 0.273150 -0.246282 1.229666 26.800000
1.816571 1.970421 -2.684513 0.594908 -2.226726 0.265154 -0.249879 1.280564 26.850000
2.431197 1.656172 -2.702235 0.591807 -2.157411 0.248298 -0.253963 1.464979 26.900000
1.843629 1.821901 -2.719478 0.588174 -2.085371 0.236503 -0.257656 1.422429 26.950000
2.111269 1.994271 -2.736229 0.584028 -2.013033 0.219284 -0.260526 1.464294 27.000000
2.345677 2.273654 -2.752428 0.579457 -1.937554 0.203849 -0.262930 1.542637 27.050000
2.445763 2.683693 -2.768089 0.574389 -1.856618 0.189000 -0.265202 1.674185 27.100000
2.328184 3.000000 -2.783188 0.568799 -1.767187 0.172335 -0.267583 1.871169 27.150000
1.940456 3.000000 -2.797674 0.562760 -1.668281 0.151494 -0.269775 2.054025 27.200000
1.218499 2.720934 -2.811501 0.556457 -1.563745 0.125572 -0.270786 2.115722 27.250000
2.200180 2.890755 -2.824680 0.550184 -1.460295 0.094342 -0.269538 2.034364 27.300000
1.827292 2.959526 -2.837235 0.543877 -1.357803 0.074082 -0.266386 2.059986 27.350000
2.296208 2.797768 -2.849172 0.537404 -1.253926 0.051159 -0.261828 2.089050 27.400000
2.025334 2.830186 -2.860486 0.530753 -1.150915 0.034500 -0.255937 2.038946 27.450000
2.090660 2.791983 -2.871159 0.523880 -1.049234 0.017296 -0.248987 2.029106 27.500000
2.184029 2.451632 -2.881201 0.516836 -0.948341 0.002625 -0.241120 2.009236 27.550000
1.644360 2.661943 -2.890573 0.509591 -0.851651 -0.008163 -0.232618 1.879152 27.600000
0.668660 2.239344 -2.899318 0.502224 -0.756962 -0.021804 -0.223601 1.903853 27.650000
0.412580 1.830165 -2.907678 0.494981 -0.665947 -0.041716 -0.213845 1.759063 27.700000
0.000000 1.891338 -2.915849 0.488001 -0.583955 -0.059475 -0.203535 1.551732 27.750000
0.000000 2.253818 -2.923936 0.481313 -0.508154 -0.077575 -0.192843 1.489083 27.800000
0.000000 2.687439 -2.932011 0.474910 -0.430625 -0.094298 -0.181476 1.595728 27.850000
0.000000 2.842703 -2.940087 0.468740 -0.345084 -0.111037 -0.168992 1.794734 27.900000
0.889247 2.351069 -2.948179 0.462742 -0.251547 -0.127375 -0.155249 1.925529 27.950000
0.000000 2.438873 -2.956073 0.456812 -0.158950 -0.132884 -0.141343 1.798858 28.000000
0.000000 2.218097 -2.963732 0.450918 -0.069472 -0.144155 -0.127672 1.782868 28.050000
0.000000 2.583057 -2.971325 0.445067 0.017198 -0.152887 -0.114133 1.697419 28.100000
0.377028 2.455593 -2.978811 0.439234 0.104953 -0.159846 -0.100455 1.797381 28.150000
0.187308 2.730763 -2.986070 0.433408 0.194628 -0.161652 -0.086753 1.791011 28.200000
0.095874 2.980982 -2.993028 0.427588 0.287006 -0.163783 -0.073081 1.888834 28.250000
0.285537 2.914029 -2.999720 0.421754 0.385131 -0.165465 -0.059074 2.015744 28.300000
0.000000 3.000000 -3.006090 0.415917 0.486615 -0.163702 -0.045154 2.040017 28.350000
0.775154 2.686139 -3.012127 0.410083 0.589791 -0.162862 -0.031604 2.080599 28.400000
1.476507 2.582554 -3.017712 0.404351 0.691063 -0.152967 -0.019125 1.986371 28.450000
1.804061 2.824390 -3.022582 0.398990 0.788345 -0.135274 -0.008480 1.916652 28.500000
2.185337 2.534155 -3.026619 0.394238 0.885952 -0.113924 0.000472 1.977829 28.550000
2.773849 2.063554 -3.029806 0.390291 0.982517 -0.088797 0.007433 1.897911 28.600000
3.687045 2.336926 -3.032139 0.387400 1.071658 -0.058507 0.011869 1.699148 28.650000
3.603515 2.554846 -3.033606 0.385925 1.157261 -0.020542 0.013865 1.721410 28.700000
3.329319 2.435421 -3.034310 0.386065 1.245852 0.015380 0.013537 1.808446 28.750000
3.818229 2.580497 -3.034486 0.387752 1.335984 0.047267 0.011054 1.798393 28.800000
3.909247 2.330619 -3.034328 0.391023 1.427301 0.082084 0.006448 1.846594 28.850000
3.349049 2.126265 -3.034019 0.395972 1.517562 0.115732 -0.000145 1.775281 28.900000
3.428006 1.862724 -3.033764 0.402423 1.603412 0.142030 -0.008033 1.674582 28.950000
2.837825 1.956809 -3.033726 0.410185 1.683251 0.167201 -0.016563 1.539655 29.000000
2.363299 2.404312 -3.034016 0.419057 1.759702 0.185067 -0.025611 1.521485 29.050000
2.494237 2.294224 -3.034696 0.428706 1.840335 0.196669 -0.035735 1.680186 29.100000
3.235310 2.739821 -3.035843 0.438965 1.925031 0.207661 -0.046743 1.704388 29.150000
2.724947 3.000000 -3.037607 0.449928 2.015228 0.223383 -0.059046 1.876841 29.200000
3.310215 2.668164 -3.040095 0.461514 2.113700 0.231409 -0.073030 2.036466 29.250000
2.834543 2.313288 -3.043401 0.473585 2.213870 0.242483 -0.087480 1.980404 29.300000
2.383982 2.371632 -3.047578 0.486034 2.308691 0.247488 -0.101065 1.836467 29.350000
2.571639 2.614850 -3.052503 0.498586 2.399608 0.247001 -0.113653 1.805681 29.400000
1.978614 2.246303 -3.058136 0.511099 2.492134 0.246478 -0.126067 1.883431 29.450000
2.841565 1.984429 -3.064391 0.523423 2.583365 0.239201 -0.137557 1.782275 29.500000
2.835711 1.706640 -3.071306 0.535528 2.668655 0.240055 -0.147425 1.650257 29.550000
2.902048 2.038576 -3.079040 0.547461 2.746778 0.241242 -0.155781 1.497927 29.600000
3.810474 1.680554 -3.087589 0.559167 2.823464 0.242449 -0.163684 1.560569 29.650000
3.214895 1.321404 -3.097144 0.570628 2.898467 0.251628 -0.171287 1.455672 29.700000
4.040295 1.445939 -3.107744 0.581792 2.966223 0.255917 -0.177668 1.280067 29.750000
3.623186 1.256964 -3.119424 0.592597 3.029491 0.268246 -0.183405 1.254827 29.800000
3.729263 1.499804 -3.132237 0.602981 3.089937 0.276449 -0.188852 1.174600 29.850000
4.122526 1.335619 -3.146065 0.612859 -3.132828 0.284870 -0.194476 1.234584 29.900000
3.722985 1.646797 -3.160965 0.622149 -3.072074 0.296053 -0.200386 1.200902 29.950000
4.362272 2.025062 -3.176870 0.630770 -3.009019 0.301938 -0.206964 1.307111 30.000000
4.517648 1.741969 -3.193742 0.638616 -2.938257 0.310689 -0.215337 1.496796 30.050000
4.978150 2.027944 -3.211645 0.645544 -2.864116 0.318692 -0.224573 1.473166 30.100000
5.598901 1.539211 -3.230605 0.651420 -2.787612 0.328958 -0.234532 1.573162 30.150000
6.000000 1.928847 -3.250726 0.656057 -2.712874 0.344132 -0.244380 1.437651 30.200000
6.000000 1.761464 -3.272095 0.659267 -2.638311 0.361464 -0.254741 1.532388 30.250000
5.713870 2.111467 -3.294614 0.660906 -2.562229 0.376483 -0.265978 1.514966 30.300000
6.000000 1.975773 -3.318037 0.660922 -2.482848 0.385814 -0.278397 1.642387 30.350000
6.000000 2.253781 -3.342148 0.659241 -2.400578 0.394936 -0.291686 1.648867 30.400000
5.702323 2.122413 -3.366789 0.655768 -2.315016 0.400831 -0.305895 1.758047 30.450000
5.070731 2.432054 -3.391683 0.650522 -2.227157 0.401092 -0.320426 1.757470 30.500000
4.379254 2.767152 -3.416492 0.643669 -2.135985 0.392272 -0.335123 1.871743 30.550000
4.259842 2.840574 -3.440843 0.635501 -2.037668 0.372226 -0.350306 2.034084 30.600000
3.961971 2.955912 -3.464468 0.626250 -1.933529 0.347078 -0.364845 2.116848 30.650000
4.407526 3.000000 -3.487211 0.616093 -1.825733 0.316400 -0.377653 2.182425 30.700000
4.718073 2.709362 -3.508993 0.605084 -1.715608 0.288162 -0.388238 2.215488 30.750000
5.102423 3.000000 -3.529776 0.593129 -1.607574 0.263673 -0.395949 2.120736 30.800000
4.876409 2.709435 -3.549504 0.580128 -1.499661 0.242801 -0.401638 2.183706 30.850000
4.461588 2.956761 -3.568089 0.566134 -1.392910 0.220601 -0.405252 2.099245 30.900000
3.922709 2.774691 -3.585484 0.551368 -1.286437 0.195180 -0.406900 2.149332 30.950000
4.469514 2.824049 -3.601696 0.536127 -1.180486 0.165943 -0.406334 2.095631 31.000000
3.529689 2.565899 -3.616689 0.520460 -1.075928 0.143909 -0.403707 2.086510 31.050000
2.723515 2.932727 -3.630485 0.504495 -0.974513 0.116209 -0.399018 1.984845 31.100000
3.550251 3.000000 -3.643290 0.488600 -0.872775 0.082674 -0.392321 2.068213 31.150000
3.059813 2.526619 -3.655109 0.472807 -0.767997 0.057542 -0.383891 2.113397 31.200000
2.312254 2.387570 -3.665895 0.457070 -0.666875 0.031991 -0.373736 1.955863 31.250000
2.122919 2.450337 -3.675840 0.441559 -0.572362 0.005239 -0.361980 1.841331 31.300000
2.313328 2.625394 -3.685093 0.426371 -0.481042 -0.019152 -0.348944 1.814220 31.350000
1.314172 3.000000 -3.693643 0.411487 -0.388930 -0.039555 -0.334904 1.861491 31.400000
2.201258 2.811252 -3.701678 0.396964 -0.291584 -0.068969 -0.319523 2.006938 31.450000
3.066125 3.000000 -3.709230 0.382795 -0.191740 -0.087964 -0.302865 1.988933 31.500000
3.053167 3.000000 -3.715879 0.368880 -0.090588 -0.096437 -0.285744 2.047302 31.550000
3.458393 3.000000 -3.721420 0.355232 0.012383 -0.103043 -0.268551 2.068042 31.600000
2.726476 2.934414 -3.725754 0.341930 0.116014 -0.103486 -0.251657 2.076136 31.650000
1.741667 3.000000 -3.728958 0.329048 0.219251 -0.108248 -0.235191 2.056718 31.700000
1.101052 2.760728 -3.731428 0.316584 0.322555 -0.119705 -0.218698 2.072640 31.750000
0.892952 2.577411 -3.733509 0.304469 0.423886 -0.133800 -0.202015 1.993600 31.800000
1.551139 3.000000 -3.735342 0.292653 0.520829 -0.145858 -0.185409 1.899498 31.850000
1.098618 3.000000 -3.736794 0.281213 0.619174 -0.149487 -0.168701 2.015562 31.900000
0.299784 3.000000 -3.737809 0.270186 0.721211 -0.155749 -0.151818 2.058965 31.950000
0.000000 2.729465 -3.738595 0.259409 0.824636 -0.167119 -0.134714 2.075488 32.000000
0.484485 2.752121 -3.739289 0.248726 0.925829 -0.178067 -0.117652 1.987211 32.050000
0.000000 2.260394 -3.739815 0.238210 1.024520 -0.181410 -0.100986 1.964637 32.100000
0.000000 2.548452 -3.740137 0.227898 1.117461 -0.186248 -0.085359 1.782674 32.150000
0.000000 2.933525 -3.740291 0.217741 1.207640 -0.188686 -0.070398 1.819182 32.200000
0.779317 2.788515 -3.740249 0.207768 1.303041 -0.189629 -0.055133 1.972512 32.250000
0.417687 2.914858 -3.739943 0.198185 1.401865 -0.181561 -0.040182 1.979831 32.300000
0.000000 2.935467 -3.739365 0.189122 1.502283 -0.175293 -0.026040 2.029187 32.350000
0.000000 2.899456 -3.738558 0.180432 1.604517 -0.171316 -0.012519 2.056104 32.400000
0.169624 3.000000 -3.737541 0.172055 1.707272 -0.165678 0.000256 2.054751 32.450000
0.975054 2.780639 -3.736344 0.164065 1.811059 -0.156954 0.012189 2.090963 32.500000
1.384995 2.562623 -3.735058 0.156707 1.913764 -0.139530 0.022634 2.028001 32.550000
1.169653 2.832182 -3.733849 0.150243 2.012269 -0.117817 0.030906 1.928664 32.600000
1.394492 3.000000 -3.732826 0.144672 2.110427 -0.097965 0.037404 1.987904 32.650000
2.058996 2.951218 -3.732079 0.139943 2.212175 -0.075815 0.042431 2.068512 32.700000
2.552260 2.956003 -3.731816 0.136153 2.315936 -0.047641 0.045549 2.079814 32.750000
2.590494 3.000000 -3.732309 0.133391 2.420074 -0.015641 0.046340 2.084626 32.800000
3.532705 2.945324 -3.733738 0.131589 2.524782 0.015498 0.044759 2.100739 32.850000
3.902318 3.000000 -3.736367 0.130694 2.629404 0.053826 0.040638 2.086297 32.900000
2.945027 3.000000 -3.740513 0.130642 2.734107 0.093373 0.033742 2.099443 32.950000
3.679388 2.634582 -3.746071 0.131128 2.839210 0.121392 0.024533 2.103921 33.000000
3.107601 2.193511 -3.752987 0.131894 2.940714 0.153652 0.013741 1.977503 33.050000
3.576547 2.014680 -3.761249 0.132758 3.033700 0.177738 0.002292 1.774810 33.100000
3.135970 2.329191 -3.770769 0.133543 3.118364 0.203842 -0.009304 1.633965 33.150000
3.589030 2.280148 -3.781475 0.134111 -3.081365 0.223491 -0.021721 1.695384 33.200000
4.583810 2.320834 -3.793283 0.134313 -2.996363 0.245066 -0.035200 1.704049 33.250000
5.555801 2.084179 -3.806424 0.133960 -2.910567 0.273376 -0.049884 1.725424 33.300000
5.335294 1.895527 -3.821206 0.132798 -2.826444 0.307971 -0.065634 1.652010 33.350000
5.749921 1.603163 -3.837629 0.130620 -2.746550 0.337758 -0.081799 1.559171 33.400000
6.000000 1.944789 -3.855561 0.127272 -2.672636 0.369209 -0.097638 1.419481 33.450000
5.450969 1.662892 -3.874963 0.122577 -2.599517 0.400213 -0.114395 1.495904 33.500000
6.000000 1.863597 -3.895569 0.116459 -2.526657 0.423227 -0.131883 1.429961 33.550000
5.160022 2.290156 -3.917180 0.108833 -2.453620 0.448617 -0.150100 1.485527 33.600000
6.000000 2.389494 -3.939522 0.099671 -2.373981 0.461827 -0.170850 1.673768 33.650000
5.791605 2.118868 -3.962329 0.088901 -2.286906 0.478089 -0.194206 1.793171 33.700000
5.996597 2.516377 -3.985441 0.076386 -2.198519 0.488615 -0.218004 1.751401 33.750000
6.000000 3.000000 -4.008611 0.062122 -2.107042 0.496757 -0.242673 1.888408 33.800000
6.000000 3.000000 -4.031574 0.046097 -2.005917 0.498021 -0.270221 2.120569 33.850000
6.000000 3.000000 -4.054006 0.028383 -1.897250 0.492458 -0.299285 2.212663 33.900000
5.857955 3.000000 -4.075630 0.009092 -1.785491 0.481586 -0.327748 2.252654 33.950000
6.000000 2.675101 -4.096213 -0.011605 -1.672314 0.465007 -0.354579 2.272282 34.000000
6.000000 2.499884 -4.115574 -0.033564 -1.561704 0.447835 -0.378234 2.170542 34.050000
5.853107 2.994798 -4.133591 -0.056691 -1.455955 0.430656 -0.398166 2.075883 34.100000
5.321434 3.000000 -4.150156 -0.080815 -1.348076 0.408888 -0.416588 2.215194 34.150000
4.843686 2.613705 -4.165189 -0.105586 -1.235897 0.378006 -0.433508 2.262539 34.200000
5.393526 2.773928 -4.178707 -0.130624 -1.126346 0.343222 -0.446492 2.138877 34.250000
4.873411 2.767494 -4.190683 -0.155857 -1.019199 0.314734 -0.455993 2.144262 34.300000
5.859126 2.894578 -4.201111 -0.181185 -0.912177 0.281439 -0.462759 2.135658 34.350000
5.349359 3.000000 -4.209909 -0.206578 -0.804373 0.257307 -0.467252 2.168973 34.400000
5.781156 2.865938 -4.217009 -0.231992 -0.694691 0.227675 -0.469838 2.208968 34.450000
4.907055 3.000000 -4.222415 -0.257274 -0.585394 0.203241 -0.470148 2.167868 34.500000
4.192095 2.715929 -4.226221 -0.282259 -0.476264 0.171851 -0.468257 2.190666 34.550000
4.437088 3.000000 -4.228762 -0.306677 -0.369646 0.137096 -0.463570 2.088349 34.600000
4.871465 3.000000 -4.230138 -0.330445 -0.263635 0.107169 -0.456563 2.140565 34.650000
4.467938 2.829850 -4.230223 -0.353551 -0.156279 0.082727 -0.447844 2.149901 34.700000
4.053427 2.858882 -4.229032 -0.375933 -0.050613 0.057860 -0.437461 2.085494 34.750000
4.069345 2.886121 -4.226756 -0.397512 0.053105 0.032809 -0.425516 2.064655 34.800000
3.124597 2.440758 -4.223497 -0.418234 0.156233 0.010951 -0.412262 2.059566 34.850000
3.585942 1.945456 -4.219470 -0.438088 0.254416 -0.014226 -0.397749 1.893265 34.900000
4.076141 2.128827 -4.214735 -0.457041 0.342001 -0.026600 -0.382595 1.647815 34.950000
4.248247 2.496607 -4.209036 -0.474960 0.423518 -0.029090 -0.367667 1.617412 35.000000
4.556627 2.455029 -4.202267 -0.491718 0.507912 -0.029666 -0.353141 1.739526 35.050000
3.865178 2.207522 -4.194422 -0.507200 0.595832 -0.027372 -0.339103 1.772323 35.100000
3.812534 2.522239 -4.185662 -0.521386 0.682231 -0.029270 -0.325594 1.695578 35.150000
4.714828 2.680150 -4.176200 -0.534308 0.769447 -0.030384 -0.312472 1.779891 35.200000
4.040831 2.979122 -4.165991 -0.545781 0.861042 -0.023364 -0.299920 1.869973 35.250000
3.490335 3.000000 -4.155124 -0.555734 0.958639 -0.023741 -0.287928 2.010859 35.300000
3.688852 2.858072 -4.143902 -0.564369 1.060885 -0.029422 -0.276048 2.069031 35.350000
2.865778 2.613506 -4.132475 -0.571724 1.163479 -0.031534 -0.264287 2.039612 35.400000
3.279186 2.506704 -4.120988 -0.577899 1.262621 -0.038392 -0.252692 1.941945 35.450000
4.028176 2.185110 -4.109556 -0.582943 1.357560 -0.038207 -0.241389 1.867722 35.500000
4.808189 1.957466 -4.098205 -0.586560 1.446816 -0.027850 -0.230968 1.725512 35.550000
4.126422 1.941538 -4.087009 -0.588378 1.529175 -0.007344 -0.221982 1.590415 35.600000
3.824505 2.388199 -4.076113 -0.588388 1.607050 0.008305 -0.214381 1.533718 35.650000
2.845693 2.522193 -4.065653 -0.586864 1.687854 0.020470 -0.207867 1.677130 35.700000
3.023812 2.254820 -4.055711 -0.584181 1.774764 0.022058 -0.202059 1.782794 35.750000
2.447305 2.595534 -4.046347 -0.580585 1.862291 0.025740 -0.196614 1.727136 35.800000
2.288940 3.000000 -4.037600 -0.576213 1.951592 0.024084 -0.191463 1.828753 35.850000
1.575803 3.000000 -4.029465 -0.571290 2.048328 0.019730 -0.186419 2.010816 35.900000
1.584134 3.000000 -4.021878 -0.566057 2.150782 0.008166 -0.181045 2.076037 35.950000
1.327342 2.678635 -4.014772 -0.560688 2.255234 -0.002581 -0.175046 2.097985 36.000000
0.545793 2.491013 -4.008120 -0.555236 2.357038 -0.013810 -0.168447 1.991577 36.050000
0.197148 2.252899 -4.001766 -0.549863 2.453517 -0.029742 -0.161175 1.884589 36.100000
0.000000 1.772378 -3.995525 -0.544709 2.544074 -0.046064 -0.153207 1.757471 36.150000
0.441074 1.870345 -3.989308 -0.539795 2.625457 -0.060754 -0.144865 1.531901 36.200000
0.409085 2.201923 -3.983190 -0.535045 2.700470 -0.068655 -0.136453 1.476697 36.250000
0.000000 2.681243 -3.977267 -0.530385 2.777174 -0.075994 -0.127839 1.576526 36.300000
0.997536 2.661660 -3.971439 -0.525833 2.862189 -0.087314 -0.118523 1.790815 36.350000
0.066653 2.376042 -3.965833 -0.521330 2.953909 -0.088862 -0.108721 1.866090 36.400000
0.000000 2.247314 -3.960471 -0.516850 3.045073 -0.097713 -0.098948 1.792241 36.450000
0.000000 2.103059 -3.955149 -0.512417 3.132528 -0.105175 -0.089250 1.717689 36.500000
0.693110 2.242779 -3.949884 -0.508016 -3.067114 -0.110771 -0.079779 1.636594 36.550000
0.257375 2.540128 -3.944866 -0.503651 -2.984720 -0.108543 -0.070625 1.656384 36.600000
0.000000 2.660888 -3.940167 -0.499330 -2.898538 -0.109770 -0.061517 1.772915 36.650000
0.000000 3.000000 -3.935639 -0.495021 -2.807323 -0.112655 -0.052192 1.861694 36.700000
0.326864 3.000000 -3.931245 -0.490701 -2.709745 -0.114664 -0.042508 2.016315 36.750000
1.009289 3.000000 -3.927082 -0.486396 -2.607268 -0.112523 -0.032764 2.073412 36.800000
0.942359 2.546343 -3.923367 -0.482246 -2.502980 -0.102880 -0.023645 2.094765 36.850000
1.548167 2.062516 -3.920207 -0.478376 -2.402655 -0.092925 -0.015837 1.943486 36.900000
2.420445 1.959120 -3.917651 -0.474935 -2.312108 -0.076611 -0.009822 1.714885 36.950000
2.977973 1.553908 -3.915864 -0.472235 -2.229988 -0.052097 -0.005721 1.589181 37.000000
2.053575 1.355820 -3.914949 -0.470588 -2.156264 -0.022924 -0.003547 1.389186 37.050000
1.358060 1.466687 -3.914734 -0.469954 -2.091307 -0.003257 -0.002818 1.231293 37.100000
0.868569 1.520487 -3.914926 -0.470024 -2.030476 0.009257 -0.002855 1.205501 37.150000
1.235012 1.768848 -3.915334 -0.470553 -1.969937 0.016734 -0.003322 1.214803 37.200000
1.893291 2.223647 -3.915902 -0.471516 -1.906398 0.027268 -0.004213 1.313066 37.250000
2.395262 2.370602 -3.916658 -0.473134 -1.834681 0.043362 -0.005893 1.524883 37.300000
1.904763 2.338885 -3.917597 -0.475658 -1.754402 0.063215 -0.008761 1.665114 37.350000
1.234326 1.970050 -3.918616 -0.479066 -1.669879 0.077328 -0.012709 1.709093 37.400000
2.098984 2.144911 -3.919588 -0.483059 -1.587797 0.084252 -0.017008 1.592144 37.450000
2.760612 1.898841 -3.920442 -0.487654 -1.507671 0.098505 -0.021661 1.610277 37.500000
3.677083 2.132695 -3.921087 -0.493164 -1.429536 0.117894 -0.026958 1.527717 37.550000
3.829136 2.535039 -3.921380 -0.499892 -1.351606 0.144453 -0.033351 1.581671 37.600000
4.800235 2.310114 -3.921145 -0.507985 -1.267632 0.170326 -0.041676 1.751560 37.650000
5.571070 2.260504 -3.920150 -0.517560 -1.180457 0.202975 -0.051880 1.738169 37.700000
5.521998 2.392933 -3.918093 -0.528833 -1.094152 0.240286 -0.063774 1.718063 37.750000
4.696011 2.390508 -3.914744 -0.541751 -1.007000 0.274105 -0.077616 1.762191 37.800000
4.086404 2.853737 -3.910070 -0.555910 -0.918324 0.297022 -0.093050 1.782780 37.850000
3.544868 2.593149 -3.904165 -0.570814 -0.824035 0.310638 -0.110342 1.961220 37.900000
2.794236 3.000000 -3.897143 -0.586046 -0.726637 0.315933 -0.128346 1.939417 37.950000
2.085535 3.000000 -3.889213 -0.601227 -0.625615 0.310984 -0.146560 2.079158 38.000000
2.408285 2.505062 -3.880668 -0.616002 -0.520124 0.296242 -0.164392 2.132099 38.050000
2.185807 2.677613 -3.871628 -0.630238 -0.417992 0.283490 -0.179865 1.979162 38.100000
3.044296 2.421302 -3.862125 -0.643914 -0.318851 0.267938 -0.193190 1.985563 38.150000
3.508879 2.352738 -3.852063 -0.657030 -0.222133 0.259959 -0.204758 1.897772 38.200000
4.450212 2.652505 -3.841187 -0.669613 -0.128877 0.256174 -0.214884 1.841773 38.250000
5.027217 2.696370 -3.829224 -0.681619 -0.034247 0.259603 -0.224915 1.929811 38.300000
5.318774 3.000000 -3.815911 -0.692929 0.063706 0.265901 -0.235545 1.980737 38.350000
5.989190 2.690046 -3.801168 -0.703367 0.166476 0.271615 -0.247158 2.109369 38.400000
6.000000 3.000000 -3.784926 -0.712715 0.270197 0.281373 -0.259090 2.050438 38.450000
6.000000 2.666012 -3.767198 -0.720765 0.375367 0.288616 -0.271550 2.141891 38.500000
6.000000 2.867201 -3.748184 -0.727348 0.480081 0.293980 -0.283920 2.061247 38.550000
6.000000 2.929822 -3.728080 -0.732329 0.584441 0.297531 -0.296131 2.106364 38.600000
5.815733 3.000000 -3.707109 -0.735597 0.690937 0.298331 -0.308524 2.147241 38.650000
5.937275 3.000000 -3.685540 -0.737100 0.799488 0.294734 -0.320805 2.188229 38.700000
5.081689 2.622400 -3.663619 -0.736795 0.909354 0.290060 -0.332600 2.204051 38.750000
4.752080 2.804009 -3.641658 -0.734796 1.015878 0.277530 -0.342600 2.078075 38.800000
4.037222 3.000000 -3.619963 -0.731329 1.120297 0.262104 -0.350796 2.095214 38.850000
3.371370 2.673286 -3.598779 -0.726644 1.227163 0.238399 -0.357682 2.166136 38.900000
3.486267 3.000000 -3.578321 -0.721095 1.332740 0.209245 -0.362084 2.071258 38.950000
2.868949 3.000000 -3.558662 -0.714838 1.438508 0.181727 -0.364239 2.145162 39.000000
2.269847 3.000000 -3.539843 -0.708047 1.546358 0.148348 -0.364258 2.163500 39.050000
1.279507 3.000000 -3.521876 -0.701047 1.654516 0.110723 -0.361571 2.160694 39.100000
1.807844 3.000000 -3.504692 -0.694220 1.762281 0.066132 -0.355782 2.148899 39.150000
2.595909 3.000000 -3.488204 -0.687649 1.869366 0.029522 -0.347062 2.134538 39.200000
1.653136 2.694185 -3.472435 -0.681004 1.975765 0.003350 -0.336252 2.121899 39.250000
0.870208 3.000000 -3.457339 -0.674283 2.078446 -0.027269 -0.323700 2.003352 39.300000
0.352256 2.853262 -3.442718 -0.667791 2.180346 -0.061811 -0.309238 2.061148 39.350000
0.034187 2.766958 -3.428359 -0.661715 2.282346 -0.097770 -0.292720 2.023406 39.400000
0.193248 2.492402 -3.414105 -0.656096 2.382092 -0.132051 -0.274418 1.973317 39.450000
0.239371 2.672052 -3.399917 -0.650840 2.477288 -0.159370 -0.255048 1.853195 39.500000
0.000000 2.675756 -3.385846 -0.645802 2.570455 -0.181995 -0.234915 1.870357 39.550000
0.000000 2.615547 -3.371864 -0.640916 2.664174 -0.203548 -0.213943 1.877157 39.600000
0.207412 2.327013 -3.357947 -0.636124 2.757481 -0.221462 -0.192450 1.858337 39.650000
0.284673 1.895713 -3.344184 -0.631334 2.847218 -0.233183 -0.171300 1.748966 39.700000
0.000000 1.426676 -3.330704 -0.626485 2.928973 -0.239512 -0.151656 1.551955 39.750000
0.000000 1.397147 -3.317531 -0.621582 2.999365 -0.244001 -0.134339 1.300698 39.800000
0.960947 1.170265 -3.304662 -0.616649 3.061111 -0.245281 -0.118985 1.185688 39.850000
1.734807 0.774349 -3.292360 -0.611685 3.116571 -0.235426 -0.105426 1.051454 39.900000
1.688261 1.251344 -3.281047 -0.606717 -3.120024 -0.216648 -0.094323 0.839911 39.950000
1.894417 1.476516 -3.270883 -0.601804 -3.075457 -0.198128 -0.084534 0.931874 40.000000
2.084163 1.968456 -3.261871 -0.596986 -3.025125 -0.178444 -0.074916 1.064797 40.050000
2.971234 2.203160 -3.254059 -0.592306 -2.964788 -0.158041 -0.065154 1.314987 40.100000
3.341947 2.509378 -3.247646 -0.587852 -2.893424 -0.130287 -0.055631 1.511619 40.150000
3.257850 2.331723 -3.242854 -0.583770 -2.812255 -0.099952 -0.047108 1.706047 40.200000
3.731280 2.568438 -3.239662 -0.580199 -2.726580 -0.070973 -0.040301 1.719249 40.250000
4.293151 2.896402 -3.238048 -0.577312 -2.637966 -0.038163 -0.035508 1.811112 40.300000
4.320183 2.537607 -3.238096 -0.575362 -2.542970 -0.001213 -0.033004 1.964197 40.350000
4.851843 2.410812 -3.239748 -0.574573 -2.446800 0.034714 -0.033042 1.894233 40.400000
4.337279 2.480902 -3.242903 -0.575172 -2.354140 0.074235 -0.035530 1.823749 40.450000
3.698546 2.963053 -3.247343 -0.577272 -2.262969 0.107102 -0.040236 1.823420 40.500000
3.367841 2.841218 -3.252667 -0.580753 -2.166771 0.131772 -0.047096 1.996657 40.550000
2.783977 2.949740 -3.258527 -0.585480 -2.066309 0.151127 -0.055647 2.018599 40.600000
3.584623 2.948527 -3.264627 -0.591281 -1.963997 0.162927 -0.065229 2.066319 40.650000
2.632311 2.875483 -3.270810 -0.598198 -1.860152 0.180180 -0.075733 2.084909 40.700000
2.165955 2.967995 -3.276910 -0.606159 -1.756415 0.186417 -0.086726 2.067882 40.750000
2.040073 3.000000 -3.282720 -0.614792 -1.652215 0.186482 -0.097637 2.095806 40.800000
2.121817 2.542804 -3.288132 -0.623901 -1.546776 0.183686 -0.108234 2.118241 40.850000
2.817056 2.626603 -3.293083 -0.633417 -1.445290 0.180930 -0.117733 1.966721 40.900000
3.396615 2.646939 -3.297508 -0.643468 -1.347673 0.184133 -0.126427 1.942324 40.950000
2.402682 2.263625 -3.301279 -0.654274 -1.250572 0.191543 -0.135126 1.942211 41.000000
2.273583 1.924392 -3.304358 -0.665653 -1.157401 0.189070 -0.143148 1.806645 41.050000
1.333152 2.383360 -3.306798 -0.677298 -1.072090 0.186137 -0.149659 1.632902 41.100000
1.102762 1.915194 -3.308704 -0.688949 -0.987581 0.174034 -0.155395 1.732018 41.150000
0.962901 2.228464 -3.310221 -0.700335 -0.904797 0.160039 -0.159933 1.599391 41.200000
0.999746 2.000779 -3.311419 -0.711388 -0.823063 0.145065 -0.163350 1.660341 41.250000
0.849853 2.205346 -3.312335 -0.722087 -0.741782 0.130788 -0.165749 1.599725 41.300000
0.447047 2.445928 -3.313007 -0.732422 -0.660367 0.115418 -0.167220 1.648954 41.350000
1.246697 2.151432 -3.313562 -0.742318 -0.574878 0.095844 -0.167930 1.753745 41.400000
0.483526 1.749942 -3.313941 -0.751836 -0.489145 0.084366 -0.167685 1.685786 41.450000
0.122447 2.077475 -3.314152 -0.761010 -0.409892 0.067791 -0.166238 1.510276 41.500000
0.000000 2.292227 -3.314428 -0.769765 -0.332986 0.049219 -0.163752 1.558232 41.550000
0.000000 2.005765 -3.314884 -0.778100 -0.252305 0.029680 -0.160413 1.653905 41.600000
0.000000 1.771750 -3.315557 -0.786057 -0.171589 0.011285 -0.156099 1.584672 41.650000
0.000000 1.507401 -3.316430 -0.793691 -0.095676 -0.004907 -0.150930 1.468610 41.700000
0.822485 1.614249 -3.317476 -0.801048 -0.026469 -0.018591 -0.145189 1.320573 41.750000
0.000000 1.948881 -3.318472 -0.808166 0.038905 -0.022832 -0.139263 1.297538 41.800000
0.257865 2.328060 -3.319410 -0.815065 0.107082 -0.034545 -0.133111 1.412837 41.850000
0.000000 2.234775 -3.320424 -0.821773 0.183113 -0.044209 -0.126432 1.600388 41.900000
0.586372 1.973948 -3.321511 -0.828323 0.264294 -0.056049 -0.119213 1.640551 41.950000
0.000000 2.089751 -3.322579 -0.834712 0.344018 -0.060961 -0.111820 1.560494 42.000000
0.771312 2.390500 -3.323603 -0.840955 0.422342 -0.070133 -0.104346 1.570791 42.050000
0.122717 2.215834 -3.324529 -0.847032 0.504173 -0.071462 -0.096664 1.685108 42.100000
0.000000 1.803820 -3.325321 -0.852944 0.587892 -0.078152 -0.088905 1.666504 42.150000
0.435583 1.416553 -3.326116 -0.858779 0.666662 -0.084291 -0.081316 1.508139 42.200000
0.000000 1.031255 -3.326830 -0.864476 0.736100 -0.084392 -0.074374 1.299496 42.250000
0.000000 0.638359 -3.327450 -0.870018 0.794389 -0.086851 -0.068289 1.064098 42.300000
0.000000 0.725579 -3.328041 -0.875450 0.840303 -0.087673 -0.063114 0.805326 42.350000
0.000000 0.949919 -3.328598 -0.880755 0.878117 -0.087497 -0.058611 0.717857 42.400000
0.918877 0.927628 -3.329118 -0.885927 0.915339 -0.087058 -0.054307 0.765405 42.450000
0.909600 1.228646 -3.329470 -0.890796 0.954013 -0.077987 -0.050192 0.779927 42.500000
1.045841 1.705984 -3.329543 -0.895196 0.996562 -0.069388 -0.046261 0.906450 42.550000
1.754082 1.951736 -3.329346 -0.899111 1.048802 -0.060198 -0.042289 1.151191 42.600000
1.470440 2.171531 -3.328811 -0.902379 1.112111 -0.045099 -0.038493 1.353205 42.650000
2.077830 1.834060 -3.327942 -0.904920 1.184573 -0.033354 -0.035173 1.520928 42.700000
2.734129 1.539557 -3.326781 -0.906660 1.259011 -0.016207 -0.032668 1.464966 42.750000
2.352465 1.970103 -3.325317 -0.907318 1.328467 0.006811 -0.031326 1.332475 42.800000
2.747279 1.988722 -3.323633 -0.906844 1.398129 0.025488 -0.031080 1.438804 42.850000
3.250007 1.717018 -3.321837 -0.905258 1.471540 0.046949 -0.031935 1.490219 42.900000
3.851465 2.148270 -3.320019 -0.902384 1.543775 0.072189 -0.033923 1.410925 42.950000
4.246904 2.275107 -3.318295 -0.898013 1.617999 0.101703 -0.037400 1.539413 43.000000
4.761686 2.544431 -3.316825 -0.891986 1.697833 0.133022 -0.042838 1.639201 43.050000
4.868833 2.635111 -3.315812 -0.884195 1.783796 0.166830 -0.050609 1.778204 43.100000
4.087405 2.683759 -3.315479 -0.874638 1.875247 0.198874 -0.060845 1.866461 43.150000
4.912626 2.784272 -3.315971 -0.863632 1.970100 0.220725 -0.072990 1.919766 43.200000
4.387201 2.376503 -3.317463 -0.851348 2.067776 0.247423 -0.086838 1.978625 43.250000
4.072135 2.464641 -3.320115 -0.837916 2.163214 0.266605 -0.101374 1.859274 43.300000
3.879906 2.741646 -3.323922 -0.823690 2.255886 0.280633 -0.116012 1.850114 43.350000
4.208607 2.510094 -3.328877 -0.808942 2.351254 0.289984 -0.131478 1.949526 43.400000
3.259213 2.825647 -3.335048 -0.793838 2.447501 0.299843 -0.147234 1.908190 43.450000
3.639170 3.000000 -3.342334 -0.778644 2.545812 0.297996 -0.163169 2.008581 43.500000
4.293259 3.000000 -3.350623 -0.763615 2.649170 0.296435 -0.179504 2.109590 43.550000
4.648166 2.991412 -3.360092 -0.748799 2.755778 0.297896 -0.195954 2.149003 43.600000
4.218711 2.704219 -3.370908 -0.734282 2.863630 0.299894 -0.212226 2.163550 43.650000
3.744844 3.000000 -3.382988 -0.720242 2.969099 0.296244 -0.227344 2.071484 43.700000
3.946576 3.000000 -3.396052 -0.706861 3.074786 0.286178 -0.241477 2.144009 43.750000
4.943110 2.881846 -3.409944 -0.694271 -3.100426 0.275653 -0.254792 2.170591 43.800000
4.642791 2.889725 -3.424842 -0.682588 -2.992798 0.273057 -0.267063 2.140201 43.850000
3.891319 2.736683 -3.440795 -0.671938 -2.885989 0.266356 -0.278388 2.133520 43.900000
3.504421 2.551543 -3.457444 -0.662367 -2.780947 0.252087 -0.288181 2.077395 43.950000
3.387766 2.371317 -3.474443 -0.653847 -2.679599 0.235005 -0.295808 1.990414 44.000000
2.715998 2.223312 -3.491625 -0.646355 -2.582917 0.218498 -0.301197 1.892236 44.050000
2.052163 1.938515 -3.508793 -0.639806 -2.490978 0.197773 -0.304409 1.799172 44.100000
1.548254 1.579122 -3.525680 -0.634013 -2.405125 0.173942 -0.305240 1.655892 44.150000
0.993434 1.435705 -3.542112 -0.628793 -2.327870 0.149937 -0.303586 1.461911 44.200000
1.505576 1.518841 -3.557978 -0.623965 -2.258710 0.125284 -0.299862 1.322977 44.250000
1.619005 1.375301 -3.573325 -0.619525 -2.193455 0.108308 -0.294925 1.290705 44.300000
1.594894 1.871335 -3.588274 -0.615585 -2.130949 0.094587 -0.289249 1.218700 44.350000
2.454789 1.381980 -3.602849 -0.612158 -2.065621 0.080556 -0.283341 1.372019 44.400000
2.594726 1.126258 -3.617128 -0.609398 -2.000481 0.075656 -0.277178 1.250328 44.450000
2.350717 1.544271 -3.631207 -0.607527 -1.942247 0.075355 -0.270739 1.099433 44.500000
1.543872 1.557558 -3.645058 -0.606536 -1.884627 0.073521 -0.264466 1.192595 44.550000
2.427041 1.070827 -3.658565 -0.606167 -1.823727 0.063580 -0.258326 1.236750 44.600000
2.374890 1.144351 -3.671708 -0.606433 -1.766654 0.064057 -0.252012 1.068802 44.650000
3.168708 1.597918 -3.684520 -0.607536 -1.714532 0.066185 -0.245752 1.022183 44.700000
3.774168 1.341541 -3.696988 -0.609635 -1.659045 0.074923 -0.240101 1.176966 44.750000
4.686431 0.850012 -3.709084 -0.613010 -1.601005 0.088533 -0.235223 1.148942 44.800000
4.590755 0.890686 -3.720744 -0.617981 -1.549207 0.112438 -0.230824 0.949991 44.850000
4.963428 0.956063 -3.731891 -0.624713 -1.503740 0.136794 -0.226924 0.878653 44.900000
5.647636 0.993733 -3.742436 -0.633216 -1.459927 0.164401 -0.223833 0.875349 44.950000
5.739691 0.946634 -3.752268 -0.643659 -1.415676 0.197322 -0.221857 0.893682 45.000000
5.481742 0.996083 -3.761270 -0.656126 -1.371150 0.229827 -0.221019 0.889238 45.050000
4.709251 1.464510 -3.769355 -0.670473 -1.326082 0.258529 -0.221280 0.911819 45.100000
4.211116 1.090100 -3.776489 -0.686350 -1.274945 0.277036 -0.223467 1.108832 45.150000
3.995419 1.446076 -3.782664 -0.703342 -1.221012 0.289156 -0.226668 1.056153 45.200000
4.478675 1.872198 -3.787873 -0.721203 -1.164929 0.297870 -0.230626 1.172211 45.250000
3.545854 1.698494 -3.792024 -0.739873 -1.100205 0.307617 -0.236692 1.387339 45.300000
4.505788 1.350717 -3.795103 -0.759114 -1.030055 0.305974 -0.243893 1.414999 45.350000
3.849990 1.570844 -3.797054 -0.778828 -0.962654 0.313583 -0.250369 1.298369 45.400000
4.806251 1.575389 -3.797813 -0.798996 -0.896725 0.314729 -0.256515 1.334162 45.450000
5.037551 1.515221 -3.797300 -0.819566 -0.829481 0.323687 -0.262982 1.353612 45.500000
4.820825 1.712152 -3.795306 -0.840624 -0.762134 0.333802 -0.269699 1.342719 45.550000
4.870665 1.305803 -3.791807 -0.862038 -0.692941 0.340181 -0.277030 1.415378 45.600000
5.413324 1.464391 -3.786818 -0.883638 -0.625585 0.346801 -0.283947 1.296537 45.650000
4.827941 1.776157 -3.780216 -0.905397 -0.560407 0.358428 -0.290530 1.309774 45.700000
4.739974 1.892679 -3.772023 -0.927170 -0.491330 0.361974 -0.298246 1.435918 45.750000
5.634188 1.526269 -3.762403 -0.948707 -0.416738 0.361526 -0.307182 1.533923 45.800000
5.306832 1.227710 -3.751215 -0.969933 -0.342721 0.368758 -0.315809 1.441351 45.850000
5.726873 0.948317 -3.738363 -0.990783 -0.274858 0.374537 -0.322835 1.294892 45.900000
5.982223 0.579618 -3.723838 -1.011170 -0.214822 0.386873 -0.327923 1.130208 45.950000
6.000000 0.240397 -3.707500 -1.031060 -0.164292 0.404995 -0.330792 0.919668 46.000000
5.298290 0.083090 -3.689292 -1.050417 -0.124684 0.427331 -0.331046 0.693671 46.050000
5.687465 0.186412 -3.669383 -1.069198 -0.094721 0.446604 -0.328888 0.525253 46.100000
6.000000 -0.201143 -3.647862 -1.087384 -0.069542 0.470931 -0.325726 0.487325 46.150000
6.000000 -0.417590 -3.624604 -1.104968 -0.050008 0.499767 -0.321180 0.314005 46.200000
6.000000 -0.601690 -3.599560 -1.121973 -0.039214 0.531329 -0.314003 0.136807 46.250000
6.000000 -0.601021 -3.572751 -1.138449 -0.037096 0.565340 -0.303945 -0.034866 46.300000
6.000000 -0.211634 -3.544205 -1.154467 -0.041406 0.600561 -0.291636 -0.127977 46.350000
5.641984 -0.137934 -3.513980 -1.170079 -0.044638 0.633832 -0.280165 -0.011930 46.400000
6.000000 -0.070628 -3.482250 -1.185270 -0.042536 0.660363 -0.271485 0.086995 46.450000
6.000000 0.262705 -3.449100 -1.200002 -0.035839 0.687456 -0.265357 0.173037 46.500000
6.000000 -0.187685 -3.414531 -1.214224 -0.021971 0.710886 -0.263153 0.362972 46.550000
6.000000 -0.363535 -3.378628 -1.227858 -0.006105 0.732649 -0.262234 0.281136 46.600000
6.000000 -0.439237 -3.341438 -1.240905 0.004796 0.755277 -0.258962 0.167080 46.650000
6.000000 -0.805635 -3.302987 -1.253408 0.010601 0.778766 -0.253202 0.074433 46.700000
5.508855 -1.042647 -3.263302 -1.265430 0.008621 0.803918 -0.243338 -0.134141 46.750000
6.000000 -0.616194 -3.222505 -1.277099 -0.004085 0.826808 -0.227554 -0.353104 46.800000
5.909892 -0.913689 -3.180613 -1.288553 -0.020226 0.853985 -0.210076 -0.299768 46.850000
6.000000 -1.326841 -3.137589 -1.299855 -0.038016 0.879208 -0.191866 -0.402874 46.900000
6.000000 -1.159974 -3.093477 -1.311126 -0.064575 0.905796 -0.168361 -0.636260 46.950000
5.835835 -1.194164 -3.048307 -1.322557 -0.098098 0.931750 -0.140638 -0.701038 47.000000
5.676564 -1.242771 -3.002195 -1.334287 -0.134825 0.954292 -0.111139 -0.765015 47.050000
5.186866 -1.716123 -2.955306 -1.346436 -0.174947 0.973293 -0.079776 -0.836404 47.100000
4.775756 -1.715256 -2.907889 -1.359128 -0.223481 0.985773 -0.043139 -1.080179 47.150000
5.352795 -1.364337 -2.860276 -1.372532 -0.281253 0.991580 -0.000932 -1.219542 47.200000
4.743512 -0.912976 -2.812568 -1.386806 -0.340886 0.999129 0.041424 -1.179114 47.250000
5.680260 -0.659680 -2.764894 -1.401976 -0.395119 0.997943 0.078614 -1.018407 47.300000
5.444689 -0.489554 -2.717250 -1.418031 -0.441794 1.003968 0.109229 -0.872863 47.350000
5.798709 -0.508539 -2.669531 -1.434991 -0.482138 1.006832 0.134407 -0.759532 47.400000
6.000000 -0.970791 -2.621754 -1.452844 -0.519231 1.012200 0.156508 -0.731806 47.450000
6.000000 -0.571765 -2.573888 -1.471680 -0.561011 1.016947 0.181398 -0.920857 47.500000
6.000000 -0.976125 -2.526038 -1.491607 -0.605616 1.019305 0.207546 -0.874233 47.550000
6.000000 -0.755490 -2.478318 -1.512659 -0.653647 1.018909 0.235331 -1.032039 47.600000
6.000000 -0.435199 -2.430890 -1.534897 -0.705368 1.015436 0.264729 -1.040982 47.650000
6.000000 -0.532938 -2.383866 -1.558331 -0.754499 1.011149 0.291064 -0.941785 47.700000
6.000000 -0.125381 -2.337304 -1.582942 -0.801794 1.006138 0.315002 -0.952771 47.750000
5.585077 0.125025 -2.291271 -1.608718 -0.845449 1.001540 0.335305 -0.814247 47.800000
4.740601 0.324365 -2.245824 -1.635554 -0.881807 0.995660 0.349530 -0.660701 47.850000
4.897778 0.654540 -2.201092 -1.663186 -0.910650 0.985258 0.357739 -0.510929 47.900000
4.293314 1.046929 -2.157082 -1.691462 -0.930369 0.980997 0.359109 -0.300438 47.950000
4.824780 1.054577 -2.113702 -1.720261 -0.937697 0.977348 0.351729 -0.018795 48.000000
4.046843 1.216369 -2.070769 -1.749532 -0.934027 0.983993 0.336947 0.151568 48.050000
3.443831 1.662180 -2.028163 -1.779176 -0.921705 0.986862 0.316609 0.326957 48.100000
2.922579 1.996225 -1.985913 -1.808873 -0.897290 0.988547 0.288455 0.622030 48.150000
2.830516 1.731169 -1.943956 -1.838319 -0.857783 0.989721 0.250635 0.927882 48.200000
3.610331 1.757359 -1.902189 -1.867286 -0.809578 0.990528 0.207991 0.999003 48.250000
3.611376 1.737436 -1.860427 -1.895782 -0.757694 0.996631 0.164106 1.074348 48.300000
3.572349 1.718385 -1.818503 -1.923814 -0.702489 0.999998 0.119204 1.134095 48.350000
3.349749 1.944047 -1.776406 -1.951246 -0.644471 0.999858 0.073778 1.187753 48.400000
2.761914 2.045089 -1.734178 -1.977902 -0.581191 0.994378 0.026271 1.332178 48.450000
3.631486 1.818253 -1.691971 -2.003514 -0.510928 0.979525 -0.024077 1.467931 48.500000
2.829115 1.782369 -1.649754 -2.027961 -0.437515 0.968413 -0.074251 1.476277 48.550000
3.797348 1.751186 -1.607599 -2.051162 -0.363211 0.945372 -0.122422 1.500407 48.600000
3.548174 1.713661 -1.565551 -2.073048 -0.287535 0.927312 -0.168765 1.529794 48.650000
3.688727 2.085016 -1.523551 -2.093602 -0.210459 0.902739 -0.213263 1.555991 48.700000
3.687045 2.299697 -1.481731 -2.112732 -0.127868 0.874131 -0.258252 1.727515 48.750000
3.898826 2.303560 -1.440199 -2.130321 -0.036805 0.838415 -0.304939 1.894032 48.800000
2.914501 2.509639 -1.399079 -2.146271 0.060195 0.797879 -0.350954 1.976892 48.850000
3.146726 2.708161 -1.358738 -2.160569 0.162351 0.741472 -0.394801 2.092362 48.900000
2.747485 2.852503 -1.319531 -2.173261 0.270340 0.680495 -0.435759 2.208066 48.950000
3.642370 2.895821 -1.281664 -2.184456 0.383361 0.609627 -0.472471 2.295852 49.000000
3.916974 2.408305 -1.245160 -2.194249 0.499293 0.542928 -0.503506 2.332261 49.050000
4.340966 2.209950 -1.209836 -2.202683 0.611062 0.480206 -0.526525 2.163977 49.100000
4.507708 2.544961 -1.175523 -2.209799 0.715173 0.426644 -0.541602 2.020605 49.150000
4.726463 2.337864 -1.142090 -2.215594 0.817780 0.376121 -0.551861 2.070924 49.200000
4.022202 1.850608 -1.109510 -2.220076 0.919348 0.329304 -0.557911 1.999341 49.250000
3.553786 2.277008 -1.077838 -2.223371 1.013117 0.283233 -0.558663 1.781810 49.300000
4.263607 2.208463 -1.047166 -2.225713 1.103852 0.237042 -0.555774 1.834360 49.350000
4.441156 2.518475 -1.017462 -2.227085 1.195035 0.199424 -0.550347 1.812409 49.400000
4.327858 2.531899 -0.988648 -2.227335 1.288295 0.164159 -0.543036 1.900111 49.450000
4.303994 2.330655 -0.960753 -2.226499 1.384057 0.128412 -0.533886 1.922855 49.500000
4.941078 2.730099 -0.933809 -2.224634 1.478043 0.096404 -0.522608 1.845710 49.550000
5.652204 2.793180 -0.907826 -2.221603 1.573379 0.072110 -0.509965 1.948540 49.600000
5.636780 3.000000 -0.882862 -2.217146 1.672371 0.054539 -0.496521 2.000759 49.650000
5.454073 2.734261 -0.859019 -2.211173 1.774938 0.036960 -0.482449 2.085946 49.700000
4.895371 2.741552 -0.836395 -2.203805 1.877260 0.020507 -0.467616 2.016978 49.750000
4.967976 2.590966 -0.815046 -2.195249 1.977325 0.002982 -0.452071 1.988786 49.800000
4.670010 3.000000 -0.795027 -2.185652 2.074799 -0.009515 -0.436021 1.920379 49.850000
5.148232 2.656299 -0.776394 -2.175114 2.174221 -0.023306 -0.419638 2.036318 49.900000
5.056959 2.715345 -0.759244 -2.163691 2.273662 -0.029928 -0.403098 1.954434 49.950000
