0.522111 0.145139 0.717484 -0.337225 -1.163542 0.000085 0.000000 -0.625641 0.000000
1.050916 -0.198161 0.717532 -0.337341 -1.185208 0.004934 0.000034 -0.278839 0.050000
0.717231 -0.156510 0.717716 -0.337793 -1.198041 0.014517 0.000121 -0.238604 0.100000
0.000000 -0.205747 0.718040 -0.338611 -1.208891 0.020640 0.000253 -0.199363 0.150000
0.760417 -0.417010 0.718409 -0.339555 -1.218841 0.019867 0.000388 -0.198710 0.200000
1.316111 -0.697897 0.718822 -0.340631 -1.231209 0.026186 0.000580 -0.286988 0.250000
1.557935 -0.734773 0.719374 -0.342124 -1.250084 0.037421 0.000995 -0.450562 0.300000
1.026705 -0.632116 0.720104 -0.344200 -1.275382 0.050456 0.001760 -0.550218 0.350000
1.819275 -0.951672 0.720966 -0.346775 -1.303137 0.058027 0.002775 -0.558994 0.400000
1.152021 -1.260007 0.721946 -0.349898 -1.334813 0.072615 0.004165 -0.692567 0.450000
1.167873 -1.061880 0.723018 -0.353579 -1.374712 0.080321 0.006207 -0.880483 0.500000
0.698442 -0.795128 0.724109 -0.357655 -1.419041 0.087718 0.008655 -0.891345 0.550000
1.127899 -1.232483 0.725177 -0.362006 -1.460801 0.090363 0.011012 -0.791459 0.600000
0.776468 -0.984675 0.726200 -0.366613 -1.503904 0.096739 0.013520 -0.917065 0.650000
0.101847 -0.704631 0.727160 -0.371480 -1.548677 0.099423 0.016194 -0.878752 0.700000
0.000000 -0.739484 0.728036 -0.376356 -1.589008 0.095691 0.018451 -0.750253 0.750000
0.000000 -1.035847 0.728834 -0.381059 -1.625183 0.091154 0.020236 -0.702480 0.800000
0.789104 -0.650834 0.729562 -0.385569 -1.662971 0.086656 0.021946 -0.797571 0.850000
0.042559 -0.796410 0.730204 -0.390075 -1.699840 0.089606 0.023518 -0.690126 0.900000
0.000000 -0.802329 0.730764 -0.394582 -1.734517 0.085505 0.024887 -0.696244 0.950000
0.555987 -0.840498 0.731269 -0.398908 -1.769479 0.081093 0.026120 -0.701602 1.000000
0.000000 -1.050876 0.731698 -0.403176 -1.805060 0.081935 0.027305 -0.719528 1.050000
0.000000 -0.931397 0.732053 -0.407383 -1.843629 0.077406 0.028571 -0.812009 1.100000
0.724576 -0.434169 0.732365 -0.411402 -1.884140 0.072907 0.029774 -0.808801 1.150000
1.547588 -0.886874 0.732587 -0.415400 -1.918989 0.075487 0.030606 -0.608935 1.200000
1.492088 -0.674366 0.732597 -0.419719 -1.951783 0.085664 0.031459 -0.693029 1.250000
0.750162 -1.164752 0.732322 -0.424500 -1.985212 0.094870 0.032545 -0.649336 1.300000
1.333557 -1.601643 0.731823 -0.429544 -2.022576 0.096599 0.033997 -0.824219 1.350000
2.132361 -1.923919 0.731096 -0.434788 -2.070952 0.103065 0.036300 -1.078330 1.400000
1.731210 -1.557235 0.729963 -0.440474 -2.131621 0.115885 0.039824 -1.315973 1.450000
1.036710 -1.500059 0.728344 -0.446617 -2.196395 0.123940 0.044014 -1.280148 1.500000
1.505231 -1.651436 0.726365 -0.452952 -2.259361 0.124984 0.048110 -1.243675 1.550000
2.369686 -1.154099 0.724044 -0.459398 -2.322743 0.129964 0.052243 -1.285866 1.600000
2.277564 -1.526665 0.721160 -0.466144 -2.382194 0.142726 0.056244 -1.115643 1.650000
1.781041 -2.017075 0.717577 -0.473266 -2.439924 0.153950 0.060449 -1.184486 1.700000
1.205801 -1.641908 0.713390 -0.480596 -2.505319 0.159107 0.065709 -1.401093 1.750000
1.271789 -1.313733 0.708795 -0.487907 -2.573979 0.157940 0.071237 -1.352418 1.800000
2.149507 -1.022586 0.703892 -0.495097 -2.637497 0.157469 0.075955 -1.208489 1.850000
3.017776 -0.872398 0.698495 -0.502257 -2.692998 0.165650 0.079760 -1.034985 1.900000
3.898033 -1.284402 0.692243 -0.509541 -2.740915 0.182154 0.082983 -0.899409 1.950000
3.485174 -1.214694 0.684775 -0.517053 -2.788701 0.205986 0.086790 -0.999726 2.000000
4.459370 -0.940423 0.676015 -0.524734 -2.839266 0.224447 0.091603 -1.020634 2.050000
4.303403 -0.910318 0.665866 -0.532517 -2.887609 0.251185 0.096678 -0.925943 2.100000
4.480552 -0.905193 0.654181 -0.540362 -2.932405 0.275573 0.101798 -0.873253 2.150000
5.290672 -0.518390 0.640998 -0.548175 -2.975386 0.300589 0.107162 -0.849685 2.200000
5.986861 -0.931267 0.626137 -0.555908 -3.013337 0.332588 0.112060 -0.688751 2.250000
5.298509 -1.192877 0.609307 -0.563530 -3.050307 0.369669 0.117517 -0.780204 2.300000
5.378175 -0.822789 0.590588 -0.570918 -3.093561 0.397518 0.125366 -0.932190 2.350000
5.443001 -0.368288 0.570211 -0.577923 -3.138199 0.424261 0.134161 -0.863317 2.400000
6.000000 0.123917 0.548213 -0.584460 3.107662 0.451413 0.141206 -0.655922 2.450000
5.518167 0.438384 0.524499 -0.590501 3.083150 0.484846 0.144520 -0.358742 2.500000
5.109753 -0.018017 0.499091 -0.596081 3.073041 0.515213 0.143148 -0.074861 2.550000
5.593252 -0.469271 0.472230 -0.601271 3.068236 0.541591 0.140076 -0.113944 2.600000
5.623863 -0.389211 0.443964 -0.606055 3.056661 0.570099 0.139914 -0.328070 2.650000
5.451429 -0.706215 0.414262 -0.610348 3.037934 0.596325 0.142938 -0.412981 2.700000
6.000000 -0.369150 0.383244 -0.614075 3.012347 0.618394 0.149162 -0.591807 2.750000
5.983347 -0.456462 0.350915 -0.617129 2.983908 0.643800 0.156855 -0.551908 2.800000
6.000000 -0.552608 0.317230 -0.619440 2.955727 0.667747 0.164672 -0.574435 2.850000
6.000000 -0.660438 0.282274 -0.620949 2.925439 0.690039 0.173707 -0.632258 2.900000
5.785000 -0.832513 0.246141 -0.621579 2.891630 0.710130 0.184646 -0.712743 2.950000
5.434793 -0.507601 0.208989 -0.621253 2.852766 0.725511 0.198223 -0.829913 3.000000
4.876971 -0.500211 0.171058 -0.619921 2.813089 0.736049 0.212084 -0.767139 3.050000
5.729748 -0.518309 0.132622 -0.617616 2.775457 0.740864 0.224605 -0.742952 3.100000
6.000000 -0.212778 0.093676 -0.614286 2.738242 0.752884 0.236698 -0.747330 3.150000
6.000000 -0.543083 0.054046 -0.609807 2.704024 0.767312 0.247077 -0.636580 3.200000
5.147743 -0.868919 0.013733 -0.604142 2.669810 0.780643 0.257458 -0.723770 3.250000
6.000000 -0.537970 -0.026964 -0.597328 2.628609 0.782441 0.271559 -0.904225 3.300000
6.000000 -0.711385 -0.067905 -0.589288 2.584443 0.790128 0.286936 -0.869400 3.350000
6.000000 -0.834006 -0.109162 -0.579892 2.539268 0.796157 0.302571 -0.932292 3.400000
6.000000 -0.652406 -0.150604 -0.569099 2.490231 0.799296 0.319999 -1.020572 3.450000
6.000000 -1.124880 -0.192087 -0.556874 2.439800 0.800522 0.337664 -1.001814 3.500000
5.310080 -1.432942 -0.233480 -0.543195 2.384532 0.798147 0.357465 -1.186982 3.550000
5.452394 -1.306115 -0.274454 -0.528144 2.319303 0.782857 0.381820 -1.395423 3.600000
5.054195 -1.462174 -0.314696 -0.511799 2.248158 0.764176 0.407752 -1.445466 3.650000
5.830600 -1.825712 -0.354013 -0.494239 2.173451 0.738095 0.433526 -1.531623 3.700000
6.000000 -1.672652 -0.392287 -0.475436 2.091886 0.713513 0.460586 -1.706030 3.750000
6.000000 -1.489770 -0.429440 -0.455279 2.006097 0.685885 0.487229 -1.723774 3.800000
6.000000 -1.391585 -0.465356 -0.433814 1.921567 0.657381 0.510574 -1.666514 3.850000
6.000000 -1.571133 -0.499956 -0.411110 1.839925 0.629663 0.530050 -1.607774 3.900000
6.000000 -1.223601 -0.533166 -0.387236 1.758367 0.601146 0.547158 -1.647601 3.950000
6.000000 -1.233724 -0.564904 -0.362273 1.679297 0.573983 0.560954 -1.531398 4.000000
6.000000 -1.340932 -0.595134 -0.336264 1.604089 0.549612 0.571259 -1.482652 4.050000
5.675197 -1.371721 -0.623807 -0.309268 1.529528 0.525799 0.579657 -1.496092 4.100000
5.846655 -1.350114 -0.650866 -0.281443 1.454416 0.498741 0.586594 -1.504867 4.150000
4.874072 -1.270868 -0.676260 -0.252904 1.379502 0.473924 0.591817 -1.491407 4.200000
4.065449 -1.192969 -0.699995 -0.223904 1.306178 0.441947 0.594807 -1.445114 4.250000
3.756440 -1.656663 -0.722167 -0.194878 1.235625 0.405827 0.595071 -1.382152 4.300000
3.229066 -1.334555 -0.742874 -0.166093 1.162685 0.366399 0.594102 -1.512058 4.350000
2.444926 -0.925461 -0.762220 -0.137784 1.089407 0.323575 0.591094 -1.426679 4.400000
3.243142 -1.109115 -0.780383 -0.110170 1.023922 0.281847 0.584308 -1.217346 4.450000
3.626160 -1.086447 -0.797381 -0.083137 0.964015 0.254252 0.575107 -1.180541 4.500000
4.509575 -1.349396 -0.813081 -0.056410 0.905975 0.233518 0.564892 -1.143460 4.550000
4.814636 -1.638252 -0.827308 -0.029760 0.846609 0.221596 0.554607 -1.219181 4.600000
4.106941 -1.617608 -0.839901 -0.003050 0.781745 0.209679 0.545049 -1.354736 4.650000
3.659372 -2.017031 -0.850953 0.023547 0.712774 0.189476 0.535666 -1.395868 4.700000
2.742177 -2.397827 -0.860689 0.049772 0.638464 0.162940 0.526157 -1.550826 4.750000
2.151450 -2.369136 -0.869426 0.075360 0.555413 0.123712 0.516139 -1.738400 4.800000
2.882148 -2.044602 -0.877533 0.100086 0.467068 0.078059 0.504340 -1.783732 4.850000
3.635590 -1.928624 -0.885008 0.124007 0.381125 0.044086 0.490356 -1.668639 4.900000
4.120731 -1.457926 -0.891501 0.147317 0.300449 0.023539 0.475090 -1.571275 4.950000
3.864790 -1.826371 -0.896687 0.170113 0.228136 0.015251 0.459426 -1.352420 5.000000
3.721463 -2.048218 -0.900461 0.192384 0.159231 0.008499 0.443943 -1.396822 5.050000
3.293213 -1.666474 -0.902936 0.214056 0.086550 -0.000130 0.428658 -1.495347 5.100000
2.307121 -1.788951 -0.904281 0.235065 0.014761 -0.010409 0.413418 -1.390667 5.150000
2.010420 -1.402719 -0.904817 0.255369 -0.054753 -0.026738 0.398084 -1.388949 5.200000
2.307287 -1.301105 -0.904830 0.274964 -0.119933 -0.041477 0.382629 -1.238486 5.250000
3.010123 -1.291877 -0.904273 0.293841 -0.178852 -0.048374 0.367430 -1.132365 5.300000
2.205125 -1.688111 -0.902888 0.311943 -0.234039 -0.045473 0.352821 -1.082146 5.350000
2.375789 -1.477263 -0.900713 0.329255 -0.291839 -0.050311 0.338616 -1.212093 5.400000
1.709268 -1.012901 -0.897934 0.345805 -0.351761 -0.053232 0.324668 -1.188037 5.450000
1.499680 -0.594385 -0.894664 0.361613 -0.405799 -0.058598 0.311266 -0.998438 5.500000
2.015571 -0.709101 -0.891059 0.376725 -0.448661 -0.060149 0.298678 -0.747382 5.550000
1.418917 -1.091356 -0.887012 0.391074 -0.483973 -0.053152 0.286932 -0.674292 5.600000
1.443018 -0.654413 -0.882547 0.404664 -0.521004 -0.052069 0.275646 -0.792860 5.650000
2.139603 -0.756585 -0.877806 0.417570 -0.557388 -0.050011 0.264813 -0.676641 5.700000
1.183873 -1.107707 -0.872647 0.429693 -0.590817 -0.040001 0.254617 -0.662723 5.750000
1.974842 -0.653192 -0.867144 0.441075 -0.627727 -0.039973 0.244803 -0.797579 5.800000
1.684968 -0.678408 -0.861359 0.451744 -0.664377 -0.032030 0.235435 -0.682620 5.850000
2.164761 -0.356615 -0.855208 0.461625 -0.697260 -0.025452 0.226667 -0.638228 5.900000
1.818058 -0.601675 -0.848672 0.470678 -0.724971 -0.012727 0.218495 -0.487832 5.950000
1.447111 -0.863950 -0.841740 0.478879 -0.750070 -0.002644 0.210858 -0.513647 6.000000
1.824781 -1.339350 -0.834566 0.486352 -0.779114 0.002762 0.203629 -0.634525 6.050000
2.743586 -1.134041 -0.827189 0.493121 -0.817851 0.009127 0.196823 -0.884813 6.100000
3.664676 -1.476160 -0.819452 0.498991 -0.863175 0.022412 0.190590 -0.923704 6.150000
3.032201 -1.342016 -0.811137 0.503644 -0.913684 0.042799 0.185253 -1.077357 6.200000
3.290768 -1.695167 -0.802293 0.507037 -0.968097 0.055910 0.180826 -1.096969 6.250000
2.884662 -1.509854 -0.793068 0.509240 -1.027073 0.070119 0.177300 -1.242676 6.300000
2.579519 -1.755871 -0.783573 0.510292 -1.089037 0.079557 0.174537 -1.236924 6.350000
3.552420 -2.181286 -0.773973 0.510344 -1.153487 0.085427 0.172361 -1.328427 6.400000
3.064721 -2.272985 -0.764296 0.509267 -1.225592 0.098483 0.171212 -1.527228 6.450000
2.121696 -1.999389 -0.754610 0.506990 -1.305274 0.104815 0.171139 -1.642826 6.500000
2.692087 -1.810174 -0.745114 0.503865 -1.385859 0.101933 0.171216 -1.588682 6.550000
1.831183 -2.254839 -0.735898 0.499990 -1.462668 0.105342 0.171026 -1.497394 6.600000
1.218678 -2.252727 -0.727015 0.495451 -1.541190 0.100238 0.170931 -1.624259 6.650000
0.643558 -2.473157 -0.718526 0.490631 -1.623811 0.088706 0.170643 -1.672776 6.700000
0.380311 -2.550983 -0.710433 0.485830 -1.710270 0.071446 0.169734 -1.769903 6.750000
0.000000 -3.000000 -0.702690 0.481258 -1.800604 0.051665 0.167882 -1.832860 6.800000
0.000000 -3.000000 -0.695223 0.477062 -1.897531 0.027901 0.164876 -2.013904 6.850000
0.574614 -3.000000 -0.687947 0.473315 -2.000088 0.004278 0.160400 -2.077086 6.900000
0.096715 -3.000000 -0.680858 0.469861 -2.104551 -0.012812 0.154587 -2.097498 6.950000
0.726682 -2.919488 -0.673918 0.466636 -2.209595 -0.032920 0.147578 -2.102811 7.000000
0.958836 -3.000000 -0.667130 0.463570 -2.313932 -0.045213 0.139620 -2.075081 7.050000
1.270413 -3.000000 -0.660617 0.460472 -2.418203 -0.053714 0.131169 -2.092674 7.100000
1.535745 -2.524725 -0.654483 0.457246 -2.523014 -0.057882 0.122518 -2.098725 7.150000
0.650807 -2.032138 -0.648861 0.453819 -2.623140 -0.057472 0.114213 -1.933763 7.200000
0.207590 -1.784566 -0.643664 0.450281 -2.712947 -0.062678 0.106466 -1.696139 7.250000
1.081825 -1.385129 -0.638651 0.446780 -2.792484 -0.069461 0.099089 -1.512963 7.300000
0.667993 -1.548369 -0.633951 0.443278 -2.861747 -0.065773 0.092372 -1.289778 7.350000
0.006125 -1.363818 -0.629688 0.439753 -2.925310 -0.064782 0.086271 -1.257347 7.400000
0.909181 -1.372442 -0.625623 0.436276 -2.985789 -0.069119 0.080450 -1.173355 7.450000
0.000000 -1.765860 -0.621825 0.432847 -3.043513 -0.064149 0.074974 -1.140246 7.500000
0.222325 -2.121467 -0.618289 0.429465 -3.104388 -0.067699 0.069565 -1.276092 7.550000
0.000000 -1.657737 -0.614852 0.426141 3.109509 -0.069348 0.063818 -1.467953 7.600000
0.102180 -1.705938 -0.611513 0.422860 3.038777 -0.072582 0.058072 -1.374833 7.650000
0.064397 -1.750371 -0.608256 0.419621 2.970626 -0.074011 0.052539 -1.354205 7.700000
0.137151 -1.495256 -0.605108 0.416422 2.902682 -0.075220 0.047142 -1.362466 7.750000
0.034339 -1.346956 -0.602083 0.413266 2.837193 -0.075075 0.042034 -1.270170 7.800000
0.000000 -1.588546 -0.599184 0.410157 2.776406 -0.075206 0.037353 -1.174500 7.850000
0.461574 -1.524910 -0.596387 0.407089 2.716242 -0.075245 0.032860 -1.225200 7.900000
0.574406 -1.392131 -0.593785 0.404106 2.655037 -0.070678 0.028564 -1.223324 7.950000
1.125664 -1.085945 -0.591494 0.401277 2.595325 -0.064843 0.024713 -1.172244 8.000000
0.836631 -1.292600 -0.589631 0.398701 2.540674 -0.053663 0.021566 -1.032472 8.050000
0.112927 -0.794940 -0.588221 0.396431 2.488559 -0.045310 0.019000 -1.049881 8.100000
0.180266 -1.057930 -0.587046 0.394339 2.441303 -0.043714 0.016857 -0.864129 8.150000
0.000000 -1.386125 -0.585975 0.392337 2.397619 -0.041346 0.014963 -0.881103 8.200000
0.000000 -1.479275 -0.584985 0.390408 2.349718 -0.040710 0.013056 -1.017508 8.250000
0.674524 -1.369531 -0.584045 0.388522 2.296066 -0.040065 0.011070 -1.115612 8.300000
0.637984 -1.359313 -0.583258 0.386796 2.240239 -0.033066 0.009242 -1.117256 8.350000
0.474970 -1.320720 -0.582704 0.385350 2.184465 -0.026542 0.007746 -1.114148 8.400000
0.000000 -1.687257 -0.582333 0.384150 2.129216 -0.021670 0.006535 -1.097983 8.450000
0.000000 -2.058143 -0.582048 0.383071 2.070532 -0.021337 0.005415 -1.231273 8.500000
0.000000 -1.808669 -0.581787 0.382018 2.003330 -0.020979 0.004218 -1.428782 8.550000
0.561475 -1.438437 -0.581552 0.380990 1.932196 -0.020545 0.003022 -1.418135 8.600000
0.176190 -0.981372 -0.581385 0.380114 1.865381 -0.014789 0.002077 -1.274798 8.650000
0.000000 -1.375937 -0.581289 0.379427 1.808339 -0.012736 0.001447 -1.038701 8.700000
0.000000 -1.869988 -0.581215 0.378801 1.755076 -0.012347 0.000922 -1.085640 8.750000
0.713846 -1.535695 -0.581153 0.378196 1.694829 -0.011940 0.000369 -1.295486 8.800000
1.605479 -2.033943 -0.581120 0.377778 1.631084 -0.004873 -0.000025 -1.259387 8.850000
2.303520 -2.100206 -0.581119 0.377915 1.563194 0.010231 0.000118 -1.431640 8.900000
1.492804 -1.788693 -0.581095 0.378954 1.488857 0.031200 0.001225 -1.527735 8.950000
0.733274 -1.808422 -0.580974 0.380829 1.414655 0.043694 0.003167 -1.451560 9.000000
0.000000 -1.848479 -0.580743 0.383133 1.342762 0.048460 0.005423 -1.427679 9.050000
0.000000 -1.743866 -0.580444 0.385499 1.271231 0.046015 0.007649 -1.432816 9.100000
0.868683 -1.533657 -0.580118 0.387755 1.200645 0.043469 0.009642 -1.395955 9.150000
0.500052 -1.589945 -0.579694 0.390088 1.133538 0.048959 0.011527 -1.301729 9.200000
1.075585 -1.710235 -0.579122 0.392593 1.068985 0.050687 0.013432 -1.283061 9.250000
0.210180 -2.155325 -0.578363 0.395289 1.003761 0.057513 0.015497 -1.320643 9.300000
0.175505 -2.129974 -0.577446 0.398095 0.932504 0.055707 0.017850 -1.503202 9.350000
0.000000 -1.769666 -0.576483 0.400817 0.855467 0.053268 0.020240 -1.568555 9.400000
0.000000 -2.165051 -0.575510 0.403413 0.780100 0.049105 0.022305 -1.461890 9.450000
0.995858 -2.432676 -0.574564 0.405858 0.704051 0.044881 0.024098 -1.564806 9.500000
0.200040 -2.103527 -0.573469 0.408301 0.621796 0.049670 0.026061 -1.704164 9.550000
0.000000 -2.364501 -0.572198 0.410753 0.538466 0.046621 0.028039 -1.639044 9.600000
0.957575 -2.507004 -0.570948 0.413076 0.454507 0.041595 0.029730 -1.708564 9.650000
1.113095 -2.961426 -0.569564 0.415344 0.366805 0.045313 0.031445 -1.787230 9.700000
0.502458 -2.574279 -0.567814 0.417633 0.271847 0.049788 0.033609 -1.979935 9.750000
0.127798 -2.929010 -0.565814 0.419868 0.174773 0.048033 0.035856 -1.913854 9.800000
0.282174 -2.921488 -0.563798 0.421983 0.076127 0.042504 0.037825 -2.015292 9.850000
0.571467 -3.000000 -0.561830 0.423968 -0.025636 0.038214 0.039471 -2.049471 9.900000
0.000000 -2.891593 -0.559812 0.425828 -0.129273 0.036462 0.040894 -2.089307 9.950000
0.697414 -3.000000 -0.557823 0.427573 -0.233042 0.029280 0.041938 -2.065440 10.000000
1.658200 -2.840855 -0.555837 0.429195 -0.337173 0.028709 0.042671 -2.094831 10.050000
1.020662 -2.909744 -0.553499 0.430561 -0.440594 0.037016 0.043651 -2.049685 10.100000
0.445388 -2.652026 -0.550779 0.431614 -0.543316 0.038964 0.044956 -2.057842 10.150000
0.683264 -2.781019 -0.547963 0.432462 -0.643647 0.035466 0.046093 -1.969946 10.200000
1.289060 -2.341111 -0.545135 0.433139 -0.742538 0.034264 0.046989 -1.983463 10.250000
0.393719 -2.306526 -0.542166 0.433506 -0.837311 0.038888 0.047865 -1.832043 10.300000
0.964404 -2.162354 -0.539126 0.433609 -0.926901 0.035246 0.048609 -1.762523 10.350000
1.903712 -1.714698 -0.536087 0.433496 -1.012746 0.037216 0.049177 -1.683586 10.400000
1.382343 -2.041756 -0.532882 0.432864 -1.091321 0.048258 0.049898 -1.488800 10.450000
0.997068 -1.699059 -0.529511 0.431625 -1.166980 0.054141 0.050972 -1.531322 10.500000
1.075425 -1.950326 -0.526116 0.429973 -1.240405 0.056263 0.052132 -1.421761 10.550000
0.571676 -1.811068 -0.522758 0.427979 -1.312883 0.058983 0.053345 -1.470331 10.600000
0.097271 -1.388270 -0.519490 0.425748 -1.385490 0.056790 0.054532 -1.438576 10.650000
0.882361 -1.286612 -0.516370 0.423512 -1.452515 0.050592 0.055246 -1.266750 10.700000
1.665809 -0.826440 -0.513385 0.421191 -1.512659 0.052394 0.055578 -1.154427 10.750000
1.750099 -1.103774 -0.510514 0.418422 -1.563960 0.062054 0.055778 -0.927378 10.800000
2.695684 -1.137474 -0.507776 0.415011 -1.610458 0.072478 0.056119 -0.932073 10.850000
3.499875 -1.556239 -0.505219 0.410746 -1.657509 0.091217 0.056966 -0.948126 10.900000
3.629126 -1.365855 -0.502934 0.405263 -1.709744 0.116224 0.058919 -1.119161 10.950000
3.649858 -1.063067 -0.501030 0.398416 -1.765824 0.140987 0.062068 -1.123775 11.000000
3.847794 -1.539298 -0.499605 0.390249 -1.818802 0.165005 0.065735 -1.010619 11.050000
4.511207 -1.592860 -0.498747 0.380791 -1.873138 0.189516 0.070391 -1.145410 11.100000
4.223260 -1.677528 -0.498609 0.369950 -1.932732 0.218319 0.076683 -1.227752 11.150000
3.712689 -1.635185 -0.499316 0.357765 -1.996111 0.242350 0.084501 -1.298266 11.200000
4.124545 -1.327454 -0.500888 0.344538 -2.061491 0.259748 0.093338 -1.315254 11.250000
3.819246 -1.085494 -0.503389 0.330407 -2.124213 0.279859 0.102222 -1.209158 11.300000
3.172726 -1.565457 -0.506875 0.315449 -2.180807 0.296505 0.110360 -1.073591 11.350000
3.552030 -1.309460 -0.511252 0.299939 -2.238075 0.305748 0.118908 -1.200679 11.400000
4.134566 -0.838797 -0.516520 0.284035 -2.296984 0.317196 0.127935 -1.161729 11.450000
3.162368 -0.536203 -0.522844 0.267648 -2.349529 0.334065 0.135751 -0.966642 11.500000
2.796555 -0.443299 -0.530158 0.250896 -2.392071 0.342636 0.141363 -0.761128 11.550000
2.803267 -0.781702 -0.538228 0.234018 -2.426379 0.348800 0.144982 -0.627422 11.600000
3.577153 -1.055627 -0.546983 0.217088 -2.459751 0.354802 0.148406 -0.699400 11.650000
3.905971 -1.306803 -0.556565 0.200048 -2.498809 0.366400 0.153391 -0.845777 11.700000
3.356826 -0.868943 -0.567178 0.182842 -2.545890 0.378561 0.160669 -1.016542 11.750000
3.806881 -0.489586 -0.578775 0.165609 -2.594193 0.384393 0.168303 -0.927698 11.800000
4.750558 -0.497729 -0.591328 0.148417 -2.635289 0.395405 0.173949 -0.740018 11.850000
5.303791 -0.902153 -0.605109 0.131125 -2.669935 0.415998 0.178006 -0.656692 11.900000
6.000000 -0.957866 -0.620405 0.113633 -2.706262 0.440273 0.183018 -0.782549 11.950000
5.909574 -0.666311 -0.637448 0.095945 -2.747834 0.468407 0.190231 -0.870984 12.000000
6.000000 -0.599280 -0.656329 0.078146 -2.789476 0.494121 0.197990 -0.804543 12.050000
6.000000 -0.428061 -0.677006 0.060344 -2.828226 0.519992 0.205200 -0.753292 12.100000
6.000000 -0.342310 -0.699455 0.042622 -2.863441 0.545444 0.211520 -0.667180 12.150000
5.163263 -0.425490 -0.723631 0.025049 -2.894809 0.570687 0.216727 -0.597190 12.200000
5.169133 -0.833925 -0.749293 0.007734 -2.924769 0.587327 0.221650 -0.601867 12.250000
5.984285 -1.033102 -0.776202 -0.009197 -2.959635 0.601593 0.228833 -0.773818 12.300000
6.000000 -0.792460 -0.804482 -0.025639 -3.003016 0.619702 0.239876 -0.942434 12.350000
5.548115 -0.853454 -0.834242 -0.041469 -3.049896 0.635344 0.252591 -0.935798 12.400000
5.044402 -0.416297 -0.865305 -0.056565 -3.097470 0.645083 0.265604 -0.965374 12.450000
4.113630 -0.164706 -0.897382 -0.070830 -3.141475 0.650278 0.276740 -0.815254 12.500000
4.144074 -0.564183 -0.930109 -0.084256 3.105631 0.649082 0.283878 -0.648624 12.550000
3.167758 -0.675459 -0.963267 -0.096861 3.070927 0.648423 0.290131 -0.730530 12.600000
3.194539 -0.663219 -0.996590 -0.108617 3.031997 0.636730 0.297942 -0.816542 12.650000
2.389967 -0.173098 -1.029811 -0.119501 2.990127 0.624146 0.306456 -0.853913 12.700000
1.602252 -0.491114 -1.062734 -0.129535 2.952382 0.605945 0.312388 -0.676897 12.750000
0.984480 -0.970602 -1.095028 -0.138832 2.917444 0.582132 0.316368 -0.715143 12.800000
0.011933 -1.031290 -1.126373 -0.147469 2.875930 0.550505 0.322171 -0.918994 12.850000
0.000000 -1.030837 -1.156379 -0.155529 2.826775 0.507424 0.329534 -1.030892 12.900000
0.000000 -0.742792 -1.184833 -0.163109 2.773982 0.463885 0.336378 -1.073203 12.950000
0.902977 -0.317158 -1.211784 -0.170274 2.723136 0.422606 0.340771 -0.971642 13.000000
0.823685 -0.654939 -1.237531 -0.177010 2.680758 0.395109 0.341294 -0.749368 13.050000
0.345819 -0.477227 -1.262357 -0.183292 2.642659 0.369972 0.339843 -0.770352 13.100000
0.108346 -0.086522 -1.286198 -0.189212 2.606013 0.342170 0.337357 -0.701811 13.150000
0.494461 0.221080 -1.308987 -0.194880 2.576432 0.316646 0.332607 -0.502466 13.200000
0.443956 0.021705 -1.330871 -0.200299 2.557791 0.300822 0.325184 -0.266937 13.250000
0.000000 -0.040995 -1.352027 -0.205441 2.545736 0.288210 0.316457 -0.218927 13.300000
0.190624 -0.259890 -1.372412 -0.210378 2.534909 0.272632 0.307673 -0.213354 13.350000
0.000000 -0.122707 -1.392009 -0.215150 2.521924 0.258672 0.299495 -0.296353 13.400000
0.526123 -0.372225 -1.410835 -0.219764 2.507577 0.243084 0.291712 -0.278168 13.450000
0.000000 -0.646421 -1.428980 -0.224181 2.491174 0.232333 0.284419 -0.367666 13.500000
0.000000 -0.672919 -1.446445 -0.228411 2.468459 0.214863 0.278221 -0.522736 13.550000
0.295149 -0.560832 -1.463126 -0.232544 2.439940 0.196086 0.272797 -0.607245 13.600000
0.000000 -0.401021 -1.479092 -0.236548 2.409769 0.180380 0.267436 -0.599526 13.650000
0.000000 -0.166289 -1.494380 -0.240435 2.381800 0.163554 0.261644 -0.526515 13.700000
0.128272 0.216213 -1.508991 -0.244251 2.359261 0.149503 0.255144 -0.389227 13.750000
0.000000 -0.155537 -1.523016 -0.247966 2.346252 0.140635 0.247703 -0.154628 13.800000
0.286996 -0.520317 -1.536517 -0.251568 2.337781 0.132543 0.240004 -0.181003 13.850000
0.000000 -0.986945 -1.549540 -0.255034 2.324170 0.125865 0.233004 -0.345992 13.900000
0.000000 -0.554943 -1.562067 -0.258386 2.299193 0.113356 0.227122 -0.621748 13.950000
0.000000 -0.893318 -1.574038 -0.261699 2.269178 0.099989 0.221598 -0.582679 14.000000
0.000000 -1.234767 -1.585475 -0.264980 2.236839 0.086662 0.216137 -0.696908 14.050000
0.000000 -1.408891 -1.596388 -0.268248 2.196686 0.071813 0.210981 -0.885487 14.100000
0.000000 -1.874680 -1.606784 -0.271529 2.148064 0.055412 0.205941 -1.038972 14.150000
0.000000 -1.670439 -1.616673 -0.274856 2.089142 0.037125 0.200813 -1.283877 14.200000
0.000000 -2.161280 -1.626078 -0.278261 2.024205 0.018341 0.195204 -1.309310 14.250000
0.457293 -1.816718 -1.635038 -0.281765 1.953234 -0.000791 0.188949 -1.501085 14.300000
1.197022 -1.457962 -1.643632 -0.285288 1.879640 -0.014985 0.182055 -1.449751 14.350000
0.436944 -1.718879 -1.651985 -0.288552 1.811624 -0.019727 0.174971 -1.293114 14.400000
0.666836 -2.138757 -1.660113 -0.291548 1.746072 -0.030132 0.167814 -1.324267 14.450000
1.313714 -2.105307 -1.667998 -0.294396 1.675008 -0.038585 0.160332 -1.493593 14.500000
1.558793 -2.028370 -1.675673 -0.296905 1.598702 -0.041090 0.152683 -1.550198 14.550000
1.203862 -1.661528 -1.683139 -0.298874 1.521349 -0.040653 0.145211 -1.544819 14.600000
0.396877 -1.442525 -1.690372 -0.300330 1.448063 -0.041988 0.138087 -1.406829 14.650000
0.338227 -1.286367 -1.697378 -0.301533 1.381712 -0.048817 0.131222 -1.266928 14.700000
0.134091 -1.463396 -1.704181 -0.302663 1.321768 -0.054219 0.124541 -1.147164 14.750000
0.258436 -1.491985 -1.710798 -0.303760 1.263983 -0.060423 0.117932 -1.162129 14.800000
0.000000 -1.494746 -1.717242 -0.304830 1.205383 -0.064845 0.111295 -1.179478 14.850000
0.180008 -1.186083 -1.723535 -0.305893 1.146166 -0.071066 0.104634 -1.188002 14.900000
0.607078 -0.749045 -1.729687 -0.306950 1.090015 -0.074433 0.098158 -1.073434 14.950000
0.999208 -0.538417 -1.735628 -0.307859 1.042585 -0.072113 0.092337 -0.852166 15.000000
1.747433 -0.363270 -1.741242 -0.308446 1.005223 -0.064667 0.087371 -0.665075 15.050000
2.447306 -0.728487 -1.746369 -0.308495 0.976477 -0.049325 0.083228 -0.503503 15.100000
3.057526 -0.440980 -1.750806 -0.307750 0.949405 -0.027720 0.079663 -0.572002 15.150000
2.974686 -0.812419 -1.754374 -0.306014 0.923059 -0.001055 0.076683 -0.491293 15.200000
2.770762 -0.382058 -1.756996 -0.303246 0.895390 0.023807 0.074315 -0.603139 15.250000
2.757402 -0.279336 -1.758714 -0.299567 0.868499 0.046002 0.072454 -0.486010 15.300000
3.325256 -0.195212 -1.759558 -0.295072 0.847000 0.067825 0.070860 -0.385202 15.350000
2.904583 -0.392932 -1.759447 -0.289708 0.830131 0.094585 0.069425 -0.298973 15.400000
2.498236 -0.412380 -1.758372 -0.283497 0.814146 0.116535 0.068276 -0.336738 15.450000
2.086641 -0.259738 -1.756481 -0.276633 0.796510 0.133744 0.067535 -0.365792 15.500000
2.634928 -0.381095 -1.753920 -0.269294 0.779529 0.146548 0.066937 -0.318576 15.550000
1.637190 -0.113776 -1.750675 -0.261490 0.762882 0.163998 0.066511 -0.344772 15.600000
1.619601 -0.540758 -1.746836 -0.253325 0.748315 0.171707 0.065993 -0.248009 15.650000
2.313662 -0.149346 -1.742587 -0.244980 0.732422 0.178846 0.065745 -0.374550 15.700000
2.125896 0.154319 -1.737815 -0.236375 0.716321 0.192142 0.065638 -0.279613 15.750000
2.390622 -0.179915 -1.732445 -0.227444 0.707238 0.203812 0.064683 -0.101573 15.800000
3.223628 -0.493001 -1.726484 -0.218179 0.700959 0.217745 0.063435 -0.145424 15.850000
2.799910 -0.640211 -1.719750 -0.208441 0.689380 0.238426 0.063180 -0.302063 15.900000
2.480562 -0.652569 -1.712185 -0.198224 0.670254 0.253709 0.064403 -0.447641 15.950000
3.031021 -0.635725 -1.703929 -0.187700 0.645616 0.264895 0.066778 -0.529083 16.000000
2.269615 -0.306519 -1.694943 -0.176891 0.618174 0.280406 0.069850 -0.564914 16.050000
1.314612 0.111035 -1.685277 -0.165871 0.593121 0.288361 0.072552 -0.450211 16.100000
0.933067 0.237527 -1.675279 -0.154876 0.577010 0.287960 0.073390 -0.218587 16.150000
0.401256 0.606684 -1.665225 -0.144047 0.570997 0.285030 0.072122 -0.039320 16.200000
0.253641 0.570095 -1.655303 -0.133453 0.576121 0.278356 0.068642 0.219520 16.250000
0.000000 0.529255 -1.645651 -0.123130 0.590604 0.271378 0.063475 0.346926 16.300000
0.802385 0.945308 -1.636345 -0.113094 0.609385 0.262563 0.057748 0.399115 16.350000
1.403649 0.740317 -1.627272 -0.103247 0.634862 0.261878 0.051024 0.598097 16.400000
2.038280 0.277849 -1.618178 -0.093363 0.665276 0.266872 0.043561 0.616635 16.450000
2.769834 0.233647 -1.608854 -0.083257 0.691170 0.277032 0.037073 0.439280 16.500000
2.267575 0.480666 -1.599072 -0.072744 0.710119 0.293059 0.031974 0.330484 16.550000
2.232522 0.507562 -1.588818 -0.061806 0.727909 0.303619 0.027105 0.376433 16.600000
2.062018 0.750008 -1.578226 -0.050524 0.747728 0.313383 0.021826 0.412697 16.650000
1.135334 0.846541 -1.567367 -0.038919 0.771673 0.321129 0.015665 0.532245 16.700000
1.985883 1.134691 -1.556470 -0.027153 0.801101 0.319838 0.008408 0.633685 16.750000
1.180010 1.040141 -1.545588 -0.015213 0.837462 0.326216 -0.000259 0.801210 16.800000
0.595751 0.665151 -1.534758 -0.003071 0.878777 0.324376 -0.009834 0.846398 16.850000
1.077862 0.775107 -1.524220 0.009026 0.917583 0.316728 -0.018368 0.721503 16.900000
1.865668 0.804123 -1.513979 0.021053 0.953241 0.313534 -0.025758 0.706989 16.950000
2.326058 1.162489 -1.503863 0.033248 0.988759 0.317438 -0.032876 0.713371 17.000000
1.996263 1.420694 -1.493741 0.045855 1.028556 0.324884 -0.040885 0.861014 17.050000
2.335667 1.358631 -1.483662 0.058901 1.076467 0.327992 -0.050661 1.033928 17.100000
2.124924 1.143322 -1.473706 0.072393 1.129770 0.333052 -0.061509 1.091330 17.150000
2.408811 1.121056 -1.463920 0.086344 1.182779 0.335211 -0.072048 1.036887 17.200000
3.390698 0.878704 -1.454341 0.100752 1.233747 0.339404 -0.081857 1.006479 17.250000
2.457607 1.131970 -1.444910 0.115878 1.281083 0.352327 -0.090739 0.901173 17.300000
2.958782 0.664682 -1.435662 0.131704 1.327628 0.355614 -0.099403 0.954484 17.350000
3.010747 0.554597 -1.426681 0.148108 1.370950 0.363359 -0.107111 0.798518 17.400000
3.075522 0.944091 -1.417952 0.165195 1.407628 0.371867 -0.113068 0.683044 17.450000
2.813801 1.099929 -1.409496 0.182969 1.444622 0.380288 -0.119143 0.785078 17.500000
1.832292 1.163875 -1.401379 0.201348 1.487037 0.384703 -0.126656 0.898131 17.550000
2.014239 1.012654 -1.393693 0.220002 1.534190 0.378532 -0.135166 0.978226 17.600000
2.483975 1.141000 -1.386491 0.238717 1.582521 0.373539 -0.143505 0.958030 17.650000
2.834666 1.068667 -1.379791 0.257624 1.631617 0.372413 -0.151660 1.000845 17.700000
3.085644 1.424957 -1.373633 0.276882 1.681470 0.373891 -0.159738 0.994679 17.750000
2.279226 1.485614 -1.368070 0.296588 1.735086 0.376232 -0.168622 1.132433 17.800000
2.537936 1.036605 -1.363138 0.316546 1.794156 0.369031 -0.178546 1.219030 17.850000
1.720103 1.460860 -1.358849 0.336579 1.851354 0.364236 -0.187370 1.087099 17.900000
0.787807 1.882502 -1.355168 0.356537 1.908696 0.351342 -0.195575 1.192477 17.950000
0.027917 1.414914 -1.351974 0.375986 1.974172 0.327428 -0.204706 1.397402 18.000000
0.000000 1.660853 -1.349105 0.394528 2.041452 0.296142 -0.212625 1.306043 18.050000
0.475422 1.880277 -1.346429 0.412031 2.108218 0.265342 -0.218677 1.356536 18.100000
0.103235 2.319715 -1.343946 0.428618 2.178920 0.238478 -0.223853 1.456256 18.150000
1.026159 2.542354 -1.341614 0.444320 2.257484 0.206318 -0.228605 1.655294 18.200000
2.000501 2.883148 -1.339466 0.459234 2.344758 0.180784 -0.232782 1.810465 18.250000
1.991211 3.000000 -1.337750 0.473671 2.440460 0.162147 -0.236477 1.988056 18.300000
2.860116 3.000000 -1.336587 0.487746 2.542896 0.141539 -0.239428 2.091301 18.350000
3.667676 3.000000 -1.336110 0.501525 2.648481 0.128435 -0.241347 2.125730 18.400000
3.811163 2.699012 -1.336640 0.515144 2.755091 0.122781 -0.242587 2.136589 18.450000
3.326304 2.225169 -1.338369 0.528599 2.858939 0.119452 -0.243192 2.034404 18.500000
2.980501 1.739015 -1.341222 0.541771 2.954679 0.114396 -0.242782 1.828486 18.550000
2.734281 1.814998 -1.345025 0.554549 3.038747 0.110276 -0.241136 1.573381 18.600000
2.538378 2.293940 -1.349659 0.566869 3.115286 0.106697 -0.238751 1.499021 18.650000
1.709972 2.179220 -1.355003 0.578678 -3.088759 0.100841 -0.236399 1.644415 18.700000
0.837617 2.066228 -1.360770 0.589945 -3.006127 0.086661 -0.233785 1.658110 18.750000
1.813237 2.347235 -1.366544 0.600707 -2.924327 0.065518 -0.230173 1.618919 18.800000
2.699894 1.884943 -1.372352 0.610964 -2.840935 0.054193 -0.225818 1.703252 18.850000
2.281486 1.860292 -1.378603 0.620599 -2.759712 0.052704 -0.221141 1.566422 18.900000
3.196992 1.583110 -1.385386 0.629545 -2.683237 0.049308 -0.216318 1.501961 18.950000
3.491433 1.998669 -1.392780 0.637704 -2.611844 0.056518 -0.211573 1.372763 19.000000
4.113029 2.338730 -1.400987 0.644894 -2.540273 0.066570 -0.207463 1.475512 19.050000
4.027746 2.135380 -1.410084 0.650945 -2.461645 0.080398 -0.204486 1.644677 19.100000
3.179219 2.470766 -1.420035 0.655733 -2.379578 0.092228 -0.202522 1.639260 19.150000
2.522525 2.841497 -1.430552 0.659356 -2.294128 0.094973 -0.201287 1.760055 19.200000
2.585602 2.907762 -1.441272 0.662052 -2.200925 0.089516 -0.200521 1.939112 19.250000
3.351051 2.602499 -1.452008 0.663930 -2.101374 0.083227 -0.199776 2.027996 19.300000
3.968925 2.591013 -1.462777 0.664824 -2.002183 0.084505 -0.198847 1.952174 19.350000
4.962231 2.511464 -1.473624 0.664432 -1.905491 0.092262 -0.198119 1.920898 19.400000
5.572330 2.896752 -1.484539 0.662397 -1.810568 0.109480 -0.198152 1.882807 19.450000
4.874709 2.886199 -1.495429 0.658377 -1.712791 0.130841 -0.199761 2.008500 19.500000
4.937059 2.661744 -1.506065 0.652459 -1.611078 0.143516 -0.202869 2.053128 19.550000
5.838802 2.295349 -1.516213 0.644865 -1.510208 0.156044 -0.206677 1.992334 19.600000
5.300098 2.768236 -1.525672 0.635447 -1.414957 0.177512 -0.210895 1.842923 19.650000
5.981857 2.291115 -1.534247 0.624227 -1.319450 0.192452 -0.216274 1.959228 19.700000
5.994009 2.564831 -1.541732 0.611321 -1.225094 0.212746 -0.222463 1.835988 19.750000
6.000000 2.835319 -1.547909 0.596729 -1.131699 0.231805 -0.229636 1.891898 19.800000
5.092005 3.000000 -1.552609 0.580652 -1.033607 0.247675 -0.238535 2.012996 19.850000
4.541204 2.538856 -1.555800 0.563506 -0.929906 0.251367 -0.248793 2.118035 19.900000
4.857904 2.738404 -1.557579 0.545787 -0.827588 0.248875 -0.258456 1.995500 19.950000
4.284657 3.000000 -1.557926 0.527690 -0.727023 0.248759 -0.267393 2.022959 20.000000
4.017884 2.542521 -1.556863 0.509425 -0.622882 0.240786 -0.276355 2.125424 20.050000
3.810210 2.851439 -1.554544 0.491274 -0.520235 0.230042 -0.284027 2.001042 20.100000
3.921666 2.819946 -1.551070 0.473405 -0.418346 0.217100 -0.290461 2.063666 20.150000
4.002884 3.000000 -1.546494 0.455939 -0.314867 0.204244 -0.295964 2.073385 20.200000
4.116461 3.000000 -1.540814 0.438969 -0.209297 0.191085 -0.300613 2.137898 20.250000
3.188070 2.785022 -1.534042 0.422594 -0.101784 0.178095 -0.304364 2.158507 20.300000
2.649647 2.298082 -1.526422 0.406924 0.004087 0.157228 -0.306476 2.087334 20.350000
3.498430 2.557207 -1.518319 0.392012 0.102603 0.135085 -0.306116 1.885312 20.400000
3.620026 2.871663 -1.509655 0.377887 0.197294 0.123409 -0.304249 1.899332 20.450000
3.560617 2.726570 -1.500251 0.364622 0.295603 0.112087 -0.301986 2.013571 20.500000
3.672710 2.954929 -1.490172 0.352278 0.395941 0.100160 -0.299129 2.001295 20.550000
2.871787 2.971530 -1.479474 0.340914 0.498164 0.089395 -0.295697 2.074713 20.600000
3.707014 2.768543 -1.468379 0.330493 0.602767 0.071175 -0.291458 2.103482 20.650000
2.859987 2.725357 -1.456942 0.321064 0.706093 0.062577 -0.286304 2.039737 20.700000
1.872220 2.302550 -1.445209 0.312651 0.806909 0.048163 -0.280385 1.998883 20.750000
1.404406 2.451947 -1.433521 0.304986 0.901970 0.028153 -0.273276 1.829896 20.800000
0.478326 2.487366 -1.422083 0.297831 0.993083 0.006971 -0.264980 1.815823 20.850000
0.413254 2.055941 -1.411045 0.290912 1.083983 -0.020854 -0.255383 1.818445 20.900000
1.394871 1.770638 -1.400466 0.284032 1.170322 -0.045441 -0.244534 1.658894 20.950000
0.905642 2.261356 -1.390193 0.277423 1.248386 -0.056010 -0.233285 1.488836 21.000000
1.479061 1.877433 -1.380147 0.271221 1.326026 -0.069398 -0.221790 1.599733 21.050000
1.403972 1.688746 -1.370322 0.265452 1.403205 -0.075601 -0.210175 1.501950 21.100000
1.082804 1.388742 -1.360693 0.260253 1.475148 -0.079628 -0.198975 1.391831 21.150000
1.684484 1.809970 -1.351288 0.255560 1.540208 -0.083622 -0.188360 1.232915 21.200000
1.569152 2.202275 -1.342124 0.251460 1.604471 -0.080760 -0.178146 1.324986 21.250000
2.270694 2.486755 -1.333218 0.248050 1.676055 -0.079905 -0.167955 1.511473 21.300000
2.785520 2.139443 -1.324611 0.245430 1.756844 -0.073602 -0.157800 1.692898 21.350000
3.185226 1.923159 -1.316396 0.243843 1.839933 -0.062157 -0.148383 1.639312 21.400000
3.985918 2.386793 -1.308712 0.243460 1.919049 -0.045666 -0.140269 1.540723 21.450000
4.589502 2.233847 -1.301753 0.244485 1.999902 -0.021879 -0.133555 1.673843 21.500000
5.329388 2.326095 -1.295760 0.247113 2.083559 0.006778 -0.128557 1.673204 21.550000
5.992320 2.387545 -1.291017 0.251479 2.168247 0.041515 -0.125647 1.709504 21.600000
6.000000 2.733602 -1.287846 0.257671 2.254849 0.080982 -0.125165 1.749270 21.650000
5.540896 2.623426 -1.286482 0.265579 2.346443 0.118071 -0.127435 1.892573 21.700000
6.000000 2.816089 -1.286976 0.274856 2.441567 0.148428 -0.132143 1.910344 21.750000
5.585860 2.331350 -1.289431 0.285223 2.539348 0.180649 -0.139134 1.989000 21.800000
4.933805 2.023068 -1.293918 0.296408 2.634721 0.207225 -0.147563 1.849565 21.850000
5.035982 2.406491 -1.300256 0.308039 2.722550 0.227165 -0.156110 1.689605 21.900000
4.695547 2.707356 -1.308333 0.319853 2.809343 0.246441 -0.165446 1.770459 21.950000
4.023607 2.488033 -1.318063 0.331616 2.901981 0.259252 -0.176512 1.913124 22.000000
3.161670 2.160826 -1.329153 0.343056 2.996987 0.263311 -0.188167 1.891335 22.050000
2.409195 2.598813 -1.341188 0.353970 3.087965 0.258836 -0.198641 1.767811 22.100000
2.284720 2.925758 -1.353736 0.364250 -3.103611 0.246129 -0.208321 1.878836 22.150000
1.765736 2.673446 -1.366517 0.373839 -3.005090 0.229574 -0.217881 2.035912 22.200000
2.494970 2.697417 -1.379304 0.382729 -2.904257 0.206962 -0.226077 2.002409 22.250000
2.452495 2.606346 -1.392103 0.390909 -2.804290 0.191278 -0.232491 1.996772 22.300000
2.654876 2.523557 -1.405024 0.398339 -2.705490 0.175412 -0.237401 1.960632 22.350000
1.975930 2.314719 -1.418060 0.404995 -2.608744 0.162144 -0.240866 1.916032 22.400000
2.902750 2.682692 -1.431081 0.410931 -2.515642 0.143920 -0.242722 1.822349 22.450000
2.841114 2.817724 -1.444106 0.416105 -2.421776 0.134580 -0.243690 1.916703 22.500000
2.131202 3.000000 -1.457227 0.420391 -2.323564 0.123485 -0.244338 1.997938 22.550000
1.544849 2.914114 -1.470244 0.423924 -2.220987 0.104730 -0.244268 2.089051 22.600000
1.740890 3.000000 -1.482923 0.426960 -2.116544 0.080730 -0.242753 2.087781 22.650000
2.185344 2.504693 -1.495212 0.429592 -2.011380 0.059553 -0.239647 2.113466 22.700000
2.164492 2.516088 -1.507186 0.431695 -1.910590 0.045258 -0.235149 1.945396 22.750000
1.281304 2.389964 -1.518884 0.433161 -1.815048 0.033634 -0.229739 1.885469 22.800000
2.262300 2.504081 -1.530241 0.434186 -1.722790 0.015996 -0.223461 1.815312 22.850000
3.002242 2.975445 -1.541246 0.434733 -1.631653 0.009295 -0.216601 1.827882 22.900000
2.512523 3.000000 -1.551906 0.434413 -1.535246 0.009047 -0.209805 2.000293 22.950000
2.456420 3.000000 -1.562161 0.433214 -1.433151 0.003546 -0.203061 2.071417 23.000000
3.211098 2.922757 -1.571955 0.431299 -1.328853 -0.001922 -0.196151 2.096148 23.050000
2.761399 3.000000 -1.581182 0.428540 -1.224583 0.000807 -0.189380 2.077820 23.100000
3.721324 2.742816 -1.589750 0.424915 -1.120089 0.000128 -0.182923 2.098440 23.150000
4.175750 2.724890 -1.597511 0.420380 -1.017576 0.009761 -0.177012 2.016191 23.200000
5.121996 2.710250 -1.604202 0.414731 -0.917785 0.024651 -0.172176 1.981614 23.250000
6.000000 2.658906 -1.609512 0.407839 -0.819172 0.048605 -0.168864 1.966180 23.300000
6.000000 2.366033 -1.613036 0.399575 -0.721485 0.080339 -0.167586 1.945647 23.350000
5.888430 2.035354 -1.614512 0.390036 -0.627369 0.111721 -0.168291 1.837424 23.400000
5.488833 1.697787 -1.613866 0.379488 -0.540044 0.142244 -0.170424 1.681073 23.450000
5.953774 1.254650 -1.611141 0.368223 -0.461222 0.169562 -0.173335 1.500012 23.500000
5.196798 1.297243 -1.606291 0.356430 -0.392969 0.202328 -0.176421 1.264892 23.550000
4.832686 1.418933 -1.599375 0.344299 -0.332020 0.228256 -0.179730 1.185024 23.600000
5.426417 0.975704 -1.590662 0.332075 -0.272351 0.249805 -0.183750 1.200523 23.650000
5.073131 0.763049 -1.580134 0.319886 -0.216856 0.276749 -0.187853 1.041641 23.700000
4.805009 1.011525 -1.567771 0.307825 -0.169030 0.301040 -0.191249 0.891652 23.750000
5.181318 1.061511 -1.553756 0.296012 -0.123567 0.322274 -0.194801 0.923768 23.800000
4.531627 1.271573 -1.538124 0.284548 -0.076311 0.345435 -0.199378 0.962663 23.850000
5.087439 1.189625 -1.521012 0.273549 -0.025269 0.360271 -0.205393 1.066451 23.900000
5.212942 1.422385 -1.502522 0.263138 0.028581 0.378430 -0.212529 1.086114 23.950000
5.585118 1.520399 -1.482580 0.253428 0.085785 0.395476 -0.221029 1.189430 24.000000
4.727541 1.251220 -1.461179 0.244559 0.147731 0.413118 -0.231304 1.277694 24.050000
4.237781 0.842975 -1.438549 0.236634 0.209917 0.421144 -0.241835 1.219054 24.100000
3.453274 0.964254 -1.415079 0.229670 0.265809 0.425596 -0.250359 1.041286 24.150000
4.027810 1.220059 -1.391098 0.223615 0.317008 0.423614 -0.257229 1.011056 24.200000
3.328418 0.775281 -1.366705 0.218489 0.370025 0.425916 -0.264427 1.098770 24.250000
3.568980 0.315608 -1.341995 0.214312 0.421263 0.421795 -0.270777 0.968095 24.300000
4.168456 -0.149581 -1.317081 0.211045 0.462925 0.423269 -0.273962 0.728362 24.350000
4.167454 -0.475399 -1.291745 0.208755 0.490914 0.435237 -0.273044 0.426088 24.400000
5.133280 -0.174970 -1.265804 0.207469 0.504211 0.452195 -0.267802 0.136071 24.450000
4.430389 0.161713 -1.239012 0.207249 0.510204 0.480144 -0.260561 0.107218 24.500000
5.389675 0.324175 -1.211348 0.208092 0.519096 0.499479 -0.254705 0.236035 24.550000
4.485710 -0.052967 -1.182845 0.210028 0.534754 0.524664 -0.251671 0.376477 24.600000
4.191605 0.216687 -1.153585 0.213067 0.551380 0.540162 -0.249307 0.297399 24.650000
4.540291 0.402411 -1.123847 0.217050 0.568228 0.552269 -0.247293 0.369288 24.700000
5.311534 -0.064283 -1.093686 0.221992 0.589904 0.565519 -0.247430 0.485698 24.750000
6.000000 -0.116381 -1.062953 0.228047 0.610618 0.585697 -0.247395 0.357658 24.800000
5.682863 -0.484844 -1.031389 0.235389 0.626141 0.613178 -0.245500 0.273122 24.850000
6.000000 -0.389021 -0.998940 0.244027 0.634372 0.639037 -0.240697 0.076261 24.900000
6.000000 -0.199800 -0.965590 0.253898 0.636350 0.668821 -0.233331 0.009556 24.950000
6.000000 -0.645526 -0.931297 0.264990 0.638045 0.697459 -0.226143 0.054337 25.000000
6.000000 -0.662261 -0.896099 0.277254 0.636260 0.725949 -0.217443 -0.110164 25.050000
6.000000 -0.176962 -0.859978 0.290604 0.628015 0.755046 -0.205612 -0.210196 25.100000
6.000000 0.195957 -0.822937 0.304960 0.621570 0.782289 -0.195052 -0.062547 25.150000
5.285561 0.537951 -0.785066 0.320308 0.625046 0.805719 -0.190371 0.178652 25.200000
4.741573 0.292095 -0.746651 0.336593 0.641614 0.818134 -0.193473 0.455887 25.250000
4.268836 0.604021 -0.708084 0.353712 0.665728 0.822848 -0.200947 0.504574 25.300000
3.328863 0.428916 -0.669644 0.371555 0.695305 0.821165 -0.211398 0.662002 25.350000
3.231556 -0.055922 -0.631679 0.389951 0.728761 0.809256 -0.223577 0.675959 25.400000
4.177121 -0.358710 -0.594386 0.408745 0.757410 0.797968 -0.232286 0.491822 25.450000
4.592267 -0.562488 -0.557542 0.428034 0.776007 0.798880 -0.234860 0.275549 25.500000
4.893000 -0.255084 -0.520816 0.447988 0.784259 0.806864 -0.231484 0.074318 25.550000
5.366959 -0.258650 -0.484014 0.468673 0.788462 0.818588 -0.225964 0.091790 25.600000
5.951773 -0.080955 -0.447013 0.490191 0.793254 0.834049 -0.221025 0.099074 25.650000
5.900175 0.343863 -0.409673 0.512698 0.800390 0.853593 -0.217738 0.178805 25.700000
5.728736 0.722341 -0.371993 0.536281 0.815483 0.869469 -0.219563 0.402611 25.750000
5.612726 0.411241 -0.334179 0.560938 0.843288 0.879097 -0.229386 0.680153 25.800000
4.947409 0.515967 -0.296468 0.586669 0.877872 0.884628 -0.243239 0.702984 25.850000
5.549956 0.830248 -0.259087 0.613342 0.914734 0.882313 -0.258083 0.766235 25.900000
5.585599 0.974486 -0.222158 0.640957 0.957633 0.882683 -0.276193 0.932103 25.950000
5.027313 0.497718 -0.185762 0.669645 1.008296 0.879186 -0.298487 1.078808 26.000000
5.278539 0.099370 -0.150118 0.699291 1.059202 0.869079 -0.319864 0.973965 26.050000
5.330193 0.487193 -0.115281 0.729809 1.102392 0.863888 -0.335429 0.779971 26.100000
4.396642 0.343486 -0.081192 0.761235 1.143305 0.859602 -0.348934 0.849871 26.150000
4.174518 0.478469 -0.048000 0.793359 1.185287 0.845598 -0.362326 0.832713 26.200000
4.296691 0.609665 -0.015854 0.825909 1.228290 0.828884 -0.375397 0.882130 26.250000
5.276394 0.507177 0.015185 0.858842 1.274580 0.811541 -0.389402 0.960448 26.300000
4.644269 0.167049 0.045127 0.892372 1.322601 0.802224 -0.403455 0.961650 26.350000
4.617754 -0.122332 0.073966 0.926545 1.367049 0.788611 -0.414570 0.833018 26.400000
4.158586 -0.518536 0.101705 0.961213 1.403808 0.779158 -0.420623 0.658447 26.450000
5.060850 -0.643663 0.128414 0.996295 1.429848 0.771796 -0.420313 0.410365 26.500000
5.083879 -0.476335 0.154231 1.031951 1.445329 0.779169 -0.414187 0.227646 26.550000
5.292495 -0.878081 0.179277 1.068422 1.455895 0.789307 -0.405653 0.197547 26.600000
4.817773 -0.974649 0.203609 1.105761 1.460602 0.804249 -0.394173 0.008435 26.650000
4.151246 -1.182061 0.227327 1.143919 1.456882 0.818626 -0.378291 -0.144017 26.700000
3.938217 -1.025899 0.250526 1.182642 1.444786 0.830274 -0.358023 -0.323844 26.750000
4.360500 -1.177071 0.273309 1.221737 1.427481 0.841526 -0.335293 -0.366624 26.800000
3.593179 -1.413636 0.295776 1.261235 1.406525 0.857246 -0.310987 -0.463977 26.850000
3.037600 -1.205478 0.318023 1.301037 1.378931 0.867097 -0.283272 -0.625373 26.900000
3.313300 -1.469392 0.340124 1.340814 1.347351 0.871752 -0.253934 -0.640562 26.950000
3.635564 -1.205694 0.362150 1.380471 1.311720 0.878778 -0.222958 -0.773591 27.000000
3.494619 -1.268138 0.384234 1.420103 1.273720 0.887639 -0.191384 -0.753625 27.050000
3.589814 -0.834902 0.406441 1.459693 1.235149 0.893339 -0.160345 -0.789774 27.100000
3.389333 -0.430740 0.428805 1.499174 1.199544 0.897547 -0.132151 -0.655037 27.150000
4.166675 -0.840540 0.451272 1.538488 1.172797 0.897072 -0.110555 -0.442420 27.200000
4.032585 -0.994025 0.473835 1.577747 1.148719 0.902722 -0.091338 -0.515693 27.250000
3.516249 -1.293552 0.496600 1.617048 1.119843 0.906737 -0.069599 -0.629906 27.300000
4.155441 -1.610038 0.519603 1.656187 1.083036 0.905463 -0.043445 -0.823590 27.350000
4.815224 -1.179050 0.542993 1.695093 1.035314 0.909109 -0.011079 -1.060418 27.400000
4.364387 -1.325150 0.567046 1.733899 0.983432 0.916532 0.023063 -1.025252 27.450000
4.499447 -1.706028 0.591816 1.772536 0.930486 0.917017 0.056899 -1.089829 27.500000
5.488642 -2.002484 0.617313 1.810805 0.870489 0.915470 0.094185 -1.289118 27.550000
5.199256 -1.777882 0.643792 1.848702 0.799802 0.918229 0.137221 -1.513340 27.600000
4.917121 -2.229211 0.671416 1.886095 0.723203 0.912695 0.182536 -1.552290 27.650000
5.206573 -1.777079 0.700081 1.922660 0.639716 0.898060 0.230192 -1.762340 27.700000
5.963613 -1.385699 0.729753 1.958150 0.553327 0.880434 0.277027 -1.708439 27.750000
6.000000 -1.237387 0.760548 1.992560 0.472053 0.867534 0.318070 -1.569549 27.800000
6.000000 -1.605077 0.792535 2.025903 0.396263 0.853829 0.353529 -1.480101 27.850000
5.842898 -1.423196 0.825639 2.058076 0.318999 0.836412 0.387802 -1.597148 27.900000
5.162527 -1.010833 0.859724 2.088897 0.239369 0.813480 0.421105 -1.592128 27.950000
4.260999 -0.872935 0.894503 2.118227 0.163948 0.784403 0.449318 -1.447893 28.000000
3.804187 -0.910912 0.929557 2.146009 0.094629 0.749452 0.471460 -1.340431 28.050000
2.929800 -0.635416 0.964541 2.172247 0.028522 0.711968 0.489348 -1.307562 28.100000
3.545798 -0.568782 0.999126 2.196974 -0.033347 0.669419 0.502609 -1.182315 28.150000
3.823558 -0.170809 1.033279 2.220270 -0.089990 0.637037 0.511309 -1.093362 28.200000
4.074022 -0.519033 1.067253 2.242193 -0.138995 0.613405 0.515152 -0.891106 28.250000
4.875038 -0.124848 1.101228 2.262790 -0.184602 0.595267 0.516690 -0.927068 28.300000
5.182435 0.178793 1.135442 2.282027 -0.226951 0.587551 0.516360 -0.783894 28.350000
5.975210 0.088370 1.170184 2.299876 -0.260780 0.589049 0.512373 -0.591664 28.400000
6.000000 0.389748 1.205751 2.316301 -0.288734 0.602107 0.506234 -0.533623 28.450000
5.495037 0.040761 1.242323 2.331264 -0.311233 0.618818 0.498230 -0.383476 28.500000
5.630187 -0.426364 1.279790 2.344819 -0.332278 0.631361 0.490138 -0.451178 28.550000
5.672194 -0.213884 1.317977 2.356977 -0.361121 0.639664 0.486050 -0.677055 28.600000
6.000000 -0.557957 1.356772 2.367671 -0.395736 0.644334 0.484851 -0.704569 28.650000
5.838413 -0.651228 1.396150 2.376832 -0.435217 0.648656 0.486066 -0.856646 28.700000
6.000000 -0.703778 1.435998 2.384398 -0.481143 0.646907 0.490239 -0.966785 28.750000
6.000000 -1.043593 1.476172 2.390321 -0.531525 0.643447 0.496215 -1.039454 28.800000
5.403024 -0.696838 1.516559 2.394547 -0.588166 0.635410 0.504632 -1.204310 28.850000
6.000000 -0.398184 1.556882 2.397123 -0.646670 0.620252 0.513070 -1.143634 28.900000
6.000000 -0.717926 1.597084 2.398037 -0.699813 0.614457 0.518396 -1.000971 28.950000
6.000000 -1.189156 1.637249 2.397201 -0.751548 0.609542 0.522743 -1.060634 29.000000
5.267903 -1.462877 1.677247 2.394614 -0.810464 0.599327 0.529766 -1.267641 29.050000
5.769569 -1.866910 1.716749 2.390418 -0.879266 0.574916 0.539928 -1.456150 29.100000
5.898354 -1.560878 1.755503 2.384691 -0.958467 0.547429 0.552609 -1.677159 29.150000
5.130898 -1.278414 1.793405 2.377377 -1.041477 0.518076 0.564626 -1.646139 29.200000
5.413305 -1.463457 1.830299 2.368647 -1.120247 0.484934 0.572827 -1.520796 29.250000
4.780461 -1.065358 1.866106 2.358617 -1.196564 0.456948 0.578208 -1.528267 29.300000
4.466456 -1.060822 1.900766 2.347393 -1.268578 0.427204 0.580447 -1.372044 29.350000
4.852260 -0.830509 1.934220 2.335176 -1.334996 0.400069 0.579508 -1.292915 29.400000
4.958961 -0.877973 1.966485 2.321937 -1.395951 0.382074 0.576012 -1.161237 29.450000
5.141416 -0.660495 1.997590 2.307545 -1.452713 0.369393 0.570869 -1.113913 29.500000
4.655997 -0.761197 2.027525 2.291936 -1.505301 0.362561 0.564427 -1.003034 29.550000
4.333097 -1.169156 2.056269 2.275180 -1.555024 0.354150 0.557219 -0.986642 29.600000
3.487004 -1.569487 2.083782 2.257507 -1.608475 0.340737 0.550829 -1.130606 29.650000
3.636815 -1.551191 2.110022 2.239297 -1.670940 0.313721 0.546001 -1.336427 29.700000
2.778769 -1.533002 2.134966 2.220827 -1.739778 0.284873 0.541453 -1.404245 29.750000
2.633222 -1.403764 2.158647 2.202318 -1.810286 0.248448 0.535779 -1.411168 29.800000
3.098155 -0.943649 2.181143 2.184007 -1.879194 0.213874 0.528263 -1.350202 29.850000
4.063105 -0.855509 2.202463 2.165774 -1.940716 0.190997 0.518539 -1.137462 29.900000
3.551779 -1.131645 2.222497 2.147220 -1.993805 0.184686 0.507411 -1.002893 29.950000
2.854504 -1.034141 2.241197 2.128221 -2.045161 0.175844 0.496199 -1.044677 30.000000
3.498052 -0.849292 2.258683 2.109065 -2.096728 0.161503 0.484989 -1.019648 30.050000
4.385078 -0.865861 2.274955 2.089771 -2.145240 0.156465 0.473481 -0.931400 30.100000
5.378472 -0.586068 2.289810 2.070034 -2.190814 0.162471 0.462081 -0.896188 30.150000
6.000000 -0.731569 2.302975 2.049521 -2.232120 0.180804 0.450954 -0.772503 30.200000
5.985554 -0.264576 2.314197 2.027980 -2.270851 0.206356 0.440542 -0.777824 30.250000
6.000000 -0.584165 2.323368 2.005381 -2.304761 0.234161 0.430455 -0.601251 30.300000
6.000000 -0.367059 2.330472 1.981785 -2.336167 0.262905 0.421008 -0.651056 30.350000
5.177199 -0.074379 2.335516 1.957286 -2.367137 0.291154 0.412436 -0.595869 30.400000
4.868120 0.227945 2.338643 1.932092 -2.392998 0.313835 0.403620 -0.455549 30.450000
5.742707 -0.001775 2.340049 1.906401 -2.410437 0.337618 0.393590 -0.263498 30.500000
5.216553 -0.153349 2.339649 1.880117 -2.423575 0.371071 0.383214 -0.263740 30.550000
5.752181 -0.619522 2.337425 1.853234 -2.438659 0.397484 0.374033 -0.333553 30.600000
6.000000 -0.381505 2.333423 1.825847 -2.461806 0.423924 0.367850 -0.567905 30.650000
6.000000 -0.558271 2.327546 1.797985 -2.490950 0.448792 0.364142 -0.596010 30.700000
5.084756 -0.603336 2.319778 1.769729 -2.523262 0.471211 0.362106 -0.687175 30.750000
4.545790 -0.606694 2.310325 1.741329 -2.559476 0.482371 0.361847 -0.754099 30.800000
4.710799 -0.319434 2.299494 1.713083 -2.598177 0.486845 0.362652 -0.789974 30.850000
5.625187 -0.327847 2.287376 1.685108 -2.634995 0.493565 0.362909 -0.694662 30.900000
6.000000 -0.646053 2.273761 1.657310 -2.668595 0.510079 0.362318 -0.655064 30.950000
5.035590 -0.274179 2.258409 1.629612 -2.704483 0.528269 0.363034 -0.768221 31.000000
4.842058 -0.314476 2.241486 1.602179 -2.740371 0.536726 0.364034 -0.678675 31.050000
5.085602 -0.357106 2.223264 1.575167 -2.773592 0.544324 0.364185 -0.653637 31.100000
4.371827 -0.309979 2.203756 1.548612 -2.806466 0.554030 0.364404 -0.661106 31.150000
4.481950 -0.232623 2.183097 1.522602 -2.839140 0.556803 0.364678 -0.647656 31.200000
3.514306 0.094843 2.161447 1.497215 -2.870491 0.561133 0.364496 -0.610925 31.250000
3.479270 -0.300003 2.139014 1.472510 -2.896827 0.558822 0.362333 -0.459196 31.300000
4.053092 -0.390067 2.116023 1.448522 -2.922082 0.556888 0.359799 -0.541442 31.350000
4.104128 -0.106118 2.092377 1.425254 -2.951310 0.558487 0.358931 -0.618813 31.400000
3.159468 -0.052161 2.067966 1.402717 -2.980129 0.560729 0.357955 -0.542710 31.450000
3.270204 0.292058 2.043008 1.380940 -3.005564 0.555811 0.355643 -0.481005 31.500000
3.731776 0.355438 2.017687 1.359922 -3.024759 0.555222 0.350885 -0.305129 31.550000
4.223089 0.286473 1.991838 1.339585 -3.036667 0.562513 0.343446 -0.183292 31.600000
3.556053 0.597102 1.965229 1.319851 -3.044784 0.575922 0.334830 -0.145114 31.650000
2.879025 0.522726 1.937909 1.300689 -3.047813 0.584961 0.324471 0.009783 31.700000
2.208919 0.310634 1.910184 1.282063 -3.045716 0.589594 0.312360 0.069477 31.750000
2.988447 0.046769 1.882370 1.263961 -3.043679 0.587761 0.300708 0.018244 31.800000
2.285996 -0.016665 1.854455 1.246381 -3.046536 0.591247 0.291530 -0.118715 31.850000
3.248391 -0.314966 1.826455 1.229356 -3.055214 0.585839 0.285109 -0.217572 31.900000
4.246202 -0.673894 1.798334 1.212920 -3.070940 0.586938 0.281855 -0.392873 31.950000
4.264925 -1.000117 1.769685 1.197114 -3.097211 0.593243 0.283202 -0.631642 32.000000
4.240930 -1.446965 1.740353 1.182041 -3.135816 0.594546 0.289793 -0.882919 32.050000
5.238279 -1.714753 1.710445 1.167844 3.094901 0.589541 0.301952 -1.178113 32.100000
5.360464 -1.472138 1.679868 1.154697 3.029280 0.587439 0.319066 -1.415093 32.150000
4.820044 -1.233858 1.648513 1.142766 2.958117 0.582517 0.337688 -1.430851 32.200000
5.658307 -1.378952 1.616588 1.132116 2.888803 0.571950 0.354481 -1.353888 32.250000
6.000000 -1.299342 1.584110 1.122816 2.820363 0.568513 0.369990 -1.381200 32.300000
5.744105 -1.770736 1.550928 1.115008 2.751699 0.566868 0.384906 -1.368612 32.350000
4.890648 -1.770090 1.517164 1.108764 2.678267 0.558944 0.400993 -1.544092 32.400000
5.764374 -1.445915 1.483245 1.104043 2.598962 0.538534 0.418037 -1.617256 32.450000
6.000000 -1.832155 1.449317 1.100886 2.520656 0.525929 0.433135 -1.528746 32.500000
6.000000 -1.358660 1.415277 1.099453 2.441113 0.513731 0.447486 -1.637013 32.550000
5.690074 -1.807594 1.381238 1.099793 2.362999 0.501466 0.460070 -1.507187 32.600000
6.000000 -1.998299 1.347367 1.101865 2.284391 0.485238 0.471616 -1.619856 32.650000
5.331388 -1.805090 1.313838 1.105655 2.200137 0.467646 0.483712 -1.732413 32.700000
4.401414 -2.078585 1.280874 1.111059 2.114358 0.442249 0.494548 -1.702094 32.750000
3.631631 -2.456633 1.248782 1.117721 2.026896 0.406951 0.503654 -1.781417 32.800000
2.763427 -2.780260 1.217837 1.125215 1.933284 0.360690 0.511569 -1.934626 32.850000
1.908767 -3.000000 1.188236 1.133074 1.831953 0.301953 0.517506 -2.087918 32.900000
2.863622 -3.000000 1.160068 1.140792 1.724210 0.232521 0.519807 -2.196664 32.950000
2.427082 -3.000000 1.133236 1.148314 1.613795 0.172798 0.517452 -2.211577 33.000000
1.434869 -3.000000 1.107593 1.155727 1.503567 0.112150 0.510426 -2.194574 33.050000
0.587774 -3.000000 1.082996 1.162713 1.394535 0.046807 0.498639 -2.165517 33.100000
0.943837 -3.000000 1.059228 1.168915 1.287091 -0.020810 0.482101 -2.131858 33.150000
1.787185 -3.000000 1.036103 1.174335 1.181323 -0.078802 0.461420 -2.099515 33.200000
2.279123 -3.000000 1.013596 1.179370 1.077035 -0.122682 0.437763 -2.073274 33.250000
2.409615 -3.000000 0.991788 1.184413 0.973871 -0.156194 0.412201 -2.054477 33.300000
1.926675 -3.000000 0.970747 1.189670 0.871481 -0.183136 0.385433 -2.042080 33.350000
2.695725 -3.000000 0.950438 1.195142 0.769593 -0.209502 0.357751 -2.034006 33.400000
2.740407 -2.746071 0.930953 1.200925 0.668004 -0.223714 0.329635 -2.030371 33.450000
3.321987 -2.748927 0.912494 1.207169 0.569099 -0.231989 0.302137 -1.941197 33.500000
3.659865 -3.000000 0.895274 1.213935 0.472881 -0.229890 0.275848 -1.913302 33.550000
2.783274 -2.611948 0.879554 1.221262 0.374805 -0.222037 0.250540 -1.997379 33.600000
2.313478 -3.000000 0.865269 1.229013 0.277932 -0.218986 0.226673 -1.895347 33.650000
1.994002 -3.000000 0.852184 1.236999 0.180158 -0.217611 0.203668 -1.999493 33.700000
2.911891 -3.000000 0.840148 1.245120 0.078992 -0.217120 0.180998 -2.041138 33.750000
3.756620 -3.000000 0.829338 1.253317 -0.023596 -0.205410 0.159346 -2.060391 33.800000
4.382931 -2.774413 0.820189 1.261478 -0.126927 -0.183577 0.139572 -2.072179 33.850000
4.944553 -3.000000 0.813030 1.269396 -0.228457 -0.153877 0.122591 -2.001936 33.900000
4.028848 -3.000000 0.808077 1.276796 -0.330233 -0.118004 0.108564 -2.060464 33.950000
3.819751 -3.000000 0.805143 1.283491 -0.433952 -0.090533 0.097165 -2.084902 34.000000
4.447265 -3.000000 0.803862 1.289381 -0.538509 -0.064714 0.088080 -2.096063 34.050000
4.450436 -2.633781 0.804180 1.294239 -0.643477 -0.032968 0.081441 -2.102174 34.100000
4.635871 -2.564984 0.806048 1.297819 -0.744939 -0.001252 0.077432 -1.977576 34.150000
3.855521 -2.718082 0.809301 1.299942 -0.841825 0.031860 0.075863 -1.909444 34.200000
3.129364 -2.916339 0.813637 1.300604 -0.938183 0.056599 0.076338 -1.940221 34.250000
2.353244 -2.760855 0.818643 1.300014 -1.037596 0.073172 0.078359 -2.022918 34.300000
2.722860 -2.913499 0.823967 1.298438 -1.138039 0.081461 0.081238 -1.998925 34.350000
2.936646 -3.000000 0.829431 1.295947 -1.239317 0.092344 0.084762 -2.044799 34.400000
3.151214 -3.000000 0.834956 1.292422 -1.342948 0.103983 0.089145 -2.092656 34.450000
3.496471 -3.000000 0.840425 1.287793 -1.448105 0.116311 0.094382 -2.110862 34.500000
2.800409 -2.670483 0.845704 1.281971 -1.553868 0.130492 0.100487 -2.118698 34.550000
2.520492 -2.975698 0.850647 1.275100 -1.656540 0.137200 0.106863 -2.007175 34.600000
3.230826 -2.566432 0.855151 1.267475 -1.758882 0.140204 0.113353 -2.075328 34.650000
4.039078 -2.931117 0.859099 1.259068 -1.859188 0.149121 0.119833 -1.956895 34.700000
3.785303 -2.794749 0.862303 1.249626 -1.959569 0.164271 0.126982 -2.044409 34.750000
3.614893 -2.764977 0.864606 1.239158 -2.061360 0.175202 0.134976 -2.030113 34.800000
3.468376 -2.471171 0.865945 1.227895 -2.162452 0.183136 0.143289 -2.016339 34.850000
4.115878 -2.012499 0.866284 1.216035 -2.260136 0.188962 0.151348 -1.909038 34.900000
3.831997 -1.767325 0.865491 1.203607 -2.349707 0.201270 0.158619 -1.706487 34.950000
3.543141 -1.669788 0.863467 1.190653 -2.430239 0.211613 0.165035 -1.540520 35.000000
3.018991 -1.853043 0.860280 1.177367 -2.504359 0.219666 0.170777 -1.439598 35.050000
3.699290 -1.857219 0.856070 1.163962 -2.577140 0.222280 0.176401 -1.467859 35.100000
4.252849 -2.158349 0.850803 1.150521 -2.650947 0.230299 0.182272 -1.482724 35.150000
3.511363 -2.244867 0.844236 1.137021 -2.728506 0.241572 0.189092 -1.602446 35.200000
3.385042 -2.550957 0.836440 1.123625 -2.810967 0.243471 0.196877 -1.683934 35.250000
3.411541 -2.127604 0.827644 1.110548 -2.899322 0.241608 0.205416 -1.827943 35.300000
2.909875 -2.274178 0.817922 1.097917 -2.987922 0.238999 0.213536 -1.731509 35.350000
2.633396 -2.451303 0.807426 1.085829 -3.074971 0.231365 0.220797 -1.747890 35.400000
2.841836 -2.829672 0.796391 1.074370 3.118794 0.219911 0.227596 -1.817689 35.450000
2.397069 -2.494962 0.784900 1.063598 3.023233 0.208098 0.234359 -1.978424 35.500000
1.818556 -2.586806 0.773084 1.053552 2.926074 0.191287 0.240120 -1.917411 35.550000
2.137305 -2.103690 0.761222 1.044200 2.829968 0.169446 0.244207 -1.924793 35.600000
3.057074 -2.115649 0.749396 1.035521 2.738730 0.152629 0.246258 -1.751619 35.650000
3.449120 -2.455277 0.737332 1.027621 2.652986 0.146673 0.246920 -1.687816 35.700000
3.033266 -2.732305 0.724799 1.020659 2.565768 0.144025 0.247465 -1.785522 35.750000
3.663720 -3.000000 0.711895 1.014663 2.472546 0.135520 0.248241 -1.921171 35.800000
3.161015 -3.000000 0.698695 1.009692 2.372287 0.130720 0.249221 -2.065172 35.850000
3.334664 -3.000000 0.685291 1.005775 2.267542 0.119795 0.249992 -2.115622 35.900000
3.883000 -3.000000 0.671839 1.002870 2.161276 0.110324 0.250097 -2.131811 35.950000
4.187448 -3.000000 0.658338 1.001126 2.054546 0.106176 0.249719 -2.136411 36.000000
3.304078 -2.843749 0.644806 1.000721 1.947690 0.105041 0.249164 -2.137584 36.050000
3.220076 -2.460828 0.631418 1.001527 1.842414 0.096383 0.248133 -2.082366 36.100000
4.083019 -2.206801 0.618345 1.003332 1.742840 0.089394 0.246166 -1.926101 36.150000
4.132663 -2.385966 0.605630 1.006323 1.650857 0.093512 0.243673 -1.777172 36.200000
4.325746 -1.974077 0.593348 1.010705 1.561753 0.099175 0.241409 -1.785840 36.250000
3.649683 -1.699911 0.581621 1.016492 1.476650 0.107980 0.239372 -1.641055 36.300000
3.122826 -1.427745 0.570549 1.023537 1.399113 0.112846 0.237225 -1.484102 36.350000
3.854978 -1.287930 0.560175 1.031535 1.329637 0.115449 0.234704 -1.318775 36.400000
3.867574 -1.348370 0.550576 1.040511 1.267177 0.127215 0.232025 -1.196969 36.450000
3.870209 -1.135345 0.541860 1.050594 1.208133 0.139929 0.229670 -1.169051 36.500000
3.314410 -1.223405 0.534087 1.061722 1.152300 0.153350 0.227604 -1.077107 36.550000
3.202064 -1.667450 0.527256 1.073715 1.098606 0.161894 0.225816 -1.071684 36.600000
2.804063 -1.845776 0.521339 1.086358 1.040229 0.167735 0.224930 -1.240690 36.650000
3.689039 -1.887831 0.516304 1.099450 0.974178 0.167346 0.225099 -1.381467 36.700000
2.972218 -1.800664 0.512247 1.112989 0.902954 0.173568 0.226027 -1.456863 36.750000
3.357262 -1.435768 0.509210 1.126913 0.830135 0.172298 0.227234 -1.456003 36.800000
3.066399 -1.648858 0.507172 1.141087 0.761238 0.175768 0.227959 -1.319607 36.850000
3.816510 -1.328494 0.506165 1.155472 0.694598 0.177039 0.228506 -1.342787 36.900000
3.441190 -1.132949 0.506289 1.170065 0.630605 0.186007 0.228922 -1.232703 36.950000
2.751439 -0.880127 0.507624 1.184856 0.572410 0.192919 0.228902 -1.111804 37.000000
2.241039 -0.735884 0.509973 1.199657 0.521085 0.195312 0.228125 -0.960955 37.050000
2.545114 -1.089083 0.513104 1.214301 0.476578 0.195052 0.226468 -0.835079 37.100000
1.978800 -1.152859 0.516976 1.228751 0.432573 0.197877 0.224854 -0.915137 37.150000
1.773211 -0.739994 0.521514 1.242941 0.385069 0.194350 0.223770 -0.976960 37.200000
1.319842 -0.284984 0.526537 1.256770 0.339989 0.189867 0.222247 -0.842920 37.250000
2.140215 -0.351417 0.531910 1.270200 0.304717 0.184410 0.219308 -0.596888 37.300000
2.497209 -0.132304 0.537739 1.283289 0.277534 0.189324 0.215392 -0.501309 37.350000
2.570208 -0.197235 0.544297 1.296128 0.256300 0.199232 0.210930 -0.363274 37.400000
2.180880 -0.214467 0.551677 1.308748 0.239367 0.210781 0.206163 -0.318991 37.450000
2.965652 0.119323 0.559791 1.321130 0.223849 0.218764 0.201466 -0.303483 37.500000
2.052607 -0.159089 0.568713 1.333292 0.212728 0.235012 0.196345 -0.156596 37.550000
2.913749 0.047554 0.578399 1.345239 0.203853 0.242814 0.191128 -0.194662 37.600000
3.424580 0.317631 0.588814 1.356966 0.195926 0.258613 0.185992 -0.129202 37.650000
2.988082 0.071704 0.600256 1.368547 0.193576 0.279977 0.180059 0.020553 37.700000
3.699556 0.231280 0.612713 1.380007 0.194010 0.297134 0.173808 -0.001384 37.750000
4.215087 0.698893 0.626213 1.391366 0.195440 0.320448 0.167540 0.053081 37.800000
4.541119 0.829694 0.641001 1.402704 0.204337 0.349265 0.159661 0.279861 37.850000
4.471368 0.386880 0.657232 1.414130 0.223168 0.381925 0.149273 0.454486 37.900000
4.871345 -0.078507 0.674902 1.425726 0.243348 0.412624 0.138469 0.362630 37.950000
5.448156 0.084127 0.694006 1.437526 0.254784 0.443955 0.130284 0.119350 38.000000
5.185666 0.520195 0.714687 1.449545 0.258945 0.478013 0.124483 0.053173 38.050000
5.235006 0.322971 0.736943 1.461790 0.265648 0.508633 0.117861 0.200450 38.100000
4.914364 0.512567 0.760660 1.474286 0.275612 0.538896 0.110125 0.198411 38.150000
4.517387 0.542835 0.785707 1.487042 0.287714 0.565137 0.101602 0.277934 38.200000
4.489335 0.928959 0.811857 1.500054 0.303186 0.586902 0.091785 0.335578 38.250000
3.869601 0.697963 0.838952 1.513350 0.325298 0.608038 0.079222 0.528870 38.300000
3.528408 1.169753 0.866779 1.526969 0.351993 0.622589 0.064820 0.539218 38.350000
2.741636 1.079453 0.895062 1.540899 0.384570 0.633254 0.048018 0.742006 38.400000
2.121675 1.279686 0.923484 1.555135 0.423621 0.635718 0.028721 0.813584 38.450000
2.307178 1.134900 0.951683 1.569608 0.467697 0.631392 0.007834 0.936540 38.500000
2.986154 1.561961 0.979513 1.584329 0.514774 0.627697 -0.013563 0.947609 38.550000
3.834520 1.707928 1.007099 1.599429 0.567222 0.628857 -0.036614 1.129183 38.600000
4.527788 2.190641 1.034643 1.615162 0.627821 0.635547 -0.062707 1.277535 38.650000
4.619370 1.994674 1.062284 1.631811 0.698994 0.644959 -0.093106 1.535746 38.700000
4.548230 2.458574 1.089949 1.649564 0.777084 0.650759 -0.126021 1.584585 38.750000
4.168808 2.428522 1.117426 1.668453 0.862124 0.650711 -0.161207 1.789528 38.800000
3.279614 2.344555 1.144403 1.688401 0.953938 0.641366 -0.197994 1.873652 38.850000
2.697737 2.241245 1.170508 1.709118 1.047994 0.619027 -0.233458 1.889288 38.900000
2.809562 1.741455 1.195451 1.730225 1.141799 0.588002 -0.265776 1.868414 38.950000
1.949908 1.945654 1.219157 1.751530 1.229941 0.557702 -0.292580 1.687053 39.000000
1.411071 1.913104 1.241615 1.772792 1.314468 0.519236 -0.314899 1.693130 39.050000
1.649423 2.176220 1.262771 1.793630 1.398818 0.475066 -0.333872 1.681698 39.100000
2.499873 2.401270 1.282669 1.813919 1.485434 0.431840 -0.350281 1.768103 39.150000
2.982574 1.911663 1.301379 1.833844 1.577024 0.394021 -0.365073 1.876815 39.200000
3.337101 2.070846 1.318943 1.853649 1.666837 0.361473 -0.376546 1.736484 39.250000
2.729306 1.945387 1.335393 1.873509 1.753643 0.333857 -0.384950 1.734642 39.300000
3.676456 1.992139 1.350759 1.893327 1.838892 0.301671 -0.390846 1.681595 39.350000
4.290682 2.179636 1.365034 1.913158 1.922715 0.279755 -0.394599 1.671468 39.400000
4.952724 2.065677 1.378100 1.933300 2.008032 0.263235 -0.397369 1.730954 39.450000
5.632710 1.843197 1.389806 1.953941 2.093974 0.252905 -0.399330 1.709384 39.500000
5.828019 1.974364 1.399954 1.975268 2.176826 0.250798 -0.400277 1.618537 39.550000
5.672044 2.295630 1.408372 1.997350 2.258101 0.251356 -0.400880 1.630662 39.600000
6.000000 1.810704 1.415003 2.020042 2.343147 0.248294 -0.402075 1.752212 39.650000
6.000000 2.099014 1.419775 2.043199 2.427029 0.248919 -0.402909 1.623056 39.700000
5.412958 2.115642 1.422591 2.066736 2.509764 0.250058 -0.403592 1.678030 39.750000
5.775730 1.666777 1.423545 2.090398 2.594452 0.244543 -0.404458 1.704956 39.800000
4.847274 2.079800 1.422669 2.114004 2.675262 0.244691 -0.404429 1.550865 39.850000
4.663189 1.850952 1.420073 2.137383 2.755380 0.236603 -0.404087 1.639797 39.900000
4.390655 2.154567 1.416021 2.160299 2.835911 0.226956 -0.403300 1.588466 39.950000
3.574864 1.951422 1.410641 2.182622 2.917875 0.214476 -0.402148 1.675789 40.000000
3.371555 1.699152 1.404229 2.204207 3.000407 0.194766 -0.400163 1.630841 40.050000
4.314653 1.914294 1.397036 2.224969 3.078637 0.176562 -0.396559 1.514369 40.100000
5.271642 2.388311 1.388889 2.244894 -3.127996 0.169138 -0.392182 1.542838 40.150000
6.000000 2.737752 1.379399 2.263915 -3.045557 0.168203 -0.388467 1.726455 40.200000
5.351655 2.271235 1.368302 2.281882 -2.953535 0.169393 -0.386052 1.923010 40.250000
5.860718 2.529145 1.355728 2.298656 -2.860104 0.164076 -0.383706 1.828912 40.300000
5.768583 2.141227 1.341803 2.314111 -2.767027 0.164180 -0.381254 1.885082 40.350000
6.000000 2.182472 1.326556 2.328099 -2.676199 0.164902 -0.378626 1.766836 40.400000
6.000000 1.877414 1.310065 2.340485 -2.588724 0.169787 -0.375890 1.737092 40.450000
6.000000 1.458569 1.292409 2.351136 -2.505374 0.176902 -0.373101 1.615915 40.500000
6.000000 1.736025 1.273701 2.359951 -2.430352 0.188267 -0.369866 1.415320 40.550000
5.685916 2.190154 1.254049 2.366844 -2.358919 0.201293 -0.366938 1.439277 40.600000
4.742712 1.912513 1.233672 2.371817 -2.281787 0.208284 -0.365478 1.619543 40.650000
5.726386 2.239279 1.212961 2.375076 -2.201659 0.204886 -0.364575 1.589832 40.700000
5.951125 2.677848 1.192063 2.376587 -2.119061 0.209615 -0.364130 1.697850 40.750000
5.574345 2.993796 1.171008 2.376129 -2.028344 0.212210 -0.365152 1.899064 40.800000
5.261263 3.000000 1.150047 2.373778 -1.927946 0.206199 -0.367462 2.085605 40.850000
6.000000 3.000000 1.129462 2.369747 -1.821690 0.194267 -0.369863 2.152554 40.900000
6.000000 3.000000 1.109413 2.363993 -1.713418 0.188343 -0.371773 2.174253 40.950000
6.000000 2.612232 1.090049 2.356412 -1.604514 0.182083 -0.373226 2.180480 41.000000
5.527303 2.187776 1.071555 2.347072 -1.499412 0.177846 -0.373708 2.046053 41.050000
6.000000 1.963756 1.054081 2.336129 -1.402921 0.173762 -0.372776 1.845942 41.100000
6.000000 1.667484 1.037768 2.323614 -1.315141 0.178799 -0.370823 1.690032 41.150000
5.856490 1.698916 1.022769 2.309473 -1.235476 0.187964 -0.368324 1.522423 41.200000
4.991781 1.810057 1.009200 2.293806 -1.160910 0.198244 -0.365783 1.468768 41.250000
5.622099 1.520070 0.997069 2.276939 -1.086884 0.200596 -0.363601 1.489316 41.300000
6.000000 1.725063 0.986442 2.259035 -1.015241 0.210099 -0.361445 1.391217 41.350000
6.000000 1.679300 0.977513 2.239995 -0.944591 0.223412 -0.359818 1.429995 41.400000
5.314214 1.912351 0.970404 2.219898 -0.873047 0.235888 -0.359038 1.432246 41.450000
5.242596 1.676411 0.965067 2.199031 -0.798872 0.240260 -0.359172 1.521849 41.500000
5.343754 1.983947 0.961424 2.177687 -0.724216 0.243537 -0.359565 1.471997 41.550000
4.846755 1.492153 0.959509 2.155998 -0.647908 0.246758 -0.360427 1.566517 41.600000
5.348805 1.321577 0.959260 2.134165 -0.573693 0.246188 -0.360928 1.423159 41.650000
4.609264 1.310864 0.960706 2.112285 -0.506039 0.253505 -0.360426 1.300912 41.700000
4.738896 0.844894 0.963812 2.090467 -0.442560 0.255767 -0.359424 1.245985 41.750000
3.775571 0.755521 0.968459 2.068857 -0.385971 0.262616 -0.357374 1.044985 41.800000
2.831939 0.918388 0.974482 2.047567 -0.337238 0.264232 -0.354105 0.920340 41.850000
3.445665 0.843878 0.981464 2.026779 -0.291071 0.258472 -0.350415 0.925187 41.900000
2.804464 0.390892 0.989319 2.006549 -0.245605 0.259200 -0.346643 0.896881 41.950000
2.559973 0.864215 0.998035 1.986889 -0.206182 0.257022 -0.341857 0.703276 42.000000
2.884075 1.022513 1.007418 1.967839 -0.168380 0.253659 -0.336891 0.797039 42.050000
2.192154 0.685704 1.017456 1.949425 -0.125551 0.251390 -0.332932 0.902663 42.100000
2.901356 0.576797 1.028023 1.931684 -0.082800 0.243050 -0.328923 0.817299 42.150000
2.831404 0.516000 1.039127 1.914619 -0.044327 0.243763 -0.324198 0.731822 42.200000
2.601774 0.431946 1.050922 1.898218 -0.009587 0.245678 -0.319029 0.665545 42.250000
2.599335 0.007182 1.063333 1.882483 0.021824 0.247061 -0.313499 0.598485 42.300000
3.181105 0.136365 1.076314 1.867409 0.045996 0.251662 -0.306938 0.391323 42.350000
2.340204 0.357271 1.090024 1.852980 0.064077 0.264206 -0.299647 0.337976 42.400000
3.133770 0.203965 1.104390 1.839185 0.082745 0.268389 -0.292842 0.401816 42.450000
3.575807 0.182365 1.119370 1.826031 0.102015 0.279707 -0.286491 0.372405 42.500000
3.428414 -0.054582 1.135228 1.813545 0.119998 0.295342 -0.280287 0.349821 42.550000
2.923322 0.188780 1.152006 1.801732 0.134483 0.310458 -0.273735 0.241240 42.600000
3.783866 -0.028373 1.169536 1.790563 0.147773 0.320852 -0.267290 0.285905 42.650000
4.339639 -0.405366 1.187869 1.780047 0.160257 0.339227 -0.261009 0.220662 42.700000
5.105172 0.021927 1.207316 1.770220 0.166000 0.364492 -0.253437 0.028475 42.750000
4.758165 -0.238764 1.228168 1.761096 0.169548 0.396653 -0.245686 0.106911 42.800000
4.187390 0.140401 1.250457 1.752678 0.173140 0.424329 -0.238276 0.043489 42.850000
4.139860 0.432423 1.273917 1.744910 0.178818 0.444963 -0.231856 0.171575 42.900000
5.111192 0.186596 1.298328 1.737787 0.192745 0.461796 -0.228409 0.365894 42.950000
5.433942 0.477575 1.323818 1.731394 0.211133 0.485636 -0.226770 0.370051 43.000000
6.000000 0.910535 1.350611 1.725821 0.233110 0.510420 -0.226799 0.496274 43.050000
5.860413 0.731564 1.378803 1.721180 0.264723 0.536403 -0.230840 0.741297 43.100000
4.952596 0.465673 1.408345 1.717599 0.303284 0.557587 -0.237948 0.796143 43.150000
4.009278 0.512068 1.438892 1.715074 0.341008 0.569384 -0.244905 0.722898 43.200000
3.550515 0.012846 1.469970 1.713491 0.376779 0.572265 -0.251027 0.710229 43.250000
2.808886 0.256702 1.501242 1.712740 0.406571 0.572583 -0.254518 0.505383 43.300000
3.547492 0.672976 1.532470 1.712682 0.431742 0.567501 -0.255978 0.501791 43.350000
3.416648 0.819534 1.563637 1.713321 0.461497 0.567803 -0.259213 0.669501 43.400000
3.599942 0.964071 1.594795 1.714756 0.498959 0.563959 -0.265402 0.812270 43.450000
3.171857 1.178822 1.625865 1.717036 0.543138 0.559154 -0.273943 0.939583 43.500000
3.449223 1.119198 1.656703 1.720161 0.594193 0.547406 -0.284633 1.084263 43.550000
3.016391 1.108109 1.687186 1.724138 0.649646 0.536222 -0.296219 1.128513 43.600000
2.378840 1.434440 1.717221 1.728946 0.706545 0.520040 -0.307395 1.145344 43.650000
2.541852 1.155276 1.746563 1.734416 0.767558 0.495992 -0.318854 1.276794 43.700000
2.519460 1.250841 1.775075 1.740460 0.829965 0.472925 -0.329352 1.226080 43.750000
1.520741 1.238599 1.802779 1.747074 0.891629 0.450106 -0.338217 1.238155 43.800000
0.982906 1.594046 1.829520 1.754044 0.953461 0.418187 -0.345613 1.234242 43.850000
0.227883 1.517843 1.855100 1.761050 1.018807 0.380315 -0.352209 1.359931 43.900000
0.409283 1.297094 1.879379 1.767791 1.087296 0.334916 -0.357426 1.374863 43.950000
0.906051 0.976168 1.902373 1.774118 1.153610 0.293706 -0.359858 1.287469 44.000000
1.048338 0.636577 1.924267 1.780174 1.213229 0.261913 -0.359155 1.118284 44.050000
0.231313 0.613554 1.945231 1.786129 1.263120 0.237562 -0.355554 0.903419 44.100000
0.000000 1.009415 1.965318 1.791878 1.305058 0.210677 -0.349908 0.786585 44.150000
0.849227 0.718932 1.984531 1.797218 1.347042 0.182998 -0.343655 0.879280 44.200000
1.421628 0.417975 2.002948 1.802297 1.388849 0.164726 -0.336915 0.801306 44.250000
2.376345 -0.008318 2.020686 1.807469 1.424408 0.155696 -0.329294 0.639543 44.300000
3.225332 -0.003056 2.037841 1.813137 1.449301 0.160958 -0.320684 0.384655 44.350000
2.573009 -0.171070 2.054500 1.819767 1.464964 0.178149 -0.311470 0.256048 44.400000
2.329087 0.256243 2.070686 1.827410 1.473978 0.191575 -0.301879 0.118622 44.450000
2.465689 0.704289 2.086395 1.835849 1.482831 0.202394 -0.292698 0.225186 44.500000
2.642740 0.561603 2.101614 1.845007 1.500858 0.210580 -0.285261 0.470009 44.550000
1.783784 0.126035 2.116315 1.854883 1.526266 0.217440 -0.279297 0.538780 44.600000
2.587373 0.310802 2.130476 1.865282 1.549229 0.217178 -0.273211 0.395248 44.650000
2.328276 -0.186876 2.144105 1.876196 1.569033 0.225735 -0.266917 0.396902 44.700000
3.296764 0.234080 2.157213 1.887749 1.583206 0.233736 -0.260027 0.191419 44.750000
3.170033 -0.063492 2.169816 1.900114 1.594616 0.251508 -0.253050 0.258695 44.800000
3.398292 -0.138238 2.181913 1.913455 1.605164 0.267809 -0.246284 0.172356 44.850000
3.306290 -0.001657 2.193514 1.927773 1.611660 0.287019 -0.239088 0.095478 44.900000
3.601033 0.312886 2.204634 1.943076 1.616898 0.305083 -0.231973 0.112777 44.950000
4.430688 0.285505 2.215273 1.959368 1.626496 0.323867 -0.226166 0.257153 45.000000
5.125212 0.744586 2.225392 1.976844 1.641248 0.348116 -0.221938 0.326470 45.050000
4.509895 0.742341 2.234930 1.995786 1.663916 0.375542 -0.220195 0.556085 45.100000
3.811770 1.066286 2.243811 2.016104 1.695023 0.393658 -0.221175 0.675207 45.150000
2.969085 1.128287 2.251993 2.037394 1.734105 0.402072 -0.224680 0.865546 45.200000
2.387548 0.939977 2.259454 2.059206 1.780639 0.399796 -0.230266 0.981438 45.250000
2.705082 1.257909 2.266208 2.081146 1.829165 0.391230 -0.236025 0.962105 45.300000
2.766286 1.287393 2.272251 2.103118 1.880519 0.384651 -0.242113 1.077202 45.350000
2.351894 1.333178 2.277530 2.125153 1.936178 0.377028 -0.248892 1.140796 45.400000
3.235559 1.059998 2.282056 2.147117 1.994516 0.364436 -0.255737 1.186392 45.450000
2.381103 0.838512 2.285771 2.169070 2.051439 0.360544 -0.261625 1.102090 45.500000
2.056725 0.430905 2.288680 2.191003 2.103060 0.350383 -0.265677 0.978689 45.550000
2.562091 0.007606 2.290927 2.212693 2.145872 0.340599 -0.267047 0.760554 45.600000
3.378511 -0.316647 2.292505 2.234233 2.176196 0.340403 -0.265181 0.484173 45.650000
2.596397 -0.467254 2.293257 2.255956 2.192800 0.352804 -0.260120 0.209213 45.700000
1.891214 -0.900181 2.293206 2.277933 2.197429 0.361742 -0.252325 -0.003599 45.750000
2.301202 -0.745493 2.292593 2.299948 2.188901 0.368226 -0.241407 -0.307780 45.800000
3.230715 -0.296779 2.291502 2.322032 2.170733 0.381174 -0.228247 -0.408555 45.850000
3.078664 -0.278297 2.289802 2.344472 2.153956 0.401498 -0.215737 -0.276533 45.900000
3.695123 -0.441344 2.287433 2.367382 2.142276 0.417884 -0.204927 -0.198754 45.950000
2.741312 -0.029054 2.284372 2.390820 2.131604 0.438893 -0.194638 -0.225472 46.000000
3.366475 0.277097 2.280701 2.414697 2.124689 0.449101 -0.185790 -0.067073 46.050000
2.593282 -0.160432 2.276470 2.438890 2.127324 0.462267 -0.180303 0.151668 46.100000
2.718114 0.123321 2.271690 2.463306 2.133155 0.466976 -0.176057 0.087578 46.150000
2.285183 0.143974 2.266453 2.487803 2.139840 0.472483 -0.172275 0.171451 46.200000
2.595545 0.624141 2.260797 2.512296 2.149903 0.472997 -0.169774 0.225439 46.250000
1.797485 0.761008 2.254727 2.536725 2.167494 0.474657 -0.169922 0.454070 46.300000
2.148904 0.385912 2.248276 2.560929 2.195041 0.466494 -0.173354 0.628161 46.350000
1.732995 -0.004503 2.241477 2.584772 2.224661 0.461298 -0.177210 0.564159 46.400000
1.917054 0.238580 2.234350 2.608259 2.247550 0.453967 -0.178600 0.372354 46.450000
1.224570 0.610165 2.226947 2.631393 2.266169 0.449651 -0.178481 0.372246 46.500000
0.501013 0.566760 2.219347 2.654086 2.288997 0.438051 -0.179595 0.523950 46.550000
0.126059 0.558159 2.211754 2.676064 2.316818 0.418933 -0.181940 0.581880 46.600000
0.000000 0.588241 2.204334 2.697145 2.346576 0.396535 -0.184354 0.605168 46.650000
0.248302 0.154840 2.197167 2.717273 2.377438 0.373496 -0.186505 0.626249 46.700000
0.899475 -0.145447 2.190233 2.736516 2.404092 0.354690 -0.187030 0.458202 46.750000
0.030339 0.032925 2.183379 2.755098 2.421122 0.345125 -0.184865 0.245060 46.800000
0.091878 0.221442 2.176647 2.773061 2.432227 0.329403 -0.181202 0.202640 46.850000
0.000000 -0.216343 2.170173 2.790322 2.443830 0.314808 -0.177661 0.255454 46.900000
0.914839 0.112443 2.163952 2.806904 2.452258 0.300751 -0.173428 0.096697 46.950000
0.818292 0.279601 2.157826 2.822981 2.458451 0.296307 -0.168813 0.145859 47.000000
0.000000 0.269224 2.151644 2.838684 2.468389 0.290332 -0.165118 0.241657 47.050000
0.000000 0.203939 2.145572 2.853872 2.481736 0.276284 -0.162165 0.286955 47.100000
0.000000 -0.021040 2.139753 2.868440 2.495946 0.262652 -0.159349 0.281464 47.150000
0.000000 0.243948 2.134179 2.882417 2.507289 0.250224 -0.155976 0.181854 47.200000
0.164532 -0.159708 2.128838 2.895841 2.517906 0.238483 -0.152494 0.236794 47.250000
0.633079 -0.595934 2.123692 2.908758 2.525848 0.229326 -0.148608 0.094538 47.300000
0.452435 -0.164874 2.118607 2.921301 2.523263 0.227002 -0.143109 -0.172734 47.350000
1.170882 -0.496647 2.113525 2.933563 2.515526 0.224044 -0.136980 -0.140282 47.400000
1.586569 -0.593316 2.108343 2.945636 2.505130 0.228289 -0.130627 -0.263343 47.450000
1.290843 -0.250822 2.102857 2.957705 2.489009 0.237118 -0.123493 -0.370392 47.500000
0.619016 -0.010066 2.097065 2.969806 2.472838 0.242710 -0.116521 -0.285543 47.550000
0.701862 0.325901 2.091166 2.981791 2.462568 0.240802 -0.110784 -0.140181 47.600000
0.000000 0.301842 2.085268 2.993553 2.461656 0.238293 -0.106860 0.082422 47.650000
0.000000 0.595225 2.079481 3.004973 2.468896 0.228196 -0.104425 0.195720 47.700000
0.000000 0.750279 2.073922 3.015936 2.483742 0.217442 -0.103228 0.378853 47.750000
0.970564 1.202162 2.068583 3.026433 2.507095 0.205928 -0.103236 0.537578 47.800000
0.608161 1.435911 2.063271 3.036584 2.541285 0.202327 -0.104703 0.799152 47.850000
0.219054 1.020797 2.057875 3.046441 2.587348 0.193691 -0.107642 1.015855 47.900000
0.186646 1.493274 2.052547 3.055885 2.636381 0.181155 -0.110525 0.953362 47.950000
0.042833 1.291238 2.047381 3.064880 2.688413 0.168160 -0.113237 1.107536 48.000000
0.000000 1.357096 2.042420 3.073419 2.743524 0.153670 -0.115697 1.097936 48.050000
0.317499 1.596148 2.037711 3.081508 2.798994 0.139119 -0.117541 1.117950 48.100000
1.097222 1.344562 2.033197 3.089195 2.857720 0.127426 -0.119112 1.217348 48.150000
0.629556 0.873135 2.028639 3.096565 2.917081 0.123209 -0.120353 1.164266 48.200000
0.000000 0.989101 2.023970 3.103651 2.969481 0.115880 -0.120711 0.958633 48.250000
0.075746 1.421405 2.019432 3.110426 3.016020 0.103938 -0.120241 0.908963 48.300000
0.917490 1.078492 2.015146 3.116890 3.065556 0.092702 -0.119612 1.053537 48.350000
1.728241 1.423717 2.010900 3.123074 3.116314 0.089564 -0.118830 0.985558 48.400000
2.614446 1.702000 2.006307 3.128994 -3.114681 0.093898 -0.118199 1.088592 48.450000
3.135541 1.205436 2.001001 3.134614 -3.055904 0.105266 -0.118357 1.241929 48.500000
2.730445 0.725429 1.994700 3.139852 -2.997258 0.121033 -0.119048 1.120718 48.550000
1.810183 0.338180 1.987416 3.144651 -2.947968 0.133900 -0.119454 0.882050 48.600000
1.273472 0.691422 1.979477 3.149035 -2.911281 0.139762 -0.118949 0.617308 48.650000
1.239569 1.150399 1.971219 3.153070 -2.880065 0.141324 -0.118024 0.629900 48.700000
0.748625 1.148781 1.962790 3.156780 -2.843252 0.141645 -0.117721 0.819845 48.750000
0.800753 1.117188 1.954339 3.160190 -2.799737 0.136324 -0.118021 0.909435 48.800000
0.000000 0.989680 1.945982 3.163326 -2.753447 0.131226 -0.118413 0.938385 48.850000
0.000000 0.634925 1.937884 3.166259 -2.707573 0.118936 -0.118466 0.901038 48.900000
0.000000 0.647363 1.930198 3.169078 -2.666968 0.107978 -0.117711 0.742392 48.950000
0.000000 0.932148 1.922889 3.171799 -2.631870 0.098367 -0.116280 0.669933 49.000000
0.795176 0.873994 1.915933 3.174431 -2.596194 0.089102 -0.114700 0.747590 49.050000
0.221844 0.940425 1.909160 3.176887 -2.558426 0.087329 -0.113167 0.761404 49.100000
1.121782 1.413438 1.902525 3.179145 -2.519440 0.080188 -0.111639 0.793910 49.150000
1.788196 1.181510 1.895970 3.181163 -2.474077 0.080793 -0.110446 0.995234 49.200000
1.457663 0.879480 1.889231 3.182718 -2.424244 0.086965 -0.109665 0.997847 49.250000
0.519511 0.972491 1.882275 3.183758 -2.377633 0.090360 -0.108873 0.881457 49.300000
1.015497 0.474126 1.875336 3.184483 -2.334060 0.085410 -0.107894 0.863596 49.350000
0.109555 0.629362 1.868490 3.184960 -2.296664 0.086223 -0.106502 0.657100 49.400000
0.000000 0.617146 1.861785 3.185263 -2.264892 0.079469 -0.104752 0.618169 49.450000
0.031621 0.639108 1.855366 3.185573 -2.234675 0.072250 -0.102819 0.593200 49.500000
0.875938 0.574338 1.849226 3.185902 -2.205130 0.065771 -0.100772 0.588945 49.550000
0.224246 1.052431 1.843231 3.186087 -2.176481 0.067585 -0.098704 0.560308 49.600000
0.459622 1.295537 1.837354 3.186095 -2.143484 0.062774 -0.096879 0.738555 49.650000
0.000000 1.677307 1.831660 3.186018 -2.101440 0.059228 -0.095413 0.920612 49.700000
0.024811 1.480356 1.826184 3.185914 -2.048842 0.050265 -0.094218 1.152666 49.750000
0.972738 1.101507 1.820975 3.185887 -1.990440 0.041224 -0.092915 1.179600 49.800000
0.564879 1.545460 1.815925 3.185730 -1.935253 0.041846 -0.091386 1.045741 49.850000
0.775221 1.298393 1.810983 3.185326 -1.879816 0.038736 -0.089871 1.156836 49.900000
0.000000 1.356487 1.806173 3.184727 -1.823271 0.037678 -0.088354 1.111086 49.950000
