-0.671479 -0.480990 -0.006533 -0.200931 2.221061 0.260735 0.000000 0.062429 0.000000
0.000000 -0.779265 -0.014177 -0.190878 2.217813 0.244562 0.000580 -0.170150 0.050000
0.000000 -1.016608 -0.021412 -0.181312 2.202333 0.235215 0.003206 -0.422818 0.100000
0.000000 -1.267880 -0.028317 -0.172072 2.174831 0.226070 0.007618 -0.651563 0.150000
0.639744 -1.038901 -0.034874 -0.163131 2.136261 0.216930 0.013450 -0.865542 0.200000
0.000000 -1.363996 -0.041154 -0.154347 2.092648 0.213658 0.019690 -0.877678 0.250000
0.000000 -1.115245 -0.047154 -0.145721 2.044996 0.204071 0.026118 -1.011530 0.300000
0.000000 -0.660345 -0.052800 -0.137385 1.995402 0.194373 0.032277 -0.976872 0.350000
0.000000 -0.639513 -0.058114 -0.129341 1.952013 0.184975 0.037050 -0.783007 0.400000
0.221819 -0.216631 -0.063132 -0.121593 1.915676 0.176069 0.040471 -0.682553 0.450000
1.129520 -0.547220 -0.067904 -0.114089 1.887680 0.169901 0.042551 -0.462351 0.500000
0.698057 -0.196136 -0.072539 -0.106571 1.863916 0.172582 0.044012 -0.485685 0.550000
0.316495 0.229619 -0.077075 -0.098937 1.843291 0.171301 0.045046 -0.353619 0.600000
0.227744 0.516063 -0.081473 -0.091371 1.832436 0.167108 0.044827 -0.105625 0.650000
1.035963 0.941035 -0.085734 -0.083972 1.834278 0.163020 0.043091 0.154627 0.700000
1.388689 1.003460 -0.089942 -0.076568 1.850871 0.167416 0.039668 0.475455 0.750000
1.774456 0.516443 -0.094211 -0.068904 1.879964 0.175454 0.034761 0.666529 0.800000
2.289602 0.114065 -0.098627 -0.060835 1.910472 0.186630 0.029649 0.565536 0.850000
3.169147 0.295540 -0.103264 -0.052192 1.932780 0.201665 0.025570 0.350416 0.900000
3.349327 -0.103167 -0.108232 -0.042701 1.949272 0.223988 0.022204 0.313237 0.950000
2.368991 0.312938 -0.113616 -0.032175 1.959794 0.246882 0.019703 0.126466 1.000000
2.883956 0.469603 -0.119328 -0.020831 1.968135 0.259693 0.017526 0.199974 1.050000
2.093638 0.647824 -0.125334 -0.008807 1.981055 0.276855 0.014453 0.306058 1.100000
2.409425 0.346876 -0.131630 0.003795 1.999978 0.286042 0.010160 0.437063 1.150000
3.143106 0.009395 -0.138197 0.016837 2.020311 0.297701 0.005588 0.382373 1.200000
3.933045 -0.433429 -0.145140 0.030512 2.034785 0.315573 0.002248 0.214231 1.250000
4.509538 -0.041013 -0.152587 0.045117 2.037847 0.340004 0.001486 -0.064995 1.300000
3.532756 0.153086 -0.160626 0.060914 2.034873 0.368802 0.002186 -0.054971 1.350000
3.548453 0.149162 -0.169182 0.077776 2.034548 0.387393 0.002192 0.033653 1.400000
3.168781 -0.176487 -0.178152 0.095453 2.037562 0.405394 0.001261 0.082314 1.450000
3.650993 -0.197840 -0.187490 0.113833 2.038626 0.419144 0.000915 -0.029248 1.500000
3.277557 -0.215993 -0.197174 0.132919 2.035182 0.436807 0.001942 -0.101678 1.550000
3.559914 0.086922 -0.207175 0.152716 2.028764 0.450273 0.003910 -0.150420 1.600000
2.800373 0.047333 -0.217458 0.173184 2.024010 0.465811 0.005322 -0.049620 1.650000
1.865594 0.274926 -0.227973 0.194190 2.022609 0.473690 0.005608 -0.010148 1.700000
2.655796 -0.075390 -0.238554 0.215350 2.025382 0.472605 0.004478 0.109766 1.750000
2.324082 0.021662 -0.249209 0.236620 2.028639 0.478894 0.003228 0.028377 1.800000
2.997932 -0.119829 -0.259972 0.258093 2.029943 0.481839 0.002672 0.024232 1.850000
3.124221 -0.487421 -0.270869 0.279836 2.029435 0.490907 0.002763 -0.038702 1.900000
3.388817 -0.638909 -0.281949 0.302016 2.022232 0.500741 0.005232 -0.230782 1.950000
2.521240 -0.761256 -0.293185 0.324725 2.006034 0.512490 0.010921 -0.399937 2.000000
1.885505 -0.549845 -0.304435 0.347844 1.982126 0.515397 0.019321 -0.541559 2.050000
1.081580 -1.041098 -0.315491 0.371057 1.955355 0.511912 0.028470 -0.531283 2.100000
0.218129 -1.110150 -0.326194 0.394057 1.923311 0.500512 0.039074 -0.728450 2.150000
0.126143 -0.763111 -0.336356 0.416497 1.883339 0.480574 0.051726 -0.855845 2.200000
1.041222 -0.448195 -0.345895 0.438179 1.842612 0.459873 0.063621 -0.782987 2.250000
0.884787 -0.381926 -0.354909 0.459298 1.807888 0.448481 0.072699 -0.625284 2.300000
1.328499 -0.757114 -0.363503 0.480031 1.779496 0.436384 0.079182 -0.522456 2.350000
2.087554 -0.640845 -0.371719 0.500454 1.750541 0.428586 0.085420 -0.624503 2.400000
1.184897 -0.741113 -0.379594 0.520847 1.719163 0.427603 0.092092 -0.630419 2.450000
1.517968 -0.689516 -0.387111 0.541170 1.686391 0.417819 0.098835 -0.675537 2.500000
2.420020 -0.783571 -0.394238 0.561288 1.652538 0.411074 0.105472 -0.678604 2.550000
1.971548 -0.511919 -0.400990 0.581488 1.617470 0.412488 0.112177 -0.719791 2.600000
2.103101 -0.141747 -0.407360 0.601859 1.583914 0.409617 0.118183 -0.633031 2.650000
1.220099 -0.633308 -0.413356 0.622324 1.557606 0.409041 0.121821 -0.441124 2.700000
1.266632 -0.546559 -0.419006 0.642711 1.532674 0.400403 0.124863 -0.544671 2.750000
2.219482 -0.715711 -0.424303 0.662822 1.504956 0.391955 0.128432 -0.562117 2.800000
1.948388 -0.967912 -0.429222 0.682888 1.474682 0.392094 0.132516 -0.640155 2.850000
1.354821 -0.984439 -0.433723 0.703048 1.438742 0.388480 0.137999 -0.780971 2.900000
1.638051 -1.119904 -0.437795 0.723067 1.397587 0.378212 0.144535 -0.856178 2.950000
1.132009 -1.215285 -0.441425 0.742853 1.352261 0.369768 0.151684 -0.945783 3.000000
0.560604 -1.151826 -0.444608 0.762328 1.302737 0.355627 0.159304 -1.025054 3.050000
0.127902 -1.555420 -0.447407 0.781233 1.251161 0.335794 0.166562 -1.036374 3.100000
0.000000 -1.768047 -0.449908 0.799343 1.194813 0.311122 0.173850 -1.195815 3.150000
0.000000 -1.857377 -0.452174 0.816526 1.130779 0.283820 0.181469 -1.344335 3.200000
0.000000 -1.579483 -0.454251 0.832753 1.060858 0.255472 0.188684 -1.438351 3.250000
0.736124 -1.096407 -0.456190 0.848046 0.990852 0.227606 0.194263 -1.370866 3.300000
0.637329 -0.910874 -0.457948 0.862606 0.928376 0.209251 0.197322 -1.157275 3.350000
0.707132 -1.286256 -0.459473 0.876624 0.875241 0.193024 0.198167 -0.989685 3.400000
0.937377 -1.120646 -0.460786 0.890144 0.823835 0.178505 0.198176 -1.057195 3.450000
1.833911 -0.885849 -0.461853 0.903230 0.771972 0.166576 0.197755 -1.021550 3.500000
1.664928 -0.570885 -0.462493 0.916085 0.723959 0.164516 0.196634 -0.912810 3.550000
1.806916 -0.487232 -0.462580 0.928836 0.683240 0.162997 0.194637 -0.737382 3.600000
2.165537 -0.166803 -0.462112 0.941495 0.649679 0.164857 0.191881 -0.618975 3.650000
2.116158 -0.107588 -0.460991 0.954143 0.623984 0.172142 0.188381 -0.430144 3.700000
2.873035 0.070359 -0.459158 0.966838 0.605837 0.180722 0.184203 -0.308802 3.750000
2.079930 0.374158 -0.456481 0.979680 0.594201 0.197712 0.179455 -0.171063 3.800000
2.251460 -0.093486 -0.452983 0.992678 0.591232 0.208831 0.173731 0.032717 3.850000
3.193025 -0.415081 -0.448801 1.005768 0.590527 0.221657 0.167900 -0.053034 3.900000
2.778843 -0.648778 -0.443747 1.019075 0.582778 0.241157 0.163452 -0.238997 3.950000
2.937197 -0.453099 -0.437754 1.032610 0.565327 0.253961 0.160958 -0.438231 4.000000
2.697781 -0.618967 -0.430899 1.046273 0.542739 0.266668 0.159649 -0.462902 4.050000
1.734512 -0.846489 -0.423219 1.060009 0.517330 0.276075 0.159113 -0.544569 4.100000
2.362568 -1.330261 -0.414977 1.073627 0.486373 0.274971 0.159759 -0.678251 4.150000
2.056339 -1.242573 -0.406253 1.087031 0.445224 0.277453 0.162415 -0.936198 4.200000
2.109100 -1.574636 -0.397003 1.100180 0.395973 0.275003 0.166562 -1.022773 4.250000
2.913031 -1.505696 -0.387302 1.112990 0.340084 0.271308 0.171755 -1.190508 4.300000
3.576262 -1.465945 -0.376986 1.125462 0.279190 0.273621 0.177708 -1.238971 4.350000
2.657955 -1.452121 -0.365757 1.137629 0.217032 0.281193 0.183918 -1.246844 4.400000
2.717132 -1.033502 -0.353710 1.149408 0.154702 0.279377 0.190070 -1.246614 4.450000
2.018548 -0.996415 -0.341073 1.160708 0.096887 0.278890 0.195047 -1.087745 4.500000
1.526681 -1.147636 -0.328006 1.171502 0.044896 0.273152 0.198583 -1.002959 4.550000
0.562717 -1.339835 -0.314797 1.181766 -0.005813 0.263191 0.201464 -1.022617 4.600000
0.000000 -0.999582 -0.301802 1.191498 -0.059262 0.243722 0.204206 -1.104002 4.650000
0.000000 -0.749846 -0.289384 1.200730 -0.111711 0.219905 0.205861 -1.006024 4.700000
0.585634 -0.501396 -0.277637 1.209524 -0.157928 0.198696 0.205688 -0.860332 4.750000
0.814108 -0.113108 -0.266372 1.217911 -0.196195 0.186011 0.203873 -0.690389 4.800000
0.348936 0.308880 -0.255347 1.225894 -0.223981 0.178939 0.200488 -0.448171 4.850000
0.492708 0.473221 -0.244557 1.233520 -0.238063 0.171646 0.195370 -0.145938 4.900000
1.338960 0.088245 -0.234005 1.240834 -0.238854 0.169531 0.188768 0.092014 4.950000
1.651740 0.259010 -0.223419 1.247809 -0.235065 0.176512 0.181835 0.062372 5.000000
1.318634 0.079100 -0.212535 1.254396 -0.230414 0.186302 0.175006 0.118199 5.050000
0.360178 0.284096 -0.201365 1.260616 -0.225751 0.192581 0.168389 0.072749 5.100000
0.000000 0.196413 -0.190216 1.266552 -0.220403 0.189828 0.161901 0.135402 5.150000
0.000000 -0.085126 -0.179380 1.272286 -0.213663 0.184087 0.155468 0.134649 5.200000
0.774077 -0.142076 -0.168929 1.277842 -0.210185 0.177839 0.149708 0.016178 5.250000
0.814032 0.124173 -0.158688 1.283178 -0.211850 0.177973 0.144807 -0.074079 5.300000
0.970519 0.067493 -0.148475 1.288257 -0.213819 0.178424 0.140112 -0.010566 5.350000
1.187749 0.559102 -0.138241 1.293080 -0.214014 0.180655 0.135355 0.001743 5.400000
1.938341 0.781472 -0.127892 1.297644 -0.207983 0.185937 0.129943 0.218447 5.450000
2.027504 1.073965 -0.117185 1.301933 -0.191247 0.199767 0.123199 0.428767 5.500000
2.725519 0.985751 -0.105914 1.305958 -0.163463 0.215499 0.114874 0.656725 5.550000
3.501321 1.037872 -0.093894 1.309757 -0.128463 0.237841 0.105297 0.734026 5.600000
3.291331 0.798334 -0.080807 1.313359 -0.090137 0.266494 0.094813 0.791990 5.650000
4.170545 1.256764 -0.066567 1.316833 -0.052422 0.291452 0.084090 0.724825 5.700000
4.432906 0.970500 -0.051072 1.320251 -0.011964 0.323309 0.072344 0.875283 5.750000
4.162784 1.292987 -0.034115 1.323716 0.030655 0.355865 0.059568 0.834897 5.800000
3.925300 1.768483 -0.015775 1.327330 0.075485 0.384009 0.045706 0.945111 5.850000
2.926451 1.947546 0.003750 1.331214 0.129466 0.408353 0.028878 1.183639 5.900000
2.477744 1.837712 0.024082 1.335483 0.193681 0.421366 0.008886 1.361557 5.950000
2.617021 1.782103 0.044793 1.340205 0.262876 0.427886 -0.012374 1.402096 6.000000
2.126894 2.154889 0.065725 1.345433 0.333023 0.433424 -0.033502 1.405078 6.050000
2.036016 2.508041 0.086709 1.351188 0.407442 0.431895 -0.055337 1.551802 6.100000
1.108415 2.227222 0.107515 1.357476 0.490617 0.426502 -0.078928 1.747065 6.150000
0.347860 2.038770 0.127827 1.364214 0.577376 0.409644 -0.102107 1.727799 6.200000
0.414180 2.200327 0.147259 1.371158 0.661687 0.384222 -0.122486 1.656586 6.250000
0.000000 2.162948 0.165683 1.378146 0.745480 0.358340 -0.140484 1.690507 6.300000
0.794705 2.185311 0.183055 1.385054 0.830032 0.327571 -0.156352 1.691555 6.350000
0.970184 2.098993 0.199465 1.391886 0.914866 0.303650 -0.170088 1.700512 6.400000
1.793086 2.522011 0.215086 1.398760 0.999086 0.280989 -0.181811 1.672495 6.450000
2.781261 2.709966 0.230056 1.405829 1.086822 0.264685 -0.192650 1.814666 6.500000
2.845315 2.218284 0.244536 1.413417 1.181083 0.255164 -0.203520 1.936298 6.550000
2.843321 2.200802 0.258561 1.421702 1.274131 0.245648 -0.213135 1.806548 6.600000
3.724832 2.030780 0.272085 1.430668 1.362855 0.236652 -0.221062 1.751135 6.650000
2.894725 2.400003 0.285097 1.440486 1.448025 0.236397 -0.227820 1.668725 6.700000
3.181408 1.934717 0.297539 1.451126 1.534417 0.227294 -0.234272 1.770918 6.750000
2.651729 2.256471 0.309321 1.462403 1.619224 0.221023 -0.239753 1.641377 6.800000
2.194565 1.953614 0.320408 1.474222 1.703198 0.209764 -0.244398 1.707113 6.850000
2.049236 1.604383 0.330787 1.486304 1.786075 0.194597 -0.247919 1.620677 6.900000
1.604214 1.784619 0.340480 1.498497 1.862376 0.180590 -0.249573 1.455365 6.950000
0.677379 1.301344 0.349533 1.510675 1.935069 0.164105 -0.249905 1.452064 7.000000
1.429728 1.579032 0.358072 1.522541 2.002380 0.141504 -0.248622 1.265827 7.050000
1.990631 1.569936 0.366129 1.534098 2.066324 0.128055 -0.246203 1.288128 7.100000
1.191923 1.939050 0.373580 1.545625 2.130853 0.120361 -0.243440 1.292076 7.150000
0.228634 1.862555 0.380464 1.557058 2.199418 0.104462 -0.240556 1.430023 7.200000
0.100494 1.382407 0.387039 1.568040 2.271658 0.079323 -0.237003 1.454793 7.250000
0.574817 1.233149 0.393490 1.578406 2.339453 0.055770 -0.232108 1.280756 7.300000
0.000000 0.750808 0.399769 1.588288 2.399681 0.040356 -0.226185 1.146098 7.350000
0.000000 0.621343 0.405893 1.597737 2.449965 0.023688 -0.219558 0.896910 7.400000
0.625381 0.128688 0.411941 1.606730 2.490062 0.011087 -0.212513 0.727263 7.450000
1.083840 -0.202297 0.417771 1.615413 2.518558 0.008432 -0.205412 0.444676 7.500000
1.870797 -0.517026 0.423143 1.623979 2.532979 0.014254 -0.198475 0.161720 7.550000
2.047437 -0.288135 0.427789 1.632627 2.533177 0.031058 -0.191660 -0.125873 7.600000
2.680855 -0.342580 0.431520 1.641509 2.525201 0.050959 -0.184856 -0.186509 7.650000
3.235446 -0.133603 0.434209 1.650744 2.514403 0.076617 -0.178029 -0.239317 7.700000
2.278884 -0.406879 0.435679 1.660495 2.504145 0.106232 -0.171272 -0.176471 7.750000
2.624423 -0.869381 0.436064 1.670694 2.493168 0.125907 -0.164499 -0.254275 7.800000
2.060506 -1.055788 0.435526 1.681268 2.474038 0.149709 -0.156977 -0.485668 7.850000
2.260697 -1.009942 0.434146 1.692222 2.444382 0.169322 -0.148227 -0.678173 7.900000
2.209547 -1.180129 0.432046 1.703546 2.408363 0.190906 -0.138533 -0.753378 7.950000
1.686605 -1.405069 0.429266 1.715295 2.367801 0.211507 -0.127978 -0.856337 8.000000
1.078383 -1.311948 0.425974 1.727407 2.321135 0.226852 -0.116314 -0.993065 8.050000
1.633094 -1.420905 0.422422 1.739721 2.270712 0.235756 -0.104034 -1.020621 8.100000
1.107080 -1.659066 0.418679 1.752245 2.218103 0.248905 -0.091399 -1.076681 8.150000
0.301572 -1.738761 0.414800 1.764994 2.160925 0.256252 -0.077989 -1.195029 8.200000
0.827446 -1.551579 0.411020 1.777720 2.098785 0.255246 -0.064007 -1.279542 8.250000
0.888151 -1.542190 0.407416 1.790370 2.035732 0.258072 -0.050296 -1.247632 8.300000
0.253337 -1.900007 0.403949 1.803049 1.973786 0.260141 -0.037145 -1.232848 8.350000
0.000000 -1.417166 0.400700 1.815616 1.908409 0.255267 -0.023873 -1.364420 8.400000
0.000000 -1.531131 0.397763 1.827863 1.843726 0.247080 -0.011482 -1.240818 8.450000
0.000000 -1.815124 0.395138 1.839713 1.781915 0.238164 -0.000401 -1.233184 8.500000
0.000000 -2.228261 0.392809 1.851156 1.717242 0.228662 0.010375 -1.339335 8.550000
0.000000 -2.601361 0.390777 1.862180 1.644535 0.218390 0.021611 -1.540057 8.600000
0.000000 -2.573640 0.389047 1.872769 1.561221 0.206981 0.033514 -1.759282 8.650000
0.785881 -2.731407 0.387619 1.882900 1.471058 0.194312 0.045278 -1.835475 8.700000
0.336887 -2.284601 0.386492 1.892728 1.376781 0.187746 0.056589 -1.921981 8.750000
0.383596 -1.817322 0.385658 1.902300 1.284353 0.176052 0.066656 -1.795603 8.800000
0.140812 -2.133290 0.385060 1.911511 1.200846 0.164975 0.074541 -1.578235 8.850000
0.000000 -1.847643 0.384641 1.920325 1.121073 0.151651 0.081011 -1.608170 8.900000
0.412971 -2.294291 0.384331 1.928665 1.043344 0.137129 0.086256 -1.514872 8.950000
0.105226 -2.434402 0.384130 1.936602 0.963958 0.126288 0.090776 -1.641403 9.000000
0.609911 -2.743486 0.384026 1.944155 0.878982 0.111832 0.094898 -1.741935 9.050000
1.495805 -3.000000 0.384024 1.951358 0.787550 0.101321 0.098617 -1.891398 9.100000
2.117518 -2.681616 0.384331 1.958428 0.688710 0.097979 0.102289 -2.038055 9.150000
2.949716 -3.000000 0.385203 1.965553 0.588521 0.099871 0.105873 -1.979333 9.200000
3.903407 -3.000000 0.386927 1.972851 0.486887 0.108705 0.109838 -2.070996 9.250000
4.216226 -3.000000 0.389873 1.980395 0.382346 0.125014 0.114820 -2.105299 9.300000
5.026185 -2.751449 0.394307 1.988127 0.276683 0.142640 0.121003 -2.119395 9.350000
4.947134 -2.287222 0.400463 1.995908 0.173055 0.166500 0.128301 -2.039852 9.400000
4.189752 -2.365388 0.408465 2.003555 0.076616 0.188932 0.136130 -1.849535 9.450000
4.025211 -2.592644 0.418057 2.010854 -0.014672 0.203394 0.144254 -1.809104 9.500000
4.967707 -2.861804 0.428944 2.017631 -0.107105 0.214487 0.153111 -1.877873 9.550000
5.807376 -2.551293 0.441198 2.023703 -0.204599 0.231627 0.163410 -2.002411 9.600000
5.895593 -2.124102 0.455083 2.028819 -0.302941 0.254275 0.174858 -1.942346 9.650000
6.000000 -1.785817 0.470649 2.032743 -0.395096 0.276846 0.186303 -1.772373 9.700000
6.000000 -2.124404 0.487777 2.035303 -0.478409 0.300410 0.197042 -1.589670 9.750000
5.437531 -2.217241 0.506325 2.036364 -0.559511 0.322410 0.208308 -1.647136 9.800000
5.745699 -2.591094 0.525974 2.035882 -0.643622 0.336133 0.220916 -1.709076 9.850000
5.587689 -2.797546 0.546449 2.033794 -0.733800 0.348762 0.235373 -1.873428 9.900000
4.762876 -3.000000 0.567519 2.030010 -0.831524 0.355049 0.251820 -2.013882 9.950000
5.541357 -2.685767 0.588764 2.024664 -0.935884 0.348839 0.269348 -2.140059 10.000000
5.617518 -3.000000 0.609936 2.017756 -1.041066 0.347378 0.286154 -2.078621 10.050000
5.890557 -2.980148 0.630944 2.009142 -1.147651 0.343762 0.302544 -2.170061 10.100000
6.000000 -2.637112 0.651586 1.998796 -1.256963 0.339335 0.318704 -2.198305 10.150000
5.037384 -2.200523 0.671675 1.986701 -1.363733 0.334949 0.333313 -2.091370 10.200000
5.433098 -1.750429 0.691003 1.973107 -1.462732 0.323468 0.344962 -1.900110 10.250000
6.000000 -2.238535 0.709443 1.958176 -1.550999 0.319858 0.353197 -1.667438 10.300000
5.912563 -2.318309 0.726907 1.941720 -1.636924 0.321851 0.360602 -1.756330 10.350000
5.042744 -2.179975 0.743245 1.923746 -1.726607 0.320204 0.368609 -1.821082 10.400000
5.675227 -2.222116 0.758347 1.904610 -1.816937 0.309281 0.376055 -1.795831 10.450000
4.927779 -2.623533 0.772113 1.884480 -1.906875 0.304009 0.382634 -1.800871 10.500000
5.740015 -2.168457 0.784474 1.863511 -2.001120 0.288948 0.389251 -1.944972 10.550000
6.000000 -2.344977 0.795333 1.841848 -2.095168 0.281358 0.394796 -1.834523 10.600000
5.832148 -2.219482 0.804505 1.819384 -2.187510 0.276752 0.399416 -1.855665 10.650000
5.733417 -2.618031 0.811912 1.796254 -2.279204 0.270583 0.403379 -1.817868 10.700000
5.070376 -3.000000 0.817536 1.772670 -2.373794 0.261661 0.407281 -1.944761 10.750000
5.997935 -2.963098 0.821489 1.748956 -2.476255 0.242046 0.411494 -2.122622 10.800000
6.000000 -3.000000 0.823728 1.725282 -2.583766 0.228444 0.415174 -2.169036 10.850000
6.000000 -3.000000 0.824087 1.701703 -2.692991 0.213959 0.417913 -2.194546 10.900000
6.000000 -3.000000 0.822581 1.678407 -2.802890 0.199333 0.419515 -2.199513 10.950000
5.693961 -3.000000 0.819236 1.655571 -2.912824 0.185104 0.419933 -2.197173 11.000000
5.096497 -2.685163 0.814162 1.633380 -3.022558 0.168723 0.419110 -2.191803 11.050000
4.907481 -2.621706 0.807609 1.612008 -3.128761 0.149672 0.416514 -2.074703 11.100000
4.408341 -2.239046 0.799782 1.591570 3.052689 0.132597 0.412203 -2.004945 11.150000
5.041687 -2.162399 0.790861 1.572141 2.957257 0.115735 0.406249 -1.838061 11.200000
4.240844 -1.741504 0.780816 1.553810 2.868061 0.109640 0.399241 -1.744018 11.250000
3.341064 -2.044496 0.769705 1.536639 2.786390 0.101253 0.391449 -1.551451 11.300000
4.076176 -2.330294 0.757918 1.520570 2.707903 0.087379 0.383099 -1.582284 11.350000
4.796554 -2.429871 0.745546 1.505631 2.625500 0.079746 0.374691 -1.695786 11.400000
4.461912 -2.751317 0.732381 1.492017 2.538429 0.077679 0.366560 -1.774487 11.450000
5.165833 -2.263477 0.718466 1.479819 2.445520 0.070652 0.358751 -1.918237 11.500000
5.716767 -2.092271 0.703864 1.469147 2.353138 0.071670 0.350963 -1.796522 11.550000
5.668369 -2.025510 0.688470 1.460284 2.266421 0.081388 0.343501 -1.689402 11.600000
6.000000 -2.139769 0.672338 1.453397 2.183806 0.093012 0.336717 -1.625601 11.650000
6.000000 -1.970945 0.655593 1.448597 2.101983 0.108336 0.330926 -1.645181 11.700000
6.000000 -2.107054 0.638381 1.445984 2.021205 0.124129 0.326150 -1.594474 11.750000
5.229568 -2.323985 0.620892 1.445575 1.940548 0.139834 0.322453 -1.627623 11.800000
5.627932 -1.836940 0.603392 1.447189 1.856452 0.146625 0.319889 -1.722019 11.850000
6.000000 -1.674683 0.586096 1.450715 1.774364 0.157995 0.317709 -1.583285 11.900000
6.000000 -1.987906 0.569118 1.456321 1.698441 0.175259 0.315717 -1.471219 11.950000
5.526540 -2.044661 0.552609 1.464058 1.622773 0.192120 0.314716 -1.545448 12.000000
5.452476 -1.753765 0.536755 1.473728 1.543967 0.202634 0.314924 -1.599313 12.050000
5.262819 -1.510547 0.521719 1.485116 1.466405 0.212543 0.315493 -1.516218 12.100000
6.000000 -1.040051 0.507626 1.498090 1.394096 0.222504 0.315771 -1.394478 12.150000
5.351210 -1.518776 0.494610 1.512727 1.330803 0.242783 0.315307 -1.169737 12.200000
6.000000 -1.815446 0.482767 1.528986 1.269804 0.257241 0.315282 -1.258808 12.250000
5.847782 -2.108487 0.472208 1.546734 1.202492 0.274385 0.317155 -1.412887 12.300000
5.467599 -2.162797 0.463083 1.565903 1.126800 0.285551 0.321313 -1.589492 12.350000
4.998116 -2.262900 0.455452 1.586178 1.044650 0.289409 0.327036 -1.682791 12.400000
5.459728 -2.451696 0.449304 1.607201 0.958374 0.286239 0.333416 -1.756865 12.450000
6.000000 -2.032798 0.444705 1.628795 0.867718 0.284711 0.340321 -1.854180 12.500000
5.558248 -1.801038 0.441853 1.650967 0.778268 0.288007 0.346760 -1.742071 12.550000
4.862233 -1.730694 0.440813 1.673591 0.694804 0.289199 0.351880 -1.616224 12.600000
4.568162 -1.835041 0.441422 1.696372 0.616153 0.285674 0.355770 -1.541074 12.650000
4.773257 -1.946974 0.443510 1.719060 0.538872 0.279840 0.358992 -1.548798 12.700000
5.184160 -2.363168 0.447054 1.741529 0.460175 0.275118 0.362094 -1.592392 12.750000
4.298784 -2.365946 0.452151 1.763709 0.375682 0.271171 0.365988 -1.761190 12.800000
5.171469 -2.169965 0.458636 1.785399 0.285746 0.255980 0.370170 -1.825281 12.850000
5.237246 -2.209124 0.466461 1.806462 0.195871 0.249070 0.373471 -1.777022 12.900000
5.655401 -2.574135 0.475798 1.826841 0.107171 0.243279 0.376048 -1.771547 12.950000
5.596487 -2.787135 0.486694 1.846413 0.014869 0.239435 0.378869 -1.899856 13.000000
5.652831 -2.306888 0.499118 1.865025 -0.083694 0.231581 0.382252 -2.022137 13.050000
4.995174 -2.730793 0.512951 1.882523 -0.181116 0.224757 0.384776 -1.895176 13.100000
5.168976 -2.656183 0.527968 1.898816 -0.278843 0.211639 0.386595 -1.996461 13.150000
4.364311 -2.970889 0.543938 1.913823 -0.378902 0.199224 0.387788 -2.003843 13.200000
4.756363 -2.814263 0.560604 1.927525 -0.482306 0.177945 0.388194 -2.112554 13.250000
4.624449 -3.000000 0.577756 1.939904 -0.587343 0.160306 0.387334 -2.091239 13.300000
4.824839 -3.000000 0.595350 1.950888 -0.693469 0.141755 0.385276 -2.143526 13.350000
5.323617 -2.723068 0.613283 1.960430 -0.801072 0.125387 0.382108 -2.157067 13.400000
4.614860 -2.839688 0.631560 1.968374 -0.906150 0.116124 0.377841 -2.061470 13.450000
5.515617 -2.903248 0.650044 1.974713 -1.009344 0.102246 0.372726 -2.064709 13.500000
4.962368 -3.000000 0.668621 1.979377 -1.113200 0.097687 0.367170 -2.085584 13.550000
5.851470 -3.000000 0.687188 1.982288 -1.218638 0.088171 0.361396 -2.124604 13.600000
5.186065 -3.000000 0.705599 1.983371 -1.325233 0.087555 0.355521 -2.136971 13.650000
4.635334 -2.961222 0.723703 1.982598 -1.432184 0.081454 0.349617 -2.140034 13.700000
4.706508 -2.564669 0.741286 1.980274 -1.538769 0.071518 0.343288 -2.125206 13.750000
5.289575 -2.234700 0.758205 1.976535 -1.640762 0.065693 0.336347 -1.978547 13.800000
5.802306 -2.556750 0.774324 1.971235 -1.734704 0.070107 0.329211 -1.806998 13.850000
5.336441 -3.000000 0.789467 1.964154 -1.826564 0.080903 0.322762 -1.859569 13.900000
4.511435 -2.759524 0.803481 1.955399 -1.924736 0.084957 0.317416 -2.038161 13.950000
3.582323 -2.516656 0.816326 1.945407 -2.026060 0.080532 0.312400 -2.017836 14.000000
4.134182 -2.475473 0.828070 1.934648 -2.124191 0.069699 0.306830 -1.922379 14.050000
3.343137 -2.339604 0.838676 1.923260 -2.218815 0.066620 0.300808 -1.870722 14.100000
2.740420 -2.719335 0.848126 1.911350 -2.310344 0.058339 0.294475 -1.801036 14.150000
2.373275 -2.809711 0.856590 1.899229 -2.403526 0.044923 0.287732 -1.908223 14.200000
3.338152 -3.000000 0.864229 1.887115 -2.500957 0.027856 0.280318 -1.976840 14.250000
4.186348 -2.691658 0.870929 1.874974 -2.602428 0.019902 0.272373 -2.066606 14.300000
3.353468 -3.000000 0.876323 1.862651 -2.703518 0.021365 0.264455 -1.989827 14.350000
2.900815 -3.000000 0.880387 1.850241 -2.805359 0.015833 0.256691 -2.070111 14.400000
2.043403 -2.584572 0.883400 1.837959 -2.909675 0.006539 0.248675 -2.097466 14.450000
2.299295 -2.232642 0.885657 1.825947 -3.010524 -0.008061 0.240042 -1.958909 14.500000
1.894773 -2.239660 0.887263 1.814266 -3.103302 -0.015952 0.230972 -1.780529 14.550000
2.753518 -2.054141 0.888223 1.802941 3.092776 -0.024426 0.221770 -1.713868 14.600000
3.737722 -1.852195 0.888416 1.792022 3.009787 -0.022312 0.212761 -1.620168 14.650000
3.651373 -1.883175 0.887415 1.781618 2.931953 -0.008705 0.204588 -1.510231 14.700000
4.400145 -1.612450 0.885047 1.771860 2.857342 0.005272 0.197478 -1.479292 14.750000
4.821931 -1.804856 0.881224 1.762897 2.786570 0.027359 0.191523 -1.368405 14.800000
3.978780 -1.570907 0.875766 1.754926 2.717337 0.053438 0.186964 -1.397597 14.850000
4.373806 -1.912956 0.868875 1.748008 2.649547 0.071433 0.183572 -1.324922 14.900000
4.349984 -1.439271 0.860754 1.742191 2.580450 0.092355 0.181336 -1.425258 14.950000
4.595434 -1.708520 0.851450 1.737593 2.513001 0.112831 0.180049 -1.292301 15.000000
3.724733 -1.480216 0.841036 1.734318 2.447033 0.135242 0.179728 -1.340355 15.050000
4.076718 -1.884196 0.829754 1.732325 2.381833 0.148888 0.180174 -1.277038 15.100000
4.259128 -1.906088 0.817813 1.731578 2.314358 0.164644 0.181563 -1.404399 15.150000
3.871273 -1.572110 0.805265 1.732194 2.242330 0.180179 0.184209 -1.468085 15.200000
4.047618 -1.140727 0.792280 1.734157 2.171685 0.191583 0.187253 -1.372056 15.250000
4.778166 -1.161512 0.778993 1.737450 2.108824 0.205906 0.189724 -1.170943 15.300000
5.536450 -0.967250 0.765380 1.742267 2.052475 0.227942 0.191931 -1.094183 15.350000
4.872624 -0.945871 0.751382 1.748915 2.000767 0.257202 0.194283 -0.989069 15.400000
4.731347 -0.997826 0.737103 1.757398 1.952801 0.279972 0.196803 -0.937165 15.450000
4.491269 -0.698859 0.722731 1.767517 1.905957 0.300660 0.199753 -0.937469 15.500000
4.881196 -0.442869 0.708396 1.779158 1.862299 0.318989 0.202533 -0.823919 15.550000
4.191357 -0.698379 0.694156 1.792330 1.825378 0.341933 0.204265 -0.672120 15.600000
3.703510 -0.647771 0.680078 1.806935 1.790894 0.358154 0.205867 -0.704171 15.650000
4.065206 -0.369048 0.666291 1.822662 1.755753 0.368932 0.207910 -0.702257 15.700000
4.377239 0.030814 0.652852 1.839451 1.723735 0.383437 0.209350 -0.591981 15.750000
5.015300 -0.261387 0.639747 1.857436 1.700132 0.402617 0.208754 -0.376616 15.800000
4.770536 -0.107813 0.626943 1.876821 1.680983 0.428232 0.207264 -0.388899 15.850000
5.745713 0.227226 0.614453 1.897647 1.663037 0.450919 0.205770 -0.335399 15.900000
6.000000 0.109172 0.602276 1.920042 1.650820 0.483371 0.202755 -0.170999 15.950000
6.000000 -0.341024 0.590370 1.944249 1.643275 0.518186 0.198490 -0.135254 16.000000
6.000000 0.112526 0.578743 1.970258 1.631746 0.550547 0.196105 -0.309191 16.050000
6.000000 -0.086111 0.567455 1.997983 1.618833 0.581242 0.194578 -0.217690 16.100000
5.876811 -0.177291 0.556522 2.027359 1.606926 0.610956 0.192975 -0.255608 16.150000
6.000000 0.098189 0.545980 2.058288 1.592443 0.637633 0.192816 -0.318183 16.200000
6.000000 -0.034225 0.535871 2.090700 1.578685 0.664531 0.192582 -0.241026 16.250000
5.159810 -0.036860 0.526203 2.124567 1.566163 0.690626 0.192033 -0.258878 16.300000
5.079176 -0.221698 0.516996 2.159633 1.552849 0.707630 0.192089 -0.272860 16.350000
4.178519 -0.478462 0.508281 2.195627 1.536809 0.722442 0.193692 -0.360305 16.400000
3.819023 -0.475396 0.500113 2.232261 1.514516 0.726550 0.198580 -0.515316 16.450000
3.554378 -0.672040 0.492562 2.269183 1.486496 0.725397 0.206274 -0.597153 16.500000
3.895196 -1.031662 0.485684 2.306203 1.453187 0.719994 0.216362 -0.721736 16.550000
4.501176 -0.834221 0.479567 2.343280 1.411274 0.714841 0.230381 -0.930611 16.600000
5.394133 -1.019553 0.474343 2.380554 1.363998 0.712946 0.246515 -0.958879 16.650000
5.316364 -0.629613 0.470148 2.418292 1.313443 0.717212 0.263807 -1.053525 16.700000
5.088170 -0.915528 0.467096 2.456582 1.263598 0.719690 0.280221 -0.955312 16.750000
4.861656 -1.118743 0.465199 2.495285 1.213755 0.718860 0.296107 -1.030699 16.800000
4.020613 -0.980113 0.464482 2.534192 1.158844 0.712742 0.313898 -1.151679 16.850000
4.917466 -1.474601 0.464905 2.572951 1.101083 0.696513 0.332035 -1.159128 16.900000
5.676991 -1.857058 0.466512 2.611473 1.037540 0.685133 0.351832 -1.356869 16.950000
4.976492 -1.397378 0.469549 2.649914 0.963046 0.674017 0.375729 -1.590717 17.000000
5.591385 -1.736602 0.474064 2.688072 0.885488 0.652884 0.399316 -1.523068 17.050000
4.655918 -1.384759 0.480044 2.725800 0.806407 0.635086 0.421705 -1.625992 17.100000
5.260742 -1.749060 0.487417 2.762905 0.727572 0.607230 0.441864 -1.540359 17.150000
5.621474 -1.374018 0.496099 2.799242 0.647683 0.583445 0.460317 -1.640167 17.200000
6.000000 -1.368797 0.506229 2.834835 0.568493 0.562571 0.476518 -1.542134 17.250000
5.467579 -1.305895 0.517921 2.869706 0.492583 0.546637 0.489807 -1.500396 17.300000
6.000000 -0.980980 0.531109 2.903756 0.418753 0.526565 0.500842 -1.458233 17.350000
5.561820 -0.601599 0.545772 2.936911 0.349863 0.514686 0.508790 -1.317231 17.400000
4.749645 -0.597811 0.561928 2.969158 0.289845 0.504801 0.512685 -1.111166 17.450000
5.122692 -0.791831 0.579315 3.000415 0.236983 0.492556 0.513443 -1.014892 17.500000
4.402651 -0.884251 0.597830 3.030639 0.185427 0.485152 0.513366 -1.042977 17.550000
4.175531 -1.158516 0.617348 3.059766 0.132004 0.470069 0.513513 -1.086727 17.600000
5.161177 -1.242229 0.637591 3.087705 0.074273 0.450459 0.514414 -1.204771 17.650000
5.927694 -1.170696 0.658657 3.114403 0.011801 0.437389 0.516107 -1.282264 17.700000
5.235898 -1.316315 0.680873 3.139804 -0.052411 0.430604 0.517827 -1.285270 17.750000
5.759172 -1.284943 0.704179 3.163843 -0.118203 0.416415 0.519485 -1.337776 17.800000
6.000000 -1.103646 0.728445 3.186444 -0.185292 0.406607 0.520896 -1.344074 17.850000
6.000000 -0.987691 0.753775 3.207518 -0.250557 0.400631 0.521342 -1.275626 17.900000
6.000000 -1.175851 0.780167 3.226998 -0.312209 0.397455 0.520533 -1.200467 17.950000
6.000000 -1.372181 0.807558 3.244828 -0.373313 0.394868 0.519491 -1.238154 18.000000
6.000000 -1.866947 0.835834 3.260949 -0.437767 0.390083 0.519270 -1.327091 18.050000
6.000000 -2.046842 0.864834 3.275304 -0.510433 0.379648 0.520979 -1.546643 18.100000
5.161440 -1.714357 0.894341 3.287845 -0.592123 0.363007 0.524297 -1.696673 18.150000
4.269785 -1.871125 0.924015 3.298651 -0.674999 0.338093 0.526543 -1.626811 18.200000
4.426442 -1.671289 0.953457 3.307959 -0.756963 0.306393 0.526837 -1.645809 18.250000
5.303587 -1.503024 0.982485 3.315885 -0.837098 0.278789 0.524998 -1.568525 18.300000
4.998728 -1.119662 1.011248 3.322248 -0.912647 0.263972 0.521128 -1.466868 18.350000
5.616045 -0.780515 1.039810 3.326920 -0.980559 0.252755 0.515285 -1.275552 18.400000
4.838616 -0.603277 1.068205 3.329787 -1.038263 0.255391 0.507599 -1.061497 18.450000
5.715582 -0.315518 1.096411 3.330832 -1.086670 0.257677 0.498607 -0.895879 18.500000
6.000000 -0.617185 1.124423 3.329991 -1.126136 0.274607 0.488575 -0.706896 18.550000
6.000000 -0.200539 1.152337 3.327003 -1.162423 0.296117 0.478838 -0.741796 18.600000
6.000000 -0.636897 1.180108 3.321836 -1.195457 0.319340 0.469290 -0.597944 18.650000
6.000000 -0.946195 1.207679 3.314513 -1.228423 0.342089 0.460656 -0.709123 18.700000
6.000000 -1.049286 1.234938 3.305111 -1.268966 0.359575 0.454710 -0.891332 18.750000
5.356103 -0.666758 1.261733 3.293730 -1.317165 0.371931 0.451395 -1.020830 18.800000
4.921725 -0.564707 1.287897 3.280597 -1.365728 0.377799 0.448574 -0.933247 18.850000
4.410815 -0.666399 1.313310 3.265981 -1.410143 0.382116 0.444911 -0.853471 18.900000
3.622811 -0.848018 1.337895 3.250123 -1.452888 0.382745 0.441013 -0.855788 18.950000
4.133126 -0.863908 1.361571 3.233362 -1.497670 0.375030 0.437703 -0.925847 19.000000
4.178645 -0.501896 1.384284 3.215814 -1.544988 0.371049 0.434997 -0.961761 19.050000
3.801135 -0.318551 1.406008 3.197385 -1.589506 0.369487 0.431540 -0.834588 19.100000
3.060932 0.175439 1.426743 3.178147 -1.627472 0.368539 0.426446 -0.699920 19.150000
2.101323 0.072596 1.446520 3.158328 -1.655020 0.367036 0.418766 -0.431784 19.200000
2.863940 0.319353 1.465418 3.138257 -1.673887 0.361864 0.409061 -0.332447 19.250000
3.095746 0.240278 1.483481 3.117929 -1.686145 0.367845 0.397987 -0.173798 19.300000
3.645932 0.081385 1.500725 3.097075 -1.693355 0.378601 0.386049 -0.119849 19.350000
4.625623 -0.148426 1.517158 3.075514 -1.700387 0.394239 0.374566 -0.157961 19.400000
4.699603 -0.544634 1.532741 3.052936 -1.711574 0.416368 0.364799 -0.278133 19.450000
4.063765 -0.759096 1.547418 3.029194 -1.731872 0.433965 0.358313 -0.509517 19.500000
4.049354 -1.035776 1.561150 3.004547 -1.763101 0.439807 0.355621 -0.715890 19.550000
3.312323 -1.253882 1.573896 2.979271 -1.804807 0.440280 0.356378 -0.926419 19.600000
2.596315 -1.026899 1.585628 2.953663 -1.856271 0.429048 0.359962 -1.108009 19.650000
2.070427 -1.450977 1.596396 2.928146 -1.911437 0.409551 0.363940 -1.098846 19.700000
1.491078 -1.591264 1.606292 2.903035 -1.970765 0.383592 0.368067 -1.251957 19.750000
1.226347 -1.544673 1.615423 2.878623 -2.036602 0.349690 0.372474 -1.363731 19.800000
0.922622 -1.111913 1.623910 2.855117 -2.105438 0.312818 0.375766 -1.384375 19.850000
1.701336 -1.577672 1.631872 2.832596 -2.170034 0.276565 0.376254 -1.220038 19.900000
2.132210 -1.460118 1.639290 2.810893 -2.233851 0.249388 0.375131 -1.317153 19.950000
1.564826 -1.001106 1.646033 2.789770 -2.299457 0.226502 0.373208 -1.306877 20.000000
1.181642 -0.907506 1.652144 2.769225 -2.359558 0.202256 0.369405 -1.120838 20.050000
0.995769 -0.882382 1.657779 2.749345 -2.412084 0.179531 0.363708 -0.995001 20.100000
0.337455 -0.427689 1.663034 2.730153 -2.459785 0.158752 0.356822 -0.920916 20.150000
0.443568 -0.739564 1.668055 2.711705 -2.499667 0.136872 0.348635 -0.699783 20.200000
1.019666 -0.690391 1.672922 2.693998 -2.535016 0.119383 0.339769 -0.711457 20.250000
1.415955 -0.295649 1.677505 2.676896 -2.570090 0.108463 0.330840 -0.692846 20.300000
0.874704 -0.278173 1.681610 2.660241 -2.599975 0.104360 0.321641 -0.521813 20.350000
1.393752 0.207630 1.685247 2.644009 -2.623420 0.098520 0.312203 -0.426032 20.400000
0.602830 0.575047 1.688398 2.628163 -2.637748 0.101819 0.302421 -0.173298 20.450000
0.000000 0.336876 1.691080 2.612678 -2.638328 0.103366 0.292009 0.122100 20.500000
0.000000 0.082792 1.693542 2.597650 -2.630451 0.102539 0.281350 0.186823 20.550000
0.000000 0.312650 1.695902 2.583118 -2.623058 0.101450 0.271107 0.116147 20.600000
0.000000 -0.032732 1.698169 2.569069 -2.615625 0.100317 0.261228 0.175552 20.650000
0.000000 0.190391 1.700345 2.555486 -2.609938 0.098524 0.251828 0.063122 20.700000
0.631550 -0.288554 1.702445 2.542364 -2.605872 0.096186 0.242878 0.096566 20.750000
0.388046 -0.399215 1.704351 2.529616 -2.606115 0.098366 0.234544 -0.088732 20.800000
0.664707 -0.257394 1.706014 2.517209 -2.614671 0.095608 0.227074 -0.238400 20.850000
0.829454 0.161267 1.707455 2.505148 -2.627173 0.094417 0.220119 -0.259354 20.900000
1.810456 0.609842 1.708589 2.493373 -2.635597 0.096114 0.213129 -0.093982 20.950000
2.094093 0.825513 1.709170 2.481722 -2.632540 0.110195 0.205576 0.188780 21.000000
1.624443 0.654960 1.708929 2.470003 -2.616387 0.129909 0.197128 0.431389 21.050000
0.882220 0.493679 1.707920 2.458196 -2.593294 0.146124 0.188095 0.485960 21.100000
0.056525 0.201582 1.706424 2.446421 -2.570072 0.154576 0.179164 0.447153 21.150000
0.271597 0.692499 1.704782 2.434873 -2.551596 0.153641 0.171002 0.307103 21.200000
0.000000 0.518890 1.703129 2.423631 -2.532632 0.154650 0.163068 0.437685 21.250000
0.000000 0.887772 1.701478 2.412682 -2.510822 0.153506 0.155098 0.435229 21.300000
0.000000 1.062728 1.699879 2.402045 -2.484880 0.153012 0.146966 0.585858 21.350000
0.778981 1.256117 1.698331 2.391690 -2.451490 0.153678 0.138298 0.732696 21.400000
1.507304 0.989339 1.696694 2.381468 -2.410692 0.162487 0.128977 0.881059 21.450000
0.683150 0.975143 1.694728 2.371119 -2.367626 0.177582 0.119357 0.845924 21.500000
0.103369 1.029811 1.692491 2.360655 -2.325947 0.183671 0.109922 0.824129 21.550000
0.000000 0.565783 1.690244 2.350310 -2.284400 0.183596 0.100741 0.836528 21.600000
0.000000 0.939899 1.688106 2.340204 -2.247544 0.181462 0.092517 0.659321 21.650000
0.000000 0.798326 1.686092 2.330369 -2.212770 0.178767 0.084907 0.724227 21.700000
0.808687 1.179018 1.684202 2.320800 -2.177230 0.175907 0.077529 0.700476 21.750000
0.696902 1.431298 1.682333 2.311335 -2.138256 0.180652 0.069938 0.841540 21.800000
1.276805 1.496549 1.680416 2.301824 -2.091494 0.184444 0.061475 1.008011 21.850000
0.963856 1.136850 1.678437 2.292155 -2.038208 0.193417 0.052205 1.110160 21.900000
0.619432 0.724207 1.676408 2.282274 -1.985308 0.198448 0.043046 1.018240 21.950000
0.090620 0.673235 1.674420 2.272339 -1.940090 0.199071 0.035183 0.816272 22.000000
0.560742 0.746877 1.672545 2.262561 -1.902497 0.193991 0.028725 0.701552 22.050000
0.446874 0.880122 1.670780 2.252958 -1.868130 0.193053 0.023012 0.676321 22.100000
0.282425 0.431715 1.669099 2.243454 -1.833146 0.190848 0.017446 0.718261 22.150000
0.000000 0.801468 1.667523 2.234112 -1.801671 0.186883 0.012619 0.559392 22.200000
0.000000 0.964386 1.666064 2.225036 -1.771722 0.180232 0.008275 0.630550 22.250000
0.309764 0.880449 1.664737 2.216283 -1.737366 0.173690 0.003662 0.731867 22.300000
1.242800 0.876629 1.663534 2.207773 -1.700318 0.170067 -0.001002 0.748258 22.350000
0.801333 0.607848 1.662417 2.199215 -1.662712 0.175016 -0.005595 0.755281 22.400000
0.518249 0.253705 1.661383 2.190505 -1.627843 0.175480 -0.009761 0.651880 22.450000
1.279848 0.551698 1.660441 2.181819 -1.600652 0.173244 -0.012809 0.457775 22.500000
1.769750 0.394218 1.659579 2.173048 -1.577118 0.178135 -0.015325 0.481133 22.550000
2.033681 0.578264 1.658800 2.163905 -1.554509 0.187331 -0.017751 0.429037 22.600000
1.184397 0.994423 1.658117 2.154233 -1.531696 0.198543 -0.020292 0.478226 22.650000
0.241796 0.897927 1.657552 2.144195 -1.502362 0.201146 -0.023792 0.672977 22.700000
0.363202 0.817376 1.657110 2.134228 -1.467095 0.194533 -0.027960 0.730927 22.750000
0.669713 0.550201 1.656787 2.124527 -1.430650 0.189059 -0.031997 0.727405 22.800000
1.510567 0.815393 1.656590 2.114988 -1.397309 0.186603 -0.035376 0.619066 22.850000
1.150682 0.445496 1.656560 2.105343 -1.364855 0.191949 -0.038561 0.672938 22.900000
0.613865 0.030954 1.656725 2.095498 -1.334612 0.193732 -0.041409 0.550973 22.950000
0.093527 0.168751 1.657031 2.085660 -1.313475 0.190892 -0.042900 0.319683 23.000000
1.053176 0.423030 1.657397 2.076058 -1.299274 0.183705 -0.043343 0.254985 23.050000
1.744334 0.540094 1.657844 2.066580 -1.284554 0.185670 -0.043814 0.326422 23.100000
1.780802 0.218055 1.658487 2.056859 -1.265838 0.193723 -0.044866 0.413081 23.150000
2.297163 0.560118 1.659385 2.046753 -1.247600 0.201807 -0.045913 0.325837 23.200000
2.955265 0.818539 1.660584 2.036159 -1.228648 0.214300 -0.047175 0.422100 23.250000
2.004405 1.089889 1.662193 2.024853 -1.203200 0.231949 -0.049639 0.578621 23.300000
1.710542 1.489926 1.664220 2.012959 -1.169003 0.239357 -0.053712 0.767238 23.350000
1.813637 1.418623 1.666598 2.000806 -1.123633 0.242657 -0.059698 1.016444 23.400000
2.368626 1.031014 1.669352 1.988494 -1.070338 0.245702 -0.066956 1.104145 23.450000
2.975385 0.586299 1.672581 1.975936 -1.018216 0.253381 -0.073951 0.995422 23.500000
3.556899 0.589356 1.676433 1.962935 -0.974708 0.266847 -0.079492 0.773139 23.550000
3.084876 0.976873 1.681062 1.949292 -0.938942 0.285751 -0.083829 0.670279 23.600000
2.438979 0.960010 1.686486 1.935039 -0.902446 0.299224 -0.088601 0.777238 23.650000
2.857825 0.513886 1.692562 1.920459 -0.862287 0.305459 -0.094248 0.823842 23.700000
2.989581 0.062788 1.699270 1.905648 -0.825397 0.315478 -0.099196 0.670629 23.750000
2.208184 -0.240802 1.706686 1.890527 -0.799008 0.327563 -0.101850 0.414169 23.800000
1.919892 -0.508956 1.714677 1.875193 -0.785432 0.333635 -0.101568 0.155601 23.850000
2.499984 -0.908824 1.723035 1.859784 -0.784673 0.338554 -0.098281 -0.101016 23.900000
2.525105 -1.268591 1.731770 1.844198 -0.798296 0.350512 -0.091571 -0.412089 23.950000
2.987294 -1.713434 1.740919 1.828262 -0.827522 0.363887 -0.080994 -0.722020 24.000000
3.979741 -1.969165 1.750467 1.811819 -0.872854 0.382117 -0.066158 -1.050589 24.050000
4.520080 -1.987737 1.760501 1.794531 -0.932473 0.408883 -0.047067 -1.301106 24.100000
5.289002 -2.074877 1.771057 1.776062 -1.000912 0.438350 -0.024773 -1.420905 24.150000
4.293015 -2.050666 1.782084 1.756131 -1.074470 0.471675 -0.000040 -1.510335 24.200000
4.190788 -2.501280 1.793326 1.734798 -1.150975 0.491813 0.026259 -1.546803 24.250000
4.882366 -2.672973 1.804444 1.712326 -1.233720 0.506998 0.054871 -1.736691 24.300000
5.872672 -2.638427 1.815240 1.688636 -1.324739 0.523821 0.086496 -1.883871 24.350000
4.961449 -2.314834 1.825557 1.663441 -1.420481 0.544477 0.120049 -1.940338 24.400000
5.931705 -2.057848 1.835160 1.636861 -1.515077 0.551740 0.152926 -1.860016 24.450000
5.405093 -2.015423 1.843861 1.609022 -1.604838 0.564761 0.183418 -1.751167 24.500000
5.519633 -2.330510 1.851526 1.579967 -1.691042 0.569727 0.211994 -1.707046 24.550000
4.737648 -2.169191 1.858020 1.549949 -1.779474 0.571531 0.240708 -1.816171 24.600000
5.272544 -2.665250 1.863238 1.519307 -1.870060 0.561856 0.269017 -1.810629 24.650000
6.000000 -2.856638 1.867092 1.488278 -1.965896 0.552035 0.297812 -1.995252 24.700000
5.831278 -2.745869 1.869375 1.456825 -2.069807 0.542129 0.328065 -2.139414 24.750000
6.000000 -2.941480 1.869954 1.425097 -2.177334 0.525190 0.357603 -2.159960 24.800000
5.034516 -3.000000 1.868791 1.393340 -2.287669 0.504913 0.385700 -2.240740 24.850000
4.937588 -3.000000 1.866018 1.361936 -2.401172 0.470753 0.411739 -2.290481 24.900000
4.258709 -3.000000 1.861859 1.331254 -2.516144 0.432508 0.434378 -2.304789 24.950000
4.650738 -2.882858 1.856547 1.301523 -2.631382 0.386152 0.452804 -2.302687 25.000000
5.486352 -3.000000 1.850222 1.272850 -2.745095 0.343745 0.466517 -2.252027 25.050000
5.505007 -3.000000 1.842698 1.245164 -2.858155 0.309386 0.476482 -2.265643 25.100000
6.000000 -3.000000 1.833864 1.218482 -2.971360 0.275179 0.483350 -2.260756 25.150000
6.000000 -2.961245 1.823676 1.192881 -3.084133 0.246370 0.487348 -2.249696 25.200000
6.000000 -2.664627 1.812092 1.168450 3.087277 0.218932 0.488773 -2.223476 25.250000
5.313964 -2.684081 1.799177 1.145297 2.979587 0.195253 0.487493 -2.102640 25.300000
5.147282 -3.000000 1.785135 1.123490 2.875707 0.168976 0.483862 -2.057680 25.350000
5.341966 -2.916828 1.770227 1.103061 2.770272 0.141774 0.478573 -2.142728 25.400000
4.394413 -2.552442 1.754546 1.084074 2.663316 0.117316 0.471664 -2.134604 25.450000
5.202887 -2.723738 1.738311 1.066502 2.560614 0.088825 0.462659 -1.994374 25.500000
6.000000 -2.952829 1.721584 1.050397 2.460795 0.072072 0.452183 -1.996472 25.550000
5.737377 -2.803175 1.704148 1.036039 2.358699 0.063429 0.441308 -2.073636 25.600000
6.000000 -2.605818 1.686053 1.023567 2.255819 0.053728 0.430173 -2.045403 25.650000
6.000000 -2.755814 1.667442 1.013057 2.155933 0.050122 0.418836 -1.963255 25.700000
6.000000 -3.000000 1.648425 1.004630 2.057123 0.048771 0.407711 -1.985322 25.750000
5.387601 -3.000000 1.629184 0.998317 1.955127 0.047195 0.397003 -2.078691 25.800000
4.653823 -3.000000 1.609966 0.993984 1.850250 0.039923 0.386433 -2.110435 25.850000
4.839584 -2.985406 1.591031 0.991326 1.744466 0.027158 0.375509 -2.118598 25.900000
4.990926 -2.893308 1.572543 0.990210 1.638671 0.018189 0.364156 -2.113416 25.950000
5.570139 -2.833818 1.554619 0.990701 1.534041 0.013165 0.352666 -2.077489 26.000000
6.000000 -3.000000 1.537407 0.992947 1.431161 0.016144 0.341495 -2.043543 26.050000
6.000000 -2.830102 1.521103 0.997125 1.327609 0.024201 0.331152 -2.091028 26.100000
5.606021 -2.646169 1.505915 1.003233 1.224261 0.033428 0.321795 -2.050252 26.150000
6.000000 -2.882271 1.492000 1.011074 1.124028 0.041232 0.313310 -1.972381 26.200000
6.000000 -2.443818 1.479533 1.020523 1.023759 0.053471 0.305867 -2.029538 26.250000
6.000000 -2.673278 1.468711 1.031498 0.926136 0.067273 0.299474 -1.897685 26.300000
6.000000 -2.265648 1.459682 1.043835 0.830232 0.082012 0.294236 -1.933415 26.350000
5.165442 -2.642776 1.452566 1.057340 0.737334 0.097996 0.290015 -1.804050 26.400000
4.883059 -2.829087 1.447315 1.071695 0.644571 0.106134 0.286762 -1.892655 26.450000
4.483848 -2.806209 1.443775 1.086536 0.547026 0.109843 0.284383 -1.992867 26.500000
4.434787 -2.699744 1.441827 1.101592 0.446547 0.108862 0.282399 -2.021449 26.550000
4.443906 -2.705002 1.441389 1.116655 0.346276 0.107814 0.280390 -1.993887 26.600000
4.537848 -2.503839 1.442452 1.131580 0.246827 0.107475 0.278341 -1.985427 26.650000
4.940172 -2.413267 1.445028 1.146231 0.149722 0.109184 0.276225 -1.910972 26.700000
4.068187 -2.779152 1.449214 1.160487 0.055900 0.116062 0.274221 -1.851766 26.750000
4.985796 -2.464112 1.454856 1.174200 -0.039848 0.114086 0.272626 -1.960389 26.800000
5.375600 -2.706843 1.461894 1.187219 -0.135785 0.120840 0.271248 -1.889010 26.850000
4.878961 -3.000000 1.470558 1.199373 -0.232013 0.130988 0.270542 -1.950570 26.900000
5.125409 -2.670643 1.480701 1.210513 -0.333251 0.134325 0.270803 -2.077929 26.950000
4.757328 -2.691116 1.492122 1.220505 -0.435127 0.139533 0.271400 -2.008888 27.000000
4.539065 -2.687288 1.504672 1.229240 -0.535070 0.141744 0.272057 -1.991810 27.050000
4.494488 -2.221864 1.518099 1.236678 -0.634447 0.141961 0.272721 -1.984497 27.100000
3.758974 -2.311210 1.532227 1.242771 -0.728787 0.143560 0.272894 -1.816359 27.150000
4.055905 -2.663297 1.546821 1.247573 -0.818694 0.139906 0.272559 -1.784746 27.200000
4.253632 -2.486394 1.561697 1.251117 -0.911237 0.138213 0.272343 -1.898633 27.250000
3.316142 -2.002628 1.576797 1.253296 -1.005567 0.137786 0.272225 -1.877903 27.300000
3.194792 -1.805743 1.591920 1.254240 -1.094184 0.130830 0.271300 -1.695176 27.350000
3.542632 -2.040622 1.606878 1.254135 -1.174792 0.126116 0.269310 -1.550810 27.400000
3.436657 -1.969540 1.621639 1.252918 -1.253143 0.125865 0.267063 -1.578918 27.450000
3.350764 -1.513101 1.636144 1.250550 -1.331653 0.124817 0.264867 -1.563689 27.500000
3.161480 -1.127891 1.650303 1.247084 -1.404807 0.125178 0.262239 -1.388130 27.550000
4.115650 -1.562013 1.664054 1.242575 -1.467980 0.127581 0.258874 -1.169312 27.600000
3.265834 -1.564605 1.677363 1.236835 -1.528476 0.139967 0.255735 -1.241193 27.650000
4.213815 -1.962069 1.690161 1.229892 -1.591478 0.143349 0.253292 -1.274371 27.700000
4.923748 -1.739754 1.702356 1.221781 -1.659898 0.153725 0.251834 -1.439278 27.750000
5.791333 -1.823559 1.713822 1.212202 -1.731502 0.169304 0.251409 -1.427355 27.800000
6.000000 -2.038396 1.724385 1.200880 -1.803703 0.192132 0.252064 -1.457381 27.850000
6.000000 -1.552721 1.733850 1.187692 -1.879311 0.214705 0.254370 -1.553808 27.900000
5.084447 -1.537838 1.742054 1.172745 -1.953071 0.236768 0.257461 -1.417723 27.950000
4.734133 -1.655535 1.748952 1.156359 -2.022279 0.250748 0.260612 -1.359756 28.000000
4.688562 -1.633033 1.754575 1.138926 -2.090902 0.260823 0.264148 -1.382543 28.050000
3.823178 -1.167435 1.758897 1.120648 -2.160119 0.269518 0.268128 -1.386235 28.100000
3.259941 -0.741800 1.761986 1.101811 -2.224515 0.271261 0.271276 -1.213997 28.150000
3.369328 -1.132441 1.764010 1.082724 -2.278478 0.271357 0.272335 -0.976099 28.200000
3.305669 -0.771222 1.765020 1.063479 -2.328536 0.273851 0.272673 -1.020627 28.250000
4.305005 -0.885050 1.765004 1.044116 -2.376184 0.276537 0.272604 -0.900766 28.300000
4.850576 -0.694632 1.763794 1.024516 -2.420949 0.289473 0.272232 -0.891589 28.350000
4.419050 -0.627702 1.761119 1.004499 -2.463370 0.307850 0.271867 -0.815616 28.400000
4.659795 -0.441996 1.756959 0.984117 -2.502473 0.322742 0.271274 -0.756415 28.450000
3.667152 -0.882022 1.751352 0.963458 -2.537494 0.340818 0.270191 -0.657052 28.500000
3.569094 -0.857729 1.744456 0.942679 -2.573977 0.348460 0.269850 -0.787085 28.550000
3.802452 -1.143875 1.736504 0.922010 -2.614843 0.353273 0.270770 -0.841209 28.600000
4.777298 -1.445608 1.727490 0.901516 -2.660820 0.358092 0.273102 -0.980596 28.650000
4.405508 -1.355725 1.717193 0.881175 -2.715014 0.368493 0.277740 -1.163741 28.700000
3.740474 -1.014780 1.705528 0.861066 -2.774593 0.372589 0.283897 -1.213285 28.750000
4.076836 -1.330970 1.692756 0.841385 -2.832217 0.370640 0.289347 -1.106393 28.800000
4.520163 -1.451343 1.678968 0.822219 -2.889669 0.371542 0.294557 -1.181880 28.850000
4.844645 -1.926539 1.664034 0.803607 -2.951051 0.374501 0.300709 -1.262839 28.900000
4.404855 -1.863673 1.647846 0.785634 -3.020347 0.376497 0.308888 -1.478718 28.950000
5.247842 -1.666277 1.630532 0.768449 -3.096213 0.370715 0.318410 -1.546221 29.000000
4.435188 -1.870309 1.612083 0.752169 3.110926 0.371960 0.327509 -1.502779 29.050000
4.695695 -1.977344 1.592571 0.736881 3.034088 0.364331 0.336329 -1.562058 29.100000
5.010524 -1.500380 1.572225 0.722675 2.954156 0.357080 0.345225 -1.625727 29.150000
6.000000 -1.606710 1.551006 0.709653 2.877165 0.353546 0.352725 -1.476433 29.200000
6.000000 -1.659713 1.528684 0.697957 2.803907 0.360414 0.359120 -1.457546 29.250000
5.599857 -1.758714 1.505148 0.687743 2.730610 0.366349 0.365636 -1.472921 29.300000
4.990728 -1.374933 1.480629 0.679064 2.655668 0.366847 0.372520 -1.518514 29.350000
4.650442 -1.756234 1.455472 0.671885 2.583266 0.362316 0.378365 -1.395601 29.400000
5.418345 -2.215832 1.429957 0.666135 2.510873 0.354261 0.383700 -1.486604 29.450000
5.983587 -2.067270 1.404149 0.661905 2.430615 0.348945 0.390491 -1.692616 29.500000
5.888536 -2.219387 1.377998 0.659415 2.345195 0.345561 0.398041 -1.720145 29.550000
5.668195 -2.417076 1.351609 0.658763 2.257275 0.339195 0.405639 -1.786274 29.600000
4.858180 -2.554640 1.325222 0.659898 2.165185 0.327811 0.413401 -1.881688 29.650000
4.534659 -2.176666 1.299164 0.662600 2.068706 0.305933 0.420775 -1.962957 29.700000
5.298036 -2.077701 1.273706 0.666605 1.973719 0.281951 0.425970 -1.852796 29.750000
4.558410 -1.659140 1.248875 0.671998 1.883423 0.268203 0.428787 -1.771091 29.800000
3.873941 -1.683466 1.224729 0.678775 1.800260 0.252068 0.429206 -1.583049 29.850000
4.229742 -1.339993 1.201392 0.686626 1.723124 0.233766 0.427563 -1.511569 29.900000
4.166862 -1.235879 1.178915 0.695481 1.652154 0.223298 0.424177 -1.349709 29.950000
4.193341 -1.280065 1.157312 0.705424 1.587804 0.216820 0.419454 -1.239070 30.000000
4.606370 -1.735103 1.136621 0.716447 1.526783 0.213149 0.414169 -1.205873 30.050000
4.923108 -1.269082 1.116901 0.728611 1.462018 0.211779 0.409555 -1.362479 30.100000
3.974826 -1.232426 1.098240 0.742000 1.397026 0.213678 0.405120 -1.252614 30.150000
4.718363 -1.386863 1.080671 0.756431 1.336157 0.209352 0.400174 -1.190205 30.200000
4.010983 -0.978874 1.064243 0.771817 1.275767 0.212760 0.395325 -1.221189 30.250000
4.032704 -0.729713 1.049000 0.788111 1.218762 0.211673 0.390169 -1.078041 30.300000
3.318130 -0.281048 1.034930 0.805146 1.169415 0.215272 0.384083 -0.916726 30.350000
3.210539 -0.519051 1.021995 0.822789 1.130667 0.217996 0.376685 -0.663836 30.400000
3.555660 -0.491146 1.010130 0.840898 1.098245 0.223204 0.368689 -0.636273 30.450000
2.643207 -0.739223 0.999364 0.859508 1.067111 0.232396 0.360936 -0.612176 30.500000
1.812154 -1.059495 0.989630 0.878467 1.034044 0.232132 0.353886 -0.699921 30.550000
2.095209 -1.413909 0.980717 0.897364 0.994333 0.221296 0.348029 -0.867127 30.600000
1.553569 -1.059248 0.972544 0.916023 0.944945 0.209260 0.343544 -1.079995 30.650000
2.283595 -1.301757 0.965052 0.934339 0.892205 0.191410 0.339156 -1.034313 30.700000
1.512158 -1.488584 0.958261 0.952344 0.838518 0.180920 0.334525 -1.103236 30.750000
1.162511 -1.428035 0.952141 0.970013 0.780548 0.162073 0.330017 -1.201013 30.800000
0.981441 -1.590896 0.946487 0.987141 0.720067 0.139958 0.325090 -1.214863 30.850000
1.574206 -1.651089 0.941184 1.003660 0.657530 0.116537 0.319545 -1.276547 30.900000
1.590980 -1.373025 0.936285 1.019646 0.592425 0.098907 0.313480 -1.320352 30.950000
2.059231 -0.977514 0.931888 1.035198 0.528970 0.083360 0.306748 -1.229487 31.000000
1.734791 -1.419469 0.928107 1.050400 0.472980 0.076422 0.299318 -1.035604 31.050000
2.029187 -1.371351 0.924988 1.065289 0.418871 0.068049 0.291763 -1.117363 31.100000
2.921447 -1.859526 0.922514 1.079845 0.362541 0.062411 0.284305 -1.133326 31.150000
2.740242 -2.260098 0.920925 1.094143 0.300401 0.063623 0.277299 -1.325655 31.200000
3.432956 -1.906601 0.920324 1.108177 0.227513 0.059678 0.270951 -1.555961 31.250000
3.072924 -2.027790 0.920777 1.121899 0.150787 0.061543 0.264918 -1.518659 31.300000
3.364839 -1.611384 0.922337 1.135256 0.074005 0.060583 0.259131 -1.548117 31.350000
4.006421 -1.471522 0.924969 1.148171 0.000682 0.064170 0.253450 -1.405769 31.400000
4.368147 -1.394855 0.928884 1.160578 -0.066445 0.076235 0.248072 -1.295457 31.450000
3.440868 -1.715624 0.934295 1.172380 -0.129107 0.093151 0.243311 -1.221921 31.500000
3.477868 -1.716780 0.941014 1.183508 -0.192811 0.100836 0.239354 -1.313723 31.550000
3.547273 -1.713897 0.948763 1.193916 -0.259649 0.107877 0.236097 -1.354269 31.600000
3.497244 -1.454056 0.957495 1.203531 -0.327842 0.115134 0.233401 -1.371298 31.650000
3.710940 -1.569441 0.967148 1.212289 -0.393846 0.122575 0.230961 -1.281769 31.700000
3.130508 -1.605758 0.977701 1.220117 -0.458119 0.132458 0.228866 -1.288574 31.750000
4.044009 -1.119252 0.989002 1.227003 -0.523046 0.136531 0.227226 -1.306154 31.800000
4.247847 -1.485803 1.001047 1.232858 -0.583343 0.150500 0.225569 -1.130407 31.850000
4.321522 -1.500578 1.013997 1.237498 -0.641714 0.166527 0.224424 -1.196126 31.900000
3.365295 -1.319440 1.027794 1.240844 -0.702555 0.181925 0.224276 -1.233056 31.950000
3.637544 -1.351404 1.042170 1.242995 -0.762745 0.188040 0.224503 -1.181849 32.000000
4.079821 -1.819178 1.056921 1.244032 -0.821578 0.196837 0.224860 -1.173046 32.050000
3.915481 -2.060455 1.072072 1.243818 -0.885222 0.207861 0.226335 -1.348747 32.100000
4.648368 -1.628578 1.087525 1.242302 -0.957404 0.214103 0.229431 -1.514733 32.150000
4.300179 -1.566976 1.103213 1.239373 -1.030543 0.226288 0.233016 -1.424685 32.200000
3.955429 -2.033124 1.119066 1.234950 -1.100109 0.235552 0.236450 -1.366811 32.250000
3.662272 -1.720418 1.134888 1.229183 -1.172784 0.239889 0.240649 -1.518438 32.300000
4.057990 -1.622476 1.150485 1.222236 -1.247188 0.240341 0.245098 -1.465716 32.350000
3.324847 -2.066882 1.165769 1.214108 -1.318836 0.244951 0.249049 -1.408862 32.400000
3.921371 -2.038830 1.180633 1.204907 -1.393365 0.241188 0.253399 -1.551307 32.450000
2.963519 -2.192475 1.194959 1.194721 -1.472298 0.241126 0.258245 -1.599067 32.500000
2.307529 -2.599420 1.208654 1.183698 -1.554418 0.230522 0.263153 -1.673988 32.550000
1.899491 -2.528762 1.221631 1.172283 -1.643183 0.211299 0.268064 -1.848384 32.600000
2.854381 -2.897178 1.233869 1.160799 -1.736705 0.186755 0.272081 -1.885483 32.650000
3.789712 -2.765591 1.245341 1.149169 -1.835110 0.169771 0.275204 -2.026749 32.700000
3.436616 -3.000000 1.255925 1.137035 -1.936543 0.160633 0.277651 -2.029672 32.750000
2.499264 -3.000000 1.265537 1.124348 -2.040419 0.147348 0.279474 -2.111048 32.800000
1.891486 -3.000000 1.274275 1.111468 -2.146743 0.124755 0.280131 -2.136454 32.850000
1.844870 -3.000000 1.282323 1.098754 -2.253718 0.097168 0.278910 -2.140409 32.900000
2.043533 -3.000000 1.289796 1.086334 -2.360656 0.070532 0.275663 -2.136394 32.950000
2.913016 -2.717616 1.296691 1.074173 -2.467320 0.047452 0.270624 -2.130056 33.000000
2.981026 -2.459801 1.302819 1.062107 -2.570786 0.035306 0.264327 -2.025515 33.050000
3.311237 -2.155053 1.307976 1.050028 -2.668256 0.027295 0.257374 -1.894355 33.100000
2.808887 -1.918200 1.312038 1.037938 -2.758365 0.026116 0.250206 -1.735152 33.150000
2.213579 -2.225871 1.315007 1.025910 -2.840853 0.023728 0.243044 -1.586939 33.200000
3.171561 -2.469520 1.317105 1.014079 -2.921737 0.017213 0.235861 -1.640020 33.250000
2.752875 -2.715933 1.318259 1.002488 -3.006890 0.019283 0.228865 -1.749266 33.300000
1.868046 -3.000000 1.318380 0.991181 -3.098140 0.016311 0.222163 -1.879795 33.350000
2.496315 -2.853665 1.317817 0.980246 3.086725 0.003967 0.215241 -2.028143 33.400000
2.585914 -3.000000 1.316662 0.969731 2.985281 -0.002019 0.207914 -2.029205 33.450000
3.037354 -3.000000 1.314768 0.959699 2.882324 -0.006352 0.200470 -2.080329 33.500000
3.260100 -2.538214 1.312048 0.950244 2.777779 -0.005718 0.193142 -2.098458 33.550000
2.777984 -2.642759 1.308396 0.941497 2.677396 -0.000961 0.186268 -1.942834 33.600000
2.976799 -2.366192 1.303915 0.933521 2.580824 0.000979 0.179883 -1.923300 33.650000
2.964443 -2.624848 1.298727 0.926364 2.487726 0.006333 0.173957 -1.817749 33.700000
3.832479 -2.166074 1.292861 0.920117 2.395287 0.012234 0.168620 -1.871397 33.750000
3.866634 -2.206379 1.286264 0.914978 2.305879 0.027286 0.164099 -1.728056 33.800000
4.289425 -1.822908 1.278897 0.911164 2.220609 0.043484 0.160638 -1.689205 33.850000
3.862809 -2.187814 1.270829 0.908819 2.140579 0.064474 0.158214 -1.535829 33.900000
4.554471 -2.087060 1.262201 0.907981 2.061644 0.081140 0.156915 -1.610759 33.950000
4.410084 -1.919908 1.253143 0.908726 1.981261 0.103372 0.156845 -1.605946 34.000000
4.952244 -2.137740 1.243765 0.911170 1.902729 0.123761 0.157841 -1.545090 34.050000
5.517518 -1.926934 1.234206 0.915397 1.823810 0.148154 0.160111 -1.603623 34.100000
6.000000 -1.657888 1.224589 0.921623 1.745107 0.176598 0.163749 -1.553060 34.150000
5.586410 -1.549723 1.215066 0.930044 1.670801 0.208978 0.168352 -1.437383 34.200000
5.765819 -1.254438 1.205823 0.940615 1.601350 0.236886 0.173625 -1.353760 34.250000
4.900820 -1.058394 1.197037 0.953209 1.537738 0.266263 0.179076 -1.211738 34.300000
3.905385 -1.484312 1.188836 0.967591 1.480927 0.287672 0.184147 -1.079484 34.350000
4.316483 -1.262017 1.181288 0.983252 1.423898 0.298529 0.189768 -1.187770 34.400000
4.266635 -1.446859 1.174475 0.999969 1.365502 0.311965 0.195970 -1.153560 34.450000
4.859038 -1.035795 1.168486 1.017747 1.306168 0.323643 0.202701 -1.212591 34.500000
5.321662 -1.015027 1.163435 1.036616 1.249181 0.340484 0.209223 -1.085108 34.550000
5.331703 -0.676348 1.159455 1.056738 1.196657 0.361750 0.215183 -1.024978 34.600000
4.642806 -1.010704 1.156644 1.078129 1.149786 0.383536 0.220225 -0.870725 34.650000
4.655226 -1.227024 1.154978 1.100563 1.104470 0.398202 0.225295 -0.934799 34.700000
4.638351 -0.740017 1.154443 1.123788 1.054422 0.410573 0.231994 -1.052848 34.750000
5.592002 -0.694634 1.155084 1.147689 1.005510 0.422206 0.238519 -0.921586 34.800000
4.902470 -0.850525 1.157045 1.172384 0.961531 0.443436 0.243874 -0.848131 34.850000
4.928540 -0.493822 1.160376 1.197843 0.918250 0.457318 0.249380 -0.880219 34.900000
4.793432 -0.171536 1.165007 1.223844 0.877666 0.471496 0.254213 -0.759074 34.950000
5.676724 0.194994 1.170924 1.250325 0.844855 0.486329 0.256636 -0.575795 35.000000
5.562304 -0.219842 1.178229 1.277412 0.822675 0.512399 0.255656 -0.338496 35.050000
4.780560 -0.145774 1.187014 1.305240 0.804327 0.537699 0.253727 -0.390857 35.100000
3.983695 -0.286280 1.197113 1.333588 0.784787 0.554340 0.252595 -0.391357 35.150000
4.094863 -0.477380 1.208249 1.362134 0.763557 0.562345 0.252353 -0.451644 35.200000
4.330045 -0.646823 1.220304 1.390697 0.737902 0.569517 0.254023 -0.562677 35.250000
4.659592 -1.134844 1.233340 1.419246 0.706240 0.576394 0.258218 -0.689779 35.300000
5.258354 -1.462877 1.247461 1.447747 0.664485 0.582195 0.266593 -0.949540 35.350000
5.472164 -1.463720 1.262845 1.476150 0.609885 0.587945 0.280204 -1.202636 35.400000
4.534288 -1.214304 1.279643 1.504351 0.546413 0.590851 0.297212 -1.321655 35.450000
5.476812 -1.384975 1.297684 1.532088 0.481405 0.582850 0.314122 -1.285164 35.500000
5.359276 -1.703872 1.316944 1.559245 0.415614 0.582117 0.330570 -1.340408 35.550000
4.919808 -1.801609 1.337548 1.585763 0.344364 0.576289 0.348545 -1.489551 35.600000
4.886905 -2.030734 1.359298 1.611417 0.266974 0.561857 0.367845 -1.591853 35.650000
5.858728 -1.918637 1.381997 1.636017 0.183708 0.542659 0.387843 -1.719810 35.700000
5.005308 -2.076495 1.405755 1.659460 0.097380 0.529406 0.407320 -1.732326 35.750000
4.629466 -2.301660 1.430486 1.681645 0.008930 0.505370 0.425735 -1.795623 35.800000
5.072266 -2.199247 1.455776 1.702456 -0.083853 0.474133 0.443258 -1.898310 35.850000
4.429691 -1.722364 1.481510 1.721819 -0.178734 0.444926 0.458824 -1.896154 35.900000
3.639310 -1.581642 1.507555 1.739725 -0.268429 0.412474 0.470136 -1.717962 35.950000
4.290683 -1.096394 1.533574 1.756270 -0.350664 0.377680 0.476798 -1.588675 36.000000
4.366258 -0.808123 1.559566 1.771484 -0.423262 0.356065 0.479037 -1.348558 36.050000
3.521323 -1.164098 1.585751 1.785313 -0.484568 0.343281 0.477498 -1.132289 36.100000
2.821654 -1.086147 1.612006 1.797838 -0.542233 0.325688 0.474513 -1.167773 36.150000
2.475253 -1.390799 1.637989 1.809240 -0.600035 0.302467 0.470823 -1.145124 36.200000
3.059729 -1.104244 1.663480 1.819670 -0.660098 0.275814 0.466712 -1.241651 36.250000
3.825901 -1.096609 1.688505 1.829115 -0.720060 0.256070 0.461728 -1.165327 36.300000
4.519297 -1.206965 1.713314 1.837375 -0.777150 0.246438 0.455788 -1.122915 36.350000
4.401934 -0.852170 1.738135 1.844211 -0.833892 0.244296 0.449772 -1.143533 36.400000
4.405746 -0.504480 1.763006 1.849523 -0.887419 0.243568 0.443339 -1.014299 36.450000
4.616255 -0.273964 1.787893 1.853306 -0.932632 0.248353 0.435753 -0.818940 36.500000
5.360549 -0.166341 1.812833 1.855485 -0.968443 0.260887 0.427017 -0.635951 36.550000
5.939280 -0.322301 1.837958 1.855854 -0.996605 0.284648 0.417578 -0.506616 36.600000
6.000000 0.167915 1.863411 1.854159 -1.022038 0.314724 0.408456 -0.511906 36.650000
5.244816 -0.044246 1.889219 1.850303 -1.042305 0.347315 0.398980 -0.321269 36.700000
5.957995 -0.020697 1.915281 1.844450 -1.058191 0.374198 0.389176 -0.316019 36.750000
6.000000 0.002377 1.941554 1.836650 -1.073790 0.406979 0.379982 -0.310212 36.800000
6.000000 0.383871 1.968074 1.826803 -1.089111 0.439163 0.371394 -0.304762 36.850000
6.000000 -0.061300 1.994810 1.814951 -1.100021 0.472419 0.362013 -0.148878 36.900000
5.120494 -0.432892 2.021754 1.801141 -1.110423 0.504701 0.353088 -0.257605 36.950000
4.623492 -0.582231 2.048733 1.785634 -1.129289 0.523599 0.347781 -0.474564 37.000000
4.919065 -0.539151 2.075476 1.768789 -1.157871 0.532642 0.346498 -0.649275 37.050000
4.622520 -0.463853 2.101839 1.750702 -1.192323 0.541308 0.347674 -0.720997 37.100000
4.928202 -0.080765 2.127735 1.731413 -1.228565 0.545950 0.349655 -0.728310 37.150000
5.050442 -0.240944 2.153118 1.710944 -1.260842 0.555052 0.350168 -0.580640 37.200000
5.917506 -0.705823 2.178016 1.689213 -1.289695 0.566530 0.349551 -0.574844 37.250000
5.280175 -0.995875 2.202438 1.666036 -1.323676 0.583123 0.351376 -0.763432 37.300000
4.670521 -1.387400 2.226257 1.641444 -1.367726 0.588112 0.357595 -0.973312 37.350000
5.039739 -0.891733 2.249236 1.615821 -1.423482 0.580990 0.368433 -1.224097 37.400000
4.833553 -1.322246 2.271211 1.589319 -1.482513 0.575096 0.379934 -1.148307 37.450000
4.906568 -1.530851 2.292119 1.561959 -1.543718 0.565473 0.391606 -1.282005 37.500000
4.006880 -1.556826 2.311851 1.533874 -1.611740 0.552215 0.405075 -1.419651 37.550000
3.319171 -1.867238 2.330317 1.505374 -1.684640 0.527181 0.418994 -1.486134 37.600000
3.138186 -1.837873 2.347499 1.476934 -1.762936 0.492316 0.432817 -1.623626 37.650000
3.324850 -2.108649 2.363414 1.448852 -1.845230 0.453423 0.445421 -1.660453 37.700000
3.060162 -1.963108 2.378084 1.421200 -1.931317 0.414209 0.456458 -1.764459 37.750000
3.883774 -1.820098 2.391551 1.394065 -2.018942 0.372018 0.465017 -1.741237 37.800000
4.232354 -2.180486 2.403802 1.367350 -2.104004 0.339967 0.470297 -1.669872 37.850000
4.126018 -2.170061 2.414735 1.340834 -2.190268 0.311150 0.473840 -1.763768 37.900000
3.818910 -1.865006 2.424337 1.314552 -2.279178 0.280452 0.475974 -1.786478 37.950000
3.048738 -2.259642 2.432685 1.288629 -2.365328 0.249784 0.475551 -1.674283 38.000000
2.452957 -2.749093 2.439972 1.263253 -2.451660 0.213204 0.473127 -1.762036 38.050000
2.920585 -2.872296 2.446491 1.238667 -2.545513 0.168071 0.469300 -1.956655 38.100000
3.129408 -2.403616 2.452346 1.214919 -2.646361 0.125220 0.463394 -2.056803 38.150000
2.288604 -2.222920 2.457454 1.191906 -2.745122 0.088248 0.454659 -1.913888 38.200000
1.876386 -2.675887 2.461934 1.169627 -2.837115 0.050319 0.443276 -1.783442 38.250000
2.462857 -2.319525 2.466038 1.148118 -2.929290 0.011422 0.429804 -1.884215 38.300000
2.368892 -2.743777 2.469732 1.127324 -3.020649 -0.018308 0.414558 -1.783875 38.350000
3.172494 -2.415866 2.472878 1.107181 -3.112970 -0.046362 0.397971 -1.889989 38.400000
2.804541 -2.670697 2.475309 1.087672 3.078104 -0.063649 0.380487 -1.806742 38.450000
3.731067 -2.813951 2.476901 1.068808 2.986115 -0.081433 0.362495 -1.862850 38.500000
3.358003 -3.000000 2.477532 1.050647 2.890929 -0.089195 0.344121 -1.932998 38.550000
2.411956 -3.000000 2.477104 1.033257 2.791628 -0.099615 0.325505 -2.023760 38.600000
1.870993 -2.576941 2.475943 1.016589 2.689521 -0.117095 0.306336 -2.054735 38.650000
2.536588 -2.171966 2.474356 1.000542 2.590861 -0.134884 0.286863 -1.914290 38.700000
1.573329 -1.715480 2.472277 0.985193 2.500881 -0.139996 0.268125 -1.716480 38.750000
1.622720 -1.580599 2.469725 0.970571 2.422061 -0.147752 0.250783 -1.473059 38.800000
1.352509 -1.185491 2.466847 0.956622 2.352671 -0.149880 0.234781 -1.324268 38.850000
2.350992 -0.689529 2.463669 0.943366 2.292484 -0.150173 0.220265 -1.112612 38.900000
1.823153 -0.883726 2.460083 0.930996 2.244890 -0.136438 0.207823 -0.828438 38.950000
2.822371 -1.331216 2.456039 0.919647 2.204980 -0.125281 0.196971 -0.775158 39.000000
2.176499 -0.943374 2.451516 0.909418 2.161887 -0.105520 0.186690 -0.930146 39.050000
1.888798 -1.387404 2.446523 0.900353 2.117554 -0.092239 0.177169 -0.853460 39.100000
2.605120 -1.497354 2.441229 0.892265 2.070929 -0.082116 0.168217 -0.994095 39.150000
1.950715 -1.717847 2.435637 0.885222 2.018153 -0.066530 0.159678 -1.103208 39.200000
2.697601 -2.042815 2.429798 0.879212 1.959172 -0.058326 0.151604 -1.238012 39.250000
2.008124 -2.112865 2.423770 0.874238 1.892076 -0.044484 0.143982 -1.420405 39.300000
1.163780 -2.586210 2.417617 0.870283 1.818103 -0.038209 0.136892 -1.523581 39.350000
1.426571 -2.427710 2.411495 0.866981 1.735712 -0.040834 0.129903 -1.739097 39.400000
0.720922 -2.239302 2.405472 0.864181 1.647990 -0.041049 0.122910 -1.765643 39.450000
1.259381 -2.703942 2.399576 0.861777 1.561384 -0.046812 0.116002 -1.707592 39.500000
0.374962 -2.386321 2.393834 0.859735 1.471795 -0.046994 0.109056 -1.853032 39.550000
1.022126 -2.628408 2.388242 0.857972 1.380850 -0.054740 0.102037 -1.794068 39.600000
0.454157 -2.484519 2.382811 0.856439 1.289276 -0.055394 0.094968 -1.858670 39.650000
0.090381 -2.324231 2.377547 0.855161 1.197128 -0.060501 0.087925 -1.831546 39.700000
0.948971 -2.088948 2.372385 0.853944 1.107520 -0.067626 0.080836 -1.763525 39.750000
0.509358 -1.970576 2.367390 0.852910 1.022559 -0.065173 0.074063 -1.652274 39.800000
0.000000 -2.119874 2.362622 0.852152 0.942444 -0.065685 0.067807 -1.565517 39.850000
0.153499 -2.585708 2.357974 0.851487 0.863583 -0.070133 0.061684 -1.585895 39.900000
0.106377 -2.236765 2.353398 0.850861 0.779145 -0.072759 0.055287 -1.764167 39.950000
0.000000 -2.202647 2.348906 0.850305 0.692585 -0.075140 0.048845 -1.707164 40.000000
0.000000 -2.023938 2.344481 0.849810 0.608219 -0.077541 0.042594 -1.672870 40.050000
0.000000 -2.235882 2.340113 0.849374 0.526837 -0.078992 0.036607 -1.594407 40.100000
0.933185 -2.583353 2.335815 0.849006 0.445771 -0.079724 0.030778 -1.641221 40.150000
1.336324 -2.918943 2.331795 0.848804 0.359520 -0.071317 0.025097 -1.786351 40.200000
1.618278 -3.000000 2.328349 0.848862 0.265094 -0.059089 0.019866 -1.962376 40.250000
1.178539 -3.000000 2.325638 0.849164 0.164241 -0.044237 0.015487 -2.056239 40.300000
2.041890 -2.643445 2.323628 0.849622 0.060435 -0.033557 0.012088 -2.090320 40.350000
2.486891 -3.000000 2.322415 0.850146 -0.040785 -0.014820 0.009934 -1.977337 40.400000
2.884964 -3.000000 2.322279 0.850626 -0.142128 0.007543 0.009351 -2.062264 40.450000
3.586245 -2.732327 2.323363 0.850901 -0.246137 0.032696 0.010541 -2.092992 40.500000
3.588431 -2.531127 2.325832 0.850755 -0.348370 0.063152 0.013686 -2.010266 40.550000
3.280519 -2.709055 2.329721 0.849977 -0.445945 0.092019 0.018626 -1.909424 40.600000
2.827360 -3.000000 2.334823 0.848454 -0.542189 0.116211 0.025157 -1.936193 40.650000
2.818926 -2.693790 2.340832 0.846158 -0.642308 0.134161 0.033264 -2.050007 40.700000
3.388265 -2.666647 2.347509 0.843059 -0.742893 0.150160 0.042341 -1.984586 40.750000
4.096691 -2.691347 2.354803 0.839010 -0.841182 0.169700 0.052125 -1.952672 40.800000
3.976415 -2.694651 2.362753 0.833743 -0.938775 0.193751 0.063019 -1.951818 40.850000
4.164095 -2.928136 2.371247 0.827114 -1.036449 0.214231 0.075102 -1.955281 40.900000
4.903381 -3.000000 2.380076 0.819091 -1.136723 0.233683 0.088587 -2.042155 40.950000
4.164083 -3.000000 2.389101 0.809486 -1.240567 0.256839 0.103761 -2.102536 41.000000
4.698840 -2.886624 2.398082 0.798342 -1.346417 0.269700 0.120114 -2.128162 41.050000
4.627082 -3.000000 2.406770 0.785768 -1.452029 0.284695 0.136905 -2.101994 41.100000
3.894921 -3.000000 2.414977 0.771748 -1.558121 0.295904 0.154207 -2.136957 41.150000
3.480075 -2.766339 2.422506 0.756590 -1.665427 0.297108 0.171631 -2.153460 41.200000
2.891956 -2.984041 2.429233 0.740683 -1.770961 0.292394 0.187931 -2.080899 41.250000
2.897797 -3.000000 2.435119 0.724370 -1.876526 0.280151 0.203039 -2.133194 41.300000
1.990012 -3.000000 2.440153 0.707890 -1.983912 0.265851 0.216973 -2.158148 41.350000
2.297598 -3.000000 2.444409 0.691532 -2.092067 0.241552 0.229075 -2.166210 41.400000
2.851998 -3.000000 2.447965 0.675488 -2.200419 0.219388 0.238995 -2.167163 41.450000
3.294715 -3.000000 2.450736 0.659641 -2.308743 0.201931 0.247034 -2.165605 41.500000
3.205981 -2.900217 2.452588 0.643878 -2.416969 0.188232 0.253575 -2.163434 41.550000
3.863471 -2.626754 2.453468 0.628218 -2.524063 0.173780 0.258651 -2.126142 41.600000
3.477232 -2.484292 2.453267 0.612664 -2.627152 0.166784 0.262238 -2.015728 41.650000
2.700064 -2.628712 2.451929 0.597255 -2.725280 0.157824 0.264540 -1.924094 41.700000
1.788546 -2.739818 2.449704 0.582182 -2.821949 0.142274 0.265755 -1.939430 41.750000
2.774890 -2.881685 2.446988 0.567628 -2.920151 0.118218 0.265702 -1.980684 41.800000
2.250474 -2.865010 2.443790 0.553619 -3.021000 0.103382 0.264504 -2.042291 41.850000
1.441685 -3.000000 2.440040 0.540150 -3.123518 0.083876 0.262220 -2.055282 41.900000
1.228309 -3.000000 2.436075 0.527248 3.055482 0.057421 0.258417 -2.102803 41.950000
0.394091 -3.000000 2.432146 0.514879 2.949962 0.030181 0.252794 -2.114686 42.000000
0.149617 -2.945287 2.428480 0.502946 2.844227 -0.002919 0.245096 -2.113378 42.050000
0.801153 -2.528517 2.425277 0.491314 2.739259 -0.035547 0.235202 -2.088202 42.100000
1.664831 -2.774482 2.422372 0.479958 2.639491 -0.057758 0.223778 -1.928189 42.150000
1.961816 -2.974953 2.419379 0.469018 2.542300 -0.068755 0.211699 -1.954784 42.200000
1.434077 -2.887108 2.416054 0.458645 2.442228 -0.075765 0.199273 -2.034767 42.250000
2.138139 -2.785290 2.412447 0.448819 2.340559 -0.086131 0.186562 -2.032246 42.300000
1.343430 -2.423376 2.408540 0.439608 2.240021 -0.087539 0.173938 -1.995508 42.350000
2.284302 -2.803303 2.404358 0.431032 2.144365 -0.093489 0.161800 -1.853788 42.400000
2.177032 -2.970434 2.399914 0.423173 2.049256 -0.088807 0.150090 -1.937355 42.450000
3.028617 -3.000000 2.395158 0.416223 1.949739 -0.084681 0.138810 -2.028580 42.500000
3.145656 -3.000000 2.390110 0.410366 1.847008 -0.071908 0.128341 -2.073557 42.550000
3.553919 -3.000000 2.384811 0.405836 1.742820 -0.057407 0.119164 -2.091400 42.600000
3.427376 -2.851218 2.379390 0.402764 1.638025 -0.038564 0.111522 -2.099506 42.650000
4.222520 -2.406728 2.374003 0.401202 1.534451 -0.020460 0.105545 -2.051850 42.700000
4.420622 -2.310566 2.368838 0.401277 1.436897 0.005911 0.101434 -1.879155 42.750000
3.439756 -2.444550 2.364101 0.403163 1.345761 0.034422 0.099290 -1.782228 42.800000
3.556693 -2.941176 2.359927 0.406590 1.256282 0.053132 0.098712 -1.795206 42.850000
4.444587 -2.584009 2.356408 0.411258 1.161189 0.071454 0.099602 -1.979100 42.900000
4.610461 -2.668569 2.353767 0.417256 1.063908 0.096827 0.102053 -1.921988 42.950000
4.917896 -3.000000 2.352253 0.424653 0.967501 0.122472 0.106130 -1.933058 43.000000
3.971326 -2.646018 2.352061 0.433351 0.867257 0.148766 0.112240 -2.056859 43.050000
4.931282 -2.578579 2.353205 0.443020 0.766689 0.164285 0.119641 -1.979287 43.100000
5.418091 -2.469664 2.355779 0.453457 0.669188 0.187586 0.127799 -1.929667 43.150000
5.365232 -2.490884 2.360098 0.464673 0.574289 0.213829 0.137026 -1.875990 43.200000
4.960439 -2.073425 2.366286 0.476488 0.480763 0.237568 0.147410 -1.867480 43.250000
4.387502 -2.233040 2.374261 0.488614 0.391736 0.256222 0.158034 -1.718172 43.300000
4.540574 -1.805156 2.383800 0.500766 0.305735 0.268208 0.168715 -1.722131 43.350000
5.362548 -1.944615 2.394782 0.512739 0.223999 0.280935 0.178928 -1.571249 43.400000
4.914552 -1.771065 2.407390 0.524442 0.145598 0.300503 0.189056 -1.566694 43.450000
5.733759 -1.682079 2.421644 0.535734 0.069050 0.314543 0.199355 -1.505415 43.500000
5.828791 -1.641094 2.437561 0.546463 -0.004670 0.335355 0.209593 -1.452557 43.550000
5.437201 -2.004878 2.455266 0.556484 -0.076368 0.355780 0.220061 -1.421367 43.600000
5.148798 -2.465749 2.474578 0.565643 -0.151073 0.369758 0.231843 -1.549333 43.650000
4.509598 -2.299352 2.495184 0.573793 -0.235002 0.376196 0.246220 -1.774453 43.700000
3.835335 -2.723628 2.516695 0.580824 -0.324602 0.372801 0.261667 -1.805539 43.750000
3.406097 -2.490585 2.538660 0.586730 -0.419688 0.359384 0.277476 -1.971442 43.800000
2.918525 -2.805450 2.560689 0.591554 -0.517654 0.339436 0.292292 -1.950508 43.850000
3.885087 -2.602622 2.582488 0.595395 -0.618170 0.312858 0.305561 -2.052538 43.900000
4.766416 -2.737125 2.604050 0.598197 -0.719741 0.294191 0.316958 -2.015981 43.950000
4.285060 -3.000000 2.625619 0.599697 -0.821511 0.282895 0.326919 -2.049122 44.000000
4.208483 -2.851178 2.647125 0.599838 -0.926975 0.264588 0.336178 -2.151475 44.050000
5.200692 -2.769381 2.668338 0.598737 -1.034023 0.244346 0.343931 -2.132730 44.100000
5.428342 -2.830161 2.689255 0.596230 -1.139572 0.233822 0.349979 -2.095171 44.150000
4.792774 -2.876993 2.709874 0.592083 -1.244529 0.225315 0.355007 -2.101691 44.200000
5.659461 -2.747433 2.730007 0.586423 -1.350112 0.210284 0.359069 -2.118021 44.250000
6.000000 -2.580951 2.749510 0.579240 -1.454806 0.203825 0.362042 -2.076457 44.300000
5.585942 -2.665916 2.768280 0.570305 -1.556470 0.201911 0.364155 -2.002387 44.350000
5.579451 -2.348377 2.786155 0.559697 -1.656667 0.196692 0.365736 -2.004802 44.400000
5.912964 -2.416463 2.802986 0.547597 -1.753634 0.193059 0.366479 -1.892099 44.450000
4.954285 -2.863160 2.818622 0.534003 -1.847722 0.194030 0.366723 -1.874356 44.500000
4.688318 -2.468061 2.832979 0.519174 -1.945848 0.183998 0.367217 -2.025251 44.550000
3.718479 -2.831916 2.846049 0.503523 -2.044580 0.171567 0.366952 -1.937624 44.600000
4.563520 -2.436213 2.857896 0.487398 -2.144181 0.150273 0.365625 -2.029723 44.650000
4.211746 -2.001439 2.868491 0.470919 -2.242464 0.138569 0.363020 -1.918967 44.700000
3.817611 -2.294274 2.877721 0.454039 -2.332631 0.128453 0.358964 -1.718705 44.750000
4.766030 -2.350755 2.885651 0.436934 -2.419338 0.117273 0.354092 -1.744675 44.800000
4.010936 -2.744883 2.892155 0.419605 -2.507402 0.115267 0.349102 -1.773178 44.850000
3.448631 -2.348418 2.897196 0.402133 -2.600439 0.104568 0.344290 -1.923393 44.900000
3.450842 -2.027745 2.901041 0.384802 -2.694048 0.089432 0.338806 -1.834277 44.950000
4.091554 -2.522035 2.903785 0.367730 -2.781358 0.078514 0.332267 -1.681316 45.000000
4.562665 -2.567435 2.905267 0.350915 -2.868844 0.074670 0.325541 -1.799310 45.050000
3.615915 -2.591623 2.905269 0.334380 -2.960567 0.074280 0.319142 -1.859852 45.100000
3.068115 -3.000000 2.903938 0.318261 -3.054441 0.064976 0.312752 -1.889669 45.150000
3.370656 -2.735059 2.901664 0.302692 3.129784 0.049633 0.305978 -2.042602 45.200000
4.253858 -2.801773 2.898553 0.287743 3.028831 0.037819 0.298532 -2.001625 45.250000
4.191218 -2.425519 2.894352 0.273507 2.928536 0.035958 0.290850 -2.008829 45.300000
4.166809 -2.141158 2.888917 0.260111 2.831908 0.036048 0.283267 -1.877647 45.350000
5.097626 -1.709609 2.882304 0.247661 2.742404 0.039581 0.275884 -1.726567 45.400000
5.886463 -1.328672 2.874363 0.236356 2.662264 0.055949 0.269070 -1.512253 45.450000
5.645815 -1.544948 2.864795 0.226498 2.593113 0.083676 0.263205 -1.287361 45.500000
6.000000 -1.964251 2.853592 0.218264 2.529016 0.110390 0.258573 -1.278909 45.550000
6.000000 -1.978256 2.840889 0.211763 2.460554 0.138183 0.255765 -1.438082 45.600000
6.000000 -1.931360 2.826824 0.207119 2.386501 0.163154 0.254928 -1.514047 45.650000
5.668763 -1.678161 2.811606 0.204404 2.310306 0.186432 0.255651 -1.532162 45.700000
5.177820 -2.023129 2.795486 0.203624 2.236081 0.206299 0.257227 -1.449940 45.750000
4.598864 -1.831652 2.778766 0.204673 2.160798 0.220255 0.259829 -1.547714 45.800000
4.914391 -1.391730 2.761771 0.207359 2.084247 0.227544 0.263091 -1.519052 45.850000
4.002536 -1.292660 2.744674 0.211640 2.013262 0.239163 0.265810 -1.346093 45.900000
3.782203 -1.288739 2.727630 0.217397 1.949049 0.244080 0.267695 -1.237903 45.950000
4.155847 -1.743392 2.710825 0.224385 1.888495 0.247945 0.269079 -1.190948 46.000000
4.407664 -2.127719 2.694330 0.232615 1.824583 0.253756 0.271247 -1.344487 46.050000
4.896486 -2.568400 2.678232 0.242169 1.751361 0.257970 0.275272 -1.554132 46.100000
5.690567 -2.188780 2.662657 0.253127 1.666537 0.261682 0.281519 -1.801126 46.150000
5.036555 -2.174294 2.647749 0.265681 1.577636 0.270288 0.288655 -1.761921 46.200000
4.133124 -2.582385 2.633658 0.279774 1.490069 0.272161 0.295613 -1.743989 46.250000
4.983993 -2.848814 2.620500 0.294942 1.398794 0.263225 0.302827 -1.884504 46.300000
4.215035 -3.000000 2.608400 0.311041 1.300287 0.258610 0.310696 -2.031684 46.350000
4.938899 -3.000000 2.597454 0.327938 1.195611 0.243345 0.318680 -2.137077 46.400000
4.447562 -3.000000 2.587752 0.345472 1.087701 0.232913 0.325966 -2.172890 46.450000
3.666278 -3.000000 2.579372 0.363557 0.978731 0.216865 0.332138 -2.183388 46.500000
3.918981 -2.970966 2.572197 0.381817 0.869538 0.193295 0.336580 -2.183093 46.550000
2.969832 -3.000000 2.566167 0.400061 0.760789 0.172677 0.339085 -2.168228 46.600000
2.116827 -2.559881 2.561157 0.418110 0.652360 0.143957 0.339550 -2.167291 46.650000
2.534523 -2.695360 2.556830 0.435670 0.548671 0.110722 0.337163 -2.005397 46.700000
1.968611 -2.828834 2.553102 0.452714 0.448879 0.084904 0.332419 -1.987579 46.750000
1.498049 -2.600852 2.549927 0.469250 0.348469 0.055287 0.325904 -2.021345 46.800000
1.720871 -2.613405 2.547066 0.485212 0.249557 0.024083 0.317396 -1.945701 46.850000
2.065644 -2.445129 2.544478 0.500630 0.153101 -0.001586 0.307170 -1.915899 46.900000
1.404215 -2.883017 2.542314 0.515565 0.059483 -0.020521 0.295796 -1.839993 46.950000
0.805881 -3.000000 2.540515 0.530032 -0.036137 -0.044177 0.283363 -1.963565 47.000000
0.858693 -2.665230 2.538784 0.544065 -0.136735 -0.072662 0.269378 -2.045494 47.050000
1.828266 -2.481090 2.537020 0.557725 -0.236334 -0.097228 0.254041 -1.952844 47.100000
2.772192 -2.736936 2.535521 0.570985 -0.331030 -0.108121 0.238347 -1.851234 47.150000
1.833638 -2.720994 2.534751 0.583691 -0.425149 -0.107650 0.222910 -1.905136 47.200000
2.349103 -2.284584 2.534700 0.595807 -0.520840 -0.114428 0.207670 -1.920140 47.250000
1.902680 -1.949534 2.535265 0.607317 -0.612498 -0.113130 0.193096 -1.770448 47.300000
2.721637 -1.568143 2.536455 0.618146 -0.695882 -0.112216 0.179768 -1.592564 47.350000
3.376941 -1.811265 2.538314 0.628157 -0.769469 -0.100008 0.168033 -1.382395 47.400000
3.278170 -2.062119 2.541046 0.637046 -0.838761 -0.080136 0.157841 -1.389095 47.450000
3.864649 -2.475500 2.544646 0.644674 -0.911040 -0.061651 0.148806 -1.488257 47.500000
3.636132 -2.068102 2.549065 0.650920 -0.991054 -0.039094 0.140877 -1.683461 47.550000
4.163546 -1.802442 2.554211 0.655694 -1.073218 -0.019125 0.134361 -1.614227 47.600000
3.233109 -1.861497 2.559969 0.658892 -1.150381 0.006530 0.129423 -1.491280 47.650000
3.717679 -1.691878 2.566157 0.660577 -1.224186 0.023602 0.125804 -1.465153 47.700000
4.429119 -1.832223 2.572600 0.660838 -1.295367 0.045291 0.123261 -1.392999 47.750000
4.588731 -2.183499 2.579247 0.659416 -1.365708 0.073098 0.122038 -1.417724 47.800000
3.931124 -2.015058 2.585985 0.656147 -1.440686 0.100607 0.122547 -1.560895 47.850000
2.975617 -2.309157 2.592627 0.651204 -1.518662 0.120334 0.124517 -1.558900 47.900000
3.935941 -2.486636 2.598994 0.645024 -1.599726 0.129640 0.127507 -1.667470 47.950000
4.274485 -2.251670 2.604948 0.637675 -1.686227 0.146171 0.131682 -1.776118 48.000000
5.191452 -1.936375 2.610332 0.628941 -1.773836 0.164465 0.136893 -1.735248 48.050000
4.476743 -1.469263 2.614946 0.618631 -1.856897 0.190783 0.142732 -1.607660 48.100000
4.357206 -1.414996 2.618648 0.606807 -1.930943 0.210569 0.148431 -1.387332 48.150000
5.268349 -1.271016 2.621398 0.593750 -1.997178 0.229522 0.153743 -1.278260 48.200000
5.289723 -1.511308 2.623038 0.579391 -2.058288 0.256808 0.159075 -1.180617 48.250000
5.037102 -1.641622 2.623394 0.563653 -2.118812 0.282877 0.165293 -1.234088 48.300000
5.153910 -2.095260 2.622414 0.546740 -2.182682 0.304241 0.173021 -1.311038 48.350000
5.582662 -2.480289 2.620040 0.528853 -2.254130 0.323252 0.183114 -1.518077 48.400000
5.785595 -2.012022 2.616115 0.510115 -2.336641 0.341523 0.196436 -1.748566 48.450000
4.924801 -2.132997 2.610474 0.490664 -2.421893 0.358647 0.210973 -1.674591 48.500000
5.141712 -1.754635 2.603197 0.470809 -2.506188 0.365701 0.225500 -1.695254 48.550000
4.480911 -1.363042 2.594383 0.450831 -2.587317 0.373880 0.239122 -1.570211 48.600000
3.572635 -1.159339 2.584126 0.430912 -2.660330 0.376919 0.250410 -1.379181 48.650000
3.753429 -0.820855 2.572757 0.411300 -2.724888 0.373333 0.259032 -1.225164 48.700000
3.622058 -0.513202 2.560434 0.392101 -2.780616 0.374065 0.264930 -1.030473 48.750000
3.169437 -0.183912 2.547146 0.373312 -2.826310 0.376825 0.268005 -0.823793 48.800000
3.069489 0.234831 2.533017 0.354960 -2.861107 0.379123 0.268120 -0.595333 48.850000
2.746645 -0.041535 2.518152 0.337039 -2.882968 0.385136 0.264809 -0.310283 48.900000
3.147228 0.119890 2.502629 0.319517 -2.897512 0.390627 0.259702 -0.275018 48.950000
2.932328 0.272983 2.486435 0.302370 -2.908876 0.400826 0.253955 -0.188397 49.000000
3.306907 0.354860 2.469535 0.285564 -2.915217 0.410419 0.247036 -0.076157 49.050000
4.165519 -0.052647 2.451902 0.269052 -2.916344 0.424878 0.238863 0.021866 49.100000
4.585914 0.005922 2.433272 0.252747 -2.918518 0.446400 0.231338 -0.097840 49.150000
4.140139 -0.465359 2.413408 0.236605 -2.924606 0.469765 0.225381 -0.141884 49.200000
3.732559 -0.749044 2.392374 0.220668 -2.937863 0.485916 0.222178 -0.365791 49.250000
4.156632 -0.992820 2.370432 0.205071 -2.962693 0.494166 0.223242 -0.601634 49.300000
3.871280 -0.825177 2.347641 0.189930 -2.998862 0.502449 0.228441 -0.819877 49.350000
4.748915 -1.076556 2.324033 0.175353 -3.041005 0.505569 0.235732 -0.861494 49.400000
4.577390 -1.433022 2.299521 0.161409 -3.087502 0.514833 0.244548 -0.984053 49.450000
4.722930 -1.689329 2.274020 0.148197 3.140877 0.518665 0.256341 -1.183072 49.500000
5.395380 -1.366600 2.247642 0.135862 3.076343 0.519227 0.271403 -1.373142 49.550000
5.155749 -1.144590 2.220316 0.124548 3.008704 0.523492 0.287171 -1.339005 49.600000
4.855919 -0.677165 2.192033 0.114349 2.944405 0.525323 0.301273 -1.247247 49.650000
4.086085 -0.413490 2.162979 0.105289 2.888119 0.526544 0.311927 -1.033963 49.700000
4.241145 -0.543787 2.133411 0.097306 2.841958 0.524235 0.318397 -0.837833 49.750000
5.006558 -0.112107 2.103462 0.090351 2.801163 0.525447 0.322630 -0.799220 49.800000
5.539364 -0.040846 2.072941 0.084498 2.766476 0.536213 0.324558 -0.611342 49.850000
5.217943 -0.094621 2.041562 0.079840 2.739218 0.554701 0.323901 -0.493377 49.900000
4.885269 -0.120899 2.009299 0.076385 2.715515 0.571039 0.322192 -0.459305 49.950000
