-0.787735 0.084185 -0.114874 -0.561117 -2.231694 0.359888 0.000000 -0.059343 0.000000
0.000000 -0.399390 -0.125596 -0.574899 -2.232975 0.338733 0.000321 0.002295 0.050000
0.000000 -0.898476 -0.135801 -0.588004 -2.237563 0.325724 0.001395 -0.169367 0.100000
0.000000 -0.980730 -0.145649 -0.600577 -2.254393 0.313159 0.005179 -0.472179 0.150000
0.000000 -0.538387 -0.155193 -0.612606 -2.283308 0.300841 0.011330 -0.662939 0.200000
0.707400 -0.714806 -0.164460 -0.624089 -2.314157 0.288730 0.017430 -0.580833 0.250000
0.797390 -0.293072 -0.173563 -0.635170 -2.344074 0.283448 0.022942 -0.612479 0.300000
0.122035 -0.754031 -0.182630 -0.645995 -2.370400 0.279129 0.027442 -0.458136 0.350000
0.423309 -0.983941 -0.191553 -0.656484 -2.396370 0.268568 0.031582 -0.568458 0.400000
0.809184 -1.258810 -0.200284 -0.666574 -2.428944 0.260751 0.036659 -0.717295 0.450000
0.000000 -0.865376 -0.208960 -0.676358 -2.469921 0.256119 0.042971 -0.899627 0.500000
0.000000 -0.484815 -0.217508 -0.685758 -2.512984 0.243676 0.049185 -0.831576 0.550000
0.285668 -0.556872 -0.225774 -0.694680 -2.549432 0.231867 0.053695 -0.648383 0.600000
0.000000 -0.583451 -0.233805 -0.703204 -2.580159 0.223410 0.056859 -0.587741 0.650000
0.084260 -0.185108 -0.241602 -0.711358 -2.609004 0.212657 0.059413 -0.568286 0.700000
0.497392 0.066803 -0.249127 -0.719142 -2.632630 0.203450 0.060900 -0.395742 0.750000
0.026234 -0.200215 -0.256487 -0.726650 -2.647036 0.199172 0.060899 -0.200681 0.800000
0.904929 -0.169428 -0.263671 -0.733910 -2.657247 0.191032 0.060253 -0.207013 0.850000
1.339224 -0.388939 -0.270773 -0.740977 -2.667329 0.191388 0.059583 -0.197232 0.900000
0.809754 -0.654431 -0.278066 -0.747994 -2.679582 0.195595 0.059255 -0.284058 0.950000
0.209417 -1.042423 -0.285527 -0.754936 -2.698117 0.194215 0.059824 -0.440641 1.000000
0.000000 -1.354587 -0.292915 -0.761662 -2.726794 0.186447 0.061685 -0.679258 1.050000
0.000000 -1.794562 -0.300061 -0.768069 -2.767520 0.175904 0.064850 -0.920178 1.100000
0.660865 -1.536907 -0.306918 -0.774121 -2.821517 0.164355 0.069196 -1.202348 1.150000
0.459036 -1.661922 -0.313629 -0.779856 -2.882375 0.158397 0.073847 -1.228454 1.200000
0.120249 -1.293467 -0.320286 -0.785306 -2.945474 0.150187 0.078279 -1.287301 1.250000
0.000000 -1.256428 -0.326755 -0.790452 -3.006578 0.139015 0.081916 -1.172615 1.300000
0.000000 -1.324580 -0.332932 -0.795302 -3.063374 0.127382 0.084523 -1.107829 1.350000
0.126824 -1.178603 -0.338796 -0.799882 -3.118682 0.116190 0.086449 -1.104760 1.400000
0.000000 -1.194699 -0.344383 -0.804219 3.110909 0.106683 0.087765 -1.046566 1.450000
0.000000 -1.519295 -0.349702 -0.808335 3.059159 0.096504 0.088527 -1.025995 1.500000
0.245839 -1.113249 -0.354731 -0.812252 3.004587 0.086325 0.089071 -1.141389 1.550000
0.859454 -0.663820 -0.359530 -0.815978 2.950501 0.078850 0.089225 -1.035914 1.600000
1.077743 -0.822761 -0.364314 -0.819490 2.905003 0.078406 0.088736 -0.812248 1.650000
0.751514 -0.670313 -0.369282 -0.822753 2.865586 0.080774 0.087954 -0.769677 1.700000
1.374257 -1.163770 -0.374407 -0.825772 2.829376 0.080445 0.087043 -0.688426 1.750000
1.741185 -1.326317 -0.379746 -0.828518 2.790543 0.085646 0.086390 -0.845827 1.800000
2.040447 -0.938037 -0.385487 -0.830902 2.744352 0.093216 0.086406 -0.984396 1.850000
1.103099 -1.117574 -0.391736 -0.832844 2.697591 0.103204 0.086740 -0.897289 1.900000
1.563116 -0.906534 -0.398323 -0.834393 2.651873 0.104201 0.087172 -0.927610 1.950000
1.011379 -0.695370 -0.405121 -0.835582 2.607421 0.109558 0.087593 -0.859158 2.000000
1.694542 -1.033577 -0.412096 -0.836419 2.567708 0.110130 0.087722 -0.743533 2.050000
0.769908 -1.268050 -0.419261 -0.836880 2.528310 0.117056 0.087935 -0.822826 2.100000
0.135162 -1.601696 -0.426540 -0.836997 2.483509 0.114457 0.088645 -0.952814 2.150000
0.088725 -2.044219 -0.433614 -0.836986 2.430525 0.105015 0.089774 -1.141591 2.200000
0.009457 -2.463572 -0.440345 -0.836956 2.366298 0.094026 0.091275 -1.392259 2.250000
0.000000 -2.439279 -0.446703 -0.836945 2.289231 0.080976 0.092975 -1.651583 2.300000
0.000000 -2.771297 -0.452677 -0.836990 2.203959 0.067131 0.094309 -1.744659 2.350000
0.230456 -2.640356 -0.458286 -0.837122 2.112245 0.052864 0.095019 -1.899027 2.400000
1.059602 -2.369912 -0.463582 -0.837317 2.016991 0.040780 0.094961 -1.909285 2.450000
1.774968 -2.816147 -0.468699 -0.837365 1.924233 0.037228 0.094305 -1.815941 2.500000
2.553403 -2.677124 -0.473762 -0.836932 1.829821 0.040329 0.093714 -1.940455 2.550000
2.456119 -2.207696 -0.478807 -0.835694 1.732883 0.050274 0.093661 -1.937697 2.600000
3.154460 -2.325346 -0.483779 -0.833510 1.640880 0.059543 0.094069 -1.769508 2.650000
3.864051 -2.116442 -0.488583 -0.830259 1.553011 0.075395 0.095101 -1.748779 2.700000
3.319845 -2.277843 -0.493104 -0.825654 1.467960 0.097431 0.097105 -1.666424 2.750000
3.601967 -2.008000 -0.497211 -0.819724 1.383838 0.113405 0.100133 -1.694507 2.800000
3.312278 -1.908541 -0.500784 -0.812612 1.301598 0.131268 0.103896 -1.608638 2.850000
2.649746 -2.183119 -0.503721 -0.804401 1.223162 0.145856 0.108107 -1.539581 2.900000
2.219013 -1.715104 -0.506009 -0.795392 1.144043 0.153151 0.112867 -1.614185 2.950000
1.399601 -1.662664 -0.507685 -0.785901 1.067405 0.156050 0.117462 -1.472630 3.000000
0.516430 -2.033701 -0.508860 -0.776236 0.995980 0.151628 0.121289 -1.395570 3.050000
0.681623 -2.224544 -0.509738 -0.766761 0.923162 0.138587 0.124685 -1.501454 3.100000
1.257413 -1.966306 -0.510425 -0.757634 0.844845 0.126317 0.127827 -1.614120 3.150000
1.522823 -1.897774 -0.510825 -0.748730 0.765586 0.119399 0.130405 -1.563748 3.200000
2.252335 -2.366997 -0.510809 -0.739921 0.688713 0.115393 0.132387 -1.517943 3.250000
2.431834 -2.483787 -0.510197 -0.731086 0.608380 0.117478 0.134549 -1.672136 3.300000
2.199303 -2.704802 -0.508825 -0.722172 0.521788 0.119735 0.137288 -1.775508 3.350000
1.850024 -2.667634 -0.506712 -0.713273 0.429556 0.118339 0.140436 -1.894740 3.400000
2.532614 -3.000000 -0.503996 -0.704532 0.333910 0.112704 0.143519 -1.925966 3.450000
2.730366 -3.000000 -0.500624 -0.695993 0.233849 0.112359 0.146656 -2.055153 3.500000
2.932453 -3.000000 -0.496431 -0.687684 0.129724 0.112612 0.150001 -2.102014 3.550000
3.402662 -2.834001 -0.491365 -0.679690 0.024127 0.113956 0.153408 -2.119072 3.600000
4.106931 -3.000000 -0.485316 -0.672108 -0.080320 0.119373 0.156851 -2.067713 3.650000
3.622668 -3.000000 -0.478069 -0.665073 -0.184897 0.130580 0.160818 -2.108828 3.700000
4.622522 -3.000000 -0.469671 -0.658725 -0.290796 0.135960 0.165387 -2.124726 3.750000
5.497610 -3.000000 -0.460118 -0.653241 -0.397232 0.149609 0.170573 -2.132020 3.800000
4.668282 -3.000000 -0.449145 -0.648920 -0.503967 0.169971 0.176908 -2.137327 3.850000
3.698183 -3.000000 -0.436929 -0.645910 -0.610951 0.180791 0.184236 -2.141850 3.900000
3.255676 -3.000000 -0.424010 -0.644094 -0.718128 0.181051 0.191752 -2.144971 3.950000
3.766250 -3.000000 -0.410799 -0.643325 -0.825423 0.176098 0.198839 -2.146605 4.000000
3.915609 -2.735361 -0.397416 -0.643643 -0.932780 0.175070 0.205459 -2.147651 4.050000
2.980138 -3.000000 -0.383891 -0.645184 -1.037486 0.175302 0.211478 -2.056232 4.100000
2.681106 -3.000000 -0.370444 -0.647794 -1.142056 0.166053 0.216943 -2.116239 4.150000
2.283325 -2.536128 -0.357313 -0.651193 -1.248467 0.153117 0.221595 -2.136396 4.200000
2.688634 -2.036914 -0.344615 -0.655203 -1.350707 0.137693 0.224563 -1.978985 4.250000
3.186472 -1.665888 -0.332376 -0.659825 -1.442773 0.129453 0.225592 -1.741380 4.300000
3.583811 -1.411749 -0.320586 -0.665284 -1.523289 0.129638 0.225254 -1.513776 4.350000
3.948513 -1.429277 -0.309277 -0.671798 -1.593640 0.136676 0.224174 -1.327450 4.400000
3.540202 -1.419979 -0.298514 -0.679537 -1.657994 0.148753 0.223014 -1.257061 4.450000
4.012975 -1.847529 -0.288372 -0.688447 -1.719924 0.157394 0.222108 -1.224892 4.500000
4.993333 -1.649013 -0.278932 -0.698484 -1.785422 0.169060 0.222117 -1.374474 4.550000
5.832244 -2.076467 -0.270355 -0.709888 -1.853878 0.188449 0.223213 -1.365834 4.600000
6.000000 -2.467964 -0.262863 -0.722955 -1.926723 0.213369 0.226009 -1.525745 4.650000
5.524270 -2.801092 -0.256672 -0.737730 -2.009114 0.235523 0.231467 -1.738503 4.700000
5.531159 -3.000000 -0.251901 -0.753923 -2.101989 0.248300 0.239561 -1.944392 4.750000
5.690465 -2.762332 -0.248634 -0.771194 -2.203553 0.256625 0.249626 -2.094081 4.800000
4.967499 -2.457867 -0.247001 -0.789335 -2.307466 0.263870 0.260311 -2.067718 4.850000
4.453581 -1.990345 -0.246986 -0.808042 -2.407507 0.264061 0.270151 -1.953364 4.900000
4.908205 -1.944251 -0.248429 -0.826964 -2.499138 0.261396 0.277969 -1.745337 4.950000
4.362950 -2.438990 -0.251352 -0.845988 -2.583647 0.264896 0.284217 -1.650222 5.000000
5.211281 -1.957472 -0.255739 -0.864980 -2.670308 0.261627 0.290683 -1.793935 5.050000
5.690036 -1.854367 -0.261639 -0.883809 -2.756597 0.265778 0.296846 -1.676480 5.100000
6.000000 -2.341951 -0.269325 -0.902467 -2.838071 0.275488 0.302295 -1.595607 5.150000
5.225078 -2.026365 -0.278944 -0.920845 -2.922142 0.285969 0.308694 -1.745102 5.200000
4.826234 -2.050254 -0.290315 -0.938721 -3.007831 0.287405 0.315520 -1.691280 5.250000
5.225308 -2.485927 -0.303106 -0.955893 -3.092070 0.284947 0.321780 -1.680171 5.300000
6.000000 -2.412642 -0.317240 -0.972227 3.102647 0.283686 0.328588 -1.834558 5.350000
5.104184 -2.310159 -0.332872 -0.987561 3.009944 0.286915 0.336063 -1.868668 5.400000
4.228274 -2.796513 -0.349846 -1.001759 2.917176 0.280749 0.343176 -1.845736 5.450000
4.319180 -2.488097 -0.367633 -1.014787 2.820127 0.263796 0.350120 -2.008818 5.500000
4.048178 -2.792318 -0.385922 -1.026619 2.721193 0.246614 0.355953 -1.956358 5.550000
3.392085 -3.000000 -0.404582 -1.037233 2.620884 0.226221 0.360499 -2.040857 5.600000
2.712343 -3.000000 -0.423312 -1.046714 2.515946 0.197719 0.363830 -2.138396 5.650000
2.509533 -3.000000 -0.441769 -1.055252 2.408192 0.162291 0.365001 -2.164910 5.700000
1.641476 -2.567077 -0.459766 -1.063013 2.299880 0.126094 0.363434 -2.165061 5.750000
2.140499 -2.542795 -0.477160 -1.070221 2.196276 0.085981 0.358614 -2.003527 5.800000
2.273316 -2.045710 -0.493966 -1.076945 2.098267 0.055585 0.351088 -1.927274 5.850000
2.561779 -2.382755 -0.510328 -1.083051 2.008049 0.032348 0.341709 -1.713782 5.900000
3.193511 -1.954633 -0.526323 -1.088417 1.921320 0.015459 0.331334 -1.748828 5.950000
3.770326 -1.549610 -0.542020 -1.092829 1.838050 0.007847 0.320531 -1.603785 6.000000
4.244334 -1.700745 -0.557463 -1.095977 1.763829 0.010951 0.309912 -1.395830 6.050000
5.226344 -1.359837 -0.572637 -1.097586 1.694849 0.021539 0.299992 -1.367940 6.100000
5.132650 -1.034081 -0.587486 -1.097326 1.630375 0.043540 0.291107 -1.231327 6.150000
5.696486 -1.522300 -0.601912 -1.095001 1.573914 0.067686 0.283273 -1.052354 6.200000
5.395962 -1.161647 -0.615794 -1.090536 1.518105 0.096953 0.276796 -1.166213 6.250000
6.000000 -1.164901 -0.629004 -1.083960 1.462168 0.122712 0.271620 -1.083524 6.300000
5.283208 -0.747789 -0.641410 -1.075278 1.408878 0.154416 0.267519 -1.053534 6.350000
4.945344 -0.635861 -0.652910 -1.064599 1.361037 0.180480 0.263987 -0.883099 6.400000
4.512561 -0.287052 -0.663467 -1.052224 1.320251 0.205130 0.260483 -0.764059 6.450000
4.666503 -0.667319 -0.673072 -1.038379 1.287457 0.227804 0.256548 -0.571215 6.500000
4.353036 -0.887043 -0.681711 -1.023165 1.257188 0.252063 0.252899 -0.633397 6.550000
4.612006 -0.740322 -0.689362 -1.006704 1.222108 0.270945 0.250747 -0.756009 6.600000
3.832158 -1.115581 -0.695985 -0.989107 1.184205 0.290614 0.249703 -0.760419 6.650000
4.651613 -0.622794 -0.701589 -0.970577 1.141886 0.300795 0.250043 -0.913814 6.700000
4.848932 -0.745646 -0.706123 -0.951201 1.099564 0.318154 0.250757 -0.794724 6.750000
5.417526 -1.197890 -0.709457 -0.930827 1.059964 0.337543 0.251380 -0.790700 6.800000
4.487022 -1.527177 -0.711469 -0.909393 1.015367 0.359653 0.253835 -0.971640 6.850000
4.905697 -1.510510 -0.712158 -0.887128 0.960736 0.368526 0.259297 -1.185933 6.900000
4.917097 -1.659960 -0.711536 -0.864304 0.898861 0.377877 0.266835 -1.277398 6.950000
5.228156 -1.471638 -0.709505 -0.840995 0.832176 0.384507 0.275768 -1.376863 7.000000
6.000000 -1.960254 -0.705981 -0.817301 0.764063 0.392395 0.285110 -1.352256 7.050000
5.555397 -2.200938 -0.700759 -0.793201 0.691407 0.404420 0.295930 -1.529530 7.100000
5.452407 -2.313349 -0.693775 -0.768867 0.610201 0.407151 0.309217 -1.694771 7.150000
6.000000 -2.214368 -0.685138 -0.744618 0.522323 0.404421 0.323952 -1.804128 7.200000
5.678864 -2.135899 -0.674786 -0.720619 0.431849 0.403967 0.338800 -1.814275 7.250000
5.290755 -2.481921 -0.662714 -0.697032 0.341761 0.398964 0.352827 -1.793307 7.300000
4.649363 -2.477460 -0.649134 -0.674095 0.248681 0.387402 0.366677 -1.911196 7.350000
4.444402 -2.117431 -0.634369 -0.652041 0.151898 0.366770 0.379945 -1.952803 7.400000
4.416882 -1.794944 -0.618696 -0.631016 0.057596 0.344788 0.390620 -1.837129 7.450000
5.121829 -1.431649 -0.602209 -0.611068 -0.029552 0.326103 0.397830 -1.673466 7.500000
5.222857 -1.368693 -0.584759 -0.592231 -0.107490 0.319027 0.401860 -1.473713 7.550000
6.000000 -1.767682 -0.566164 -0.574560 -0.178154 0.316815 0.403855 -1.368093 7.600000
6.000000 -2.253764 -0.546276 -0.558164 -0.249586 0.321284 0.406045 -1.474262 7.650000
5.269505 -2.587882 -0.525066 -0.543191 -0.329730 0.320457 0.410258 -1.697865 7.700000
6.000000 -2.735564 -0.502909 -0.529702 -0.420622 0.306314 0.416280 -1.904263 7.750000
6.000000 -3.000000 -0.480018 -0.517795 -0.519546 0.294175 0.422945 -2.031193 7.800000
5.341391 -3.000000 -0.456447 -0.507616 -0.625093 0.277793 0.429714 -2.166803 7.850000
4.403347 -3.000000 -0.432533 -0.499124 -0.734720 0.252655 0.435428 -2.209223 7.900000
4.034246 -2.692983 -0.408711 -0.492093 -0.845431 0.218466 0.438790 -2.215513 7.950000
4.602851 -3.000000 -0.385274 -0.486293 -0.952913 0.183841 0.438839 -2.100614 8.000000
4.531322 -2.679417 -0.362232 -0.481759 -1.059673 0.156436 0.436446 -2.157796 8.050000
3.753734 -2.975337 -0.339585 -0.478573 -1.164686 0.130948 0.431931 -2.057522 8.100000
4.676731 -2.632729 -0.317468 -0.476552 -1.269346 0.100187 0.425460 -2.116387 8.150000
3.746399 -2.718078 -0.295934 -0.475717 -1.372085 0.081319 0.417233 -2.009494 8.200000
3.852577 -2.716131 -0.275023 -0.476072 -1.472158 0.057243 0.407610 -1.994040 8.250000
4.549596 -2.756367 -0.254820 -0.477422 -1.571520 0.036838 0.396724 -1.981000 8.300000
4.197366 -2.402366 -0.235378 -0.479942 -1.670736 0.025273 0.385100 -1.985908 8.350000
5.144020 -2.570242 -0.216776 -0.483694 -1.766351 0.014305 0.373030 -1.858586 8.400000
5.947154 -3.000000 -0.199143 -0.488800 -1.859607 0.015279 0.361049 -1.869892 8.450000
5.185882 -3.000000 -0.182702 -0.495580 -1.957694 0.022824 0.349870 -2.028062 8.500000
6.000000 -3.000000 -0.167581 -0.503900 -2.060790 0.022107 0.339387 -2.085974 8.550000
6.000000 -2.992044 -0.153933 -0.513625 -2.165706 0.029583 0.329558 -2.107467 8.600000
6.000000 -3.000000 -0.141993 -0.524760 -2.271258 0.037828 0.320679 -2.113953 8.650000
6.000000 -3.000000 -0.131896 -0.537122 -2.377143 0.046820 0.312774 -2.120756 8.700000
6.000000 -3.000000 -0.123759 -0.550506 -2.483292 0.056425 0.305861 -2.124966 8.750000
5.515767 -3.000000 -0.117675 -0.564693 -2.589626 0.066514 0.299946 -2.128315 8.800000
5.180840 -3.000000 -0.113614 -0.579400 -2.696110 0.072450 0.294853 -2.130853 8.850000
5.072692 -2.619753 -0.111444 -0.594322 -2.802695 0.075702 0.290293 -2.132408 8.900000
4.316959 -2.380555 -0.111085 -0.609228 -2.905451 0.079962 0.285949 -2.000165 8.950000
4.198424 -2.258758 -0.112359 -0.623905 -3.001596 0.080180 0.281547 -1.867248 9.000000
4.830955 -2.652256 -0.115067 -0.638183 -3.092248 0.081944 0.277056 -1.773719 9.050000
5.396570 -2.868358 -0.119307 -0.651942 3.099166 0.089620 0.273124 -1.880422 9.100000
6.000000 -2.591220 -0.125278 -0.665027 3.001712 0.100592 0.270331 -1.998846 9.150000
5.468854 -2.593358 -0.133140 -0.677223 2.903309 0.116709 0.268628 -1.946637 9.200000
4.505673 -3.000000 -0.142796 -0.688344 2.806456 0.128004 0.267814 -1.930632 9.250000
5.176399 -3.000000 -0.153773 -0.698335 2.705875 0.128615 0.267796 -2.069567 9.300000
5.726916 -2.952832 -0.165850 -0.707088 2.600925 0.133815 0.268388 -2.120170 9.350000
4.823260 -3.000000 -0.179111 -0.714349 2.494840 0.143392 0.269620 -2.123204 9.400000
4.489878 -2.503285 -0.193308 -0.720061 2.388141 0.143770 0.271245 -2.141677 9.450000
4.840143 -2.048670 -0.208053 -0.724327 2.285949 0.142500 0.272296 -1.974009 9.500000
4.483863 -2.409675 -0.223230 -0.727072 2.193731 0.148131 0.272428 -1.750754 9.550000
4.415770 -2.391983 -0.238726 -0.728248 2.104864 0.151453 0.272527 -1.796856 9.600000
5.312803 -2.021898 -0.254340 -0.727921 2.014683 0.153501 0.272930 -1.808613 9.650000
4.921992 -2.100970 -0.270008 -0.725911 1.927959 0.165036 0.273347 -1.680885 9.700000
5.442865 -1.621200 -0.285634 -0.722105 1.844472 0.173630 0.273996 -1.661967 9.750000
4.726869 -1.205508 -0.301065 -0.716484 1.766598 0.188748 0.274579 -1.480895 9.800000
3.742922 -0.846018 -0.316169 -0.709099 1.699052 0.200441 0.274450 -1.253871 9.850000
4.489373 -0.831301 -0.330800 -0.700342 1.642989 0.206859 0.273098 -1.020287 9.900000
4.236386 -0.334113 -0.344897 -0.690263 1.595066 0.223087 0.271012 -0.911323 9.950000
4.662377 -0.273715 -0.358420 -0.678760 1.556375 0.239863 0.268025 -0.666756 10.000000
5.239608 -0.725358 -0.371342 -0.665796 1.526971 0.263463 0.264045 -0.526457 10.050000
5.639737 -1.030465 -0.383623 -0.651169 1.497402 0.291583 0.260815 -0.644020 10.100000
5.700977 -1.349759 -0.395177 -0.634749 1.460043 0.319652 0.259999 -0.829354 10.150000
6.000000 -1.114333 -0.405887 -0.616561 1.412450 0.343530 0.262327 -1.047738 10.200000
5.640949 -1.496592 -0.415613 -0.596664 1.359705 0.367182 0.266652 -1.061688 10.250000
5.492365 -1.183628 -0.424246 -0.575201 1.302149 0.384426 0.272904 -1.220413 10.300000
6.000000 -1.072417 -0.431697 -0.552432 1.242429 0.398269 0.280144 -1.175724 10.350000
6.000000 -0.783002 -0.437855 -0.528388 1.185283 0.416684 0.287067 -1.119243 10.400000
5.372924 -0.703032 -0.442608 -0.503058 1.133053 0.435789 0.293003 -0.988599 10.450000
4.736657 -0.792700 -0.445969 -0.476657 1.086057 0.450017 0.297706 -0.903286 10.500000
5.101602 -1.229169 -0.448039 -0.449527 1.040922 0.458230 0.302027 -0.902959 10.550000
4.701143 -1.014948 -0.448813 -0.421822 0.990887 0.467159 0.308110 -1.076922 10.600000
5.614357 -0.936268 -0.448256 -0.393687 0.937073 0.469966 0.315423 -1.076481 10.650000
6.000000 -1.266757 -0.446266 -0.365131 0.884021 0.480939 0.322482 -1.050329 10.700000
5.819440 -1.758944 -0.442632 -0.336030 0.828103 0.493229 0.330748 -1.171659 10.750000
5.854584 -1.830880 -0.437294 -0.306539 0.762558 0.498205 0.342483 -1.416979 10.800000
6.000000 -1.835510 -0.430256 -0.276926 0.687886 0.497821 0.357129 -1.551428 10.850000
5.225056 -2.167988 -0.421483 -0.247388 0.608587 0.494992 0.372792 -1.612543 10.900000
5.833819 -1.962196 -0.411120 -0.218214 0.523683 0.480468 0.389360 -1.761117 10.950000
6.000000 -1.837179 -0.399238 -0.189627 0.436073 0.468861 0.405438 -1.746177 11.000000
5.876663 -1.830965 -0.385725 -0.161690 0.350196 0.458444 0.419672 -1.696965 11.050000
5.959605 -2.318984 -0.370619 -0.134533 0.265940 0.446685 0.432196 -1.676524 11.100000
6.000000 -2.028178 -0.354001 -0.108303 0.177231 0.432092 0.444902 -1.845146 11.150000
6.000000 -1.913829 -0.335955 -0.083168 0.086169 0.415553 0.456840 -1.803508 11.200000
5.067795 -2.137002 -0.316556 -0.059247 -0.002308 0.399964 0.466551 -1.744309 11.250000
4.390627 -2.225526 -0.296104 -0.036634 -0.091107 0.375067 0.474735 -1.797669 11.300000
3.754435 -1.781369 -0.275078 -0.015383 -0.182329 0.342416 0.481415 -1.841730 11.350000
3.197519 -1.941671 -0.253854 0.004532 -0.270027 0.306840 0.484800 -1.687460 11.400000
3.924444 -2.368207 -0.232699 0.023201 -0.354078 0.269672 0.485054 -1.673434 11.450000
4.574465 -2.726342 -0.211602 0.040625 -0.441791 0.238361 0.483929 -1.810695 11.500000
3.678375 -2.268525 -0.190364 0.056692 -0.537316 0.209370 0.482213 -1.980168 11.550000
4.232290 -2.522095 -0.169130 0.071445 -0.633151 0.173337 0.478353 -1.868135 11.600000
4.240486 -2.199059 -0.147989 0.084923 -0.727714 0.145300 0.472321 -1.905684 11.650000
4.369394 -1.799916 -0.126871 0.097041 -0.819832 0.120852 0.464492 -1.794540 11.700000
4.598640 -1.521754 -0.105766 0.107742 -0.903979 0.104579 0.454965 -1.599815 11.750000
4.725903 -1.037517 -0.084623 0.116897 -0.978691 0.097940 0.444421 -1.415177 11.800000
4.631431 -1.120111 -0.063413 0.124367 -1.042022 0.100587 0.433341 -1.154457 11.850000
4.267032 -1.598191 -0.042160 0.130077 -1.097432 0.107786 0.422320 -1.073150 11.900000
3.516616 -1.818987 -0.020982 0.134113 -1.155295 0.110733 0.412114 -1.221353 11.950000
4.407911 -1.970999 -0.000088 0.136764 -1.220548 0.103288 0.402739 -1.367455 12.000000
4.731763 -1.906844 0.020433 0.138051 -1.292255 0.101732 0.393963 -1.483666 12.050000
5.666478 -1.685912 0.040572 0.137755 -1.367104 0.102415 0.385698 -1.506793 12.100000
5.892252 -1.714104 0.060281 0.135614 -1.440384 0.113385 0.377908 -1.435456 12.150000
4.902628 -1.496650 0.079474 0.131387 -1.511681 0.127772 0.370898 -1.419580 12.200000
5.870744 -1.820158 0.098005 0.125297 -1.580197 0.134448 0.364403 -1.333659 12.250000
5.849235 -1.784607 0.115743 0.117396 -1.649372 0.150104 0.358780 -1.421600 12.300000
5.971613 -1.498844 0.132547 0.107557 -1.721195 0.164153 0.354376 -1.448257 12.350000
5.504295 -1.212143 0.148272 0.095856 -1.790948 0.180183 0.350625 -1.356040 12.400000
6.000000 -1.523466 0.162815 0.082445 -1.854637 0.194464 0.346945 -1.212381 12.450000
6.000000 -1.307091 0.176066 0.067393 -1.916947 0.213727 0.343990 -1.272793 12.500000
5.591485 -1.562485 0.187889 0.050711 -1.979093 0.232531 0.341940 -1.221260 12.550000
6.000000 -1.100587 0.198227 0.032609 -2.042373 0.246413 0.340900 -1.299837 12.600000
6.000000 -0.796091 0.206993 0.013223 -2.103425 0.264652 0.340181 -1.162319 12.650000
6.000000 -0.438680 0.214071 -0.007439 -2.156620 0.285869 0.338799 -0.989530 12.700000
6.000000 -0.280461 0.219403 -0.029310 -2.200055 0.310846 0.336261 -0.776014 12.750000
5.032355 -0.092649 0.222954 -0.052345 -2.234373 0.339141 0.332535 -0.617041 12.800000
5.031873 0.177356 0.224851 -0.076319 -2.261035 0.360945 0.327649 -0.467312 12.850000
5.357675 0.134741 0.225241 -0.101039 -2.279290 0.385767 0.321138 -0.283514 12.900000
5.124364 0.425572 0.224095 -0.126564 -2.291367 0.415441 0.313464 -0.208402 12.950000
4.309337 0.421533 0.221434 -0.152898 -2.297394 0.444419 0.304449 -0.049148 13.000000
4.365753 0.496966 0.217471 -0.179868 -2.297520 0.467126 0.293959 0.035783 13.050000
4.444039 0.845796 0.212375 -0.207354 -2.293566 0.491025 0.282450 0.114560 13.100000
4.858693 0.837267 0.206185 -0.235405 -2.282608 0.517216 0.268746 0.304499 13.150000
5.024516 0.367489 0.198906 -0.264162 -2.264673 0.548415 0.252661 0.402584 13.200000
5.930114 0.171889 0.190539 -0.293745 -2.248482 0.578910 0.237478 0.260210 13.250000
6.000000 0.603289 0.180993 -0.324288 -2.239837 0.613888 0.225663 0.101201 13.300000
5.430367 0.128011 0.170178 -0.355895 -2.232190 0.647628 0.214459 0.195344 13.350000
5.004764 0.358927 0.158240 -0.388444 -2.226508 0.674007 0.204443 0.046606 13.400000
5.935203 0.652628 0.145359 -0.421686 -2.223741 0.694474 0.196080 0.062828 13.450000
6.000000 1.129394 0.131513 -0.455697 -2.216901 0.723717 0.185882 0.197853 13.500000
5.488665 0.820777 0.116663 -0.490697 -2.199431 0.754755 0.170267 0.472987 13.550000
4.693586 1.074533 0.101019 -0.526672 -2.175178 0.780787 0.151166 0.496474 13.600000
4.975262 1.051953 0.084879 -0.563388 -2.146934 0.798436 0.130091 0.621684 13.650000
5.403201 0.903841 0.068436 -0.600778 -2.114090 0.817823 0.106726 0.687439 13.700000
5.917817 0.787929 0.051722 -0.638995 -2.080171 0.839434 0.083057 0.674143 13.750000
6.000000 0.367674 0.034727 -0.678211 -2.047634 0.863686 0.060486 0.635141 13.800000
5.363634 0.004274 0.017460 -0.718501 -2.020855 0.886344 0.041754 0.458730 13.850000
4.893900 0.395404 -0.000019 -0.759671 -2.004345 0.901072 0.029850 0.227838 13.900000
4.278535 0.157431 -0.017638 -0.801412 -1.991697 0.910439 0.020667 0.274789 13.950000
5.184635 -0.224137 -0.035267 -0.843476 -1.979854 0.913528 0.012275 0.207227 14.000000
6.000000 -0.370069 -0.052952 -0.885898 -1.974824 0.924683 0.008589 0.013317 14.050000
5.347708 -0.851998 -0.070935 -0.928988 -1.978841 0.942776 0.010998 -0.158037 14.100000
4.725426 -1.317561 -0.089342 -0.972694 -1.994999 0.953729 0.021590 -0.458705 14.150000
5.070970 -1.309477 -0.108235 -1.016615 -2.027774 0.957353 0.043227 -0.814569 14.200000
4.939783 -1.767576 -0.127800 -1.060534 -2.073646 0.961844 0.073169 -1.001982 14.250000
4.632736 -1.354937 -0.148216 -1.104325 -2.131710 0.961323 0.110525 -1.288486 14.300000
4.627396 -1.080676 -0.169563 -1.147696 -2.195854 0.953878 0.150548 -1.284686 14.350000
4.848324 -1.035029 -0.191814 -1.190456 -2.257687 0.943924 0.187217 -1.205684 14.400000
4.128726 -0.892916 -0.214969 -1.232569 -2.317034 0.934225 0.220518 -1.177422 14.450000
4.233290 -1.164803 -0.238920 -1.273878 -2.374470 0.916349 0.250810 -1.130736 14.500000
4.925114 -1.379938 -0.263543 -1.314214 -2.433762 0.897236 0.280495 -1.231285 14.550000
5.164879 -1.263947 -0.288974 -1.353580 -2.499267 0.880420 0.312318 -1.373223 14.600000
4.465821 -1.651340 -0.315363 -1.391948 -2.568782 0.861946 0.344667 -1.406667 14.650000
3.816759 -1.892021 -0.342572 -1.429117 -2.643974 0.831935 0.378101 -1.578799 14.700000
2.975676 -2.287871 -0.370253 -1.464757 -2.727687 0.789163 0.413306 -1.746132 14.750000
3.775442 -2.046148 -0.397972 -1.498579 -2.821111 0.730727 0.449478 -1.957285 14.800000
2.833420 -1.581574 -0.425576 -1.530494 -2.918760 0.675163 0.482651 -1.949452 14.850000
3.010315 -1.637809 -0.452912 -1.560563 -3.011203 0.612831 0.508112 -1.773736 14.900000
3.223466 -1.258716 -0.479765 -1.588893 -3.098268 0.555769 0.526484 -1.714641 14.950000
2.671735 -0.953672 -0.506212 -1.615613 3.104159 0.505803 0.538475 -1.538670 15.000000
1.763643 -1.340447 -0.532220 -1.640857 3.032867 0.458738 0.543987 -1.337919 15.050000
1.120171 -1.214175 -0.557516 -1.664767 2.964638 0.407050 0.545862 -1.380167 15.100000
1.782934 -1.380292 -0.581763 -1.687487 2.896963 0.351833 0.544916 -1.328529 15.150000
1.133975 -1.689214 -0.605017 -1.709108 2.829856 0.305586 0.541433 -1.348139 15.200000
1.474323 -1.863027 -0.627311 -1.729722 2.759371 0.253059 0.536388 -1.450927 15.250000
0.907360 -1.839757 -0.648582 -1.749438 2.684245 0.202956 0.529706 -1.536287 15.300000
0.075756 -1.709454 -0.668809 -1.768378 2.607168 0.148933 0.520721 -1.540600 15.350000
0.140963 -1.813744 -0.687793 -1.786795 2.531979 0.091655 0.508848 -1.471486 15.400000
0.703978 -1.931502 -0.705516 -1.804867 2.458589 0.039715 0.494402 -1.460705 15.450000
0.000000 -2.278523 -0.722216 -1.822576 2.384834 -0.003750 0.477995 -1.482369 15.500000
0.900472 -2.579497 -0.737970 -1.840018 2.307142 -0.052905 0.459668 -1.603099 15.550000
0.977168 -2.654562 -0.752893 -1.857237 2.222762 -0.093869 0.439165 -1.746827 15.600000
1.533684 -2.665352 -0.767224 -1.874129 2.133286 -0.133058 0.416577 -1.818292 15.650000
1.491423 -2.530316 -0.781136 -1.890600 2.041663 -0.163919 0.392343 -1.841321 15.700000
2.341017 -3.000000 -0.794771 -1.906534 1.950871 -0.190498 0.367207 -1.796493 15.750000
3.266710 -2.525731 -0.808254 -1.921723 1.856705 -0.206628 0.341124 -1.945932 15.800000
3.247245 -2.109030 -0.821722 -1.935751 1.762677 -0.210162 0.315316 -1.834037 15.850000
3.501472 -2.307047 -0.835168 -1.948343 1.676469 -0.207379 0.291560 -1.644815 15.900000
2.848202 -2.641899 -0.848500 -1.959379 1.594173 -0.198194 0.269597 -1.647862 15.950000
3.242443 -2.484179 -0.861626 -1.968948 1.508128 -0.194340 0.248273 -1.775115 16.000000
3.665786 -2.471588 -0.874461 -1.977130 1.419511 -0.185360 0.227734 -1.771276 16.050000
3.098898 -2.372800 -0.886878 -1.983749 1.331018 -0.170384 0.208688 -1.769899 16.100000
2.506296 -2.400152 -0.898771 -1.988867 1.243473 -0.158813 0.191252 -1.737849 16.150000
3.444727 -2.268821 -0.910108 -1.992782 1.156577 -0.151046 0.175099 -1.738606 16.200000
4.145067 -1.916302 -0.920756 -1.995461 1.070940 -0.132757 0.160442 -1.694660 16.250000
3.463196 -1.462326 -0.930429 -1.996629 0.990324 -0.106046 0.148085 -1.552591 16.300000
3.108923 -1.378726 -0.939002 -1.996375 0.919083 -0.083663 0.138194 -1.330076 16.350000
4.087141 -1.348418 -0.946514 -1.994993 0.856088 -0.063063 0.130177 -1.207401 16.400000
4.183532 -1.486662 -0.952796 -1.992467 0.797496 -0.032775 0.123735 -1.145486 16.450000
3.479814 -1.271277 -0.957627 -1.988723 0.739424 -0.002189 0.118804 -1.174206 16.500000
4.054401 -0.915497 -0.961075 -1.983988 0.682639 0.021255 0.115140 -1.106741 16.550000
4.424524 -0.731828 -0.963127 -1.978398 0.631994 0.050351 0.112498 -0.941228 16.600000
3.551207 -0.773410 -0.963583 -1.971921 0.589051 0.083108 0.110697 -0.795310 16.650000
3.401682 -0.999177 -0.962539 -1.964722 0.550713 0.107282 0.109527 -0.744798 16.700000
2.925875 -1.495882 -0.960207 -1.957020 0.511594 0.129075 0.109103 -0.812210 16.750000
2.435216 -1.855847 -0.956731 -1.948977 0.464552 0.144430 0.109995 -1.040679 16.800000
2.609331 -2.164581 -0.952334 -1.940801 0.405639 0.152744 0.112507 -1.283119 16.850000
2.616791 -2.260584 -0.947106 -1.932631 0.335178 0.160308 0.116556 -1.503784 16.900000
2.690650 -2.576160 -0.941038 -1.924556 0.256354 0.165861 0.121760 -1.630418 16.950000
3.285807 -2.153196 -0.934147 -1.916679 0.170047 0.170014 0.127958 -1.796312 17.000000
4.207792 -1.759042 -0.926323 -1.909079 0.082773 0.178628 0.134437 -1.708775 17.050000
3.713930 -1.366005 -0.917254 -1.901824 0.002417 0.196021 0.140567 -1.532790 17.100000
2.893251 -1.704335 -0.906887 -1.895008 -0.068053 0.209444 0.145936 -1.317671 17.150000
2.785065 -1.541681 -0.895577 -1.888699 -0.135032 0.214921 0.151087 -1.356332 17.200000
1.799698 -1.451808 -0.883600 -1.882945 -0.201599 0.218801 0.156214 -1.312828 17.250000
2.600429 -1.190486 -0.871252 -1.877738 -0.265763 0.213456 0.160756 -1.261002 17.300000
2.933851 -1.541274 -0.858605 -1.873095 -0.325362 0.216408 0.164382 -1.139777 17.350000
3.339143 -1.585401 -0.845436 -1.869116 -0.384676 0.222112 0.168038 -1.221899 17.400000
3.730113 -1.391808 -0.831650 -1.865906 -0.447297 0.230277 0.172394 -1.275902 17.450000
4.681035 -1.109505 -0.817161 -1.863589 -0.509710 0.241428 0.176985 -1.227820 17.500000
4.742137 -0.764811 -0.801773 -1.862363 -0.567512 0.261718 0.181280 -1.102153 17.550000
4.105942 -0.274285 -0.785362 -1.862392 -0.617346 0.283451 0.184735 -0.916225 17.600000
4.159090 0.117108 -0.768101 -1.863625 -0.655364 0.301217 0.186300 -0.638753 17.650000
4.939808 0.287675 -0.750115 -1.865984 -0.679133 0.322343 0.185169 -0.345135 17.700000
5.349755 0.062849 -0.731242 -1.869569 -0.690241 0.353094 0.181473 -0.122552 17.750000
4.561021 0.282084 -0.711268 -1.874519 -0.695704 0.387855 0.176700 -0.099087 17.800000
4.319770 0.122605 -0.690297 -1.880729 -0.697806 0.414734 0.171241 0.004716 17.850000
4.075803 -0.166204 -0.668537 -1.887994 -0.697867 0.438773 0.165403 -0.006406 17.900000
3.223558 -0.431058 -0.646112 -1.896205 -0.701765 0.458732 0.161008 -0.137212 17.950000
2.302931 -0.241943 -0.623289 -1.905183 -0.713702 0.468251 0.159463 -0.321666 18.000000
1.837607 0.123240 -0.600455 -1.914664 -0.730347 0.467840 0.159565 -0.341971 18.050000
2.300645 0.243176 -0.577867 -1.924430 -0.743537 0.463882 0.158484 -0.200005 18.100000
2.026275 0.103897 -0.555486 -1.934465 -0.749999 0.465846 0.155201 -0.070884 18.150000
1.514874 0.576880 -0.533242 -1.944778 -0.753163 0.465898 0.150947 -0.056659 18.200000
2.388268 0.721465 -0.511245 -1.955228 -0.750193 0.462451 0.144802 0.155819 18.250000
3.099024 0.873694 -0.489365 -1.965842 -0.737438 0.469069 0.135613 0.336526 18.300000
3.471587 1.350786 -0.467264 -1.976822 -0.716155 0.483324 0.123749 0.497970 18.350000
3.245199 1.633097 -0.444691 -1.988261 -0.683501 0.501838 0.108038 0.776655 18.400000
3.549525 1.371469 -0.421545 -2.000057 -0.637650 0.518441 0.087661 1.027322 18.450000
3.392165 1.868473 -0.397749 -2.012079 -0.585742 0.536483 0.065155 1.048183 18.500000
2.900978 1.451082 -0.373262 -2.024214 -0.527457 0.551117 0.040323 1.257273 18.550000
3.587387 1.010482 -0.348204 -2.036235 -0.466287 0.558714 0.014754 1.199985 18.600000
3.844098 0.988435 -0.322565 -2.048070 -0.411558 0.570351 -0.007763 1.016025 18.650000
2.924890 1.273196 -0.296202 -2.059770 -0.363139 0.582482 -0.027396 0.933473 18.700000
3.083580 1.235240 -0.269301 -2.071218 -0.314205 0.584281 -0.046829 1.015435 18.750000
2.692010 1.347180 -0.242055 -2.082266 -0.262593 0.585971 -0.066776 1.047073 18.800000
3.447989 1.748899 -0.214547 -2.092829 -0.208411 0.582288 -0.087077 1.113537 18.850000
3.005816 1.524276 -0.186728 -2.102832 -0.147330 0.583288 -0.109513 1.305732 18.900000
3.209183 1.498418 -0.158582 -2.112177 -0.081886 0.577541 -0.132863 1.313333 18.950000
2.596365 1.968864 -0.130226 -2.120784 -0.016194 0.571850 -0.155242 1.316161 19.000000
2.797627 1.700935 -0.101827 -2.128596 0.054880 0.557465 -0.178553 1.501913 19.050000
2.381434 1.365705 -0.073563 -2.135539 0.129491 0.542403 -0.201683 1.486572 19.100000
2.740463 0.997544 -0.045547 -2.141613 0.200206 0.523047 -0.221604 1.361351 19.150000
2.104634 0.517034 -0.017813 -2.146855 0.262905 0.508618 -0.237025 1.173551 19.200000
2.058145 0.116048 0.009596 -2.151344 0.314058 0.491581 -0.247086 0.907475 19.250000
2.987304 0.277211 0.036591 -2.155198 0.351509 0.478927 -0.251515 0.624471 19.300000
3.462898 0.359494 0.063442 -2.158404 0.380659 0.478090 -0.252790 0.550119 19.350000
3.398961 -0.096994 0.090470 -2.160863 0.408069 0.482256 -0.253465 0.546909 19.400000
3.871985 0.172063 0.117755 -2.162544 0.430209 0.487470 -0.252372 0.359361 19.450000
3.946008 0.248068 0.145401 -2.163429 0.448567 0.498191 -0.250133 0.373714 19.500000
4.434783 -0.099716 0.173494 -2.163468 0.468361 0.508724 -0.248629 0.414055 19.550000
5.416471 -0.146810 0.202114 -2.162601 0.485712 0.524228 -0.246445 0.293260 19.600000
4.746841 -0.558122 0.231559 -2.160691 0.498119 0.549904 -0.242703 0.212116 19.650000
5.121734 -0.230693 0.261883 -2.157743 0.502789 0.570900 -0.236193 -0.004170 19.700000
6.000000 -0.011220 0.293041 -2.153852 0.503097 0.595916 -0.228204 0.014920 19.750000
6.000000 0.346506 0.325251 -2.148911 0.506744 0.627025 -0.221969 0.121357 19.800000
6.000000 0.141641 0.358594 -2.142821 0.518648 0.654394 -0.219816 0.334035 19.850000
5.438541 -0.162245 0.392943 -2.135555 0.536233 0.678938 -0.220629 0.367000 19.900000
4.726632 -0.039973 0.428102 -2.127174 0.551676 0.697874 -0.220614 0.262416 19.950000
3.920542 -0.094504 0.463789 -2.117862 0.564718 0.710134 -0.219581 0.259883 20.000000
3.788173 -0.167863 0.499674 -2.107824 0.577067 0.714627 -0.218307 0.236483 20.050000
2.823842 0.290405 0.535564 -2.097193 0.587691 0.718237 -0.216231 0.192729 20.100000
3.387613 0.562931 0.571234 -2.086118 0.601938 0.711711 -0.216077 0.359630 20.150000
3.916777 0.344527 0.606543 -2.074609 0.625467 0.707911 -0.220576 0.559895 20.200000
4.799365 0.112189 0.641618 -2.062470 0.653885 0.707521 -0.227334 0.575904 20.250000
5.482708 0.575618 0.676688 -2.049492 0.680374 0.715693 -0.232945 0.493944 20.300000
5.889978 0.940055 0.712004 -2.035449 0.709277 0.728857 -0.239836 0.646292 20.350000
5.935545 0.682705 0.747628 -2.020142 0.747943 0.741625 -0.251881 0.874857 20.400000
6.000000 0.984860 0.783457 -2.003456 0.792106 0.751649 -0.266710 0.892062 20.450000
5.008084 0.965833 0.819363 -1.985353 0.840511 0.759320 -0.283598 1.029285 20.500000
4.316970 0.717634 0.855029 -1.965978 0.893776 0.754375 -0.302543 1.095006 20.550000
3.836463 1.046306 0.890079 -1.945640 0.946849 0.741996 -0.320369 1.037268 20.600000
2.940361 0.546966 0.924290 -1.924576 1.001709 0.723624 -0.337930 1.144165 20.650000
2.274152 0.795004 0.957427 -1.903079 1.054903 0.697294 -0.353128 1.002586 20.700000
2.672850 1.083300 0.989340 -1.881484 1.105933 0.665953 -0.365651 1.034029 20.750000
1.888766 0.986500 1.019999 -1.859868 1.161140 0.636648 -0.378569 1.157356 20.800000
1.979345 0.763574 1.049347 -1.838346 1.219429 0.598750 -0.391050 1.171050 20.850000
1.804304 1.088182 1.077354 -1.817093 1.275599 0.563532 -0.400684 1.085662 20.900000
1.893879 0.628174 1.104079 -1.796133 1.332185 0.527245 -0.408711 1.165179 20.950000
2.717336 0.302367 1.129558 -1.775499 1.386250 0.494172 -0.414125 1.015278 21.000000
2.881081 0.608857 1.153925 -1.754945 1.431343 0.474881 -0.415237 0.812633 21.050000
3.874766 0.257789 1.177296 -1.734200 1.472574 0.460045 -0.414492 0.832895 21.100000
3.386780 0.452075 1.199714 -1.712991 1.510500 0.456959 -0.412419 0.699852 21.150000
2.877745 0.599368 1.221211 -1.691190 1.545812 0.451048 -0.409467 0.710634 21.200000
3.661464 0.270936 1.241767 -1.669053 1.583055 0.439715 -0.407020 0.770773 21.250000
4.232804 0.477935 1.261370 -1.646538 1.618662 0.437150 -0.403952 0.665626 21.300000
4.567915 0.595225 1.280014 -1.623328 1.652806 0.440940 -0.400568 0.696491 21.350000
5.400286 0.307832 1.297660 -1.599253 1.689374 0.446511 -0.398189 0.758944 21.400000
4.671842 0.551476 1.314237 -1.574100 1.725001 0.460204 -0.395824 0.676758 21.450000
4.370949 0.312624 1.329719 -1.547889 1.760504 0.466753 -0.393779 0.736531 21.500000
4.683955 0.640967 1.344113 -1.520920 1.795491 0.470617 -0.391750 0.670873 21.550000
3.749053 0.440161 1.357398 -1.493230 1.831834 0.476590 -0.390395 0.771170 21.600000
3.049444 0.481552 1.369580 -1.465031 1.869511 0.472999 -0.389553 0.739383 21.650000
3.856944 0.551887 1.380756 -1.436724 1.906461 0.463496 -0.388325 0.738006 21.700000
4.599149 0.830645 1.390913 -1.408307 1.944076 0.461581 -0.387214 0.763315 21.750000
3.979892 0.812557 1.399905 -1.379489 1.985682 0.464563 -0.387486 0.885989 21.800000
3.859981 0.953098 1.407698 -1.350337 2.031403 0.459466 -0.389061 0.936294 21.850000
4.088147 0.600671 1.414341 -1.321088 2.080394 0.451617 -0.391430 1.013056 21.900000
4.539632 0.669219 1.419808 -1.291782 2.128135 0.446736 -0.393075 0.909615 21.950000
4.176224 0.973257 1.424012 -1.262303 2.173017 0.447687 -0.393693 0.888443 22.000000
4.349226 1.203086 1.426937 -1.232687 2.220516 0.443770 -0.395086 0.997438 22.050000
4.617924 1.579753 1.428597 -1.203074 2.274295 0.438104 -0.398243 1.135331 22.100000
4.574553 1.886131 1.428924 -1.173520 2.336862 0.430082 -0.403751 1.338969 22.150000
4.125226 1.810952 1.427887 -1.144156 2.409527 0.415848 -0.411604 1.538108 22.200000
3.256307 1.554416 1.425593 -1.115223 2.487896 0.394019 -0.419866 1.588068 22.250000
4.129985 1.621135 1.422313 -1.086998 2.565032 0.364939 -0.426061 1.507566 22.300000
4.875746 2.027127 1.418059 -1.059504 2.640041 0.345825 -0.430179 1.493618 22.350000
4.501350 2.120845 1.412533 -1.032602 2.718770 0.331809 -0.434183 1.633614 22.400000
4.519261 1.634152 1.405718 -1.006371 2.802937 0.311230 -0.438307 1.718548 22.450000
4.843941 1.695922 1.397742 -0.980937 2.884579 0.292772 -0.440541 1.568647 22.500000
4.083266 2.103007 1.388531 -0.956320 2.961839 0.280525 -0.440921 1.526991 22.550000
3.107564 1.642198 1.378223 -0.932598 3.041901 0.259998 -0.440942 1.654523 22.600000
2.484919 1.783622 1.367286 -0.909884 3.121042 0.231844 -0.439385 1.527858 22.650000
3.342752 1.529467 1.356092 -0.888187 -3.085938 0.201014 -0.435778 1.519037 22.700000
2.731415 1.798229 1.344585 -0.867498 -3.012994 0.181720 -0.430491 1.412563 22.750000
3.102636 2.168924 1.332698 -0.847805 -2.940923 0.158564 -0.424199 1.461197 22.800000
3.429287 1.806355 1.320526 -0.829107 -2.863526 0.137341 -0.417565 1.610552 22.850000
3.929544 1.512964 1.307965 -0.811448 -2.785262 0.120217 -0.410172 1.530507 22.900000
3.991364 1.872154 1.294838 -0.794914 -2.712892 0.112465 -0.401859 1.384806 22.950000
3.418186 2.348602 1.281035 -0.779593 -2.641599 0.106980 -0.393443 1.456024 23.000000
4.198105 2.676300 1.266741 -0.765453 -2.562974 0.093305 -0.385374 1.657567 23.050000
3.911162 2.803838 1.252035 -0.752533 -2.474456 0.083137 -0.377550 1.851755 23.100000
4.654033 2.724846 1.236942 -0.740898 -2.378503 0.067870 -0.369591 1.966530 23.150000
5.649316 3.000000 1.221492 -0.730644 -2.279842 0.059808 -0.361233 1.977472 23.200000
4.854194 3.000000 1.205530 -0.722109 -2.178051 0.060894 -0.353081 2.077500 23.250000
3.975644 2.915095 1.189186 -0.715353 -2.073150 0.054184 -0.345129 2.112165 23.300000
3.305011 3.000000 1.172810 -0.710065 -1.968111 0.040656 -0.336697 2.091900 23.350000
3.566325 3.000000 1.156650 -0.705929 -1.862947 0.022603 -0.327388 2.110371 23.400000
4.259312 2.893017 1.140809 -0.702860 -1.757324 0.008842 -0.317222 2.113229 23.450000
3.484861 2.611630 1.125315 -0.701077 -1.652777 0.003976 -0.306711 2.074818 23.500000
4.328243 2.603713 1.110256 -0.700565 -1.552361 -0.004729 -0.296060 1.960342 23.550000
5.263620 3.000000 1.095744 -0.701348 -1.455662 -0.002365 -0.285579 1.915145 23.600000
5.484959 3.000000 1.081937 -0.703805 -1.356268 0.008902 -0.275971 2.040511 23.650000
6.000000 2.807933 1.069041 -0.708104 -1.252867 0.021544 -0.267582 2.088134 23.700000
6.000000 3.000000 1.057298 -0.714288 -1.149868 0.039723 -0.260603 2.040620 23.750000
6.000000 3.000000 1.046943 -0.722320 -1.046294 0.057878 -0.255240 2.094172 23.800000
5.475327 2.651253 1.038161 -0.732012 -0.940958 0.075387 -0.251461 2.116276 23.850000
4.843845 3.000000 1.031039 -0.743061 -0.838428 0.088763 -0.248789 2.004272 23.900000
5.254215 3.000000 1.025527 -0.755074 -0.735772 0.096027 -0.246998 2.088204 23.950000
5.756767 2.961355 1.021674 -0.767814 -0.630453 0.106130 -0.246092 2.119677 24.000000
6.000000 3.000000 1.019708 -0.781203 -0.524491 0.120366 -0.246182 2.119475 24.050000
6.000000 2.558944 1.019826 -0.795094 -0.418065 0.136069 -0.247445 2.135565 24.100000
5.578069 2.428383 1.022105 -0.809257 -0.315569 0.152257 -0.249443 1.989541 24.150000
4.668456 2.657100 1.026463 -0.823427 -0.218921 0.165583 -0.251794 1.892823 24.200000
3.859321 3.000000 1.032575 -0.837323 -0.122911 0.169821 -0.254608 1.940176 24.250000
3.423854 2.509754 1.039979 -0.850706 -0.021853 0.164227 -0.257883 2.078906 24.300000
3.642608 2.036615 1.048310 -0.863432 0.078495 0.154655 -0.260388 1.955179 24.350000
2.839843 2.072086 1.057486 -0.875427 0.170001 0.150375 -0.261339 1.739314 24.400000
3.586933 1.688295 1.067358 -0.886662 0.254918 0.141078 -0.261144 1.667973 24.450000
2.755308 1.803822 1.077888 -0.897081 0.333438 0.141414 -0.260034 1.498323 24.500000
3.665672 1.656578 1.089034 -0.906654 0.407597 0.135683 -0.258393 1.471647 24.550000
2.853508 1.476883 1.100770 -0.915325 0.479287 0.139668 -0.256520 1.405660 24.600000
2.919346 1.863804 1.113072 -0.923051 0.546860 0.137572 -0.254352 1.310660 24.650000
2.662806 1.961383 1.125741 -0.929882 0.615390 0.136032 -0.252282 1.415423 24.700000
1.694796 1.774252 1.138669 -0.935829 0.688432 0.130809 -0.250545 1.494414 24.750000
1.258243 1.420901 1.151573 -0.941064 0.762046 0.116787 -0.248407 1.455215 24.800000
1.244387 1.559787 1.164202 -0.945807 0.830500 0.101235 -0.245165 1.303840 24.850000
1.569781 1.931541 1.176507 -0.950130 0.895293 0.087687 -0.241085 1.289240 24.900000
1.955976 2.369238 1.188543 -0.953985 0.963517 0.076932 -0.236796 1.420449 24.950000
2.821211 2.524983 1.200380 -0.957261 1.040709 0.067714 -0.232638 1.634816 25.000000
2.639199 2.994077 1.212118 -0.959738 1.126511 0.064623 -0.228695 1.775253 25.050000
2.928449 2.899766 1.223759 -0.961306 1.221687 0.057521 -0.224989 1.995731 25.100000
2.056342 3.000000 1.235223 -0.961973 1.322835 0.052055 -0.221207 2.042177 25.150000
2.149246 2.725147 1.246412 -0.961895 1.426425 0.038509 -0.216946 2.092412 25.200000
3.144389 3.000000 1.257241 -0.961262 1.528707 0.027370 -0.211885 2.011889 25.250000
2.565390 2.837397 1.267685 -0.959823 1.631253 0.026547 -0.206585 2.078698 25.300000
2.384496 3.000000 1.277684 -0.957510 1.734209 0.020996 -0.201233 2.044976 25.350000
2.436291 3.000000 1.287188 -0.954530 1.837751 0.014575 -0.195640 2.089035 25.400000
2.429498 2.879871 1.296150 -0.950943 1.942643 0.009323 -0.189822 2.103934 25.450000
1.792583 3.000000 1.304517 -0.946777 2.046750 0.005241 -0.183849 2.066514 25.500000
2.746500 2.576874 1.312309 -0.942198 2.150897 -0.003763 -0.177601 2.094346 25.550000
2.988848 2.541436 1.319437 -0.937179 2.251553 -0.001848 -0.171306 1.955094 25.600000
2.668216 2.221265 1.325679 -0.931538 2.347467 0.004153 -0.165517 1.891942 25.650000
3.259519 2.546455 1.330985 -0.925360 2.438067 0.008837 -0.160265 1.754092 25.700000
3.410821 2.570925 1.335252 -0.918687 2.527662 0.019662 -0.155704 1.819643 25.750000
2.527775 2.821883 1.338308 -0.911523 2.619647 0.031488 -0.152066 1.854523 25.800000
3.154958 3.000000 1.340281 -0.904078 2.715373 0.034306 -0.149121 1.957798 25.850000
3.789834 2.506888 1.341215 -0.896503 2.816216 0.042169 -0.146787 2.059245 25.900000
3.193450 2.555707 1.340834 -0.888822 2.915202 0.056274 -0.145238 1.923057 25.950000
2.266668 2.722818 1.339132 -0.881165 3.010426 0.065197 -0.144401 1.891285 26.000000
2.964334 3.000000 1.336486 -0.873714 3.106388 0.065107 -0.143929 1.939351 26.050000
1.972695 2.585471 1.332983 -0.866577 -3.076450 0.070686 -0.143883 2.055429 26.100000
2.778648 3.000000 1.328743 -0.859826 -2.976711 0.066957 -0.143855 1.951295 26.150000
3.321662 3.000000 1.323846 -0.853539 -2.875984 0.070670 -0.143894 2.059844 26.200000
2.844781 3.000000 1.318051 -0.847863 -2.771836 0.078579 -0.144528 2.099584 26.250000
3.285618 3.000000 1.311432 -0.842892 -2.666429 0.081387 -0.145606 2.114296 26.300000
3.891768 2.736614 1.304093 -0.838713 -2.560550 0.087915 -0.147026 2.120102 26.350000
4.550492 2.785792 1.295934 -0.835536 -2.457156 0.100093 -0.148930 2.030988 26.400000
3.615452 2.884618 1.286856 -0.833632 -2.355999 0.118060 -0.151716 2.017995 26.450000
2.867455 3.000000 1.277072 -0.833026 -2.254183 0.126067 -0.155400 2.049679 26.500000
3.593308 3.000000 1.267002 -0.833466 -2.150165 0.125814 -0.159433 2.102262 26.550000
3.602585 3.000000 1.256792 -0.834971 -2.044490 0.131374 -0.163676 2.121721 26.600000
3.794695 2.898244 1.246494 -0.837692 -1.938180 0.136037 -0.168216 2.129602 26.650000
3.262213 2.826149 1.236242 -0.841662 -1.832634 0.141820 -0.172916 2.097909 26.700000
3.600653 2.621576 1.226197 -0.846783 -1.728787 0.142170 -0.177508 2.062123 26.750000
3.736592 2.827150 1.216500 -0.852977 -1.628141 0.145811 -0.181756 1.977907 26.800000
2.834431 2.761816 1.207256 -0.860310 -1.528001 0.150116 -0.186102 2.020854 26.850000
3.125615 2.630439 1.198573 -0.868535 -1.427165 0.145111 -0.190335 2.013704 26.900000
3.033264 2.133554 1.190529 -0.877445 -1.327910 0.142878 -0.193996 1.964615 26.950000
3.145773 2.058881 1.183194 -0.887034 -1.235349 0.141215 -0.196701 1.769187 27.000000
3.636383 2.353868 1.176631 -0.897266 -1.149825 0.142257 -0.198589 1.667652 27.050000
4.450939 2.282924 1.170951 -0.908210 -1.064473 0.147639 -0.200607 1.736044 27.100000
3.593360 2.316475 1.166366 -0.920033 -0.977615 0.159705 -0.203246 1.738445 27.150000
3.859225 2.594551 1.162934 -0.932603 -0.890281 0.162870 -0.206317 1.752864 27.200000
3.393410 2.689557 1.160632 -0.945678 -0.799555 0.167034 -0.209919 1.859513 27.250000
3.131073 2.565996 1.159457 -0.959087 -0.704413 0.164972 -0.213979 1.934096 27.300000
3.507488 2.908094 1.159301 -0.972591 -0.608184 0.159727 -0.217766 1.917658 27.350000
3.880811 3.000000 1.160194 -0.986098 -0.508950 0.156801 -0.221492 2.032700 27.400000
3.439588 2.751903 1.162273 -0.999569 -0.405154 0.155561 -0.225447 2.106749 27.450000
3.870627 2.752909 1.165503 -1.012868 -0.301587 0.149813 -0.228964 2.046017 27.500000
3.743972 2.423331 1.169867 -1.025875 -0.199919 0.148433 -0.231898 2.024337 27.550000
4.274621 2.577189 1.175409 -1.038501 -0.102326 0.146857 -0.234183 1.899783 27.600000
3.974725 2.108896 1.182194 -1.050644 -0.007076 0.150732 -0.236235 1.908973 27.650000
3.508771 2.405556 1.190229 -1.062192 0.083625 0.152892 -0.237908 1.745237 27.700000
4.009277 2.034578 1.199289 -1.073054 0.172181 0.151140 -0.239324 1.789918 27.750000
4.556117 2.132798 1.209317 -1.083132 0.258299 0.154747 -0.240467 1.673194 27.800000
4.635904 2.544668 1.220490 -1.092284 0.341705 0.164044 -0.241673 1.664783 27.850000
5.520244 2.057388 1.232843 -1.100363 0.429208 0.172188 -0.243865 1.812612 27.900000
5.657410 2.182415 1.246439 -1.107167 0.516443 0.188032 -0.246660 1.695875 27.950000
5.158884 2.407841 1.261349 -1.112473 0.601316 0.204966 -0.250064 1.699411 28.000000
4.763465 2.001867 1.277327 -1.116228 0.688758 0.215281 -0.254567 1.785441 28.050000
4.497734 2.251837 1.294026 -1.118482 0.774792 0.221472 -0.259179 1.673774 28.100000
4.193111 2.625399 1.311192 -1.119286 0.859887 0.224748 -0.263789 1.722784 28.150000
3.846952 2.820828 1.328578 -1.118716 0.950498 0.222502 -0.269157 1.877245 28.200000
4.431526 3.000000 1.345927 -1.116899 1.048064 0.213874 -0.275060 2.004384 28.250000
4.697081 3.000000 1.363105 -1.113808 1.151463 0.208027 -0.281131 2.113229 28.300000
4.728665 3.000000 1.380043 -1.109300 1.258253 0.202733 -0.287065 2.151742 28.350000
4.274675 3.000000 1.396603 -1.103351 1.366230 0.196648 -0.292522 2.164947 28.400000
4.857639 3.000000 1.412613 -1.096111 1.474590 0.185686 -0.297178 2.168432 28.450000
5.277683 2.512865 1.427937 -1.087608 1.583020 0.179916 -0.301035 2.168557 28.500000
6.000000 2.116856 1.442446 -1.077672 1.686465 0.179825 -0.303867 1.998015 28.550000
6.000000 2.242387 1.455974 -1.066087 1.780497 0.190007 -0.305725 1.796429 28.600000
6.000000 2.432412 1.468339 -1.052758 1.869478 0.201653 -0.307573 1.768042 28.650000
6.000000 2.197569 1.479384 -1.037816 1.959612 0.212095 -0.310240 1.828438 28.700000
6.000000 2.073889 1.488961 -1.021424 2.049313 0.221961 -0.313378 1.769588 28.750000
5.134973 1.752781 1.496942 -1.003733 2.135909 0.232384 -0.316550 1.705080 28.800000
4.990851 1.467917 1.503330 -0.985060 2.217111 0.236346 -0.319140 1.564691 28.850000
5.415713 1.711583 1.508185 -0.965700 2.290737 0.241870 -0.320620 1.404288 28.900000
5.900371 2.112747 1.511407 -0.945700 2.361706 0.252135 -0.322021 1.431242 28.950000
5.817596 2.559684 1.512812 -0.925060 2.437924 0.263997 -0.324920 1.594152 29.000000
6.000000 2.864258 1.512314 -0.903941 2.524271 0.269721 -0.330130 1.824473 29.050000
6.000000 3.000000 1.509898 -0.882592 2.621241 0.271387 -0.337426 2.022455 29.100000
6.000000 3.000000 1.505555 -0.861259 2.725889 0.268406 -0.345880 2.143288 29.150000
5.211212 2.662746 1.499327 -0.840190 2.834317 0.262548 -0.354404 2.186455 29.200000
5.782862 2.337515 1.491441 -0.819649 2.940625 0.249474 -0.361481 2.082941 29.250000
6.000000 2.810464 1.481974 -0.799805 3.040322 0.244616 -0.366455 1.930146 29.300000
6.000000 2.806347 1.470787 -0.780771 3.140075 0.241292 -0.371014 2.041534 29.350000
5.586430 2.964127 1.457942 -0.762727 -3.039908 0.235734 -0.375667 2.079926 29.400000
6.000000 3.000000 1.443664 -0.745833 -2.933928 0.224501 -0.379994 2.147235 29.450000
6.000000 2.938388 1.428092 -0.730239 -2.825552 0.215729 -0.383782 2.181480 29.500000
6.000000 2.533039 1.411280 -0.716104 -2.716797 0.206602 -0.386792 2.170144 29.550000
6.000000 2.364848 1.393366 -0.703552 -2.612589 0.199877 -0.388400 2.022633 29.600000
6.000000 2.636060 1.374461 -0.692696 -2.514772 0.196640 -0.388685 1.908562 29.650000
5.351046 2.417664 1.354696 -0.683635 -2.417780 0.193943 -0.388665 1.962145 29.700000
6.000000 2.029884 1.334355 -0.676336 -2.321390 0.185670 -0.388166 1.902581 29.750000
6.000000 2.290039 1.313580 -0.670871 -2.230962 0.187008 -0.386641 1.740327 29.800000
5.667324 2.139003 1.292401 -0.667412 -2.143014 0.189780 -0.385002 1.772682 29.850000
4.910158 1.817613 1.271035 -0.665918 -2.055595 0.189821 -0.383426 1.730602 29.900000
5.183903 1.707529 1.249753 -0.666186 -1.972929 0.185512 -0.381125 1.596244 29.950000
5.251387 1.885592 1.228709 -0.668138 -1.895837 0.187073 -0.378092 1.501599 30.000000
5.901772 2.038980 1.207986 -0.671848 -1.819961 0.190132 -0.375150 1.529417 30.050000
6.000000 2.319583 1.187680 -0.677444 -1.741516 0.198079 -0.372974 1.598458 30.100000
6.000000 2.213168 1.167924 -0.685025 -1.657807 0.204142 -0.372032 1.730060 30.150000
5.835753 2.535228 1.148903 -0.694517 -1.570911 0.208431 -0.371881 1.743897 30.200000
5.012446 2.295999 1.130791 -0.705786 -1.480183 0.209070 -0.372473 1.865914 30.250000
5.023936 2.239701 1.113727 -0.718482 -1.388056 0.201261 -0.372989 1.825148 30.300000
5.443877 2.053270 1.097803 -0.732333 -1.297875 0.194826 -0.372745 1.787596 30.350000
4.544544 2.135094 1.083143 -0.747361 -1.210884 0.194221 -0.371837 1.704910 30.400000
4.929328 2.434216 1.069794 -0.763378 -1.125733 0.186339 -0.370457 1.701122 30.450000
5.912185 2.003651 1.057788 -0.780170 -1.037631 0.181016 -0.369128 1.806067 30.500000
5.629178 2.396820 1.047352 -0.797888 -0.950672 0.185771 -0.367650 1.690614 30.550000
5.757818 2.406134 1.038651 -0.816545 -0.863296 0.187657 -0.366520 1.789126 30.600000
5.731049 2.507189 1.031732 -0.835934 -0.772643 0.189143 -0.365965 1.830475 30.650000
5.116138 2.605096 1.026660 -0.855887 -0.679612 0.189188 -0.365802 1.882444 30.700000
4.261995 2.633749 1.023350 -0.876127 -0.583929 0.182216 -0.365762 1.935712 30.750000
4.124038 2.336563 1.021527 -0.896294 -0.486340 0.166671 -0.365185 1.962420 30.800000
3.695791 2.402138 1.020988 -0.916160 -0.391099 0.151764 -0.363288 1.862390 30.850000
3.273417 2.238846 1.021614 -0.935606 -0.298483 0.135058 -0.360128 1.844021 30.900000
3.070708 2.224056 1.023209 -0.954510 -0.208293 0.116717 -0.355700 1.773440 30.950000
3.929032 2.205804 1.025630 -0.972802 -0.120671 0.099030 -0.350080 1.736066 31.000000
3.331728 2.048583 1.029023 -0.990463 -0.034560 0.091412 -0.343771 1.711579 31.050000
2.854203 2.509684 1.033432 -1.007450 0.049032 0.080454 -0.336958 1.642005 31.100000
3.440014 2.741864 1.038583 -1.023716 0.135109 0.065141 -0.329750 1.778778 31.150000
3.482206 2.443198 1.044443 -1.039215 0.227904 0.053744 -0.322264 1.911031 31.200000
2.516302 2.014683 1.051095 -1.053875 0.321732 0.043690 -0.314353 1.851087 31.250000
1.713810 2.089577 1.058315 -1.067713 0.409093 0.028799 -0.305714 1.670719 31.300000
1.495836 2.567873 1.065732 -1.080849 0.491302 0.010171 -0.296275 1.623759 31.350000
1.070880 2.693582 1.073142 -1.093388 0.576890 -0.010028 -0.286040 1.775181 31.400000
2.025038 2.798797 1.080410 -1.105438 0.668542 -0.034477 -0.274702 1.873910 31.450000
2.042536 2.835145 1.087644 -1.116947 0.764320 -0.049170 -0.262365 1.945052 31.500000
1.175046 2.849262 1.095018 -1.127774 0.862663 -0.062395 -0.249406 1.982077 31.550000
1.079936 2.964223 1.102401 -1.138062 0.962256 -0.081823 -0.235687 1.998274 31.600000
1.909935 3.000000 1.109678 -1.147978 1.063471 -0.099989 -0.221010 2.042470 31.650000
2.608391 3.000000 1.116959 -1.157361 1.166402 -0.108193 -0.205771 2.070127 31.700000
1.629469 2.745434 1.124388 -1.165858 1.270210 -0.107715 -0.190716 2.080727 31.750000
1.939565 3.000000 1.131901 -1.173503 1.371764 -0.113718 -0.176152 1.995702 31.800000
1.815692 3.000000 1.139408 -1.180408 1.473284 -0.114618 -0.161855 2.055419 31.850000
1.378739 3.000000 1.146874 -1.186510 1.576707 -0.115090 -0.147846 2.077990 31.900000
1.535258 2.960998 1.154247 -1.191926 1.680865 -0.117807 -0.134140 2.087011 31.950000
1.670267 3.000000 1.161482 -1.196704 1.784933 -0.117047 -0.120843 2.077607 32.000000
0.966634 2.691438 1.168516 -1.200763 1.889143 -0.113253 -0.108164 2.089184 32.050000
0.534354 2.660937 1.175333 -1.204230 1.990584 -0.114029 -0.096252 1.985907 32.100000
0.000000 3.000000 1.181984 -1.207340 2.088488 -0.116766 -0.084915 1.938259 32.150000
0.000000 3.000000 1.188552 -1.210274 2.188403 -0.123074 -0.073477 2.041440 32.200000
0.000000 3.000000 1.195101 -1.213106 2.291580 -0.127873 -0.061742 2.079487 32.250000
0.409962 2.914883 1.201625 -1.215794 2.395972 -0.130941 -0.050006 2.094002 32.300000
1.292610 3.000000 1.208032 -1.218243 2.499976 -0.128429 -0.038688 2.070408 32.350000
1.151738 2.926714 1.214047 -1.220266 2.604148 -0.116285 -0.028289 2.092974 32.400000
1.790580 2.759873 1.219483 -1.221804 2.708306 -0.104535 -0.019130 2.076371 32.450000
2.456403 2.817580 1.224187 -1.222885 2.810258 -0.086067 -0.011555 2.012563 32.500000
3.143170 3.000000 1.227839 -1.223505 2.910819 -0.061177 -0.005893 2.010360 32.550000
3.734997 2.562037 1.230118 -1.223732 3.013196 -0.030224 -0.002374 2.074086 32.600000
2.773637 2.179896 1.230737 -1.223712 3.113074 0.005390 -0.001411 1.942812 32.650000
3.625850 2.217631 1.229828 -1.223646 -3.078338 0.030739 -0.002542 1.757713 32.700000
4.304739 2.690248 1.227476 -1.223719 -2.992102 0.062845 -0.005341 1.700648 32.750000
4.216576 2.631528 1.223412 -1.224140 -2.902757 0.099565 -0.010368 1.849731 32.800000
4.675194 2.643232 1.217625 -1.225128 -2.809228 0.133239 -0.017802 1.885866 32.850000
4.636789 3.000000 1.210191 -1.226902 -2.714393 0.168770 -0.027433 1.904875 32.900000
4.735825 2.745957 1.201206 -1.229680 -2.615216 0.200981 -0.039617 2.040480 32.950000
4.128650 3.000000 1.190880 -1.233637 -2.514304 0.230986 -0.053832 2.003036 33.000000
4.411210 2.824922 1.179539 -1.238831 -2.411862 0.251999 -0.069673 2.082348 33.050000
3.871917 2.894489 1.167478 -1.245312 -2.308618 0.272460 -0.086626 2.053368 33.100000
4.562497 2.540413 1.154959 -1.253081 -2.205443 0.284706 -0.104190 2.071667 33.150000
4.179878 2.127596 1.142178 -1.262194 -2.105201 0.300896 -0.121571 1.958134 33.200000
5.083479 2.607328 1.129274 -1.272701 -2.012675 0.311981 -0.137630 1.773636 33.250000
4.166662 2.562781 1.116370 -1.284693 -1.920911 0.329146 -0.153930 1.881206 33.300000
3.474557 2.282610 1.103669 -1.298116 -1.826023 0.334350 -0.171121 1.910739 33.350000
2.832200 2.530951 1.091454 -1.312545 -1.732977 0.331223 -0.187335 1.825654 33.400000
2.221255 2.675111 1.079885 -1.327605 -1.639979 0.320290 -0.202515 1.885209 33.450000
2.545042 2.574086 1.069062 -1.342926 -1.543551 0.301278 -0.216931 1.959853 33.500000
1.956169 2.186879 1.059028 -1.358366 -1.445797 0.283842 -0.229862 1.951626 33.550000
2.697498 1.876459 1.049771 -1.373805 -1.352332 0.261454 -0.240110 1.809408 33.600000
3.467120 2.203638 1.041285 -1.389263 -1.266701 0.248310 -0.247390 1.641635 33.650000
4.018271 1.907067 1.033666 -1.405060 -1.183083 0.242735 -0.253511 1.694901 33.700000
5.008168 2.310856 1.027059 -1.421413 -1.100845 0.242322 -0.258987 1.608146 33.750000
5.207594 1.852633 1.021678 -1.438558 -1.017136 0.249974 -0.264769 1.723133 33.800000
5.497041 1.873093 1.017733 -1.456590 -0.934436 0.258888 -0.270627 1.603866 33.850000
5.242370 1.571818 1.015361 -1.475470 -0.855317 0.270826 -0.276228 1.567267 33.900000
4.526661 1.279536 1.014628 -1.495061 -0.780497 0.280975 -0.281397 1.444457 33.950000
4.464028 1.631325 1.015417 -1.515086 -0.712791 0.286343 -0.285355 1.286762 34.000000
4.326200 1.873120 1.017623 -1.535330 -0.646531 0.291124 -0.289148 1.354521 34.050000
4.889821 2.012297 1.021206 -1.555636 -0.575366 0.292116 -0.293968 1.474932 34.100000
5.503879 2.509342 1.026240 -1.575908 -0.498687 0.295573 -0.299886 1.577487 34.150000
5.619874 2.869714 1.032935 -1.596107 -0.413345 0.300326 -0.307679 1.802075 34.200000
6.000000 2.714976 1.041386 -1.616075 -0.316958 0.300268 -0.317703 2.018674 34.250000
6.000000 2.813447 1.051624 -1.635605 -0.215259 0.300068 -0.328471 2.045411 34.300000
5.763495 2.788504 1.063654 -1.654502 -0.111652 0.297538 -0.339166 2.091523 34.350000
4.963592 2.374135 1.077323 -1.672556 -0.006825 0.290876 -0.349389 2.100238 34.400000
4.546516 2.693624 1.092288 -1.689597 0.094016 0.277641 -0.357672 1.956808 34.450000
5.319916 2.581243 1.108194 -1.705540 0.193575 0.260655 -0.364353 2.015109 34.500000
5.941003 2.881213 1.125020 -1.720273 0.293737 0.250397 -0.369931 1.994377 34.550000
6.000000 3.000000 1.142961 -1.733617 0.396293 0.244371 -0.375171 2.091458 34.600000
5.497670 2.615016 1.161994 -1.745405 0.503073 0.236240 -0.380425 2.166592 34.650000
5.473441 2.527656 1.181848 -1.755584 0.608203 0.223947 -0.384412 2.056548 34.700000
6.000000 3.000000 1.202295 -1.764137 0.708924 0.213759 -0.386733 1.983747 34.750000
5.515145 2.919022 1.223283 -1.770926 0.812152 0.207245 -0.388783 2.121842 34.800000
6.000000 2.937293 1.244625 -1.775915 0.918802 0.194409 -0.390514 2.140161 34.850000
6.000000 2.973865 1.266130 -1.779070 1.026123 0.186027 -0.391469 2.150378 34.900000
5.969376 3.000000 1.287680 -1.780285 1.134070 0.177543 -0.391826 2.164483 34.950000
5.496902 3.000000 1.309077 -1.779566 1.242652 0.168756 -0.391583 2.176159 35.000000
4.577625 3.000000 1.330094 -1.777045 1.351512 0.155862 -0.390538 2.177112 35.050000
3.764877 2.527139 1.350498 -1.773073 1.460272 0.135217 -0.388215 2.172521 35.100000
4.329044 2.170114 1.370132 -1.768078 1.563873 0.111002 -0.383765 1.998932 35.150000
4.104652 2.008663 1.388936 -1.762095 1.658168 0.098508 -0.377426 1.803452 35.200000
3.677722 1.549970 1.406852 -1.755020 1.744431 0.089341 -0.370059 1.667501 35.250000
3.793132 1.477550 1.423839 -1.746993 1.821362 0.082084 -0.361874 1.442687 35.300000
4.311426 1.639134 1.439849 -1.738066 1.890044 0.081037 -0.353288 1.321706 35.350000
4.326546 1.582599 1.454781 -1.728111 1.956411 0.086724 -0.345000 1.331787 35.400000
3.905429 1.986867 1.468531 -1.717075 2.022537 0.093167 -0.337275 1.315818 35.450000
4.321581 2.354144 1.481086 -1.705129 2.092485 0.094383 -0.330276 1.461105 35.500000
4.862018 1.893500 1.492401 -1.692393 2.171150 0.096180 -0.324201 1.656214 35.550000
5.810595 1.743759 1.502311 -1.678810 2.251348 0.102886 -0.318654 1.565709 35.600000
4.849941 1.851185 1.510525 -1.664212 2.327057 0.120646 -0.313647 1.476748 35.650000
5.137944 2.339148 1.516982 -1.648724 2.401061 0.129993 -0.309409 1.482943 35.700000
5.815165 2.591051 1.521748 -1.632614 2.480496 0.139760 -0.306373 1.667172 35.750000
5.140691 2.922554 1.524632 -1.615935 2.568637 0.152086 -0.304976 1.833070 35.800000
5.048165 2.428006 1.525638 -1.598906 2.665586 0.154115 -0.305037 2.015257 35.850000
5.871082 2.426458 1.524930 -1.581828 2.763202 0.154915 -0.305225 1.907163 35.900000
5.904443 2.408115 1.522337 -1.564806 2.857406 0.164720 -0.305399 1.867871 35.950000
6.000000 2.510744 1.517682 -1.547962 2.950232 0.174974 -0.306077 1.848840 36.000000
5.101091 2.602415 1.510977 -1.531496 3.043587 0.185369 -0.307491 1.880835 36.050000
5.012640 2.378101 1.502482 -1.515629 3.138960 0.185950 -0.309484 1.926753 36.100000
5.943591 2.197918 1.492509 -1.500546 -3.049708 0.185802 -0.311292 1.864109 36.150000
5.074867 1.705555 1.480930 -1.486406 -2.959031 0.195720 -0.312842 1.777388 36.200000
5.313925 1.510975 1.467804 -1.473341 -2.876243 0.200378 -0.313677 1.566756 36.250000
5.076576 1.958497 1.453330 -1.461439 -2.802349 0.210807 -0.313632 1.412287 36.300000
5.124728 2.309571 1.437579 -1.450793 -2.728733 0.218723 -0.314066 1.517419 36.350000
4.316593 2.336096 1.420740 -1.441481 -2.647884 0.223580 -0.315968 1.690623 36.400000
4.495200 2.395771 1.403138 -1.433496 -2.561106 0.217941 -0.318694 1.768174 36.450000
4.346717 1.988846 1.385045 -1.426822 -2.471231 0.212517 -0.321454 1.818614 36.500000
4.822800 2.096674 1.366573 -1.421502 -2.384013 0.206803 -0.323340 1.689966 36.550000
5.534273 1.715215 1.347755 -1.417632 -2.299836 0.206883 -0.324552 1.678892 36.600000
5.919498 1.721498 1.328514 -1.415452 -2.220012 0.215374 -0.325306 1.536199 36.650000
5.774174 1.248058 1.308815 -1.415206 -2.144723 0.229036 -0.325959 1.483939 36.700000
5.394760 1.072114 1.288769 -1.416971 -2.076117 0.243718 -0.326202 1.289087 36.750000
4.887425 0.643186 1.268551 -1.420670 -2.015846 0.257990 -0.325663 1.142689 36.800000
5.867904 0.210811 1.248340 -1.426135 -1.965156 0.271293 -0.323918 0.915248 36.850000
6.000000 0.122762 1.228143 -1.433493 -1.927058 0.298843 -0.320405 0.643081 36.900000
6.000000 -0.144973 1.207889 -1.442996 -1.899474 0.331268 -0.315487 0.480351 36.950000
6.000000 0.098975 1.187596 -1.454655 -1.880659 0.366317 -0.309222 0.293838 37.000000
5.579421 0.524535 1.167278 -1.468436 -1.865733 0.401739 -0.302620 0.303708 37.050000
4.695176 0.528950 1.147021 -1.484174 -1.845390 0.429748 -0.298219 0.491012 37.100000
4.574609 0.231432 1.127011 -1.501488 -1.818020 0.445686 -0.296467 0.592995 37.150000
4.566832 0.701570 1.107392 -1.520092 -1.790234 0.459753 -0.295183 0.526633 37.200000
4.195468 0.279869 1.088216 -1.539916 -1.759460 0.472006 -0.295224 0.686521 37.250000
3.643167 0.359571 1.069575 -1.560818 -1.727608 0.479875 -0.295820 0.598338 37.300000
3.083690 0.735559 1.051528 -1.582559 -1.697981 0.483177 -0.295765 0.588066 37.350000
2.919991 0.712970 1.034141 -1.604849 -1.664486 0.479577 -0.297049 0.734454 37.400000
3.455662 0.528793 1.017486 -1.627475 -1.626034 0.472515 -0.299833 0.796023 37.450000
4.118681 0.250182 1.001593 -1.650493 -1.587459 0.470522 -0.302428 0.752379 37.500000
3.591698 0.643846 0.986460 -1.674172 -1.553522 0.476568 -0.303413 0.621037 37.550000
3.432931 0.293284 0.972086 -1.698531 -1.519826 0.477530 -0.304389 0.715799 37.600000
2.629287 0.010473 0.958496 -1.723369 -1.486658 0.477160 -0.305139 0.621957 37.650000
3.003447 0.025557 0.945663 -1.748461 -1.460067 0.472072 -0.303572 0.459550 37.700000
3.285849 0.206812 0.933540 -1.773738 -1.439261 0.473111 -0.300081 0.380977 37.750000
3.823645 0.417099 0.922127 -1.799361 -1.419293 0.477164 -0.296476 0.414068 37.800000
3.994813 0.177362 0.911462 -1.825491 -1.395715 0.484678 -0.294326 0.517855 37.850000
4.464044 0.562705 0.901600 -1.852241 -1.371042 0.493101 -0.292751 0.474206 37.900000
5.114630 0.324854 0.892586 -1.879718 -1.343541 0.504446 -0.292433 0.610949 37.950000
5.914567 -0.146394 0.884521 -1.908104 -1.313694 0.520428 -0.293231 0.586686 38.000000
6.000000 -0.092046 0.877507 -1.937681 -1.289928 0.545588 -0.292101 0.387241 38.050000
6.000000 -0.141684 0.871577 -1.968631 -1.272697 0.573136 -0.288873 0.311209 38.100000
5.714156 -0.550076 0.866721 -2.000935 -1.258714 0.600888 -0.284742 0.254946 38.150000
5.772632 -0.999129 0.862891 -2.034492 -1.251444 0.627490 -0.278068 0.056051 38.200000
5.404336 -1.447877 0.859986 -2.069270 -1.256895 0.658286 -0.265935 -0.244792 38.250000
5.933889 -1.855862 0.857833 -2.105259 -1.278808 0.689945 -0.246194 -0.594568 38.300000
5.275049 -2.020429 0.856219 -2.142574 -1.318138 0.729915 -0.217767 -0.938784 38.350000
5.959431 -2.152565 0.854858 -2.181231 -1.371665 0.764192 -0.181749 -1.174855 38.400000
5.932306 -2.098808 0.853454 -2.221221 -1.435182 0.802704 -0.140015 -1.346796 38.450000
6.000000 -1.924571 0.851743 -2.262612 -1.504527 0.836496 -0.094691 -1.422316 38.500000
6.000000 -2.089746 0.849472 -2.305277 -1.575272 0.865308 -0.048536 -1.415364 38.550000
6.000000 -2.531238 0.846431 -2.349062 -1.648368 0.888482 -0.001157 -1.503190 38.600000
6.000000 -2.396412 0.842380 -2.393778 -1.729944 0.905438 0.051114 -1.733531 38.650000
5.936989 -1.947152 0.837051 -2.439184 -1.818618 0.914941 0.106962 -1.810784 38.700000
5.740359 -1.569786 0.830279 -2.485004 -1.906156 0.917107 0.160489 -1.714862 38.750000
5.511874 -1.282967 0.822037 -2.530962 -1.987622 0.912901 0.208124 -1.573208 38.800000
5.846568 -0.873253 0.812381 -2.576812 -2.062265 0.903994 0.249295 -1.438848 38.850000
5.986267 -1.095472 0.801334 -2.622472 -2.128779 0.897719 0.283387 -1.253333 38.900000
5.642403 -0.677620 0.788873 -2.667965 -2.192041 0.891423 0.313935 -1.278361 38.950000
6.000000 -0.675163 0.775028 -2.713137 -2.252152 0.881154 0.341013 -1.147752 39.000000
5.281338 -0.750190 0.759814 -2.757930 -2.308214 0.874535 0.364247 -1.103938 39.050000
6.000000 -0.903447 0.743304 -2.802206 -2.363950 0.860007 0.386034 -1.125145 39.100000
6.000000 -1.173890 0.725497 -2.845852 -2.422379 0.849673 0.408198 -1.204053 39.150000
6.000000 -1.596285 0.706276 -2.888827 -2.486727 0.834589 0.432598 -1.351818 39.200000
6.000000 -1.613657 0.685662 -2.930908 -2.560842 0.811968 0.460994 -1.581493 39.250000
6.000000 -1.380240 0.663709 -2.971840 -2.642960 0.782228 0.491503 -1.688743 39.300000
5.086595 -1.693567 0.640497 -3.011440 -2.726291 0.749685 0.519719 -1.651176 39.350000
5.450875 -1.268693 0.616313 -3.049520 -2.811728 0.705490 0.545732 -1.750098 39.400000
4.755829 -0.800905 0.591374 -3.085944 -2.895787 0.664834 0.567508 -1.629430 39.450000
5.160937 -0.373989 0.565797 -3.120729 -2.970752 0.624459 0.581871 -1.400453 39.500000
5.602632 -0.863361 0.539613 -3.153954 -3.033248 0.598332 0.588498 -1.134252 39.550000
5.322210 -0.412842 0.512579 -3.185714 -3.091810 0.580080 0.592293 -1.197987 39.600000
5.346669 -0.615035 0.484695 -3.215989 3.135738 0.562114 0.593971 -1.046045 39.650000
5.219989 -1.024541 0.456019 -3.244778 3.083307 0.547635 0.593702 -1.049141 39.700000
4.728472 -0.810332 0.426630 -3.272050 3.026504 0.529044 0.594521 -1.200645 39.750000
4.703258 -0.681870 0.396777 -3.297765 2.967119 0.504520 0.595361 -1.175575 39.800000
5.423439 -0.928884 0.366617 -3.321927 2.910286 0.482826 0.594292 -1.104775 39.850000
4.451749 -1.328572 0.336008 -3.344497 2.853441 0.468795 0.592562 -1.159915 39.900000
5.294582 -0.842914 0.305094 -3.365473 2.790638 0.441630 0.592002 -1.326117 39.950000
5.267212 -0.950418 0.274011 -3.384835 2.727785 0.423444 0.590428 -1.203012 40.000000
4.892569 -0.725501 0.242596 -3.402504 2.668168 0.408514 0.587229 -1.182554 40.050000
4.162168 -0.417308 0.210962 -3.418509 2.611919 0.393687 0.582544 -1.079331 40.100000
3.222759 -0.367835 0.179322 -3.432970 2.562829 0.378725 0.575462 -0.904724 40.150000
3.961169 -0.799472 0.147944 -3.446090 2.520631 0.361498 0.566273 -0.794403 40.200000
4.267239 -1.232405 0.116839 -3.457896 2.477776 0.351830 0.557207 -0.904497 40.250000
3.390705 -1.022321 0.085887 -3.468266 2.426497 0.339545 0.550224 -1.117210 40.300000
3.443557 -0.585570 0.055305 -3.477321 2.370434 0.316533 0.543943 -1.121971 40.350000
3.233968 -0.475728 0.025253 -3.485200 2.319283 0.299050 0.535992 -0.944963 40.400000
2.986650 -0.026898 -0.004307 -3.491914 2.275730 0.286377 0.526207 -0.812023 40.450000
3.267580 -0.095589 -0.033374 -3.497518 2.242065 0.279496 0.514477 -0.562668 40.500000
3.317211 0.246985 -0.062040 -3.501968 2.216704 0.281755 0.501475 -0.462518 40.550000
2.909407 0.369658 -0.090405 -3.505188 2.198945 0.289931 0.487485 -0.268455 40.600000
3.240562 -0.055328 -0.118487 -3.507230 2.189798 0.299933 0.472316 -0.113019 40.650000
3.693348 0.177859 -0.146323 -3.508112 2.181537 0.313355 0.457600 -0.208301 40.700000
3.090300 0.635725 -0.174002 -3.507727 2.172349 0.330046 0.443705 -0.164208 40.750000
2.334108 0.380917 -0.201521 -3.506131 2.170101 0.344752 0.428733 0.053374 40.800000
2.317408 0.311296 -0.228767 -3.503597 2.173146 0.354907 0.413019 0.067319 40.850000
1.939100 0.289998 -0.255664 -3.500302 2.175939 0.364302 0.397916 0.046664 40.900000
1.372150 0.209443 -0.282168 -3.496357 2.177749 0.369238 0.383597 0.028096 40.950000
2.247012 0.644932 -0.308158 -3.491970 2.178001 0.367887 0.370197 -0.013126 41.000000
2.079439 0.950651 -0.333695 -3.487099 2.181878 0.376486 0.356303 0.152688 41.050000
1.643456 0.584313 -0.358950 -3.481613 2.195603 0.387741 0.340194 0.373930 41.100000
2.219812 0.140428 -0.383924 -3.475643 2.213398 0.396016 0.323439 0.341953 41.150000
1.965573 0.317062 -0.408646 -3.469199 2.224978 0.406278 0.308949 0.142036 41.200000
2.634498 0.356748 -0.433117 -3.462261 2.231177 0.411359 0.296465 0.109766 41.250000
2.816949 0.126805 -0.457391 -3.454781 2.236688 0.422072 0.284590 0.110886 41.300000
3.186480 -0.103345 -0.481591 -3.446629 2.239598 0.432981 0.273891 0.014951 41.350000
2.532424 -0.533030 -0.505764 -3.437735 2.236187 0.444538 0.265527 -0.136798 41.400000
2.749102 -0.143995 -0.529799 -3.428180 2.222091 0.445790 0.260866 -0.399579 41.450000
2.006759 -0.492703 -0.553551 -3.418058 2.202747 0.447237 0.258033 -0.376495 41.500000
2.058012 -0.282168 -0.576925 -3.407480 2.180306 0.440719 0.256251 -0.506454 41.550000
1.073619 -0.593157 -0.599795 -3.396583 2.155565 0.434191 0.255137 -0.485170 41.600000
1.477000 -0.458286 -0.622036 -3.385554 2.128140 0.417892 0.254678 -0.598215 41.650000
1.275449 -0.423614 -0.643563 -3.374508 2.098240 0.405150 0.254675 -0.597298 41.700000
2.091659 -0.686916 -0.664417 -3.363404 2.068841 0.391230 0.254245 -0.579970 41.750000
1.148707 -0.827747 -0.684678 -3.352115 2.037168 0.384669 0.254250 -0.675537 41.800000
0.359425 -1.213902 -0.704315 -3.340681 2.000550 0.367892 0.255314 -0.776371 41.850000
0.428588 -1.487514 -0.723132 -3.329484 1.956174 0.341678 0.257736 -0.972915 41.900000
0.656235 -1.581411 -0.741046 -3.318702 1.902081 0.313548 0.261482 -1.164329 41.950000
1.053397 -1.359336 -0.758079 -3.308299 1.840552 0.285705 0.265605 -1.279775 42.000000
1.905572 -1.661496 -0.774297 -3.298157 1.777644 0.261845 0.268716 -1.240951 42.050000
0.959363 -1.352169 -0.789800 -3.288001 1.712892 0.245924 0.271168 -1.335228 42.100000
1.401064 -1.398509 -0.804600 -3.277877 1.648397 0.221761 0.272556 -1.254702 42.150000
2.150546 -1.476867 -0.818713 -3.267898 1.586242 0.203443 0.272568 -1.233504 42.200000
2.839213 -1.783026 -0.832172 -3.257783 1.524050 0.192808 0.271948 -1.251171 42.250000
3.783803 -1.546572 -0.844959 -3.247220 1.458015 0.187612 0.271529 -1.372771 42.300000
3.927985 -1.385271 -0.856998 -3.235881 1.390456 0.190864 0.271274 -1.335123 42.350000
4.623590 -1.641078 -0.868196 -3.223560 1.325870 0.196454 0.270827 -1.259199 42.400000
4.415021 -1.353623 -0.878443 -3.210122 1.261040 0.208217 0.270848 -1.325312 42.450000
5.011140 -1.099027 -0.887635 -3.195548 1.197017 0.217867 0.271223 -1.247070 42.500000
4.173671 -0.743043 -0.895664 -3.179828 1.138320 0.234613 0.271321 -1.119055 42.550000
4.095222 -0.345814 -0.902502 -3.163071 1.087802 0.245951 0.270596 -0.927156 42.600000
4.569575 -0.143605 -0.908206 -3.145498 1.048291 0.260229 0.268368 -0.683623 42.650000
4.536581 -0.016267 -0.912713 -3.127031 1.019627 0.282420 0.264638 -0.486367 42.700000
5.255194 -0.298151 -0.915967 -3.107591 0.999460 0.306610 0.259736 -0.337322 42.750000
4.879177 -0.498706 -0.917893 -3.087070 0.981426 0.337391 0.254936 -0.380615 42.800000
5.628563 -0.262688 -0.918457 -3.065481 0.959373 0.362184 0.251671 -0.490459 42.850000
5.907621 0.186102 -0.917609 -3.042851 0.935860 0.392535 0.249329 -0.455228 42.900000
5.883020 0.191673 -0.915216 -3.019050 0.918605 0.426449 0.245753 -0.257205 42.950000
5.590132 -0.147666 -0.911275 -2.994055 0.908611 0.461255 0.240444 -0.154027 43.000000
4.972223 -0.392167 -0.905873 -2.967966 0.898427 0.491938 0.235648 -0.245141 43.050000
4.440706 -0.708313 -0.899165 -2.941042 0.881917 0.513682 0.233484 -0.399749 43.100000
3.491963 -1.077585 -0.891319 -2.913610 0.856025 0.526643 0.235081 -0.612784 43.150000
2.535218 -1.416303 -0.882538 -2.886077 0.818222 0.526303 0.241203 -0.869028 43.200000
3.187039 -1.071885 -0.873098 -2.858918 0.767593 0.512406 0.251657 -1.123450 43.250000
2.305986 -0.711407 -0.863032 -2.832303 0.711895 0.502614 0.263132 -1.107230 43.300000
3.203536 -0.858815 -0.852397 -2.806293 0.660647 0.485890 0.272102 -0.961698 43.350000
2.731460 -0.774684 -0.841199 -2.780870 0.612808 0.478890 0.279161 -0.953229 43.400000
3.378353 -0.346584 -0.829373 -2.755983 0.566171 0.467828 0.285255 -0.916833 43.450000
4.067166 -0.788578 -0.816890 -2.731611 0.525542 0.465245 0.288898 -0.731280 43.500000
3.961551 -0.863564 -0.803484 -2.707580 0.486513 0.469600 0.291933 -0.819651 43.550000
4.354013 -1.076612 -0.789059 -2.683890 0.443473 0.471009 0.296282 -0.893234 43.600000
3.508047 -0.616506 -0.773580 -2.660602 0.395442 0.473685 0.302227 -1.013275 43.650000
3.054320 -0.777053 -0.757179 -2.637844 0.348242 0.468380 0.307611 -0.890569 43.700000
2.812783 -0.589510 -0.740155 -2.615744 0.303542 0.459821 0.311755 -0.896555 43.750000
2.447443 -0.996782 -0.722675 -2.594367 0.260731 0.449950 0.314841 -0.824524 43.800000
1.629330 -1.302281 -0.704888 -2.573755 0.215987 0.436076 0.318078 -0.949037 43.850000
1.392994 -1.132345 -0.687102 -2.554008 0.163634 0.411628 0.322883 -1.121406 43.900000
0.772042 -1.277476 -0.669598 -2.535198 0.107342 0.383900 0.327653 -1.128033 43.950000
1.131581 -0.996746 -0.652591 -2.517321 0.049421 0.350463 0.331452 -1.180023 44.000000
1.371531 -0.884567 -0.636141 -2.500337 -0.007020 0.322133 0.333485 -1.088290 44.050000
2.068979 -1.351574 -0.620076 -2.484180 -0.058906 0.299132 0.333408 -0.997617 44.100000
1.200567 -1.381338 -0.604158 -2.468821 -0.112625 0.282702 0.332996 -1.132296 44.150000
1.143930 -1.582059 -0.588457 -2.454243 -0.171139 0.256720 0.332700 -1.197764 44.200000
1.859405 -1.248378 -0.573213 -2.440397 -0.233858 0.229373 0.332031 -1.295676 44.250000
2.548458 -1.538307 -0.558282 -2.427288 -0.296099 0.210056 0.330264 -1.205270 44.300000
2.195728 -1.771548 -0.543334 -2.414982 -0.358290 0.198085 0.327869 -1.272255 44.350000
2.870359 -2.147717 -0.528329 -2.403500 -0.425145 0.181435 0.325556 -1.384907 44.400000
2.727733 -1.708933 -0.513258 -2.392874 -0.499664 0.168522 0.323585 -1.568024 44.450000
1.772661 -1.507764 -0.498076 -2.383158 -0.575464 0.154448 0.321093 -1.476628 44.500000
1.736376 -1.419921 -0.483009 -2.374219 -0.645980 0.134647 0.317230 -1.359647 44.550000
2.429713 -0.993327 -0.468223 -2.365926 -0.711509 0.117817 0.312139 -1.272675 44.600000
2.099018 -1.295639 -0.453569 -2.358384 -0.769386 0.111767 0.306062 -1.069453 44.650000
2.366499 -1.025848 -0.438959 -2.351664 -0.823556 0.104880 0.299662 -1.093630 44.700000
2.294658 -0.972564 -0.424419 -2.345760 -0.875556 0.102084 0.293135 -0.998568 44.750000
3.209748 -0.940105 -0.409924 -2.340716 -0.923655 0.100720 0.286483 -0.933541 44.800000
3.476439 -0.589082 -0.395370 -2.336698 -0.969132 0.109343 0.279996 -0.891194 44.850000
2.880904 -0.451885 -0.380628 -2.333938 -1.009281 0.122506 0.273640 -0.734505 44.900000
3.631213 -0.090754 -0.365766 -2.332381 -1.042398 0.132553 0.267206 -0.605657 44.950000
3.946494 0.000127 -0.350782 -2.332071 -1.066861 0.152570 0.260463 -0.396881 45.000000
4.187221 0.241221 -0.335557 -2.333228 -1.082750 0.177956 0.253349 -0.254565 45.050000
4.591606 0.006035 -0.320034 -2.335952 -1.090682 0.207443 0.245698 -0.080986 45.100000
4.804441 -0.289979 -0.304143 -2.340347 -1.094943 0.240826 0.237927 -0.089787 45.150000
5.350325 -0.632545 -0.287846 -2.346481 -1.103126 0.273683 0.231266 -0.225242 45.200000
4.824011 -0.170764 -0.271136 -2.354441 -1.120469 0.307545 0.226944 -0.446330 45.250000
4.960263 -0.174301 -0.254108 -2.364162 -1.140822 0.334360 0.223795 -0.376273 45.300000
5.073436 -0.240072 -0.236856 -2.375521 -1.158754 0.362192 0.220556 -0.345232 45.350000
4.368422 -0.424267 -0.219400 -2.388526 -1.176409 0.390120 0.217718 -0.360316 45.400000
3.383750 -0.032818 -0.201852 -2.403002 -1.196830 0.409631 0.216074 -0.447739 45.450000
2.928423 -0.261238 -0.184415 -2.418539 -1.216057 0.419615 0.214328 -0.333820 45.500000
2.947600 -0.496750 -0.167218 -2.434800 -1.233725 0.425470 0.212294 -0.369237 45.550000
3.289278 -0.943472 -0.150322 -2.451667 -1.255400 0.430151 0.211625 -0.485251 45.600000
2.768821 -0.770438 -0.133761 -2.469193 -1.286383 0.435113 0.213936 -0.726561 45.650000
3.269502 -1.101061 -0.117637 -2.487298 -1.324112 0.432936 0.218265 -0.776794 45.700000
3.729596 -1.115141 -0.102017 -2.505950 -1.367332 0.433592 0.224128 -0.933040 45.750000
4.156870 -0.876402 -0.086932 -2.525325 -1.416242 0.436351 0.231597 -1.013676 45.800000
5.000838 -1.321683 -0.072422 -2.545585 -1.465418 0.442387 0.239029 -0.961042 45.850000
4.579175 -1.774651 -0.058522 -2.566980 -1.517773 0.454435 0.247561 -1.114287 45.900000
5.330318 -1.505170 -0.045350 -2.589515 -1.580443 0.457824 0.259443 -1.359661 45.950000
5.586478 -1.825368 -0.033067 -2.613151 -1.648632 0.464989 0.272931 -1.368167 46.000000
6.000000 -2.126342 -0.021806 -2.638013 -1.720705 0.471471 0.287590 -1.497552 46.050000
5.638006 -2.391900 -0.011741 -2.664102 -1.800439 0.476916 0.304637 -1.667870 46.100000
6.000000 -2.382861 -0.003031 -2.691232 -1.888696 0.473193 0.324011 -1.837292 46.150000
5.334326 -2.026451 0.004179 -2.719188 -1.982461 0.468131 0.344256 -1.903997 46.200000
4.926234 -1.802881 0.009829 -2.747713 -2.074786 0.455336 0.362680 -1.805497 46.250000
5.287848 -1.465718 0.013988 -2.776460 -2.161684 0.439898 0.377782 -1.688851 46.300000
5.384685 -1.746799 0.016642 -2.805342 -2.241282 0.430669 0.389309 -1.520709 46.350000
4.533010 -2.191719 0.017710 -2.834376 -2.318376 0.422890 0.399209 -1.557765 46.400000
3.806282 -1.702155 0.017306 -2.863291 -2.401372 0.403222 0.409749 -1.734322 46.450000
2.905107 -2.034486 0.015711 -2.891685 -2.484849 0.376241 0.418629 -1.620811 46.500000
2.490828 -1.540142 0.013249 -2.919279 -2.567940 0.341312 0.425262 -1.689932 46.550000
1.898152 -1.972945 0.010214 -2.945888 -2.647793 0.305227 0.428793 -1.526298 46.600000
1.636647 -1.676246 0.006831 -2.971451 -2.726551 0.265448 0.429829 -1.608552 46.650000
0.991586 -1.403825 0.003319 -2.995923 -2.804501 0.225287 0.428436 -1.519560 46.700000
0.829252 -1.860885 -0.000124 -3.019322 -2.876244 0.184587 0.423943 -1.368716 46.750000
1.056383 -1.478141 -0.003338 -3.041693 -2.947475 0.144768 0.417501 -1.463493 46.800000
1.923109 -1.101923 -0.006334 -3.063119 -3.017402 0.110022 0.409277 -1.347466 46.850000
1.429968 -0.712610 -0.009412 -3.083716 -3.079114 0.090007 0.399398 -1.147027 46.900000
1.684316 -0.314300 -0.012736 -3.103550 -3.129566 0.073039 0.388411 -0.901610 46.950000
0.753945 -0.486129 -0.016341 -3.122653 3.116268 0.066630 0.376746 -0.625153 47.000000
1.115526 -0.137355 -0.020149 -3.141057 3.086930 0.056428 0.364938 -0.555522 47.050000
1.111254 0.246016 -0.024071 -3.158787 3.064147 0.053622 0.353156 -0.375304 47.100000
1.634539 0.705643 -0.028249 -3.175858 3.052414 0.056436 0.341360 -0.120033 47.150000
0.846547 0.651372 -0.032883 -3.192282 3.055615 0.070968 0.329370 0.215093 47.200000
0.160011 0.280732 -0.037980 -3.208092 3.070732 0.082788 0.317134 0.372667 47.250000
1.136787 0.551851 -0.043223 -3.223350 3.087385 0.088179 0.305150 0.300902 47.300000
0.690139 1.020135 -0.048667 -3.238082 3.104461 0.102347 0.293442 0.373835 47.350000
0.988182 0.700911 -0.054443 -3.252313 3.129497 0.114648 0.281369 0.601800 47.400000
1.713810 0.410528 -0.060542 -3.266091 -3.124050 0.130549 0.269072 0.585150 47.450000
1.412450 -0.062065 -0.067179 -3.279459 -3.098367 0.150693 0.257229 0.455932 47.500000
1.161346 0.068397 -0.074388 -3.292443 -3.082872 0.163406 0.246647 0.191270 47.550000
2.159451 -0.120752 -0.081966 -3.305037 -3.075756 0.170351 0.237317 0.102100 47.600000
2.604679 0.339960 -0.090046 -3.317260 -3.074240 0.184449 0.228974 -0.029375 47.650000
2.137404 0.542844 -0.098924 -3.329136 -3.072388 0.202225 0.220842 0.091565 47.700000
2.658725 0.559586 -0.108581 -3.340695 -3.063631 0.216974 0.211942 0.243373 47.750000
3.619127 0.679556 -0.119023 -3.351980 -3.049033 0.237517 0.202297 0.331094 47.800000
3.630146 0.846463 -0.130575 -3.363072 -3.029866 0.267198 0.191902 0.424929 47.850000
3.265410 0.953778 -0.143424 -3.374054 -3.005421 0.296865 0.180399 0.539709 47.900000
2.595846 0.549929 -0.157436 -3.384990 -2.975633 0.322834 0.167633 0.640165 47.950000
2.064404 0.293781 -0.172318 -3.395908 -2.946775 0.340847 0.155080 0.527305 48.000000
2.655655 -0.132556 -0.187733 -3.406777 -2.924878 0.351351 0.144388 0.366528 48.050000
3.184485 -0.233051 -0.203648 -3.417582 -2.913761 0.364607 0.136640 0.104823 48.100000
2.213399 0.188366 -0.220272 -3.428334 -2.913661 0.380151 0.131968 -0.083177 48.150000
1.822674 0.588401 -0.237465 -3.438972 -2.915798 0.385669 0.128046 -0.009134 48.200000
2.135413 1.039749 -0.254903 -3.449444 -2.910408 0.388628 0.122183 0.204391 48.250000
2.180082 0.864674 -0.272566 -3.459817 -2.891745 0.396420 0.112780 0.510028 48.300000
2.047636 1.063147 -0.290529 -3.470202 -2.863802 0.405386 0.100948 0.598392 48.350000
1.054568 1.282984 -0.308742 -3.480653 -2.830346 0.412992 0.087747 0.725733 48.400000
0.914069 1.063533 -0.326924 -3.491150 -2.789783 0.411210 0.072844 0.879152 48.450000
0.082207 0.930276 -0.344797 -3.501658 -2.746107 0.407644 0.057624 0.870191 48.500000
0.000000 0.579387 -0.362140 -3.512093 -2.704080 0.395525 0.043639 0.818451 48.550000
0.000000 0.379752 -0.378766 -3.522348 -2.667657 0.382119 0.032065 0.658569 48.600000
0.862215 -0.116729 -0.394689 -3.532372 -2.639089 0.368457 0.023337 0.502601 48.650000
0.041797 -0.288373 -0.410124 -3.542220 -2.621775 0.362759 0.018041 0.220224 48.700000
0.000000 -0.341879 -0.425122 -3.551845 -2.616924 0.349302 0.016199 -0.004313 48.750000
0.356018 -0.595112 -0.439550 -3.561107 -2.621220 0.335783 0.016700 -0.153186 48.800000
0.548956 -0.809154 -0.453511 -3.570023 -2.634072 0.325890 0.019167 -0.341737 48.850000
1.233781 -1.007321 -0.467149 -3.578633 -2.656385 0.317843 0.023640 -0.530376 48.900000
1.121632 -0.644990 -0.480674 -3.587001 -2.687835 0.315978 0.029951 -0.707456 48.950000
1.430612 -0.644240 -0.494213 -3.595158 -2.721615 0.312768 0.036506 -0.650775 49.000000
1.177220 -0.835705 -0.507809 -3.603117 -2.753400 0.312376 0.042352 -0.624057 49.050000
1.950619 -0.584960 -0.521468 -3.610874 -2.786417 0.309319 0.048235 -0.689280 49.100000
1.533490 -0.483726 -0.535302 -3.618455 -2.818995 0.313338 0.053828 -0.622073 49.150000
0.761361 -0.136741 -0.549382 -3.625881 -2.848059 0.313368 0.058493 -0.549128 49.200000
0.136878 0.104022 -0.563431 -3.633076 -2.870574 0.306609 0.061480 -0.371056 49.250000
0.894482 0.460321 -0.577139 -3.639990 -2.883783 0.295040 0.062226 -0.177179 49.300000
0.680367 0.238358 -0.590551 -3.646681 -2.885566 0.291917 0.060483 0.081430 49.350000
0.000000 0.182419 -0.603801 -3.653232 -2.880082 0.287513 0.057298 0.133112 49.400000
0.563232 0.271772 -0.616693 -3.659611 -2.873265 0.277041 0.053983 0.139255 49.450000
1.429165 0.052446 -0.629216 -3.665821 -2.865146 0.272269 0.050563 0.181545 49.500000
1.741319 0.224240 -0.641703 -3.671963 -2.857957 0.275628 0.047448 0.112882 49.550000
2.511339 0.439483 -0.654417 -3.678111 -2.851347 0.281688 0.044525 0.148169 49.600000
2.246154 0.735087 -0.667586 -3.684350 -2.840900 0.294851 0.040862 0.258686 49.650000
1.365844 0.750396 -0.681298 -3.690742 -2.822914 0.305361 0.035619 0.441564 49.700000
1.925006 1.001644 -0.695263 -3.697248 -2.798000 0.307442 0.028967 0.543954 49.750000
1.434237 0.714241 -0.709385 -3.703885 -2.766491 0.314607 0.020991 0.698852 49.800000
1.926693 0.694550 -0.723649 -3.710693 -2.732598 0.316640 0.012656 0.661740 49.850000
1.972917 1.149516 -0.738033 -3.717687 -2.700196 0.322778 0.004843 0.637587 49.900000
0.975838 1.132760 -0.752623 -3.724935 -2.663505 0.328743 -0.003853 0.809919 49.950000
