0.404728 0.309178 -0.430161 -0.518817 1.276130 0.130065 0.000000 -0.492900 0.000000
1.364582 0.213567 -0.428265 -0.512626 1.261204 0.128915 0.001374 -0.140847 0.050000
0.454764 -0.043016 -0.426301 -0.506280 1.258334 0.136734 0.001594 0.011557 0.100000
0.627298 -0.402345 -0.424281 -0.499772 1.258267 0.135808 0.001547 -0.012060 0.150000
0.487288 -0.823903 -0.422257 -0.493272 1.253097 0.136508 0.002000 -0.178623 0.200000
0.151314 -0.657275 -0.420210 -0.486776 1.236788 0.135832 0.003518 -0.445734 0.250000
0.000000 -1.065486 -0.418158 -0.480400 1.212535 0.131969 0.005715 -0.516606 0.300000
0.799118 -0.809362 -0.416127 -0.474250 1.181091 0.126699 0.008420 -0.717866 0.350000
0.073643 -1.287760 -0.414049 -0.468187 1.145300 0.128875 0.011397 -0.714274 0.400000
0.000000 -1.581954 -0.411913 -0.462201 1.104296 0.123983 0.014707 -0.902759 0.450000
0.231693 -2.039757 -0.409791 -0.456469 1.053434 0.118170 0.018599 -1.105402 0.500000
0.347899 -2.171276 -0.407656 -0.450967 0.990629 0.114101 0.023172 -1.370148 0.550000
0.000000 -2.430308 -0.405458 -0.445639 0.917515 0.110498 0.028244 -1.531011 0.600000
0.558365 -2.922936 -0.403235 -0.440545 0.836344 0.102951 0.033463 -1.691482 0.650000
0.612168 -2.532215 -0.400956 -0.435664 0.744806 0.099784 0.038951 -1.931798 0.700000
1.522028 -2.537358 -0.398533 -0.430917 0.649643 0.096363 0.044287 -1.882753 0.750000
2.503983 -2.838501 -0.395792 -0.426192 0.555975 0.100954 0.049379 -1.866679 0.800000
3.316097 -3.000000 -0.392365 -0.421306 0.459681 0.113631 0.055086 -1.968722 0.850000
3.367126 -3.000000 -0.387880 -0.416182 0.358466 0.132156 0.062108 -2.064341 0.900000
3.738164 -2.843537 -0.382164 -0.410911 0.254210 0.149121 0.070470 -2.100252 0.950000
4.081919 -3.000000 -0.375148 -0.405652 0.150384 0.167680 0.079813 -2.060089 1.000000
4.104417 -3.000000 -0.366723 -0.400562 0.046146 0.187279 0.090311 -2.102853 1.050000
4.640352 -3.000000 -0.356884 -0.395833 -0.059501 0.204581 0.102015 -2.120734 1.100000
4.011539 -3.000000 -0.345609 -0.391669 -0.165793 0.224348 0.114812 -2.130213 1.150000
3.120698 -2.534189 -0.333057 -0.388245 -0.272476 0.235540 0.128403 -2.136833 1.200000
3.866200 -2.162011 -0.319710 -0.385616 -0.374682 0.236927 0.141230 -1.978456 1.250000
4.671973 -1.842781 -0.305705 -0.383857 -0.468127 0.245268 0.152457 -1.790371 1.300000
4.506229 -1.825967 -0.290809 -0.383188 -0.552305 0.261404 0.162435 -1.606109 1.350000
5.121044 -1.465180 -0.275006 -0.383746 -0.630415 0.275638 0.171828 -1.530556 1.400000
5.550380 -1.050379 -0.258340 -0.385661 -0.702317 0.295546 0.180570 -1.369978 1.450000
5.478944 -0.956698 -0.240742 -0.389135 -0.764539 0.320282 0.188017 -1.150562 1.500000
4.658706 -0.743683 -0.222260 -0.394259 -0.818434 0.344949 0.194339 -1.023387 1.550000
4.332272 -0.515316 -0.203144 -0.400900 -0.865743 0.362353 0.199588 -0.887322 1.600000
3.958192 -0.429612 -0.183644 -0.408861 -0.905877 0.377701 0.203313 -0.737246 1.650000
4.729378 0.062434 -0.163906 -0.418007 -0.939827 0.390508 0.205624 -0.633629 1.700000
4.492900 -0.090900 -0.143897 -0.428405 -0.964589 0.412460 0.205625 -0.385313 1.750000
4.872544 -0.255614 -0.123541 -0.440133 -0.982115 0.433366 0.203848 -0.322993 1.800000
3.967742 0.157914 -0.102846 -0.453192 -0.999312 0.457079 0.202320 -0.361594 1.850000
4.884432 0.264390 -0.081923 -0.467445 -1.013267 0.472364 0.199988 -0.212391 1.900000
4.877248 0.037585 -0.060762 -0.482866 -1.020469 0.497400 0.195605 -0.088422 1.950000
5.359847 -0.303674 -0.039244 -0.499595 -1.025691 0.521908 0.190801 -0.117987 2.000000
4.992527 0.036246 -0.017352 -0.517684 -1.036052 0.548597 0.188240 -0.280774 2.050000
4.424235 -0.265469 0.004846 -0.537116 -1.048663 0.570241 0.186814 -0.229515 2.100000
5.254989 -0.109237 0.027196 -0.557666 -1.062907 0.585324 0.186293 -0.330299 2.150000
5.871334 0.378245 0.049666 -0.579362 -1.079173 0.606978 0.186822 -0.322002 2.200000
5.802856 0.403138 0.072389 -0.602470 -1.089614 0.634924 0.185013 -0.117060 2.250000
5.270866 0.440401 0.095459 -0.627048 -1.092124 0.663068 0.179820 0.004754 2.300000
4.845782 0.849496 0.118844 -0.652910 -1.089573 0.686321 0.172426 0.089433 2.350000
4.852561 0.505917 0.142490 -0.679794 -1.079013 0.706425 0.161258 0.311454 2.400000
4.274785 0.469426 0.166435 -0.707545 -1.063996 0.726496 0.148079 0.292378 2.450000
3.345853 0.645485 0.190635 -0.735988 -1.049954 0.739913 0.135686 0.272658 2.500000
4.284571 0.858416 0.214924 -0.764770 -1.034443 0.744167 0.122848 0.342199 2.550000
5.223378 0.787543 0.239358 -0.793851 -1.013714 0.757457 0.107553 0.474521 2.600000
4.731380 0.579056 0.264239 -0.823538 -0.988709 0.778992 0.090191 0.522429 2.650000
4.162260 0.720781 0.289660 -0.853841 -0.964060 0.794428 0.073307 0.471403 2.700000
5.006557 0.505649 0.315487 -0.884492 -0.939386 0.803374 0.056761 0.513249 2.750000
5.382114 0.814294 0.341783 -0.915482 -0.915345 0.819178 0.040938 0.456884 2.800000
5.736422 1.240002 0.368727 -0.946981 -0.889579 0.837331 0.024320 0.564208 2.850000
5.679074 0.842696 0.396488 -0.979008 -0.854810 0.857472 0.002455 0.801798 2.900000
5.163970 0.953293 0.425202 -1.011453 -0.815576 0.875065 -0.021861 0.774805 2.950000
4.829949 0.730915 0.454800 -1.044096 -0.775591 0.885796 -0.046229 0.822785 3.000000
5.739160 0.571970 0.485156 -1.076688 -0.735897 0.891696 -0.069807 0.774771 3.050000
5.345505 0.399672 0.516361 -1.109250 -0.699210 0.904892 -0.090922 0.704803 3.100000
5.375750 0.887790 0.548479 -1.141812 -0.666518 0.913434 -0.109006 0.616422 3.150000
5.469917 0.429588 0.581426 -1.174260 -0.631130 0.920621 -0.128448 0.782785 3.200000
5.076375 0.797070 0.615244 -1.206487 -0.594503 0.927201 -0.148177 0.696214 3.250000
5.861871 1.117277 0.649860 -1.238385 -0.556435 0.928552 -0.168306 0.815599 3.300000
5.029844 1.242627 0.685365 -1.269856 -0.510148 0.933954 -0.193300 1.015074 3.350000
5.906164 0.767952 0.721751 -1.300692 -0.455012 0.927205 -0.223260 1.174113 3.400000
6.000000 0.928499 0.759012 -1.330713 -0.399003 0.926391 -0.252570 1.083386 3.450000
5.860424 1.091868 0.797305 -1.359929 -0.343783 0.924610 -0.280298 1.124564 3.500000
6.000000 1.436364 0.836564 -1.388202 -0.284835 0.918015 -0.309339 1.224371 3.550000
5.075983 1.785663 0.876717 -1.415350 -0.218243 0.907186 -0.341971 1.416930 3.600000
4.601744 1.791226 0.917468 -1.441105 -0.140964 0.879915 -0.379339 1.644591 3.650000
3.945211 1.557811 0.958342 -1.465207 -0.055717 0.841155 -0.418419 1.752006 3.700000
3.412159 1.762228 0.998926 -1.487556 0.030870 0.792896 -0.454211 1.718206 3.750000
3.806789 2.000249 1.038835 -1.508178 0.118599 0.737085 -0.486125 1.780807 3.800000
2.813571 2.037691 1.077919 -1.527107 0.210741 0.680685 -0.515607 1.886592 3.850000
3.410248 1.543744 1.115920 -1.544437 0.306400 0.611491 -0.541495 1.929145 3.900000
2.540416 1.279225 1.152697 -1.560297 0.397847 0.550983 -0.560257 1.752744 3.950000
2.530544 1.100650 1.188269 -1.574864 0.480332 0.489934 -0.571052 1.569374 4.000000
2.419666 1.534947 1.222577 -1.588337 0.554320 0.437035 -0.575305 1.408576 4.050000
1.945085 1.077956 1.255705 -1.600814 0.627011 0.385989 -0.576300 1.482873 4.100000
2.326851 0.757594 1.287588 -1.612444 0.696653 0.335030 -0.573822 1.320576 4.150000
2.973294 0.445820 1.318344 -1.623276 0.756801 0.297398 -0.567103 1.109870 4.200000
2.124202 0.301675 1.348306 -1.633142 0.805898 0.276332 -0.557118 0.880848 4.250000
1.564304 0.536260 1.377572 -1.642052 0.845086 0.256325 -0.544914 0.705436 4.300000
2.527586 0.367519 1.406012 -1.650230 0.880361 0.235414 -0.531912 0.703133 4.350000
2.596668 -0.050210 1.433733 -1.657603 0.913389 0.226486 -0.518638 0.625647 4.400000
1.940569 -0.309175 1.460940 -1.663972 0.938764 0.224452 -0.504483 0.412437 4.450000
1.939894 -0.408162 1.487637 -1.669409 0.953286 0.224200 -0.489094 0.190774 4.500000
2.909946 -0.537041 1.513827 -1.674001 0.958318 0.230431 -0.472764 0.026322 4.550000
2.883623 -0.431893 1.539722 -1.677545 0.955626 0.250387 -0.455746 -0.119229 4.600000
1.957391 -0.691426 1.565507 -1.679870 0.948757 0.271781 -0.438538 -0.151398 4.650000
2.574953 -1.121247 1.591086 -1.681198 0.937754 0.285979 -0.421038 -0.275924 4.700000
1.677789 -1.391829 1.616489 -1.681609 0.917235 0.310374 -0.401983 -0.517870 4.750000
1.242496 -1.623219 1.641782 -1.681176 0.884911 0.331158 -0.380591 -0.748003 4.800000
1.946180 -1.734519 1.666887 -1.680181 0.841824 0.351455 -0.356876 -0.950412 4.850000
2.388751 -2.153552 1.691952 -1.678636 0.790437 0.379892 -0.331092 -1.087151 4.900000
2.541340 -1.877447 1.717250 -1.676443 0.729792 0.413376 -0.302462 -1.308425 4.950000
2.331936 -2.004147 1.742970 -1.673648 0.664601 0.446272 -0.272031 -1.300936 5.000000
1.564687 -1.941368 1.769121 -1.670416 0.598193 0.473603 -0.240871 -1.349847 5.050000
2.058219 -2.150657 1.795518 -1.667027 0.530628 0.490243 -0.209371 -1.354252 5.100000
1.776176 -1.989258 1.822097 -1.663647 0.460422 0.508567 -0.177182 -1.443447 5.150000
2.347414 -2.271582 1.848880 -1.660373 0.388685 0.520794 -0.144790 -1.430615 5.200000
1.769597 -2.485544 1.875891 -1.657300 0.314048 0.535152 -0.111738 -1.541405 5.250000
1.696925 -2.531674 1.903084 -1.654559 0.233150 0.540930 -0.076884 -1.677246 5.300000
1.213687 -2.851968 1.930256 -1.652324 0.146955 0.542347 -0.040969 -1.761077 5.350000
1.335111 -2.464510 1.957191 -1.650718 0.054312 0.535168 -0.003973 -1.922499 5.400000
2.060940 -2.086848 1.983707 -1.649822 -0.039871 0.524829 0.031766 -1.858587 5.450000
1.704795 -1.858063 2.009897 -1.649634 -0.128456 0.517717 0.063619 -1.711046 5.500000
1.421737 -2.209766 2.035759 -1.650121 -0.210196 0.504753 0.091251 -1.580833 5.550000
1.137534 -2.670969 2.061078 -1.651222 -0.291657 0.486786 0.116943 -1.666562 5.600000
0.940905 -2.755329 2.085651 -1.652899 -0.380951 0.462673 0.143182 -1.874143 5.650000
0.511472 -2.858756 2.109282 -1.655103 -0.477937 0.432926 0.169253 -1.987981 5.700000
1.248759 -2.787049 2.131771 -1.657707 -0.579700 0.395917 0.193520 -2.069553 5.750000
1.525405 -2.711673 2.153145 -1.660661 -0.683339 0.363582 0.214935 -2.075303 5.800000
1.568425 -2.287453 2.173584 -1.664007 -0.786399 0.332510 0.233115 -2.051063 5.850000
0.977631 -2.058381 2.193151 -1.667711 -0.884305 0.302499 0.247242 -1.890948 5.900000
0.927754 -1.721258 2.211815 -1.671607 -0.974676 0.269170 0.257127 -1.745872 5.950000
0.409604 -1.538481 2.229566 -1.675529 -1.056718 0.238652 0.263102 -1.562624 6.000000
0.946796 -1.736995 2.246434 -1.679339 -1.130683 0.206922 0.265767 -1.416103 6.050000
1.913936 -1.599347 2.262502 -1.683037 -1.201758 0.182286 0.266456 -1.424489 6.100000
2.540279 -1.277246 2.277951 -1.686939 -1.271522 0.168049 0.265974 -1.372798 6.150000
3.179618 -1.377062 2.292915 -1.691398 -1.336032 0.162164 0.264385 -1.227600 6.200000
3.538977 -1.649240 2.307460 -1.696706 -1.396696 0.163974 0.262321 -1.202464 6.250000
3.259180 -2.098517 2.321582 -1.703073 -1.459461 0.168460 0.260727 -1.295408 6.300000
3.380707 -1.805612 2.335206 -1.710461 -1.530187 0.167456 0.260228 -1.503466 6.350000
4.049551 -1.778243 2.348240 -1.718759 -1.604690 0.166321 0.260121 -1.480064 6.400000
4.133110 -1.658678 2.360608 -1.728107 -1.678135 0.171828 0.260008 -1.460829 6.450000
4.780378 -1.316713 2.372219 -1.738629 -1.749701 0.178567 0.259982 -1.409571 6.500000
5.374664 -1.209078 2.382958 -1.750438 -1.815948 0.192943 0.259780 -1.261871 6.550000
4.952675 -1.456744 2.392672 -1.763764 -1.876153 0.214423 0.259560 -1.161174 6.600000
4.458456 -1.155856 2.401267 -1.778561 -1.935736 0.231356 0.260094 -1.215546 6.650000
4.091989 -1.276751 2.408731 -1.794519 -1.993992 0.243451 0.260982 -1.127309 6.700000
3.303322 -0.925573 2.415084 -1.811371 -2.050621 0.252170 0.261994 -1.136990 6.750000
3.669305 -0.640780 2.420407 -1.828801 -2.103791 0.254392 0.262552 -1.007098 6.800000
4.178350 -1.041177 2.424721 -1.846692 -2.149366 0.262622 0.261886 -0.837704 6.850000
3.844091 -0.929030 2.427900 -1.865190 -2.193501 0.275803 0.261341 -0.918198 6.900000
4.200002 -0.906650 2.429904 -1.884246 -2.239279 0.284796 0.261482 -0.913913 6.950000
5.146692 -0.755773 2.430712 -1.903788 -2.284720 0.296842 0.261892 -0.905409 7.000000
5.535097 -1.063555 2.430109 -1.923972 -2.328286 0.317840 0.262406 -0.845746 7.050000
6.000000 -1.310370 2.427871 -1.944935 -2.373299 0.341039 0.263951 -0.943658 7.100000
5.568501 -1.725909 2.423844 -1.966668 -2.424593 0.365212 0.267792 -1.090383 7.150000
5.633717 -1.302876 2.418014 -1.988980 -2.485610 0.380474 0.274812 -1.320005 7.200000
5.777878 -1.460551 2.410441 -2.011603 -2.549979 0.393838 0.283088 -1.263900 7.250000
6.000000 -1.567422 2.401085 -2.034408 -2.614310 0.407286 0.291691 -1.304937 7.300000
6.000000 -2.059310 2.389884 -2.057268 -2.681332 0.420380 0.301396 -1.368391 7.350000
6.000000 -2.490567 2.376826 -2.080006 -2.755893 0.428820 0.313578 -1.583765 7.400000
5.203849 -2.146277 2.361979 -2.102363 -2.842228 0.430400 0.329205 -1.832281 7.450000
4.745046 -2.628808 2.345618 -2.124035 -2.933100 0.420603 0.345352 -1.807240 7.500000
4.253693 -2.673635 2.328120 -2.144785 -3.028234 0.402929 0.361307 -1.971568 7.550000
4.796922 -2.433853 2.309828 -2.164441 -3.129012 0.376563 0.376751 -2.046411 7.600000
4.264684 -2.200733 2.290843 -2.182912 3.053587 0.354456 0.389837 -1.986332 7.650000
3.917775 -1.995111 2.271238 -2.200159 2.957398 0.329078 0.399675 -1.877687 7.700000
4.867123 -2.012263 2.251261 -2.216189 2.866951 0.303558 0.406120 -1.757743 7.750000
5.434783 -2.054659 2.230805 -2.230945 2.780320 0.289325 0.410258 -1.713532 7.800000
5.132820 -2.219010 2.209601 -2.244271 2.694754 0.281095 0.413344 -1.709329 7.850000
5.124908 -2.355177 2.187701 -2.256086 2.607666 0.269196 0.416012 -1.764748 7.900000
6.000000 -2.482130 2.165305 -2.266369 2.517466 0.255636 0.418376 -1.831699 7.950000
5.848594 -2.133412 2.142395 -2.274961 2.423889 0.248541 0.420603 -1.899945 8.000000
6.000000 -2.059785 2.118996 -2.281714 2.331814 0.240947 0.421970 -1.798707 8.050000
5.667914 -2.435005 2.095239 -2.286572 2.243798 0.237273 0.422233 -1.732139 8.100000
5.580267 -2.017031 2.071295 -2.289537 2.154045 0.229633 0.422447 -1.840272 8.150000
4.765528 -2.469870 2.047389 -2.290684 2.065253 0.222043 0.421978 -1.728456 8.200000
5.027971 -2.410842 2.023749 -2.290194 1.975416 0.206666 0.420988 -1.845269 8.250000
4.548160 -1.953202 2.000570 -2.288216 1.882590 0.192774 0.419510 -1.863701 8.300000
4.681049 -1.877518 1.977967 -2.284822 1.794078 0.177683 0.416535 -1.701134 8.350000
4.510851 -2.260889 1.956030 -2.280077 1.711731 0.168306 0.412145 -1.606365 8.400000
5.140870 -2.691467 1.934833 -2.274003 1.628531 0.157739 0.407452 -1.705503 8.450000
4.858209 -2.245821 1.914473 -2.266568 1.537715 0.149757 0.403227 -1.896118 8.500000
4.750133 -2.429164 1.895061 -2.257791 1.445527 0.139251 0.398656 -1.805059 8.550000
4.275867 -2.455515 1.876687 -2.247816 1.354440 0.129339 0.393490 -1.833128 8.600000
4.674451 -2.677071 1.859407 -2.236845 1.262288 0.115501 0.387827 -1.849251 8.650000
4.549605 -2.663813 1.843293 -2.224975 1.167437 0.105218 0.381797 -1.930742 8.700000
4.644710 -2.986205 1.828432 -2.212241 1.070236 0.093758 0.375407 -1.952772 8.750000
5.000614 -2.603448 1.814887 -2.198752 0.969118 0.082504 0.368716 -2.071355 8.800000
4.269203 -2.919779 1.802778 -2.184534 0.868296 0.076079 0.361584 -1.976720 8.850000
4.091438 -2.784018 1.792112 -2.169750 0.767266 0.063993 0.354072 -2.051187 8.900000
3.478466 -2.600032 1.782787 -2.154665 0.665395 0.051379 0.345961 -2.026847 8.950000
2.846127 -2.294539 1.774694 -2.139471 0.566287 0.035994 0.337031 -1.949219 9.000000
2.659334 -2.783758 1.767630 -2.124378 0.472915 0.019145 0.327164 -1.807434 9.050000
2.600194 -2.495450 1.761457 -2.109503 0.379097 0.002288 0.316549 -1.925274 9.100000
2.838956 -2.948818 1.756116 -2.094899 0.284629 -0.013369 0.305208 -1.862696 9.150000
3.436405 -3.000000 1.751655 -2.080582 0.187543 -0.025795 0.293302 -1.997986 9.200000
4.265740 -3.000000 1.748245 -2.066560 0.085718 -0.032456 0.281056 -2.063760 9.250000
4.356041 -2.530527 1.746204 -2.052878 -0.018155 -0.030242 0.269034 -2.087366 9.300000
4.733810 -2.695383 1.745728 -2.039656 -0.117972 -0.024190 0.257801 -1.931470 9.350000
4.600159 -2.820075 1.746910 -2.027056 -0.214624 -0.012326 0.247664 -1.934682 9.400000
4.732426 -2.914951 1.749739 -2.015240 -0.312729 -0.001374 0.238667 -1.982186 9.450000
4.912382 -2.707391 1.754115 -2.004363 -0.413365 0.010716 0.230801 -2.035017 9.500000
4.806389 -2.636604 1.759990 -1.994602 -0.513588 0.025145 0.224144 -1.983070 9.550000
4.842887 -2.495485 1.767251 -1.986111 -0.611508 0.039558 0.218699 -1.941186 9.600000
3.893600 -2.674147 1.775742 -1.979012 -0.706708 0.055212 0.214399 -1.877691 9.650000
4.615197 -2.784926 1.785152 -1.973273 -0.801794 0.061976 0.211015 -1.919235 9.700000
5.555558 -2.791088 1.795282 -1.968934 -0.899378 0.074864 0.208542 -1.975403 9.750000
6.000000 -2.600348 1.806204 -1.966356 -0.998865 0.095708 0.207446 -2.000669 9.800000
5.509207 -2.980212 1.817878 -1.965862 -1.097276 0.120239 0.207903 -1.945748 9.850000
5.104967 -2.606171 1.830049 -1.967478 -1.197966 0.138451 0.210078 -2.063147 9.900000
5.871972 -2.787624 1.842374 -1.971012 -1.298579 0.151865 0.213273 -1.976386 9.950000
4.932141 -3.000000 1.854644 -1.976535 -1.398412 0.171618 0.217476 -2.011935 10.000000
5.876585 -3.000000 1.866626 -1.983946 -1.501629 0.180210 0.222968 -2.102148 10.050000
6.000000 -3.000000 1.878073 -1.993161 -1.607736 0.195524 0.229532 -2.137062 10.100000
5.576032 -3.000000 1.888759 -2.004318 -1.715026 0.210000 0.237161 -2.152768 10.150000
5.299688 -3.000000 1.898468 -2.017202 -1.822897 0.218626 0.245491 -2.161302 10.200000
5.582997 -2.910103 1.907039 -2.031496 -1.931104 0.222999 0.254080 -2.166640 10.250000
5.378764 -2.777945 1.914310 -2.047034 -2.038626 0.228820 0.262644 -2.139477 10.300000
6.000000 -3.000000 1.920143 -2.063662 -2.144018 0.232061 0.270900 -2.085837 10.350000
5.722907 -3.000000 1.924369 -2.081277 -2.250077 0.239507 0.279399 -2.146870 10.400000
5.229219 -3.000000 1.926847 -2.099720 -2.358106 0.242081 0.288306 -2.170752 10.450000
5.643961 -2.684593 1.927632 -2.118634 -2.466921 0.238371 0.296985 -2.180367 10.500000
5.798731 -2.451684 1.926695 -2.137801 -2.572843 0.238631 0.304714 -2.074811 10.550000
5.499289 -2.392658 1.923897 -2.157120 -2.673125 0.241644 0.311326 -1.956528 10.600000
5.718492 -2.232587 1.919253 -2.176399 -2.769115 0.242740 0.317117 -1.893614 10.650000
4.942948 -2.638795 1.912785 -2.195453 -2.861487 0.246687 0.322243 -1.814419 10.700000
4.022910 -2.385945 1.904650 -2.214079 -2.955584 0.241866 0.327482 -1.930661 10.750000
3.302502 -2.779031 1.895305 -2.232032 -3.050726 0.227594 0.332045 -1.882226 10.800000
2.650403 -2.353774 1.885190 -2.249174 3.134883 0.205558 0.335603 -2.000262 10.850000
2.180914 -2.573385 1.874690 -2.265452 3.038121 0.178349 0.337189 -1.887084 10.900000
1.861401 -2.732508 1.864083 -2.280890 2.942865 0.148447 0.336583 -1.916521 10.950000
1.045749 -3.000000 1.853573 -2.295545 2.845248 0.115847 0.334099 -1.976272 11.000000
0.916424 -3.000000 1.843433 -2.309540 2.743245 0.075403 0.329456 -2.083410 11.050000
0.759422 -3.000000 1.833859 -2.323029 2.638173 0.034756 0.322147 -2.112127 11.100000
0.128215 -2.818810 1.824855 -2.336126 2.532478 -0.004859 0.312098 -2.113142 11.150000
0.475856 -2.573765 1.816485 -2.349011 2.428866 -0.046372 0.299386 -2.041195 11.200000
0.218536 -3.000000 1.808681 -2.361766 2.330255 -0.079184 0.284606 -1.921389 11.250000
0.100777 -3.000000 1.801306 -2.374404 2.231195 -0.111224 0.268041 -2.022941 11.300000
0.004566 -3.000000 1.794316 -2.387023 2.129076 -0.141863 0.249568 -2.055362 11.350000
0.086888 -2.500936 1.787626 -2.399674 2.026042 -0.169857 0.229508 -2.063926 11.400000
1.008403 -2.896499 1.781128 -2.412334 1.927927 -0.191717 0.208957 -1.889185 11.450000
1.947612 -2.439994 1.774658 -2.424721 1.831244 -0.201044 0.188242 -1.966002 11.500000
2.745604 -2.527807 1.768067 -2.436375 1.736786 -0.198088 0.168341 -1.834426 11.550000
3.121669 -2.618582 1.761327 -2.446841 1.645504 -0.184713 0.150125 -1.820160 11.600000
3.693360 -2.794581 1.754509 -2.455825 1.553618 -0.166323 0.133503 -1.851342 11.650000
2.697473 -2.366790 1.747745 -2.463115 1.458795 -0.141863 0.118544 -1.929834 11.700000
2.712710 -2.713906 1.741169 -2.468841 1.365815 -0.125530 0.105633 -1.809371 11.750000
2.569633 -2.664333 1.734888 -2.473264 1.273001 -0.108134 0.094314 -1.890724 11.800000
2.643396 -2.944316 1.729006 -2.476462 1.178049 -0.091650 0.084347 -1.905413 11.850000
3.535487 -3.000000 1.723629 -2.478510 1.079690 -0.074276 0.075673 -2.011861 11.900000
3.739678 -2.862008 1.718971 -2.479292 0.977359 -0.048602 0.068633 -2.071760 11.950000
3.367616 -2.864462 1.715295 -2.478711 0.874524 -0.021214 0.063750 -2.046303 12.000000
2.586798 -2.573700 1.712702 -2.476952 0.772423 0.002287 0.060906 -2.039180 12.050000
3.023105 -2.171712 1.711102 -2.474364 0.673511 0.018197 0.059560 -1.934701 12.100000
3.693761 -2.331653 1.710509 -2.471139 0.582050 0.038271 0.059373 -1.752944 12.150000
4.682604 -2.334754 1.711181 -2.467266 0.494719 0.064099 0.060555 -1.742288 12.200000
4.192205 -2.641122 1.713489 -2.462724 0.407659 0.097923 0.063543 -1.740760 12.250000
3.558748 -2.786796 1.717545 -2.457671 0.317401 0.125146 0.068589 -1.852310 12.300000
3.219766 -2.866346 1.723087 -2.452417 0.222016 0.144217 0.075440 -1.947988 12.350000
4.008753 -2.409579 1.729858 -2.447212 0.122731 0.158018 0.083591 -2.013098 12.400000
4.490730 -2.029155 1.737912 -2.442217 0.026050 0.177800 0.092321 -1.876979 12.450000
4.226014 -1.675628 1.747480 -2.437572 -0.062419 0.201225 0.101124 -1.691674 12.500000
4.387912 -2.009031 1.758536 -2.433421 -0.141261 0.221624 0.109552 -1.492704 12.550000
4.850655 -2.045651 1.770969 -2.429893 -0.217196 0.242262 0.118391 -1.538672 12.600000
3.988191 -2.155795 1.784808 -2.427151 -0.295132 0.265088 0.128465 -1.574394 12.650000
3.343401 -1.710162 1.799827 -2.425294 -0.375511 0.277447 0.139640 -1.632787 12.700000
3.207268 -1.696706 1.815566 -2.424301 -0.453182 0.282672 0.150372 -1.495347 12.750000
3.165100 -1.716294 1.831771 -2.424148 -0.526264 0.286319 0.160053 -1.437052 12.800000
3.979108 -1.276379 1.848327 -2.424848 -0.597690 0.288869 0.169224 -1.422663 12.850000
3.442392 -0.882991 1.865307 -2.426532 -0.663999 0.299246 0.177318 -1.254288 12.900000
3.147854 -0.587009 1.882707 -2.429252 -0.720452 0.305998 0.183406 -1.033985 12.950000
2.373749 -1.039740 1.900347 -2.432891 -0.766137 0.312072 0.187170 -0.820830 13.000000
2.462463 -1.323267 1.918029 -2.437275 -0.809414 0.311116 0.190373 -0.900463 13.050000
3.143831 -1.105437 1.935584 -2.442293 -0.858621 0.309255 0.194737 -1.048886 13.100000
3.805165 -1.015151 1.953063 -2.448080 -0.910612 0.312747 0.199585 -1.033196 13.150000
4.374837 -1.308523 1.970603 -2.454879 -0.961128 0.322313 0.204171 -0.993281 13.200000
4.127389 -1.543165 1.988299 -2.462922 -1.013563 0.335916 0.209481 -1.091976 13.250000
3.540752 -1.074064 2.006069 -2.472256 -1.072040 0.344504 0.216489 -1.229274 13.300000
2.925252 -1.473516 2.023694 -2.482693 -1.130186 0.346856 0.223370 -1.112866 13.350000
2.871106 -1.855760 2.040982 -2.493963 -1.188754 0.342735 0.230095 -1.216088 13.400000
3.780943 -2.082938 2.057787 -2.505891 -1.254976 0.335262 0.238198 -1.406139 13.450000
3.246364 -1.934015 2.074064 -2.518617 -1.330004 0.332843 0.247884 -1.571132 13.500000
3.018911 -1.894298 2.089735 -2.532161 -1.408930 0.323228 0.257803 -1.584097 13.550000
3.429481 -1.900706 2.104691 -2.546294 -1.487869 0.310871 0.266755 -1.574774 13.600000
2.439756 -2.118655 2.118886 -2.561012 -1.566564 0.302000 0.274743 -1.573281 13.650000
1.567955 -1.838804 2.132279 -2.576123 -1.647489 0.282627 0.282124 -1.651281 13.700000
0.607020 -1.459056 2.144873 -2.591140 -1.727917 0.255396 0.287794 -1.576074 13.750000
0.363718 -1.499326 2.156768 -2.605641 -1.801700 0.222453 0.290407 -1.399538 13.800000
0.490038 -1.342478 2.168090 -2.619405 -1.869863 0.190609 0.290401 -1.334555 13.850000
0.834309 -0.912526 2.178914 -2.632460 -1.933969 0.162850 0.288437 -1.241205 13.900000
0.244321 -1.183513 2.189252 -2.644975 -1.990089 0.142705 0.284579 -1.030657 13.950000
0.000000 -0.793531 2.199164 -2.656970 -2.041803 0.119865 0.279589 -1.035897 14.000000
0.509995 -1.157550 2.208763 -2.668314 -2.089260 0.097603 0.273616 -0.880922 14.050000
0.000000 -1.296811 2.218041 -2.679124 -2.135199 0.081878 0.267116 -0.947362 14.100000
0.778829 -1.531372 2.227026 -2.689423 -2.184871 0.061085 0.260435 -1.027968 14.150000
0.476190 -1.140970 2.235711 -2.699276 -2.239779 0.046947 0.253576 -1.151201 14.200000
1.082098 -1.154803 2.244056 -2.708785 -2.294566 0.031091 0.246363 -1.052629 14.250000
0.140342 -0.743347 2.252018 -2.718037 -2.346040 0.023093 0.238876 -1.011338 14.300000
0.000000 -1.057138 2.259654 -2.727007 -2.391499 0.009083 0.231178 -0.829374 14.350000
0.000000 -0.593501 2.267137 -2.735561 -2.433990 -0.004319 0.223302 -0.865253 14.400000
0.886777 -0.267988 2.274495 -2.743710 -2.472528 -0.015593 0.215356 -0.696329 14.450000
0.442416 -0.015582 2.281545 -2.751628 -2.501363 -0.015019 0.207644 -0.481641 14.500000
1.436821 0.169166 2.288179 -2.759411 -2.519528 -0.015360 0.200322 -0.267740 14.550000
1.063927 0.371014 2.294269 -2.767156 -2.527643 -0.003594 0.193391 -0.076289 14.600000
1.909306 -0.008045 2.299685 -2.774965 -2.526208 0.006798 0.186757 0.115211 14.650000
1.631696 0.177772 2.304339 -2.782914 -2.521972 0.025341 0.180315 0.059002 14.700000
1.630347 0.219490 2.308158 -2.791076 -2.517771 0.040568 0.174041 0.104249 14.750000
0.758790 0.261861 2.311222 -2.799411 -2.511425 0.055672 0.167866 0.145152 14.800000
0.159950 -0.222086 2.313725 -2.807799 -2.503085 0.062502 0.161773 0.184430 14.850000
0.000000 0.248084 2.315966 -2.816040 -2.498903 0.062549 0.156057 0.000592 14.900000
0.000000 0.043695 2.318104 -2.824020 -2.496198 0.060770 0.150606 0.098433 14.950000
0.904661 0.450559 2.320170 -2.831730 -2.492146 0.059308 0.145288 0.066764 15.000000
1.003996 0.212895 2.321998 -2.839312 -2.484555 0.066962 0.139982 0.221502 15.050000
0.147532 0.692431 2.323405 -2.846922 -2.473917 0.075762 0.134664 0.205491 15.100000
0.000000 0.320269 2.324548 -2.854457 -2.458357 0.077072 0.129222 0.396929 15.150000
0.000000 0.687868 2.325613 -2.861791 -2.439973 0.077331 0.123804 0.344151 15.200000
0.408197 1.165852 2.326632 -2.868909 -2.419321 0.077817 0.118442 0.468546 15.250000
0.000000 0.996733 2.327532 -2.875896 -2.388711 0.083479 0.112643 0.726110 15.300000
0.000000 1.253173 2.328316 -2.882777 -2.350769 0.085973 0.106514 0.784536 15.350000
0.000000 0.775562 2.329061 -2.889503 -2.307906 0.088742 0.100219 0.913942 15.400000
0.000000 0.779227 2.329775 -2.896084 -2.265783 0.090948 0.094110 0.786794 15.450000
0.705670 0.297791 2.330468 -2.902513 -2.228095 0.092189 0.088449 0.727905 15.500000
0.000000 0.103743 2.331047 -2.908913 -2.197900 0.098795 0.083390 0.505524 15.550000
0.000000 -0.022508 2.331524 -2.915264 -2.177962 0.097278 0.079163 0.312841 15.600000
0.918667 -0.182285 2.331998 -2.921416 -2.166583 0.094819 0.075695 0.158117 15.650000
0.477231 -0.140733 2.332347 -2.927536 -2.162868 0.100170 0.072870 0.005155 15.700000
0.994393 0.059533 2.332514 -2.933703 -2.164490 0.100686 0.070512 -0.063532 15.750000
0.849382 -0.112115 2.332493 -2.939927 -2.166385 0.105968 0.068257 -0.016719 15.800000
0.631736 0.290847 2.332242 -2.946274 -2.168507 0.109687 0.066105 -0.063723 15.850000
0.749093 0.585926 2.331816 -2.952672 -2.167701 0.111506 0.063795 0.082257 15.900000
0.800043 0.179413 2.331239 -2.959111 -2.157913 0.115100 0.060836 0.288589 15.950000
0.215795 0.501321 2.330502 -2.965636 -2.145094 0.119234 0.057703 0.230193 16.000000
0.000000 0.682676 2.329684 -2.972142 -2.130735 0.117845 0.054532 0.333541 16.050000
0.000000 0.668907 2.328892 -2.978479 -2.110459 0.114860 0.051002 0.463568 16.100000
0.000000 0.807401 2.328158 -2.984620 -2.085565 0.112196 0.047259 0.525422 16.150000
0.000000 1.063932 2.327483 -2.990575 -2.056845 0.109739 0.043386 0.613429 16.200000
0.993812 1.072554 2.326869 -2.996353 -2.022063 0.107558 0.039222 0.760543 16.250000
0.218861 1.074074 2.326225 -3.002178 -1.981942 0.114757 0.034711 0.835203 16.300000
0.383421 0.920312 2.325545 -3.008092 -1.939164 0.114348 0.030042 0.871500 16.350000
1.287123 1.373308 2.324898 -3.013962 -1.896803 0.115203 0.025559 0.828368 16.400000
0.853158 1.796572 2.324217 -3.020025 -1.850935 0.124268 0.020771 0.986427 16.450000
0.502452 2.210580 2.323503 -3.026379 -1.794933 0.128872 0.015008 1.222213 16.500000
0.000000 2.557809 2.322849 -3.032841 -1.726434 0.129760 0.008179 1.480963 16.550000
0.000000 2.620611 2.322327 -3.039204 -1.645641 0.125345 0.000554 1.715372 16.600000
0.000000 3.000000 2.321968 -3.045339 -1.556554 0.120215 -0.007265 1.830167 16.650000
0.014713 3.000000 2.321770 -3.051228 -1.459838 0.114220 -0.015105 2.009418 16.700000
0.000000 2.953456 2.321727 -3.056855 -1.357445 0.107435 -0.022688 2.075377 16.750000
0.000000 2.751299 2.321819 -3.062200 -1.253452 0.099709 -0.029601 2.083144 16.800000
0.646110 2.752062 2.322016 -3.067250 -1.151279 0.091452 -0.035563 2.015172 16.850000
0.000000 2.308788 2.322353 -3.072136 -1.051225 0.088852 -0.040791 1.991045 16.900000
0.000000 2.645282 2.322804 -3.076854 -0.956507 0.080008 -0.045110 1.824649 16.950000
0.000000 2.448552 2.323269 -3.081278 -0.863591 0.071113 -0.048585 1.882638 17.000000
0.000000 2.349163 2.323723 -3.085421 -0.770873 0.062176 -0.051342 1.833862 17.050000
0.000000 2.604976 2.324145 -3.089300 -0.680754 0.053464 -0.053314 1.779466 17.100000
0.455195 2.314033 2.324517 -3.092935 -0.589720 0.044809 -0.054692 1.850493 17.150000
1.262170 2.802646 2.324914 -3.096401 -0.499449 0.040629 -0.055585 1.772665 17.200000
1.670046 3.000000 2.325588 -3.099842 -0.406586 0.043803 -0.056501 1.918506 17.250000
1.069896 2.966946 2.326789 -3.103337 -0.307042 0.049986 -0.057922 2.042810 17.300000
1.429713 3.000000 2.328463 -3.106811 -0.203923 0.049860 -0.059630 2.076335 17.350000
2.278366 3.000000 2.330542 -3.110187 -0.099414 0.052726 -0.061432 2.100055 17.400000
2.317238 3.000000 2.333290 -3.113439 0.005843 0.063027 -0.063698 2.108898 17.450000
2.406830 2.681791 2.336876 -3.116484 0.111393 0.072902 -0.066657 2.112611 17.500000
1.499316 2.325513 2.341278 -3.119217 0.213817 0.083069 -0.070089 2.002908 17.550000
0.826803 2.630878 2.346256 -3.121596 0.309134 0.084636 -0.073403 1.836779 17.600000
0.673739 2.203023 2.351413 -3.123677 0.402341 0.079699 -0.076371 1.883917 17.650000
0.715629 2.427020 2.356543 -3.125518 0.492600 0.073501 -0.078702 1.747946 17.700000
0.203884 2.886312 2.361617 -3.127133 0.580826 0.067895 -0.080474 1.776570 17.750000
0.000000 2.924800 2.366531 -3.128591 0.674742 0.056925 -0.081915 1.951679 17.800000
0.000000 2.485353 2.371146 -3.130013 0.774592 0.043667 -0.082706 2.029319 17.850000
0.000000 2.330242 2.375448 -3.131456 0.872339 0.031104 -0.082495 1.901350 17.900000
0.974297 2.360009 2.379477 -3.132940 0.964400 0.019733 -0.081355 1.797523 17.950000
1.856977 2.800951 2.383392 -3.134282 1.053435 0.018347 -0.079797 1.768442 18.000000
2.072393 3.000000 2.387405 -3.135110 1.146131 0.024999 -0.078527 1.915865 18.050000
2.023667 2.500347 2.391568 -3.135194 1.245583 0.032809 -0.077919 2.041559 18.100000
1.281310 2.382632 2.395803 -3.134501 1.343861 0.040045 -0.077820 1.911092 18.150000
1.937702 2.089979 2.399992 -3.133215 1.436796 0.040672 -0.077847 1.820813 18.200000
1.975420 2.263070 2.404065 -3.131359 1.523795 0.047997 -0.077947 1.681114 18.250000
2.885308 1.897931 2.407981 -3.128786 1.608110 0.055648 -0.078418 1.690186 18.300000
2.349755 2.026325 2.411657 -3.125304 1.688895 0.071763 -0.079418 1.561069 18.350000
3.230394 1.760933 2.415008 -3.120867 1.766842 0.082457 -0.081009 1.557530 18.400000
3.068235 1.584438 2.417927 -3.115454 1.841884 0.101058 -0.083163 1.459037 18.450000
4.047650 1.289361 2.420297 -3.108965 1.911822 0.117785 -0.085789 1.353927 18.500000
3.216335 1.511179 2.421969 -3.101293 1.975117 0.143496 -0.088758 1.199823 18.550000
2.646654 1.229162 2.422866 -3.092492 2.035653 0.160557 -0.092307 1.219351 18.600000
3.112773 0.885572 2.423068 -3.082948 2.093838 0.171671 -0.096054 1.121589 18.650000
2.524242 1.223077 2.422548 -3.072745 2.144966 0.187345 -0.099318 0.946763 18.700000
2.764595 0.798040 2.421300 -3.061960 2.193794 0.197033 -0.102634 0.999823 18.750000
2.686930 0.902522 2.419348 -3.050725 2.239824 0.208761 -0.105790 0.859498 18.800000
2.995226 0.513719 2.416659 -3.039054 2.282141 0.219664 -0.108650 0.836403 18.850000
2.440380 0.032242 2.413188 -3.026951 2.319360 0.233617 -0.110952 0.672474 18.900000
2.171850 0.337952 2.408981 -3.014484 2.345341 0.243491 -0.111575 0.397800 18.950000
2.320486 -0.023709 2.404182 -3.001791 2.364813 0.251463 -0.111209 0.382827 19.000000
2.922418 -0.138031 2.398822 -2.988902 2.379603 0.261223 -0.110115 0.225328 19.050000
2.460654 -0.565156 2.392790 -2.975691 2.387218 0.277282 -0.107817 0.092585 19.100000
2.826138 -0.654635 2.386091 -2.962123 2.384836 0.289886 -0.103649 -0.163446 19.150000
2.581573 -0.580208 2.378782 -2.948180 2.371740 0.306826 -0.097322 -0.342132 19.200000
3.150062 -0.562181 2.370893 -2.933812 2.352851 0.321436 -0.089776 -0.406687 19.250000
4.143869 -0.870605 2.362422 -2.918950 2.331772 0.340801 -0.081745 -0.433751 19.300000
3.456414 -1.218963 2.353175 -2.903320 2.306173 0.368848 -0.072474 -0.574649 19.350000
3.053272 -1.026044 2.343197 -2.886843 2.271518 0.389845 -0.060619 -0.786995 19.400000
3.801733 -0.660719 2.332767 -2.869677 2.231379 0.406065 -0.047170 -0.815870 19.450000
4.699082 -0.913746 2.321922 -2.851750 2.194188 0.427711 -0.034527 -0.687968 19.500000
4.954298 -0.891010 2.310508 -2.832768 2.158618 0.456121 -0.022141 -0.730631 19.550000
5.898332 -0.825069 2.298477 -2.812518 2.121670 0.485164 -0.008988 -0.746454 19.600000
5.816615 -1.209152 2.285804 -2.790775 2.084760 0.521116 0.004561 -0.732826 19.650000
4.861468 -0.945017 2.272525 -2.767385 2.043893 0.554046 0.020100 -0.884821 19.700000
4.085532 -1.237845 2.258923 -2.742580 2.000394 0.575764 0.036942 -0.860116 19.750000
4.398083 -1.725181 2.245304 -2.716753 1.954295 0.588204 0.054833 -0.971737 19.800000
3.807097 -2.030687 2.231861 -2.690021 1.898722 0.600951 0.076563 -1.220521 19.850000
4.444167 -2.204490 2.218815 -2.662471 1.831066 0.604406 0.103059 -1.455308 19.900000
3.658766 -1.844421 2.206379 -2.634147 1.753379 0.609436 0.133192 -1.629617 19.950000
3.538778 -1.509909 2.194729 -2.605175 1.673388 0.603353 0.163226 -1.580627 20.000000
3.297941 -1.887570 2.183976 -2.575855 1.598200 0.594505 0.189732 -1.448985 20.050000
3.166888 -1.411762 2.174152 -2.546351 1.523058 0.581186 0.214721 -1.544751 20.100000
2.713735 -1.038261 2.165304 -2.516832 1.449575 0.565297 0.237359 -1.415299 20.150000
2.149125 -1.339739 2.157397 -2.487477 1.384225 0.546569 0.255069 -1.226259 20.200000
1.555648 -0.924213 2.150344 -2.458529 1.321906 0.523006 0.270030 -1.261904 20.250000
0.981444 -0.824308 2.144058 -2.430268 1.262862 0.494989 0.282123 -1.118996 20.300000
1.708084 -0.981438 2.138397 -2.402918 1.209848 0.464306 0.290497 -1.014474 20.350000
1.569280 -1.171585 2.133325 -2.376399 1.158813 0.441867 0.296938 -1.024888 20.400000
1.841992 -0.829111 2.128863 -2.350572 1.105425 0.417659 0.303025 -1.099855 20.450000
0.905261 -1.024405 2.125008 -2.325412 1.053302 0.397094 0.307671 -0.997677 20.500000
0.419595 -0.562014 2.121650 -2.301024 1.002685 0.369012 0.310842 -1.022390 20.550000
0.353267 -0.321371 2.118586 -2.277653 0.956475 0.339259 0.311745 -0.846676 20.600000
0.529858 0.080846 2.115712 -2.255306 0.919296 0.313904 0.309609 -0.661197 20.650000
1.508414 0.060242 2.113023 -2.233844 0.893459 0.296080 0.304514 -0.400262 20.700000
1.197919 0.557448 2.110682 -2.212940 0.877048 0.292090 0.297423 -0.269315 20.750000
1.824942 0.576933 2.108784 -2.192396 0.871345 0.289793 0.288324 0.014181 20.800000
0.973319 0.993268 2.107368 -2.172063 0.876686 0.297704 0.277246 0.183261 20.850000
1.810691 0.893166 2.106382 -2.151906 0.893233 0.301410 0.264147 0.451019 20.900000
2.312369 0.430544 2.105796 -2.131845 0.918542 0.315473 0.249478 0.550437 20.950000
1.833074 0.065979 2.105759 -2.111601 0.942235 0.332615 0.235429 0.412579 21.000000
1.086850 0.041269 2.106232 -2.091209 0.956721 0.341363 0.223867 0.190299 21.050000
0.202952 0.338989 2.107027 -2.070961 0.962674 0.340107 0.214736 0.061053 21.100000
0.000000 -0.068527 2.107919 -2.051195 0.967298 0.330248 0.206262 0.119212 21.150000
0.707566 -0.065609 2.108762 -2.032101 0.969486 0.318178 0.198681 -0.017829 21.200000
0.000000 0.199897 2.109633 -2.013582 0.966582 0.311788 0.192523 -0.090769 21.250000
0.000000 -0.007008 2.110536 -1.995634 0.964091 0.299211 0.186469 -0.015270 21.300000
0.686309 0.335344 2.111375 -1.978360 0.962150 0.287285 0.180488 -0.057615 21.350000
0.373571 0.748623 2.112246 -1.961600 0.962686 0.282811 0.174198 0.067751 21.400000
0.000000 0.598273 2.113188 -1.945236 0.972859 0.277820 0.166204 0.314907 21.450000
0.984552 0.747988 2.114096 -1.929339 0.990597 0.271089 0.157051 0.387592 21.500000
1.622259 0.712014 2.115037 -1.913749 1.012791 0.274454 0.147367 0.489433 21.550000
2.070334 0.769403 2.116196 -1.898120 1.038338 0.283956 0.137249 0.528363 21.600000
1.952362 1.066222 2.117666 -1.882224 1.065979 0.297265 0.126836 0.572513 21.650000
2.391980 0.573861 2.119438 -1.865987 1.098592 0.309361 0.115452 0.715620 21.700000
2.577225 0.504417 2.121486 -1.849334 1.130849 0.324511 0.104238 0.589723 21.750000
2.525900 0.867260 2.123834 -1.832158 1.157835 0.339613 0.094307 0.500176 21.800000
2.654819 0.933789 2.126455 -1.814457 1.185726 0.353384 0.084203 0.604071 21.850000
2.375163 1.341010 2.129293 -1.796217 1.218170 0.367886 0.072993 0.684800 21.900000
2.237759 1.774640 2.132258 -1.777472 1.258119 0.379354 0.059859 0.888996 21.950000
2.442689 1.280975 2.135217 -1.758308 1.310115 0.389133 0.043566 1.156844 22.000000
2.143074 1.255396 2.138062 -1.738712 1.366077 0.399433 0.026359 1.091556 22.050000
2.624583 1.360133 2.140726 -1.718745 1.419662 0.405216 0.010095 1.057532 22.100000
1.913916 1.688050 2.143162 -1.698401 1.473361 0.414066 -0.005936 1.087685 22.150000
2.407073 2.177003 2.145302 -1.677773 1.531812 0.414670 -0.023014 1.232059 22.200000
2.428465 1.687243 2.147047 -1.656956 1.600582 0.417915 -0.042668 1.484216 22.250000
1.461164 1.549347 2.148299 -1.635891 1.672708 0.419142 -0.062745 1.412791 22.300000
2.459501 1.554214 2.149047 -1.614865 1.741154 0.409839 -0.080840 1.337138 22.350000
2.913761 1.707844 2.149276 -1.593912 1.807266 0.408857 -0.097386 1.312088 22.400000
3.744065 1.430379 2.148897 -1.572754 1.874331 0.410530 -0.113667 1.364367 22.450000
3.493641 1.377328 2.147779 -1.551179 1.940321 0.418575 -0.129292 1.287466 22.500000
2.673851 1.413614 2.145845 -1.529135 2.003308 0.423184 -0.143778 1.239876 22.550000
3.246676 1.194957 2.143169 -1.506929 2.065212 0.419019 -0.157450 1.237559 22.600000
3.146824 0.890858 2.139755 -1.484677 2.124784 0.419766 -0.169870 1.157260 22.650000
3.213399 0.817732 2.135546 -1.462325 2.178415 0.420051 -0.180097 1.008478 22.700000
3.682023 0.811088 2.130552 -1.439904 2.226200 0.421731 -0.188257 0.915521 22.750000
3.332870 1.306396 2.124699 -1.417342 2.270758 0.428040 -0.195297 0.872926 22.800000
4.245068 0.937150 2.117964 -1.394677 2.319378 0.429299 -0.203472 1.049827 22.850000
3.411950 0.789546 2.110238 -1.371912 2.370178 0.437809 -0.212184 0.990870 22.900000
3.682956 0.597933 2.101511 -1.349097 2.417418 0.438726 -0.219649 0.909747 22.950000
3.818850 0.493688 2.091882 -1.326358 2.459785 0.443167 -0.225408 0.799279 23.000000
3.349699 0.331879 2.081285 -1.303653 2.497174 0.449935 -0.229553 0.707909 23.050000
2.476526 0.263219 2.069794 -1.281046 2.529561 0.453468 -0.232080 0.600510 23.100000
1.858186 0.625917 2.057675 -1.258719 2.557339 0.450128 -0.233040 0.519711 23.150000
2.676245 0.860526 2.045225 -1.236865 2.586274 0.440778 -0.234217 0.625296 23.200000
2.791778 0.616793 2.032407 -1.215495 2.621620 0.437272 -0.237232 0.771312 23.250000
2.554744 0.460813 2.019044 -1.194550 2.659456 0.434019 -0.240817 0.745401 23.300000
2.578498 0.265063 2.005170 -1.174060 2.694640 0.429410 -0.243352 0.670811 23.350000
2.245469 0.356487 1.990834 -1.154036 2.724955 0.426731 -0.244219 0.555089 23.400000
2.591279 0.105432 1.976104 -1.134485 2.752115 0.422096 -0.244028 0.533491 23.450000
1.615830 -0.296698 1.960976 -1.115395 2.775620 0.422087 -0.242694 0.419230 23.500000
1.035743 0.103637 1.945586 -1.096779 2.790299 0.415981 -0.238719 0.191070 23.550000
1.292333 0.107301 1.930257 -1.078700 2.801019 0.406089 -0.233651 0.232684 23.600000
2.094946 -0.132585 1.915055 -1.061169 2.813242 0.398575 -0.229124 0.253469 23.650000
1.672677 -0.343802 1.899737 -1.044089 2.823402 0.399521 -0.224135 0.161831 23.700000
2.376303 -0.332575 1.884212 -1.027397 2.827610 0.398367 -0.217626 0.019616 23.750000
3.007040 0.089707 1.868410 -1.011021 2.826481 0.405369 -0.209827 -0.057824 23.800000
3.876642 0.048894 1.852041 -0.994840 2.827314 0.417384 -0.202883 0.078274 23.850000
3.032130 0.043554 1.834805 -0.978772 2.832857 0.435719 -0.197617 0.137925 23.900000
3.080811 -0.372912 1.816736 -0.962841 2.840612 0.444930 -0.193279 0.169185 23.950000
3.726487 -0.791315 1.798036 -0.947111 2.844696 0.455218 -0.187953 0.009447 24.000000
3.882618 -0.974602 1.778563 -0.931479 2.837811 0.473839 -0.179209 -0.258701 24.050000
4.565594 -0.481857 1.758159 -0.915789 2.818744 0.495893 -0.166462 -0.480670 24.100000
4.010104 -0.368638 1.736686 -0.899891 2.797083 0.523603 -0.152908 -0.395540 24.150000
4.833334 -0.243644 1.714186 -0.883759 2.779777 0.543790 -0.141110 -0.306696 24.200000
4.451975 -0.177008 1.690661 -0.867382 2.767136 0.569671 -0.131289 -0.209283 24.250000
4.929462 -0.032594 1.666071 -0.850745 2.758863 0.590044 -0.123401 -0.129857 24.300000
4.839736 -0.064464 1.640444 -0.833869 2.755233 0.613169 -0.117651 -0.025461 24.350000
4.027314 -0.436888 1.613741 -0.816762 2.755195 0.633915 -0.113631 0.019671 24.400000
3.235932 -0.133044 1.586200 -0.799521 2.752505 0.646660 -0.108520 -0.114832 24.450000
3.917215 0.097768 1.558207 -0.782256 2.748190 0.651744 -0.102833 -0.063292 24.500000
4.826995 0.261992 1.529801 -0.764991 2.748477 0.662277 -0.099480 0.062731 24.550000
5.517440 0.617895 1.500648 -0.747639 2.755472 0.679902 -0.099460 0.203579 24.600000
4.741439 0.909134 1.470417 -0.730153 2.771926 0.701863 -0.104212 0.431645 24.650000
4.317347 1.116653 1.439144 -0.712687 2.800226 0.713775 -0.114973 0.674405 24.700000
3.961592 1.420754 1.407106 -0.695515 2.839794 0.718860 -0.131283 0.884943 24.750000
4.313098 1.859875 1.374498 -0.678869 2.890408 0.717301 -0.152733 1.112829 24.800000
4.676187 1.528372 1.341361 -0.662941 2.953977 0.714489 -0.179984 1.394259 24.850000
4.518406 1.792695 1.307605 -0.647895 3.023873 0.711070 -0.209335 1.403954 24.900000
3.606405 2.191467 1.273277 -0.633848 3.097335 0.702458 -0.239170 1.520923 24.950000
3.779178 1.971633 1.238747 -0.620950 -3.103928 0.679756 -0.271309 1.727473 25.000000
4.546882 2.405915 1.204331 -0.609318 -3.017274 0.654239 -0.303142 1.739400 25.050000
3.980452 2.346512 1.169943 -0.599028 -2.925424 0.630960 -0.334742 1.909745 25.100000
4.079243 2.454524 1.135712 -0.590141 -2.828534 0.597141 -0.365537 1.959098 25.150000
4.495915 2.715298 1.101900 -0.582644 -2.728858 0.560339 -0.393944 2.018561 25.200000
3.729331 2.466351 1.068547 -0.576564 -2.624611 0.522708 -0.420459 2.131992 25.250000
4.722809 2.583211 1.035871 -0.571817 -2.519451 0.475505 -0.443170 2.081319 25.300000
4.899590 2.451161 1.003914 -0.568377 -2.414862 0.436873 -0.461670 2.097788 25.350000
4.931976 2.736912 0.972544 -0.566353 -2.311315 0.399762 -0.476357 2.050047 25.400000
4.034202 3.000000 0.941812 -0.565733 -2.206581 0.361819 -0.488080 2.124209 25.450000
3.662649 3.000000 0.911945 -0.566283 -2.097193 0.312464 -0.497233 2.229318 25.500000
4.295469 3.000000 0.883170 -0.567661 -1.985023 0.258652 -0.502586 2.249320 25.550000
3.696127 2.721907 0.855463 -0.569848 -1.872738 0.212259 -0.503758 2.239548 25.600000
3.363469 2.938305 0.828792 -0.572806 -1.764063 0.164701 -0.500633 2.122993 25.650000
4.326385 2.698169 0.803168 -0.576315 -1.657289 0.117894 -0.493791 2.140517 25.700000
4.233519 2.762152 0.778554 -0.580514 -1.552872 0.084593 -0.483975 2.048526 25.750000
4.321664 2.380093 0.754939 -0.585619 -1.451010 0.054880 -0.472055 2.026814 25.800000
3.342485 2.018375 0.732359 -0.591633 -1.354052 0.031955 -0.458495 1.874378 25.850000
3.366309 2.156871 0.710814 -0.598393 -1.265936 0.008047 -0.443685 1.678945 25.900000
3.848544 2.360550 0.690289 -0.605733 -1.182879 -0.009951 -0.428118 1.646841 25.950000
4.350034 1.916879 0.670860 -0.613761 -1.098861 -0.021572 -0.412235 1.704174 26.000000
4.445467 2.266523 0.652668 -0.622649 -1.017722 -0.024722 -0.396510 1.562752 26.050000
4.082253 2.696048 0.635856 -0.632482 -0.937513 -0.024680 -0.381302 1.634789 26.100000
3.437194 2.854219 0.620429 -0.643117 -0.850451 -0.029849 -0.366369 1.818668 26.150000
2.682775 3.000000 0.606254 -0.654261 -0.755890 -0.042691 -0.351202 1.942935 26.200000
3.142506 2.612671 0.593103 -0.665607 -0.655984 -0.062560 -0.335263 2.036706 26.250000
4.086560 2.571902 0.580946 -0.677074 -0.557215 -0.074709 -0.318794 1.930956 26.300000
3.808597 2.417927 0.570114 -0.688810 -0.462235 -0.073851 -0.302723 1.877218 26.350000
2.817463 2.536560 0.560795 -0.700813 -0.370533 -0.072289 -0.287472 1.803013 26.400000
3.169571 2.158536 0.552756 -0.712877 -0.279951 -0.077715 -0.272700 1.817841 26.450000
2.551107 1.662874 0.545883 -0.724875 -0.192835 -0.076639 -0.258489 1.687450 26.500000
2.190027 1.453441 0.540154 -0.736727 -0.115140 -0.076529 -0.245326 1.455327 26.550000
2.217174 1.082535 0.535391 -0.748338 -0.047316 -0.075257 -0.233204 1.282494 26.600000
2.009130 1.023853 0.531551 -0.759650 0.010721 -0.069704 -0.222176 1.068374 26.650000
2.953776 0.990712 0.528615 -0.770616 0.060828 -0.063140 -0.212168 0.951478 26.700000
2.439083 0.566264 0.526756 -0.781182 0.106574 -0.046174 -0.203102 0.887254 26.750000
3.355076 0.158563 0.526058 -0.791299 0.145442 -0.032245 -0.195039 0.691805 26.800000
3.908183 -0.095630 0.526605 -0.800902 0.172850 -0.006959 -0.187951 0.434567 26.850000
4.414773 0.020488 0.528727 -0.809901 0.188095 0.025815 -0.181592 0.200761 26.900000
3.536759 -0.187161 0.532638 -0.818235 0.196113 0.063943 -0.175624 0.128323 26.950000
3.876474 -0.419872 0.538201 -0.825925 0.199112 0.093714 -0.169770 0.004341 27.000000
3.201441 -0.657991 0.545251 -0.833016 0.194778 0.127192 -0.163604 -0.160897 27.050000
3.181426 -0.733358 0.553682 -0.839561 0.181554 0.155010 -0.156662 -0.348200 27.100000
3.423416 -0.816404 0.563315 -0.845648 0.160597 0.183041 -0.148771 -0.475701 27.150000
3.019904 -0.522075 0.574176 -0.851335 0.134101 0.213084 -0.139937 -0.572766 27.200000
2.552583 -0.456498 0.586193 -0.856701 0.107464 0.237920 -0.130883 -0.500609 27.250000
1.856218 -0.946133 0.599109 -0.861822 0.084214 0.256554 -0.122325 -0.436413 27.300000
0.967575 -1.035036 0.612616 -0.866762 0.057742 0.268229 -0.113195 -0.603830 27.350000
0.404683 -0.737049 0.626330 -0.871604 0.024187 0.271882 -0.102877 -0.724614 27.400000
0.280392 -0.437424 0.639910 -0.876399 -0.010406 0.269836 -0.092698 -0.666514 27.450000
0.000000 -0.198321 0.653184 -0.881149 -0.039613 0.265632 -0.083973 -0.519166 27.500000
0.000000 0.233217 0.666052 -0.885829 -0.060824 0.257812 -0.077162 -0.348299 27.550000
0.956069 -0.002656 0.678449 -0.890405 -0.070818 0.249001 -0.072736 -0.078845 27.600000
0.430979 0.489628 0.690602 -0.894856 -0.073439 0.248652 -0.069803 -0.030699 27.650000
0.075003 0.620904 0.702610 -0.899174 -0.068485 0.242726 -0.068303 0.205849 27.700000
0.437208 0.942363 0.714267 -0.903316 -0.053127 0.232766 -0.068587 0.389243 27.750000
1.075694 0.736760 0.725576 -0.907255 -0.027352 0.225555 -0.070470 0.616333 27.800000
1.692608 0.595385 0.736770 -0.910975 0.004326 0.223900 -0.073153 0.647292 27.850000
2.433919 0.363765 0.748140 -0.914469 0.035541 0.227975 -0.075695 0.606200 27.900000
3.085311 -0.088332 0.759992 -0.917721 0.062684 0.239103 -0.077637 0.492613 27.950000
3.140762 0.168172 0.772637 -0.920713 0.080572 0.256777 -0.078142 0.249079 28.000000
2.151653 -0.031852 0.786219 -0.923445 0.092423 0.274910 -0.077733 0.227397 28.050000
1.797016 0.440445 0.800487 -0.925939 0.101170 0.283483 -0.076828 0.132064 28.100000
1.580098 0.080549 0.815108 -0.928231 0.111816 0.288239 -0.076395 0.279001 28.150000
1.354377 -0.312830 0.829929 -0.930318 0.123808 0.290659 -0.076272 0.207930 28.200000
2.148329 -0.411080 0.844844 -0.932226 0.128567 0.291640 -0.074662 0.002259 28.250000
2.329341 -0.613433 0.859998 -0.933973 0.124351 0.300855 -0.071227 -0.155784 28.300000
1.817325 -1.076442 0.875622 -0.935573 0.111812 0.312135 -0.066059 -0.328299 28.350000
2.803560 -1.103099 0.891634 -0.937092 0.087559 0.319092 -0.058347 -0.610899 28.400000
3.328234 -1.297892 0.908148 -0.938602 0.052726 0.335398 -0.048227 -0.764668 28.450000
3.864732 -1.431849 0.925493 -0.940167 0.010201 0.355843 -0.036097 -0.917926 28.500000
4.602329 -0.950774 0.943874 -0.941887 -0.039248 0.379970 -0.021885 -1.044518 28.550000
3.899691 -0.915974 0.963522 -0.943884 -0.087909 0.409006 -0.007466 -0.919054 28.600000
4.836883 -0.867726 0.984359 -0.946228 -0.131937 0.429435 0.005944 -0.851561 28.650000
3.839951 -0.568244 1.006364 -0.948994 -0.173188 0.457004 0.018778 -0.805309 28.700000
3.421442 -0.751482 1.029443 -0.952225 -0.209603 0.473690 0.030214 -0.668703 28.750000
2.591421 -0.713988 1.053211 -0.955883 -0.243327 0.485404 0.040723 -0.679952 28.800000
2.144300 -0.215839 1.077331 -0.959930 -0.277154 0.488458 0.051087 -0.674707 28.850000
1.837213 0.048972 1.101487 -0.964298 -0.305295 0.487244 0.059131 -0.474417 28.900000
2.234285 -0.245471 1.125519 -0.968895 -0.323205 0.483845 0.063315 -0.264640 28.950000
2.853238 -0.230854 1.149469 -0.973685 -0.336771 0.484565 0.065849 -0.276963 29.000000
2.723811 -0.477833 1.173563 -0.978743 -0.350660 0.490923 0.068444 -0.278730 29.050000
2.934021 -0.164352 1.197887 -0.984118 -0.367494 0.495483 0.072047 -0.383926 29.100000
3.191132 -0.635566 1.222431 -0.989841 -0.384676 0.501690 0.075702 -0.311422 29.150000
4.001685 -0.517807 1.247274 -0.995959 -0.404629 0.509640 0.080336 -0.470184 29.200000
4.082235 -0.662595 1.272598 -1.002608 -0.429142 0.524122 0.086644 -0.507070 29.250000
4.902582 -0.976855 1.298534 -1.009908 -0.456743 0.538152 0.094159 -0.588695 29.300000
4.770703 -1.161623 1.325190 -1.017999 -0.490957 0.557998 0.104348 -0.760957 29.350000
4.438988 -0.903197 1.352589 -1.027026 -0.533537 0.573994 0.117998 -0.923788 29.400000
5.161485 -1.353024 1.380508 -1.037007 -0.579189 0.584912 0.132833 -0.906327 29.450000
4.983188 -1.633502 1.408909 -1.048036 -0.629414 0.600234 0.149543 -1.082132 29.500000
4.511092 -1.935035 1.437733 -1.060253 -0.689028 0.609969 0.170176 -1.278258 29.550000
3.675245 -1.656439 1.466653 -1.073631 -0.758826 0.610587 0.194742 -1.486506 29.600000
3.622818 -2.088305 1.495246 -1.087999 -0.832890 0.599881 0.220015 -1.479505 29.650000
3.465171 -1.828838 1.523234 -1.103198 -0.911570 0.585129 0.245698 -1.644997 29.700000
4.458359 -2.256985 1.550448 -1.119158 -0.993160 0.565819 0.270701 -1.623599 29.750000
4.974363 -2.574196 1.576891 -1.135997 -1.078754 0.552245 0.295485 -1.778031 29.800000
4.942228 -2.136528 1.602568 -1.153953 -1.172832 0.537519 0.321832 -1.957905 29.850000
5.750765 -1.726867 1.627339 -1.173039 -1.268283 0.519234 0.346619 -1.874867 29.900000
5.591636 -2.199492 1.651156 -1.193355 -1.356971 0.509554 0.367078 -1.701307 29.950000
6.000000 -2.674723 1.673970 -1.214977 -1.445146 0.496695 0.385952 -1.809548 30.000000
6.000000 -3.000000 1.695617 -1.237836 -1.541816 0.481265 0.406240 -2.023140 30.050000
5.816131 -3.000000 1.715906 -1.261834 -1.648608 0.458013 0.427849 -2.215799 30.100000
6.000000 -3.000000 1.734673 -1.286713 -1.761343 0.427425 0.448482 -2.281352 30.150000
5.117213 -3.000000 1.751813 -1.312281 -1.875982 0.395662 0.466415 -2.299666 30.200000
6.000000 -2.892827 1.767324 -1.338218 -1.990985 0.354236 0.480796 -2.298110 30.250000
6.000000 -2.421160 1.781170 -1.364389 -2.104581 0.321659 0.491280 -2.251602 30.300000
6.000000 -2.814951 1.793239 -1.390880 -2.211698 0.293431 0.497480 -2.063076 30.350000
5.216008 -3.000000 1.803491 -1.417614 -2.316736 0.267016 0.500995 -2.125625 30.400000
5.938177 -2.967453 1.812042 -1.444307 -2.425322 0.231568 0.502693 -2.201570 30.450000
5.498639 -2.933251 1.818906 -1.470806 -2.535592 0.202988 0.502106 -2.205836 30.500000
4.964916 -2.959196 1.824043 -1.497042 -2.645339 0.172051 0.499127 -2.184735 30.550000
5.671122 -3.000000 1.827656 -1.522803 -2.754360 0.138459 0.493653 -2.174614 30.600000
4.841876 -2.631726 1.829714 -1.548014 -2.863159 0.113829 0.486103 -2.174909 30.650000
4.781195 -2.452004 1.830254 -1.572591 -2.967930 0.086317 0.476500 -2.036691 30.700000
3.829255 -2.534065 1.829447 -1.596418 -3.066260 0.064882 0.465078 -1.914585 30.750000
4.258975 -2.600995 1.827506 -1.619423 3.121845 0.039031 0.452307 -1.890279 30.800000
3.871898 -3.000000 1.824555 -1.641547 3.027074 0.020045 0.438478 -1.897715 30.850000
3.850012 -3.000000 1.820614 -1.662749 2.928133 -0.002438 0.423786 -2.035446 30.900000
4.556905 -2.502678 1.815835 -1.683004 2.825056 -0.024573 0.407999 -2.078728 30.950000
5.307427 -2.223634 1.810090 -1.702208 2.725881 -0.034948 0.391650 -1.914675 31.000000
4.370436 -1.734420 1.803061 -1.720129 2.634826 -0.031579 0.375837 -1.753557 31.050000
4.167132 -1.999102 1.794812 -1.736664 2.554054 -0.030031 0.360971 -1.513919 31.100000
3.396802 -1.500518 1.785609 -1.751837 2.478292 -0.026453 0.346914 -1.516496 31.150000
3.394478 -1.309758 1.775694 -1.765718 2.407733 -0.026368 0.333538 -1.332548 31.200000
3.865853 -1.608383 1.765237 -1.778350 2.345354 -0.021446 0.320908 -1.183632 31.250000
4.787457 -1.425951 1.754202 -1.789605 2.284726 -0.010549 0.309118 -1.235072 31.300000
5.457020 -1.898064 1.742457 -1.799215 2.224232 0.009488 0.298406 -1.191779 31.350000
5.615655 -1.564823 1.729887 -1.806864 2.159962 0.034319 0.289131 -1.357187 31.400000
4.979940 -1.483868 1.716548 -1.812390 2.093562 0.059616 0.281369 -1.307134 31.450000
4.603645 -1.806677 1.702656 -1.815870 2.029582 0.079602 0.274833 -1.259657 31.500000
3.764947 -2.297028 1.688469 -1.817509 1.963624 0.095122 0.269477 -1.364548 31.550000
3.166198 -2.731103 1.674243 -1.817598 1.888864 0.099494 0.265396 -1.592408 31.600000
3.871568 -3.000000 1.660233 -1.816515 1.802060 0.094199 0.262258 -1.840708 31.650000
3.441497 -2.812090 1.646558 -1.814301 1.704527 0.092206 0.259718 -2.029549 31.700000
4.065498 -3.000000 1.633313 -1.810957 1.602997 0.085227 0.257185 -2.031039 31.750000
4.116614 -2.662063 1.620609 -1.806480 1.499522 0.083994 0.254571 -2.096806 31.800000
4.686565 -2.758890 1.608561 -1.800771 1.397465 0.084139 0.251906 -2.001406 31.850000
5.432014 -2.409860 1.597315 -1.793740 1.297397 0.090607 0.249466 -2.001542 31.900000
6.000000 -2.466729 1.587087 -1.785174 1.200882 0.105247 0.247601 -1.879595 31.950000
5.975144 -2.614665 1.578140 -1.774898 1.107563 0.125856 0.246768 -1.857597 32.000000
5.137888 -3.000000 1.570686 -1.762958 1.013308 0.145146 0.247393 -1.905738 32.050000
5.439360 -3.000000 1.564761 -1.749732 0.913462 0.153857 0.249543 -2.062608 32.100000
6.000000 -2.923724 1.560407 -1.735545 0.808638 0.162980 0.252802 -2.121001 32.150000
6.000000 -2.544178 1.557849 -1.720468 0.702708 0.176060 0.256903 -2.117548 32.200000
6.000000 -2.045046 1.557265 -1.704639 0.600689 0.189398 0.261326 -1.985978 32.250000
5.918554 -1.619732 1.558724 -1.688270 0.507880 0.204920 0.265333 -1.763049 32.300000
6.000000 -1.255495 1.562264 -1.671554 0.426576 0.222784 0.268548 -1.526214 32.350000
5.142940 -0.845502 1.567921 -1.654644 0.356791 0.244606 0.270882 -1.299111 32.400000
4.481957 -1.260584 1.575538 -1.637732 0.298922 0.261828 0.271953 -1.050264 32.450000
5.415024 -1.246667 1.584776 -1.621021 0.244938 0.273588 0.272884 -1.102787 32.500000
5.595552 -0.971953 1.595660 -1.604611 0.189209 0.292805 0.274728 -1.124523 32.550000
5.693069 -1.096764 1.608393 -1.588563 0.135602 0.313586 0.276826 -1.033046 32.600000
5.695670 -1.193141 1.622991 -1.572978 0.083636 0.334903 0.279291 -1.045246 32.650000
4.891582 -0.904462 1.639407 -1.557976 0.030048 0.354571 0.282831 -1.093185 32.700000
5.353967 -0.887576 1.657371 -1.543680 -0.022165 0.366262 0.286471 -1.007435 32.750000
4.784561 -1.346519 1.676750 -1.530174 -0.071342 0.382719 0.289703 -0.966089 32.800000
4.832330 -1.247886 1.697443 -1.517535 -0.124238 0.391502 0.294313 -1.129082 32.850000
3.833122 -1.181049 1.719222 -1.505854 -0.181751 0.398142 0.300335 -1.167125 32.900000
3.792837 -0.941020 1.741773 -1.495169 -0.239908 0.394507 0.306378 -1.160299 32.950000
3.000185 -0.903812 1.764801 -1.485473 -0.295245 0.391393 0.311269 -1.065955 33.000000
2.893441 -0.867050 1.788091 -1.476725 -0.346936 0.382276 0.314745 -1.008901 33.050000
3.020650 -0.475542 1.811425 -1.468863 -0.396216 0.373358 0.317118 -0.967304 33.100000
4.017159 -0.112019 1.834806 -1.461888 -0.439691 0.368373 0.317618 -0.793173 33.150000
3.364660 -0.049421 1.858505 -1.455899 -0.472961 0.377252 0.315443 -0.564852 33.200000
3.000499 0.313015 1.882631 -1.450916 -0.497341 0.383629 0.311128 -0.425839 33.250000
3.753615 0.460993 1.907004 -1.446809 -0.512486 0.390393 0.304529 -0.203116 33.300000
2.814337 0.356947 1.931760 -1.443593 -0.517609 0.408097 0.295444 -0.019844 33.350000
3.336664 0.237817 1.956901 -1.441204 -0.517000 0.418686 0.285058 0.038931 33.400000
3.905751 -0.240717 1.982352 -1.439558 -0.515523 0.434016 0.274775 0.021780 33.450000
3.790779 -0.374449 2.008302 -1.438756 -0.520307 0.451698 0.266833 -0.192698 33.500000
3.987308 -0.653290 2.034752 -1.438851 -0.534747 0.464187 0.262367 -0.367064 33.550000
3.050530 -0.325452 2.061615 -1.439869 -0.558851 0.474628 0.261413 -0.574565 33.600000
2.269488 -0.299355 2.088646 -1.441739 -0.586824 0.474595 0.261865 -0.547484 33.650000
2.259610 -0.276617 2.115480 -1.444239 -0.613511 0.467764 0.261801 -0.522454 33.700000
1.682528 -0.153878 2.141966 -1.447260 -0.638989 0.461558 0.261215 -0.498962 33.750000
2.030935 0.082028 2.168006 -1.450713 -0.662164 0.451095 0.259748 -0.434486 33.800000
2.500327 0.407802 2.193594 -1.454556 -0.680212 0.446150 0.256563 -0.301116 33.850000
2.749347 0.566138 2.218938 -1.458890 -0.689503 0.448871 0.250678 -0.091140 33.900000
3.394221 0.328144 2.244243 -1.463795 -0.688970 0.457153 0.241865 0.095232 33.950000
3.259792 0.024425 2.269728 -1.469368 -0.684085 0.472466 0.231928 0.099905 34.000000
2.540439 0.045836 2.295480 -1.475651 -0.682544 0.484820 0.223442 -0.026163 34.050000
1.670446 0.019926 2.321298 -1.482500 -0.685523 0.488639 0.216805 -0.086782 34.100000
2.427638 0.139773 2.346867 -1.489672 -0.691039 0.483523 0.211275 -0.129048 34.150000
3.145813 0.486837 2.372163 -1.497148 -0.696685 0.485644 0.205972 -0.099278 34.200000
3.091018 0.409218 2.397473 -1.505136 -0.697104 0.495818 0.199040 0.067101 34.250000
3.374941 0.442425 2.422957 -1.513697 -0.692053 0.506511 0.190408 0.129322 34.300000
3.557813 0.649239 2.448678 -1.522827 -0.684211 0.520039 0.181012 0.179798 34.350000
4.355612 0.724563 2.474739 -1.532549 -0.672022 0.535633 0.170219 0.296423 34.400000
4.889485 0.914012 2.501350 -1.542945 -0.654559 0.558960 0.157572 0.392515 34.450000
5.324147 0.904006 2.528785 -1.554122 -0.631318 0.587122 0.142676 0.523518 34.500000
5.218373 1.248635 2.557255 -1.566100 -0.603309 0.618512 0.125759 0.590350 34.550000
5.938409 1.700081 2.586842 -1.578794 -0.568860 0.647924 0.105894 0.768316 34.600000
5.646304 1.669259 2.617711 -1.592098 -0.522848 0.683178 0.080409 1.040278 34.650000
5.356401 2.077802 2.649997 -1.605823 -0.467387 0.713332 0.050041 1.165062 34.700000
5.790618 2.416715 2.683588 -1.619650 -0.402793 0.737466 0.014893 1.391554 34.750000
4.960772 2.730368 2.718512 -1.633292 -0.326430 0.761166 -0.026466 1.632880 34.800000
5.945382 2.382660 2.754624 -1.646387 -0.238178 0.770774 -0.073821 1.867217 34.850000
5.956517 2.143613 2.791846 -1.658616 -0.145231 0.782738 -0.122811 1.859178 34.900000
6.000000 1.810739 2.830238 -1.669803 -0.054218 0.788666 -0.169611 1.797989 34.950000
6.000000 1.695717 2.869631 -1.679786 0.032117 0.790451 -0.212392 1.680070 35.000000
5.343086 1.847994 2.909871 -1.688461 0.114113 0.788764 -0.251244 1.615252 35.050000
5.053122 1.367816 2.950645 -1.695749 0.196206 0.776817 -0.288400 1.665536 35.100000
4.457533 1.792021 2.991577 -1.701608 0.275384 0.759993 -0.321778 1.526334 35.150000
4.176971 1.472542 3.032352 -1.706079 0.354875 0.734767 -0.352981 1.639051 35.200000
5.029469 1.264431 3.072643 -1.709202 0.434958 0.704505 -0.381781 1.575604 35.250000
4.738559 1.598713 3.112494 -1.710942 0.510950 0.682743 -0.406040 1.479800 35.300000
3.968934 1.669442 3.151956 -1.711268 0.587476 0.656505 -0.428405 1.568750 35.350000
4.155885 1.348055 3.190692 -1.710321 0.667709 0.619761 -0.449925 1.630730 35.400000
4.968113 0.868740 3.228504 -1.708212 0.746501 0.585039 -0.467989 1.534502 35.450000
4.254851 0.375823 3.265571 -1.704825 0.816930 0.563040 -0.480372 1.313923 35.500000
4.344409 0.799620 3.301980 -1.700167 0.874547 0.542837 -0.486199 1.028193 35.550000
4.778192 0.994174 3.337710 -1.694343 0.926873 0.527439 -0.489105 1.059624 35.600000
5.748873 0.866473 3.372794 -1.687274 0.982287 0.514425 -0.492528 1.144705 35.650000
6.000000 1.157501 3.407331 -1.678713 1.039153 0.509724 -0.495997 1.131606 35.700000
6.000000 0.786790 3.441375 -1.668443 1.098727 0.505429 -0.500155 1.236950 35.750000
6.000000 1.057781 3.474827 -1.656450 1.157858 0.501299 -0.503792 1.141297 35.800000
6.000000 1.267444 3.507604 -1.642755 1.216671 0.497278 -0.507037 1.202778 35.850000
5.838700 1.673530 3.539581 -1.627414 1.279824 0.490129 -0.511462 1.308376 35.900000
4.864743 1.295471 3.570593 -1.610549 1.350833 0.475841 -0.517958 1.503047 35.950000
4.862611 1.779307 3.600432 -1.592526 1.424137 0.450883 -0.523937 1.436914 36.000000
4.221671 1.286955 3.628991 -1.573629 1.500176 0.424407 -0.529235 1.581081 36.050000
4.790569 1.603542 3.656202 -1.554090 1.575457 0.393156 -0.532520 1.447184 36.100000
4.949613 2.039343 3.682054 -1.533943 1.649389 0.369175 -0.533862 1.500042 36.150000
5.639642 2.271830 3.706502 -1.513099 1.729415 0.343075 -0.535398 1.672447 36.200000
5.854552 2.276827 3.729454 -1.491501 1.817217 0.318595 -0.537266 1.814972 36.250000
4.874515 2.481216 3.750800 -1.469092 1.909383 0.293722 -0.538460 1.861769 36.300000
5.867452 2.263424 3.770552 -1.446169 2.004845 0.258258 -0.538275 1.940438 36.350000
6.000000 1.898236 3.788667 -1.422837 2.100190 0.233655 -0.536018 1.880532 36.400000
5.203420 2.271017 3.804980 -1.398920 2.189564 0.215997 -0.531440 1.718206 36.450000
4.707162 2.713015 3.819526 -1.374599 2.277385 0.193363 -0.525554 1.782170 36.500000
4.907591 2.942808 3.832481 -1.350225 2.371560 0.163234 -0.519049 1.953987 36.550000
4.914010 2.827821 3.843920 -1.325981 2.473197 0.131816 -0.511493 2.086249 36.600000
5.019603 3.000000 3.853837 -1.301939 2.577444 0.101029 -0.502159 2.081393 36.650000
4.647864 2.870088 3.862214 -1.278157 2.682974 0.072972 -0.491068 2.128999 36.700000
4.479851 2.731127 3.869111 -1.254736 2.788354 0.044327 -0.478230 2.090092 36.750000
5.002409 2.879883 3.874627 -1.231782 2.890811 0.019009 -0.463764 2.018016 36.800000
5.216550 2.490887 3.878656 -1.209333 2.992320 0.002161 -0.448293 2.037614 36.850000
5.978049 2.292501 3.881022 -1.187447 3.090300 -0.007807 -0.432400 1.902944 36.900000
6.000000 2.585025 3.881465 -1.166229 -3.101275 -0.004575 -0.416880 1.781181 36.950000
6.000000 2.706541 3.879811 -1.145831 -3.010473 0.001057 -0.402241 1.841712 37.000000
5.923302 2.925906 3.876134 -1.126420 -2.916426 0.006487 -0.388495 1.909582 37.050000
5.301227 2.805605 3.870564 -1.108156 -2.817918 0.010392 -0.375585 2.013835 37.100000
4.594664 2.510682 3.863380 -1.091143 -2.717351 0.009020 -0.363220 2.009467 37.150000
4.645632 2.800748 3.854965 -1.075396 -2.619984 0.004346 -0.351051 1.902425 37.200000
4.350140 2.574219 3.845530 -1.060959 -2.523033 0.002103 -0.339098 1.965223 37.250000
4.186034 3.000000 3.835219 -1.047879 -2.426454 -0.001082 -0.327367 1.907190 37.300000
4.777281 3.000000 3.824211 -1.036164 -2.327338 -0.005258 -0.315815 2.035983 37.350000
5.379914 3.000000 3.812562 -1.025937 -2.224185 -0.003943 -0.304551 2.082432 37.400000
5.264555 2.865125 3.800238 -1.017473 -2.119557 0.003854 -0.294020 2.100148 37.450000
5.569179 3.000000 3.787353 -1.010927 -2.015709 0.012016 -0.284444 2.060803 37.500000
6.000000 3.000000 3.774084 -1.006393 -1.911655 0.023898 -0.275964 2.096017 37.550000
5.263096 3.000000 3.760592 -1.004053 -1.806429 0.040008 -0.268847 2.111204 37.600000
5.409621 2.605980 3.747127 -1.003832 -1.700660 0.049391 -0.262950 2.118710 37.650000
5.656103 2.456058 3.733943 -1.005574 -1.598642 0.061889 -0.257917 1.984910 37.700000
5.370698 2.950980 3.721241 -1.009345 -1.502308 0.078803 -0.253852 1.885417 37.750000
5.901107 2.562213 3.709220 -1.015071 -1.403932 0.092167 -0.251129 2.026926 37.800000
6.000000 2.422739 3.698096 -1.022690 -1.305025 0.110060 -0.249604 1.943836 37.850000
5.681037 2.136073 3.688099 -1.032226 -1.210093 0.129667 -0.249116 1.866820 37.900000
4.913934 2.362438 3.679394 -1.043499 -1.120498 0.147373 -0.249372 1.738149 37.950000
5.489923 2.838657 3.672024 -1.056137 -1.032592 0.157766 -0.250355 1.773136 38.000000
5.035797 3.000000 3.666088 -1.069930 -0.938540 0.170818 -0.252783 1.959547 38.050000
5.573702 2.816196 3.661692 -1.084695 -0.836853 0.176113 -0.256672 2.087062 38.100000
6.000000 2.604114 3.658936 -1.100225 -0.733006 0.184869 -0.261193 2.070228 38.150000
6.000000 2.182368 3.658054 -1.116471 -0.631790 0.197536 -0.265980 1.992180 38.200000
5.324796 2.516076 3.659188 -1.133287 -0.537298 0.211511 -0.270564 1.816751 38.250000
6.000000 2.597155 3.662245 -1.150391 -0.444838 0.218814 -0.275425 1.873142 38.300000
5.155378 2.187510 3.667226 -1.167558 -0.349667 0.230424 -0.281175 1.925985 38.350000
5.901130 2.125645 3.674066 -1.184569 -0.256987 0.233960 -0.286793 1.801595 38.400000
6.000000 2.348795 3.682725 -1.201231 -0.168866 0.245398 -0.291939 1.734611 38.450000
5.026063 2.479763 3.693349 -1.217408 -0.080471 0.256549 -0.297681 1.792874 38.500000
5.871090 2.578124 3.705641 -1.232886 0.011234 0.256136 -0.304159 1.864230 38.550000
5.464386 2.945151 3.719463 -1.247475 0.106283 0.261362 -0.311185 1.928015 38.600000
5.991149 2.707671 3.734782 -1.261007 0.207194 0.259138 -0.319162 2.082956 38.650000
5.810158 3.000000 3.751458 -1.273301 0.310564 0.259727 -0.327226 2.056680 38.700000
5.601731 3.000000 3.769411 -1.284192 0.416144 0.256489 -0.335330 2.150760 38.750000
6.000000 3.000000 3.788365 -1.293586 0.524659 0.248949 -0.343257 2.184013 38.800000
5.739258 3.000000 3.808170 -1.301352 0.634196 0.243805 -0.350589 2.195480 38.850000
4.948142 3.000000 3.828664 -1.307392 0.744076 0.235242 -0.357180 2.198892 38.900000
4.887805 2.513831 3.849476 -1.311812 0.854009 0.218744 -0.362558 2.197745 38.950000
4.850517 2.278836 3.870326 -1.314721 0.958850 0.204204 -0.365738 2.024360 39.000000
5.374319 2.740103 3.891112 -1.316103 1.055754 0.193520 -0.366742 1.875452 39.050000
5.928110 2.885583 3.911787 -1.315838 1.152652 0.188023 -0.367188 1.982616 39.100000
5.152377 3.000000 3.932288 -1.313724 1.254400 0.185392 -0.367983 2.072214 39.150000
5.657189 3.000000 3.952408 -1.309861 1.360082 0.173583 -0.368721 2.142410 39.200000
4.906799 2.962589 3.971945 -1.304364 1.467872 0.165803 -0.368944 2.164814 39.250000
5.352876 3.000000 3.990744 -1.297356 1.575897 0.151256 -0.368321 2.156607 39.300000
5.888137 3.000000 4.008656 -1.288969 1.683951 0.141559 -0.366794 2.163627 39.350000
6.000000 2.943725 4.025524 -1.279055 1.792159 0.137391 -0.364804 2.164263 39.400000
5.468298 2.808466 4.041169 -1.267568 1.899781 0.135020 -0.362574 2.143891 39.450000
5.246920 2.936553 4.055469 -1.254719 2.005356 0.129155 -0.359908 2.088097 39.500000
5.763886 2.453817 4.068363 -1.240789 2.110449 0.122099 -0.356819 2.111190 39.550000
5.724837 2.223968 4.079705 -1.225842 2.211271 0.122651 -0.353199 1.948666 39.600000
5.299398 2.208017 4.089321 -1.209894 2.304593 0.126902 -0.349220 1.807189 39.650000
4.542430 2.466796 4.097181 -1.193149 2.393247 0.129733 -0.345203 1.748332 39.700000
4.574551 2.423800 4.103421 -1.175938 2.482704 0.125516 -0.341374 1.818505 39.750000
4.627557 2.807773 4.108145 -1.158511 2.573924 0.121412 -0.337563 1.828351 39.800000
5.410282 2.396201 4.111325 -1.140990 2.669404 0.116477 -0.333971 1.967829 39.850000
5.276687 1.898022 4.112794 -1.123437 2.765026 0.119405 -0.330422 1.872626 39.900000
4.293468 2.345538 4.112389 -1.105930 2.852444 0.125107 -0.326562 1.658023 39.950000
3.978491 2.650541 4.110341 -1.088679 2.937642 0.122877 -0.322790 1.737357 40.000000
3.612903 2.539571 4.106987 -1.071886 3.028549 0.115737 -0.319355 1.876344 40.050000
4.397585 2.862989 4.102546 -1.055680 3.122679 0.104523 -0.315685 1.886479 40.100000
4.295190 2.479520 4.096970 -1.040154 -3.062774 0.099975 -0.311894 2.003338 40.150000
5.146621 2.683971 4.090167 -1.025409 -2.965345 0.095294 -0.307869 1.908942 40.200000
5.004915 2.918908 4.082017 -1.011591 -2.868805 0.099599 -0.303933 1.946653 40.250000
4.921019 2.489231 4.072461 -0.998859 -2.768637 0.101411 -0.300614 2.044015 40.300000
3.931979 2.600507 4.061674 -0.987326 -2.669824 0.103367 -0.297418 1.927708 40.350000
3.042724 2.291555 4.049976 -0.976987 -2.573547 0.097506 -0.294028 1.923662 40.400000
3.260522 2.418318 4.037830 -0.967689 -2.480658 0.085430 -0.289911 1.809506 40.450000
2.557400 2.875225 4.025410 -0.959387 -2.390167 0.077327 -0.285143 1.809608 40.500000
2.063311 2.634531 4.012859 -0.952018 -2.294998 0.061807 -0.280021 1.970252 40.550000
1.090851 2.900474 4.000427 -0.945373 -2.197329 0.042061 -0.273961 1.940344 40.600000
0.989386 2.627562 3.988328 -0.939169 -2.097995 0.014297 -0.266494 2.018663 40.650000
1.358873 2.542273 3.976669 -0.933178 -1.999159 -0.012081 -0.257368 1.945560 40.700000
1.991300 2.379757 3.965366 -0.927465 -1.903640 -0.031599 -0.247002 1.884285 40.750000
2.482669 2.628097 3.954305 -0.922271 -1.811834 -0.041914 -0.236082 1.800892 40.800000
2.077384 2.496471 3.943425 -0.917874 -1.720140 -0.045877 -0.225093 1.857724 40.850000
2.528222 2.835068 3.932758 -0.914292 -1.628011 -0.052226 -0.214130 1.831487 40.900000
1.752401 2.907803 3.922356 -0.911538 -1.533213 -0.053534 -0.203208 1.942539 40.950000
2.164144 2.896371 3.912258 -0.909517 -1.434146 -0.061740 -0.192162 2.009004 41.000000
1.419758 3.000000 3.902504 -0.908134 -1.333115 -0.064816 -0.181013 2.028938 41.050000
0.561426 2.521831 3.893110 -0.907308 -1.230398 -0.073564 -0.169740 2.072313 41.100000
1.108636 2.691204 3.883984 -0.906688 -1.131258 -0.087586 -0.158223 1.918452 41.150000
1.358305 2.977592 3.875123 -0.906242 -1.035243 -0.093790 -0.146600 1.921656 41.200000
1.203273 2.797881 3.866627 -0.906153 -0.936162 -0.096505 -0.134869 2.024716 41.250000
1.293889 2.916239 3.858529 -0.906436 -0.835669 -0.099239 -0.123247 1.999357 41.300000
1.501076 2.880248 3.850855 -0.907071 -0.734737 -0.099533 -0.111888 2.032589 41.350000
1.093101 2.816359 3.843692 -0.908089 -0.633107 -0.096469 -0.100972 2.032845 41.400000
1.510320 2.698911 3.837039 -0.909436 -0.532099 -0.095771 -0.090607 2.011265 41.450000
2.062161 2.955718 3.830940 -0.911076 -0.432953 -0.089636 -0.080968 1.962811 41.500000
3.015460 3.000000 3.825633 -0.913055 -0.332658 -0.077490 -0.072246 2.036994 41.550000
3.258850 3.000000 3.821476 -0.915404 -0.229542 -0.056108 -0.064891 2.080679 41.600000
2.785258 3.000000 3.818751 -0.918052 -0.125022 -0.032488 -0.059396 2.097585 41.650000
2.724202 2.801438 3.817396 -0.920822 -0.019944 -0.013549 -0.055663 2.104580 41.700000
3.600452 2.435414 3.817260 -0.923540 0.083342 0.004668 -0.053450 2.038199 41.750000
4.178771 2.169078 3.818493 -0.926038 0.180802 0.030968 -0.052871 1.885476 41.800000
3.492842 2.174875 3.821361 -0.928100 0.270679 0.062166 -0.054057 1.733918 41.850000
3.458458 2.410270 3.825736 -0.929578 0.355776 0.085933 -0.056721 1.678792 41.900000
3.512525 2.610487 3.831345 -0.930387 0.441591 0.108038 -0.060747 1.743982 41.950000
2.590735 2.699236 3.838066 -0.930410 0.531638 0.128885 -0.066312 1.842625 42.000000
2.319851 2.809429 3.845585 -0.929652 0.625802 0.139229 -0.073073 1.912896 42.050000
2.990147 3.000000 3.853542 -0.928200 0.723370 0.145400 -0.080502 1.979269 42.100000
2.445446 2.891085 3.861888 -0.925944 0.825031 0.156066 -0.088708 2.072077 42.150000
2.568655 3.000000 3.870516 -0.922841 0.928525 0.159868 -0.097354 2.068574 42.200000
3.552073 2.735683 3.879238 -0.918951 1.033060 0.163309 -0.106094 2.106717 42.250000
3.373093 3.000000 3.888066 -0.914050 1.136122 0.174740 -0.114903 2.029269 42.300000
2.522070 3.000000 3.896946 -0.907984 1.239526 0.182749 -0.124180 2.096162 42.350000
1.899198 2.871404 3.905644 -0.901011 1.345066 0.180855 -0.133631 2.121420 42.400000
2.834818 2.759309 3.913964 -0.893507 1.450100 0.172046 -0.142282 2.085986 42.450000
3.332044 3.000000 3.921847 -0.885440 1.552893 0.171554 -0.150013 2.034561 42.500000
2.745028 2.926034 3.929237 -0.876529 1.656573 0.174447 -0.157686 2.101691 42.550000
1.864886 3.000000 3.936044 -0.866874 1.761621 0.170406 -0.165210 2.100551 42.600000
2.140058 2.967514 3.942253 -0.856890 1.867390 0.157163 -0.171906 2.125738 42.650000
1.876550 3.000000 3.947868 -0.846774 1.973589 0.146007 -0.177496 2.122535 42.700000
2.803337 3.000000 3.952882 -0.836573 2.079991 0.132056 -0.181961 2.131650 42.750000
2.743849 2.881537 3.957206 -0.826203 2.186648 0.126612 -0.185561 2.134101 42.800000
3.240392 3.000000 3.960713 -0.815556 2.292158 0.120642 -0.188498 2.093114 42.850000
3.359743 2.859595 3.963305 -0.804638 2.397593 0.119144 -0.191052 2.119768 42.900000
3.431257 3.000000 3.964855 -0.793448 2.502424 0.118622 -0.193385 2.080197 42.950000
2.764565 3.000000 3.965301 -0.782072 2.607461 0.118404 -0.195633 2.115395 43.000000
3.243510 2.879677 3.964759 -0.770698 2.713590 0.111405 -0.197617 2.127491 43.050000
4.218156 2.760192 3.963267 -0.759452 2.818848 0.109110 -0.199109 2.089262 43.100000
4.964432 2.729294 3.960511 -0.748325 2.921698 0.116409 -0.200545 2.034244 43.150000
5.765074 2.777679 3.956119 -0.737365 3.022551 0.130673 -0.202551 2.005250 43.200000
6.000000 2.397687 3.949776 -0.726715 3.123066 0.151574 -0.205726 2.014655 43.250000
5.373260 2.230161 3.941318 -0.716593 -3.063124 0.174346 -0.209924 1.887032 43.300000
5.598113 2.162812 3.930929 -0.707209 -2.971813 0.191464 -0.214617 1.782866 43.350000
4.728997 2.600509 3.918806 -0.698741 -2.884445 0.210560 -0.219765 1.722297 43.400000
5.036638 2.608328 3.905225 -0.691308 -2.794360 0.219344 -0.226041 1.859893 43.450000
6.000000 3.000000 3.890475 -0.685017 -2.699722 0.228400 -0.233388 1.917082 43.500000
6.000000 3.000000 3.874464 -0.680122 -2.599137 0.243102 -0.242302 2.080249 43.550000
6.000000 3.000000 3.857231 -0.676861 -2.493325 0.254164 -0.252736 2.142637 43.600000
5.070937 2.827149 3.839028 -0.675357 -2.385466 0.262531 -0.263907 2.168274 43.650000
4.264863 2.944623 3.820256 -0.675544 -2.278490 0.260652 -0.274754 2.119495 43.700000
3.585516 3.000000 3.801385 -0.677160 -2.171804 0.249961 -0.284691 2.143758 43.750000
3.283945 2.683532 3.782772 -0.679920 -2.063828 0.231524 -0.293387 2.170150 43.800000
4.157418 2.331896 3.764636 -0.683597 -1.958341 0.210895 -0.299867 2.066117 43.850000
4.748868 2.104153 3.746978 -0.688303 -1.859796 0.201271 -0.303955 1.902266 43.900000
4.574723 2.027457 3.729755 -0.694361 -1.768831 0.200211 -0.306442 1.759156 43.950000
3.801347 1.691001 3.713039 -0.701857 -1.683259 0.199564 -0.308025 1.676584 44.000000
3.986076 2.068686 3.696954 -0.710548 -1.603919 0.194238 -0.308488 1.520294 44.050000
3.847062 2.103339 3.681587 -0.720277 -1.525728 0.191284 -0.308568 1.595863 44.100000
3.123765 2.056100 3.667016 -0.730990 -1.444720 0.185959 -0.308789 1.637766 44.150000
3.112628 2.532574 3.653287 -0.742420 -1.362895 0.173776 -0.308593 1.634966 44.200000
3.409071 2.369045 3.640419 -0.754335 -1.276240 0.159971 -0.308236 1.804073 44.250000
3.194545 2.240468 3.628467 -0.766720 -1.185933 0.147995 -0.307481 1.807037 44.300000
3.719568 2.153358 3.617468 -0.779534 -1.096955 0.135185 -0.305817 1.758925 44.350000
3.254074 2.564571 3.607493 -0.792798 -1.010507 0.129036 -0.303374 1.706700 44.400000
2.807996 2.447010 3.598578 -0.806465 -0.921500 0.118043 -0.300729 1.833017 44.450000
1.947277 2.161928 3.590616 -0.820278 -0.829751 0.102565 -0.297541 1.835592 44.500000
2.153162 1.905833 3.583414 -0.833967 -0.741009 0.081351 -0.293061 1.729570 44.550000
2.593438 1.894406 3.576876 -0.847432 -0.658500 0.065922 -0.287253 1.591114 44.600000
1.784700 2.316130 3.571139 -0.860782 -0.580713 0.057670 -0.280753 1.529134 44.650000
1.047288 2.421822 3.566131 -0.873955 -0.500570 0.042027 -0.273912 1.656457 44.700000
1.843856 2.470354 3.561517 -0.886748 -0.415280 0.019014 -0.266312 1.740886 44.750000
1.845679 2.558778 3.557294 -0.899170 -0.326871 0.004089 -0.257854 1.787407 44.800000
1.908393 2.133657 3.553623 -0.911297 -0.236126 -0.010014 -0.248774 1.834293 44.850000
2.829959 2.149765 3.550522 -0.923124 -0.148380 -0.020872 -0.239231 1.696690 44.900000
2.726739 2.559265 3.548243 -0.934667 -0.064936 -0.020261 -0.229773 1.648503 44.950000
2.225199 2.117663 3.546976 -0.945897 0.021248 -0.020418 -0.220633 1.778660 45.000000
1.320883 1.622943 3.546549 -0.956752 0.107009 -0.024054 -0.211684 1.668754 45.050000
0.574273 1.571343 3.546642 -0.967214 0.183963 -0.032459 -0.202855 1.442839 45.100000
0.449764 1.492678 3.546908 -0.977321 0.252871 -0.044409 -0.194003 1.329363 45.150000
0.781385 1.300374 3.547179 -0.987119 0.317095 -0.055038 -0.185072 1.250361 45.200000
1.447769 1.099526 3.547532 -0.996597 0.376546 -0.060248 -0.176286 1.142347 45.250000
1.669088 0.705338 3.548208 -1.005664 0.430127 -0.057014 -0.168008 1.017610 45.300000
1.039588 0.376564 3.549403 -1.014212 0.475092 -0.049361 -0.160549 0.807746 45.350000
0.222276 0.385456 3.551032 -1.022257 0.509039 -0.045074 -0.153912 0.577475 45.400000
1.098363 0.495361 3.552803 -1.029939 0.534829 -0.046588 -0.147810 0.466574 45.450000
1.341913 0.108122 3.554735 -1.037243 0.557844 -0.039152 -0.142060 0.455492 45.500000
1.926704 0.094929 3.557047 -1.044032 0.576066 -0.028655 -0.136765 0.291177 45.550000
1.650803 -0.080927 3.559894 -1.050198 0.588096 -0.011867 -0.131921 0.199788 45.600000
1.509683 -0.417171 3.563319 -1.055705 0.594714 0.002758 -0.127395 0.077310 45.650000
0.583956 0.013952 3.567231 -1.060617 0.592801 0.017011 -0.123029 -0.133506 45.700000
0.000000 0.097438 3.571420 -1.065086 0.587939 0.022600 -0.118768 -0.067302 45.750000
0.380139 0.522251 3.575582 -1.069327 0.586573 0.021973 -0.114699 0.005765 45.800000
1.052133 0.358680 3.579669 -1.073377 0.592954 0.023713 -0.110898 0.227833 45.850000
0.232303 0.041835 3.583871 -1.077114 0.605803 0.030711 -0.107373 0.280807 45.900000
0.000000 -0.395006 3.588148 -1.080567 0.616979 0.030127 -0.103960 0.176744 45.950000
0.891011 -0.352728 3.592306 -1.083881 0.619154 0.028704 -0.100467 -0.066623 46.000000
1.871048 -0.359465 3.596493 -1.086962 0.612571 0.036793 -0.096892 -0.184984 46.050000
2.736962 -0.263289 3.601076 -1.089566 0.601477 0.054235 -0.093232 -0.251765 46.100000
2.483729 -0.310599 3.606403 -1.091477 0.589035 0.079178 -0.089469 -0.246092 46.150000
2.479084 -0.118685 3.612572 -1.092655 0.576303 0.100797 -0.085608 -0.261365 46.200000
2.320594 -0.082423 3.619511 -1.093177 0.565250 0.121297 -0.081828 -0.187947 46.250000
2.610816 0.116017 3.627157 -1.093099 0.557397 0.139144 -0.078322 -0.131564 46.300000
1.823622 0.084492 3.635509 -1.092435 0.554008 0.158506 -0.075310 -0.014954 46.350000
2.533328 0.439053 3.644430 -1.091268 0.554710 0.169392 -0.072837 0.038157 46.400000
3.049340 0.044940 3.653875 -1.089619 0.561586 0.185853 -0.071248 0.219289 46.450000
3.131562 0.406244 3.664045 -1.087339 0.570737 0.206267 -0.070103 0.153556 46.500000
3.370414 0.670362 3.675020 -1.084367 0.581634 0.226502 -0.069415 0.270701 46.550000
4.178132 0.431269 3.686808 -1.080662 0.599964 0.247467 -0.070173 0.444333 46.600000
3.577033 0.763049 3.699540 -1.076076 0.621997 0.274730 -0.071893 0.438094 46.650000
4.276636 0.308005 3.713183 -1.070577 0.647624 0.294920 -0.074671 0.572412 46.700000
4.347123 0.004074 3.727675 -1.064138 0.673033 0.320733 -0.077700 0.457335 46.750000
3.354006 0.179398 3.743105 -1.056657 0.690837 0.346908 -0.079278 0.274723 46.800000
3.615666 0.163332 3.759271 -1.048301 0.703948 0.363304 -0.079902 0.252267 46.850000
3.652601 -0.253227 3.776006 -1.039198 0.716071 0.381572 -0.080405 0.234768 46.900000
3.338021 0.028402 3.793337 -1.029325 0.722748 0.400045 -0.079516 0.050571 46.950000
3.694601 0.066761 3.811209 -1.018761 0.725759 0.415259 -0.077692 0.068260 47.000000
3.430566 0.232317 3.829607 -1.007525 0.729903 0.433059 -0.076309 0.095075 47.050000
2.876700 0.703888 3.848510 -0.995617 0.737009 0.447391 -0.075955 0.180915 47.100000
2.695929 0.299329 3.867720 -0.983162 0.752808 0.455086 -0.078476 0.425780 47.150000
1.918902 0.527065 3.887039 -0.970255 0.773074 0.460239 -0.082419 0.389208 47.200000
1.381326 0.788722 3.906279 -0.957048 0.794641 0.457712 -0.086678 0.465498 47.250000
2.136629 1.018191 3.925189 -0.943748 0.822004 0.449449 -0.092582 0.612730 47.300000
2.182165 1.230010 3.943761 -0.930289 0.857309 0.447230 -0.100724 0.780198 47.350000
1.268462 0.935253 3.962057 -0.916511 0.900993 0.443879 -0.111180 0.947127 47.400000
0.334191 0.610626 3.979890 -0.902564 0.947356 0.431140 -0.121848 0.912366 47.450000
0.130405 0.690367 3.997008 -0.888806 0.988963 0.410460 -0.130170 0.769737 47.500000
0.000000 1.097778 4.013316 -0.875467 1.026434 0.389056 -0.136403 0.733389 47.550000
0.961371 0.657301 4.028815 -0.862612 1.067141 0.366369 -0.142703 0.877095 47.600000
0.890179 0.785462 4.043616 -0.850067 1.108014 0.353152 -0.148307 0.770907 47.650000
1.851057 0.799398 4.057853 -0.837648 1.146561 0.339996 -0.152761 0.770906 47.700000
2.381422 0.538153 4.071626 -0.825164 1.185263 0.336026 -0.156865 0.776627 47.750000
3.237416 0.067560 4.085070 -0.812297 1.221274 0.337522 -0.160141 0.676081 47.800000
3.255972 -0.023791 4.098305 -0.798748 1.248430 0.348723 -0.161288 0.437530 47.850000
3.453714 0.348728 4.111425 -0.784331 1.265897 0.361753 -0.160184 0.278334 47.900000
2.567666 0.445322 4.124454 -0.769014 1.281793 0.376466 -0.158897 0.350305 47.950000
3.318252 0.080268 4.137311 -0.752984 1.301489 0.381568 -0.158792 0.429215 48.000000
3.270884 -0.289070 4.149956 -0.736292 1.319943 0.393705 -0.158454 0.320805 48.050000
3.222678 -0.560193 4.162441 -0.718794 1.330163 0.406701 -0.155936 0.109463 48.100000
3.239429 -0.971857 4.174811 -0.700525 1.329264 0.421084 -0.150323 -0.123384 48.150000
3.389199 -1.202006 4.187143 -0.681506 1.314767 0.437707 -0.140725 -0.425506 48.200000
4.081689 -0.812669 4.199559 -0.661722 1.286465 0.457312 -0.126870 -0.678498 48.250000
3.517147 -0.685518 4.212221 -0.641035 1.253338 0.482764 -0.111445 -0.650642 48.300000
2.955232 -0.382445 4.225184 -0.619488 1.222534 0.500944 -0.096854 -0.589549 48.350000
2.700098 0.024090 4.238372 -0.597395 1.197239 0.511934 -0.084438 -0.439948 48.400000
3.507662 0.198559 4.251687 -0.574970 1.181949 0.518667 -0.075969 -0.197626 48.450000
3.643695 -0.189359 4.265114 -0.552107 1.177666 0.531388 -0.071804 0.006430 48.500000
4.026626 -0.371064 4.278680 -0.528613 1.176583 0.544526 -0.068946 -0.045059 48.550000
4.667971 0.061479 4.292438 -0.504408 1.171396 0.561039 -0.064551 -0.152257 48.600000
4.888986 0.034838 4.306500 -0.479309 1.167160 0.582709 -0.060648 -0.029218 48.650000
3.994676 0.335393 4.320908 -0.453166 1.167280 0.605163 -0.058649 0.028664 48.700000
4.770665 0.588461 4.335551 -0.426158 1.173127 0.617935 -0.059225 0.189737 48.750000
4.324437 0.187247 4.350336 -0.398321 1.188005 0.636599 -0.063894 0.385780 48.800000
4.409970 0.338845 4.365196 -0.369597 1.205651 0.649989 -0.069812 0.327157 48.850000
4.180766 0.490867 4.380063 -0.340090 1.222975 0.663504 -0.075558 0.362921 48.900000
4.246527 0.885286 4.394874 -0.309852 1.243472 0.673835 -0.082771 0.448716 48.950000
4.869393 0.576493 4.409531 -0.278934 1.271725 0.683165 -0.093646 0.659047 49.000000
4.633791 0.214492 4.423962 -0.247194 1.304293 0.696843 -0.106480 0.646965 49.050000
4.016090 0.672655 4.438135 -0.214579 1.332570 0.707893 -0.116996 0.502210 49.100000
3.957648 0.321216 4.451986 -0.181316 1.360973 0.712329 -0.127398 0.621781 49.150000
4.119016 0.375525 4.465416 -0.147583 1.389914 0.715541 -0.137773 0.545959 49.200000
3.716349 0.241005 4.478413 -0.113377 1.416898 0.720109 -0.146875 0.535860 49.250000
4.271533 0.208225 4.490951 -0.078774 1.442145 0.720794 -0.154818 0.481191 49.300000
3.327554 0.295521 4.503030 -0.043754 1.465159 0.726826 -0.161396 0.444471 49.350000
2.662879 0.067589 4.514635 -0.008426 1.487940 0.723704 -0.167654 0.465234 49.400000
2.124427 0.356385 4.525719 0.026825 1.508963 0.714784 -0.172690 0.384813 49.450000
2.701695 0.013224 4.536279 0.061725 1.530366 0.701018 -0.177581 0.463009 49.500000
2.180607 -0.152867 4.546306 0.096293 1.550754 0.693305 -0.181624 0.363533 49.550000
1.948413 0.245019 4.555844 0.130564 1.565585 0.682384 -0.182668 0.242074 49.600000
1.742699 -0.221589 4.564930 0.164386 1.580444 0.669742 -0.183575 0.341619 49.650000
2.603433 0.006507 4.573564 0.197673 1.593591 0.656143 -0.183494 0.198499 49.700000
2.946701 -0.028443 4.581784 0.230613 1.603975 0.651788 -0.182050 0.214889 49.750000
3.536346 0.377215 4.589594 0.263501 1.614535 0.650776 -0.180717 0.207996 49.800000
3.546878 0.082742 4.596973 0.296549 1.629504 0.654197 -0.181506 0.373778 49.850000
2.752607 -0.233112 4.603865 0.329867 1.647276 0.656854 -0.183590 0.340915 49.900000
2.740296 -0.194461 4.610288 0.363263 1.660224 0.653210 -0.183337 0.192108 49.950000
