-0.803467 -0.330054 -0.579326 0.349764 -1.293953 -0.994522 0.000000 -0.289049 0.000000
0.000000 -0.651592 -0.592595 0.396821 -1.308767 -0.961356 -0.010326 -0.303804 0.050000
0.000000 -0.444588 -0.605170 0.442194 -1.328044 -0.921883 -0.022911 -0.453362 0.100000
0.527151 -0.161813 -0.616981 0.485780 -1.350720 -0.883661 -0.036726 -0.455518 0.150000
0.000000 0.294744 -0.628046 0.527526 -1.370483 -0.842011 -0.047638 -0.348009 0.200000
0.000000 0.113425 -0.638477 0.567492 -1.381157 -0.807458 -0.052301 -0.103963 0.250000
0.000000 0.490398 -0.648436 0.605858 -1.384770 -0.774856 -0.052566 -0.045827 0.300000
0.596675 0.028408 -0.658004 0.642688 -1.381705 -0.744116 -0.049128 0.150504 0.350000
1.184924 -0.140255 -0.667231 0.677904 -1.376460 -0.709276 -0.044744 0.068160 0.400000
1.642198 -0.224623 -0.676053 0.711308 -1.376218 -0.670139 -0.043104 -0.047120 0.450000
1.653358 -0.655623 -0.684388 0.742744 -1.381302 -0.628096 -0.043990 -0.146436 0.500000
2.198677 -0.601921 -0.692189 0.772192 -1.395105 -0.587141 -0.048462 -0.381607 0.550000
1.316483 -0.828454 -0.699396 0.799607 -1.417031 -0.542144 -0.055633 -0.484513 0.600000
2.239948 -0.981271 -0.706026 0.825143 -1.445322 -0.506430 -0.064309 -0.630932 0.650000
2.943000 -0.883665 -0.712094 0.848848 -1.480652 -0.462590 -0.074313 -0.766473 0.700000
2.523060 -0.511844 -0.717601 0.870401 -1.519743 -0.413130 -0.083980 -0.793903 0.750000
2.526842 -0.542913 -0.722633 0.889803 -1.555655 -0.369489 -0.091146 -0.658543 0.800000
3.179793 -0.156300 -0.727307 0.907232 -1.587049 -0.327839 -0.095847 -0.603205 0.850000
3.640119 -0.149195 -0.731719 0.922615 -1.612015 -0.282473 -0.098030 -0.415650 0.900000
4.198911 0.310937 -0.735969 0.935785 -1.629953 -0.235509 -0.098013 -0.312014 0.950000
4.823145 0.702707 -0.740141 0.946610 -1.638628 -0.186422 -0.096012 -0.059181 1.000000
4.081474 0.509315 -0.744307 0.954930 -1.633043 -0.135278 -0.092150 0.253219 1.050000
3.734579 0.856505 -0.748480 0.960895 -1.617833 -0.094114 -0.087786 0.346275 1.100000
3.345839 1.202810 -0.752619 0.964855 -1.595127 -0.058513 -0.083591 0.541240 1.150000
3.442554 0.719995 -0.756677 0.967067 -1.561362 -0.028960 -0.079724 0.781546 1.200000
4.261195 0.617351 -0.760596 0.967673 -1.524366 0.000205 -0.076634 0.707606 1.250000
4.795224 0.937102 -0.764299 0.966518 -1.491097 0.036405 -0.074462 0.632466 1.300000
4.220563 0.875134 -0.767693 0.963354 -1.456868 0.076190 -0.073325 0.726164 1.350000
3.818240 1.153619 -0.770706 0.958279 -1.419930 0.108893 -0.073280 0.749050 1.400000
3.937634 1.374626 -0.773291 0.951609 -1.379028 0.136194 -0.074382 0.872275 1.450000
4.301235 1.865212 -0.775379 0.943495 -1.331307 0.162763 -0.076963 1.018337 1.500000
4.044859 2.053963 -0.776851 0.933926 -1.273118 0.190331 -0.081710 1.275041 1.550000
4.230142 2.510034 -0.777585 0.923005 -1.204131 0.212741 -0.088873 1.458722 1.600000
4.185758 2.532061 -0.777462 0.910892 -1.124128 0.233819 -0.098625 1.704953 1.650000
4.272014 2.428347 -0.776345 0.897725 -1.035791 0.251311 -0.110568 1.812488 1.700000
3.281852 2.567025 -0.774120 0.883676 -0.944978 0.267038 -0.123593 1.819823 1.750000
3.424446 2.127423 -0.770838 0.869086 -0.852387 0.271003 -0.137149 1.875651 1.800000
4.319762 2.286241 -0.766579 0.854260 -0.762500 0.275013 -0.149955 1.741797 1.850000
4.679380 2.481086 -0.761150 0.839147 -0.675160 0.286192 -0.162312 1.751266 1.900000
4.847288 2.713668 -0.754312 0.823714 -0.585367 0.298204 -0.175483 1.829196 1.950000
5.769591 2.460241 -0.745958 0.808097 -0.490540 0.308376 -0.190002 1.946150 2.000000
6.000000 2.323295 -0.735876 0.792402 -0.394478 0.324482 -0.205164 1.904563 2.050000
5.013986 2.192467 -0.723848 0.776744 -0.300986 0.340863 -0.220296 1.846088 2.100000
5.182421 2.270121 -0.710094 0.761392 -0.210560 0.346501 -0.234878 1.782261 2.150000
4.323238 1.964826 -0.694858 0.746580 -0.121239 0.352083 -0.249045 1.790441 2.200000
3.624918 1.632376 -0.678382 0.732477 -0.034733 0.348796 -0.262066 1.686667 2.250000
3.975451 1.298255 -0.661088 0.719200 0.044973 0.340238 -0.272589 1.526085 2.300000
3.938320 1.736079 -0.643090 0.706787 0.115882 0.337583 -0.280294 1.337887 2.350000
3.156556 1.519436 -0.624345 0.695279 0.185249 0.334578 -0.287244 1.424588 2.400000
3.967078 1.826248 -0.605117 0.684697 0.255201 0.323573 -0.293724 1.379755 2.450000
4.254902 1.414675 -0.585461 0.675088 0.326930 0.319212 -0.300016 1.475611 2.500000
3.798722 1.829612 -0.565211 0.666573 0.397468 0.317608 -0.305640 1.362520 2.550000
3.780339 2.140088 -0.544474 0.659173 0.468695 0.311017 -0.311035 1.470794 2.600000
3.425409 1.935799 -0.523460 0.652882 0.546792 0.301032 -0.317322 1.629160 2.650000
3.453776 1.689224 -0.502363 0.647681 0.627879 0.286202 -0.323301 1.615794 2.700000
3.437988 2.043204 -0.481315 0.643536 0.705860 0.273022 -0.327632 1.517565 2.750000
2.584268 1.564055 -0.460357 0.640454 0.784298 0.259593 -0.331175 1.606034 2.800000
2.636626 1.327627 -0.439697 0.638284 0.860468 0.239482 -0.333230 1.461160 2.850000
2.241651 1.123412 -0.419460 0.636892 0.929201 0.223899 -0.333017 1.309002 2.900000
1.456329 1.380351 -0.399664 0.636220 0.990517 0.208693 -0.330917 1.162775 2.950000
0.614591 1.298975 -0.380439 0.636045 1.049524 0.188023 -0.327790 1.192134 3.000000
1.471905 1.654052 -0.361961 0.636025 1.108468 0.160644 -0.323754 1.167249 3.050000
2.279628 1.903165 -0.344199 0.636156 1.170227 0.141400 -0.319191 1.285494 3.100000
2.757015 1.607437 -0.326988 0.636761 1.238521 0.127972 -0.314704 1.425404 3.150000
3.654996 1.407760 -0.310248 0.638089 1.308228 0.119323 -0.309951 1.370222 3.200000
2.790192 1.032668 -0.293917 0.640446 1.373904 0.121492 -0.304857 1.270846 3.250000
3.717873 0.648631 -0.278025 0.643845 1.432161 0.119046 -0.299297 1.084479 3.300000
3.260712 0.960334 -0.262607 0.648328 1.479826 0.130019 -0.293164 0.852295 3.350000
3.250626 1.273300 -0.247672 0.654017 1.522886 0.138522 -0.287163 0.868406 3.400000
2.415779 0.839393 -0.233277 0.660767 1.570002 0.145369 -0.282029 0.999712 3.450000
1.829342 1.240811 -0.219468 0.668326 1.616919 0.144594 -0.277137 0.890692 3.500000
2.313860 1.629912 -0.206257 0.676343 1.664432 0.138483 -0.272373 0.995962 3.550000
2.750105 1.433771 -0.193663 0.684754 1.719809 0.134512 -0.268379 1.192568 3.600000
3.656464 0.956354 -0.181739 0.693715 1.779745 0.133385 -0.264849 1.203272 3.650000
4.531459 0.690854 -0.170579 0.703500 1.834859 0.142733 -0.261128 1.025394 3.700000
3.837357 0.713479 -0.160328 0.714501 1.880993 0.163287 -0.257144 0.843878 3.750000
4.243980 0.369400 -0.151040 0.726728 1.921116 0.178925 -0.253175 0.770604 3.800000
4.252832 0.202703 -0.142732 0.740075 1.954881 0.200118 -0.249002 0.600849 3.850000
3.866884 0.007816 -0.135458 0.754605 1.980771 0.223401 -0.244324 0.452307 3.900000
3.371644 0.259983 -0.129191 0.770212 1.999123 0.244834 -0.238966 0.298848 3.950000
4.038172 -0.006019 -0.123838 0.786684 2.014780 0.261826 -0.233578 0.325179 4.000000
4.529578 -0.318715 -0.119409 0.804020 2.028425 0.285084 -0.228199 0.231063 4.050000
4.047121 -0.554546 -0.116004 0.822442 2.035028 0.314243 -0.221747 0.051503 4.100000
4.223888 -0.896712 -0.113582 0.841948 2.032159 0.340622 -0.213441 -0.146822 4.150000
5.165118 -0.800065 -0.112046 0.862492 2.017899 0.370760 -0.202471 -0.397227 4.200000
5.675014 -0.596093 -0.111415 0.884336 1.995540 0.410340 -0.189289 -0.486855 4.250000
4.943437 -0.676949 -0.111722 0.907776 1.972278 0.452879 -0.175651 -0.447609 4.300000
4.529277 -0.401322 -0.112844 0.932712 1.949551 0.486359 -0.162029 -0.460238 4.350000
4.366249 -0.612187 -0.114592 0.958847 1.929473 0.513671 -0.149346 -0.354629 4.400000
4.634767 -0.843165 -0.116858 0.986003 1.910816 0.537744 -0.137249 -0.388575 4.450000
3.881306 -0.744421 -0.119577 1.014175 1.888202 0.563692 -0.123673 -0.504111 4.500000
4.387863 -0.293411 -0.122616 1.043241 1.862380 0.581651 -0.108913 -0.527357 4.550000
4.522040 -0.576186 -0.125890 1.073115 1.840695 0.602510 -0.096071 -0.359361 4.600000
5.144151 -0.904405 -0.129418 1.103888 1.821826 0.623048 -0.084556 -0.392796 4.650000
5.981293 -1.097770 -0.133178 1.135702 1.797861 0.648710 -0.070797 -0.549718 4.700000
5.545528 -0.790847 -0.137116 1.168871 1.765844 0.681224 -0.053186 -0.713673 4.750000
6.000000 -0.748405 -0.141100 1.203444 1.731154 0.707694 -0.034209 -0.680131 4.800000
6.000000 -0.414583 -0.145026 1.239362 1.697865 0.736337 -0.015914 -0.656517 4.850000
5.723588 -0.556603 -0.148836 1.276661 1.668900 0.762946 0.000087 -0.519884 4.900000
6.000000 -0.518100 -0.152487 1.315202 1.643012 0.785294 0.014374 -0.517922 4.950000
5.865016 -0.090210 -0.155919 1.354927 1.617374 0.808758 0.028458 -0.510613 5.000000
5.307802 0.238402 -0.159092 1.395806 1.596609 0.829749 0.039599 -0.340260 5.050000
5.436417 0.586322 -0.162042 1.437626 1.585719 0.845005 0.044730 -0.118640 5.100000
4.615057 0.343704 -0.164872 1.480252 1.587172 0.861497 0.042294 0.151357 5.150000
4.407654 0.590680 -0.167711 1.523492 1.596117 0.870045 0.035335 0.202403 5.200000
5.122089 0.149656 -0.170632 1.567084 1.609976 0.876400 0.025497 0.339398 5.250000
4.342051 0.312720 -0.173707 1.611125 1.624059 0.888919 0.015784 0.236161 5.300000
4.495651 0.726985 -0.176931 1.655574 1.636357 0.893468 0.007435 0.255191 5.350000
5.268197 1.198254 -0.180335 1.700260 1.654311 0.899085 -0.004309 0.444796 5.400000
5.915008 1.070276 -0.184081 1.745369 1.684847 0.910990 -0.023907 0.745355 5.450000
4.975740 0.855883 -0.188407 1.791161 1.725164 0.926947 -0.049533 0.858011 5.500000
5.584349 0.861308 -0.193435 1.837475 1.767624 0.931906 -0.075988 0.846419 5.550000
6.000000 0.852743 -0.199227 1.884154 1.810287 0.940760 -0.101887 0.862724 5.600000
5.645889 0.976223 -0.205901 1.931346 1.853988 0.951421 -0.127897 0.887063 5.650000
6.000000 1.130927 -0.213538 1.978961 1.900480 0.956228 -0.155157 0.967371 5.700000
6.000000 0.846599 -0.222243 2.026874 1.952071 0.961136 -0.185126 1.086216 5.750000
5.112985 0.468183 -0.232141 2.075018 2.005307 0.963293 -0.215288 1.053022 5.800000
5.106523 0.755117 -0.243172 2.123107 2.053852 0.956577 -0.241086 0.911282 5.850000
4.141248 0.430246 -0.255225 2.170907 2.101110 0.948912 -0.264883 0.974790 5.900000
4.057350 -0.050198 -0.268201 2.218151 2.147427 0.931541 -0.286772 0.891396 5.950000
3.419787 0.052508 -0.281941 2.264639 2.185800 0.916156 -0.302106 0.671877 6.000000
3.148485 -0.191260 -0.296283 2.310311 2.217673 0.897572 -0.312251 0.610797 6.050000
3.325412 -0.051332 -0.311072 2.355055 2.244648 0.879021 -0.318511 0.482604 6.100000
3.959821 -0.520162 -0.326266 2.398925 2.268533 0.864069 -0.322319 0.473553 6.150000
4.474948 -0.356195 -0.341974 2.442118 2.286709 0.858069 -0.322294 0.274307 6.200000
4.761773 -0.383293 -0.358334 2.484931 2.299340 0.859541 -0.318864 0.234539 6.250000
4.344087 -0.463431 -0.375447 2.527537 2.310117 0.864464 -0.314446 0.199663 6.300000
4.386751 -0.516675 -0.393270 2.569930 2.318591 0.866345 -0.308789 0.144001 6.350000
4.231315 -0.282650 -0.411719 2.612074 2.324241 0.869775 -0.301603 0.086612 6.400000
3.623922 -0.721878 -0.430750 2.653972 2.330319 0.871495 -0.294959 0.149407 6.450000
4.389741 -0.886959 -0.450231 2.695493 2.333517 0.868706 -0.286742 -0.007953 6.500000
4.341006 -0.715495 -0.470144 2.736754 2.328599 0.876246 -0.273771 -0.174406 6.550000
4.707904 -0.266756 -0.490546 2.777968 2.319148 0.884536 -0.258401 -0.202889 6.600000
3.880080 -0.091395 -0.511450 2.819205 2.313589 0.894361 -0.245999 -0.037187 6.650000
3.309820 -0.433436 -0.532793 2.860308 2.316192 0.893347 -0.239208 0.124765 6.700000
4.092162 -0.420933 -0.554376 2.900973 2.320821 0.886473 -0.233913 0.064978 6.750000
4.773341 -0.386547 -0.576225 2.941262 2.323184 0.887887 -0.227363 0.031686 6.800000
5.316825 -0.113953 -0.598557 2.981453 2.324561 0.895868 -0.220426 0.023347 6.850000
4.938134 -0.240119 -0.621552 3.021746 2.328719 0.907727 -0.215543 0.132194 6.900000
3.948516 -0.376295 -0.645239 3.062115 2.335498 0.914826 -0.212548 0.138185 6.950000
3.285995 -0.480013 -0.669382 3.102310 2.340873 0.912879 -0.208748 0.081556 7.000000
3.976741 -0.821546 -0.693691 3.142084 2.342774 0.905879 -0.202812 0.000836 7.050000
4.298386 -0.792837 -0.718137 3.181516 2.337432 0.907535 -0.192387 -0.197040 7.100000
5.086745 -1.268605 -0.742820 3.220881 2.324726 0.913842 -0.177538 -0.302710 7.150000
4.942923 -1.281703 -0.767837 3.260463 2.302344 0.929049 -0.156730 -0.566777 7.200000
4.317152 -0.814189 -0.793145 3.300498 2.269782 0.943494 -0.129625 -0.721921 7.250000
4.407770 -0.575723 -0.818498 3.340917 2.236359 0.950452 -0.102653 -0.630365 7.300000
3.912641 -0.715934 -0.843771 3.381597 2.208378 0.956160 -0.080159 -0.506756 7.350000
3.161241 -0.292338 -0.868896 3.422420 2.182835 0.955997 -0.060026 -0.517357 7.400000
3.653539 -0.233957 -0.893688 3.463138 2.161297 0.947971 -0.043385 -0.363897 7.450000
3.810128 -0.209163 -0.918155 3.503666 2.145741 0.944143 -0.031433 -0.270247 7.500000
3.671225 0.041255 -0.942420 3.544108 2.133712 0.941586 -0.022288 -0.217856 7.550000
2.725205 0.225939 -0.966515 3.584450 2.126367 0.937613 -0.016625 -0.089573 7.600000
1.743844 0.653571 -0.990369 3.624444 2.125944 0.924870 -0.015791 0.058553 7.650000
2.614928 0.224170 -1.013842 3.663668 2.136150 0.903326 -0.021915 0.324041 7.700000
1.742855 0.699766 -1.037044 3.702067 2.151484 0.890506 -0.030976 0.293904 7.750000
2.678300 0.906385 -1.060013 3.739646 2.171333 0.869731 -0.042385 0.481588 7.800000
1.878791 1.311900 -1.082853 3.776382 2.200632 0.857502 -0.058996 0.671226 7.850000
1.195907 0.881697 -1.105678 3.812235 2.241598 0.836505 -0.081737 0.937963 7.900000
1.566340 1.000218 -1.128356 3.846855 2.287584 0.808155 -0.105911 0.908410 7.950000
2.204246 0.717621 -1.150840 3.880193 2.334207 0.782900 -0.128739 0.953569 8.000000
2.570256 0.224624 -1.173281 3.912435 2.379611 0.763505 -0.149364 0.874965 8.050000
2.951233 0.207276 -1.195813 3.943793 2.417046 0.748931 -0.164422 0.651095 8.100000
2.862135 0.354729 -1.218519 3.974469 2.446474 0.739710 -0.174401 0.539872 8.150000
3.414209 0.674226 -1.241433 4.004554 2.473669 0.730231 -0.182676 0.547810 8.200000
3.182190 1.134375 -1.264644 4.034101 2.504863 0.724924 -0.192605 0.685230 8.250000
2.597734 1.096657 -1.288233 4.063067 2.546262 0.714416 -0.207254 0.940786 8.300000
2.786872 1.425369 -1.312060 4.091211 2.596392 0.695469 -0.225330 1.051665 8.350000
2.298807 0.958993 -1.336046 4.118391 2.654126 0.675349 -0.245796 1.234683 8.400000
2.524551 1.184594 -1.360104 4.144501 2.713223 0.649529 -0.265224 1.142849 8.450000
2.094474 1.428257 -1.384152 4.169522 2.771762 0.625619 -0.282676 1.192787 8.500000
2.174394 0.936519 -1.408111 4.193422 2.834714 0.595592 -0.300309 1.309458 8.550000
2.077124 1.055126 -1.431866 4.216160 2.896329 0.566721 -0.315431 1.173822 8.600000
2.749130 1.094074 -1.455402 4.237794 2.954605 0.538462 -0.327455 1.158810 8.650000
2.052959 1.590949 -1.478836 4.258379 3.012745 0.516776 -0.337967 1.165555 8.700000
1.466579 1.826105 -1.502127 4.277920 3.076429 0.486093 -0.349008 1.354528 8.750000
0.980432 1.470894 -1.524907 4.296359 -3.134345 0.446039 -0.360941 1.516689 8.800000
0.168108 1.035759 -1.546872 4.313716 -3.060555 0.401353 -0.370670 1.443412 8.850000
0.088565 1.163745 -1.567745 4.330117 -2.994145 0.353915 -0.375645 1.239008 8.900000
0.079166 1.601216 -1.587408 4.345715 -2.933577 0.310320 -0.376909 1.187795 8.950000
0.000000 1.864405 -1.605898 4.360614 -2.870362 0.266960 -0.376796 1.319458 9.000000
0.799950 2.336543 -1.623205 4.374898 -2.800254 0.221095 -0.375873 1.461183 9.050000
0.792893 2.129236 -1.639487 4.388597 -2.720793 0.179819 -0.374147 1.681172 9.100000
0.297581 1.783716 -1.654908 4.401733 -2.636675 0.138001 -0.370653 1.680672 9.150000
0.000000 1.304971 -1.669425 4.414442 -2.556555 0.095724 -0.364429 1.542122 9.200000
0.000000 0.990068 -1.683004 4.426881 -2.486409 0.057965 -0.355603 1.296524 9.250000
0.673990 0.587227 -1.695737 4.439109 -2.428176 0.028198 -0.345043 1.062534 9.300000
1.221399 1.037833 -1.707876 4.451012 -2.382588 0.012480 -0.333734 0.793967 9.350000
2.209151 0.667574 -1.719717 4.462372 -2.341507 0.005134 -0.322432 0.842777 9.400000
2.874680 0.464611 -1.731529 4.472937 -2.302851 0.008903 -0.311460 0.718726 9.450000
3.410035 0.663699 -1.743581 4.482404 -2.270831 0.022026 -0.301033 0.579085 9.500000
3.351470 0.740804 -1.756041 4.490550 -2.241486 0.041142 -0.291297 0.594012 9.550000
3.291908 1.205601 -1.768930 4.497304 -2.210619 0.058777 -0.282345 0.636599 9.600000
4.244993 0.881162 -1.782165 4.502718 -2.172923 0.072977 -0.274394 0.846542 9.650000
3.878098 0.713812 -1.795776 4.506653 -2.131316 0.094448 -0.267415 0.821762 9.700000
4.622745 0.359364 -1.809765 4.509009 -2.092336 0.113009 -0.261074 0.747298 9.750000
4.485457 0.781854 -1.824113 4.509708 -2.059856 0.140378 -0.254995 0.573406 9.800000
4.874472 0.742105 -1.838831 4.508635 -2.028724 0.166136 -0.249629 0.662591 9.850000
5.714919 0.670531 -1.853857 4.505774 -1.994708 0.193756 -0.245408 0.695305 9.900000
5.669386 1.102797 -1.869217 4.500901 -1.960177 0.228117 -0.242158 0.688208 9.950000
5.265938 0.934638 -1.884871 4.493892 -1.920903 0.259283 -0.240681 0.862812 10.000000
4.479171 1.237742 -1.900640 4.484908 -1.877187 0.284074 -0.240873 0.884277 10.050000
4.861515 1.601116 -1.916308 4.474268 -1.829256 0.299153 -0.242567 1.016747 10.100000
4.817239 1.696366 -1.931711 4.462123 -1.772671 0.314140 -0.246618 1.220243 10.150000
5.445968 1.224762 -1.946712 4.448474 -1.708025 0.325009 -0.252874 1.348486 10.200000
4.507887 1.396374 -1.961185 4.433260 -1.644028 0.340956 -0.259340 1.229243 10.250000
5.143058 0.919947 -1.975021 4.416610 -1.582084 0.347737 -0.265611 1.246821 10.300000
4.693376 1.247150 -1.988113 4.398654 -1.524610 0.361282 -0.270956 1.076210 10.350000
4.237451 1.054730 -2.000398 4.379397 -1.469291 0.370503 -0.276046 1.130139 10.400000
3.332595 0.617063 -2.011810 4.359126 -1.414136 0.374804 -0.281166 1.082942 10.450000
4.306455 0.841741 -2.022351 4.338205 -1.365349 0.372656 -0.284439 0.893102 10.500000
5.288010 1.095016 -2.032000 4.316625 -1.320657 0.381034 -0.286625 0.894961 10.550000
4.880449 1.293838 -2.040610 4.293999 -1.273014 0.396870 -0.289953 0.998596 10.600000
4.906427 1.606479 -2.048076 4.270314 -1.219477 0.405680 -0.295268 1.126782 10.650000
5.565111 1.940420 -2.054343 4.245793 -1.158054 0.410717 -0.302960 1.306294 10.700000
6.000000 1.448835 -2.059260 4.220460 -1.086884 0.416848 -0.313506 1.511857 10.750000
5.981368 1.040943 -2.062627 4.194271 -1.013989 0.424991 -0.324513 1.418884 10.800000
6.000000 1.276704 -2.064335 4.167266 -0.948402 0.434907 -0.333344 1.232229 10.850000
5.778757 1.575548 -2.064340 4.139538 -0.886404 0.445488 -0.341247 1.246962 10.900000
5.665533 1.314354 -2.062632 4.111276 -0.820542 0.451063 -0.350475 1.371106 10.950000
4.875697 1.628518 -2.059234 4.082717 -0.753196 0.453814 -0.360021 1.329625 11.000000
4.059311 1.869054 -2.054286 4.054149 -0.683780 0.447220 -0.369817 1.432581 11.050000
3.546961 1.431515 -2.048086 4.025968 -0.608366 0.429309 -0.380527 1.564167 11.100000
3.783189 1.707946 -2.040915 3.998473 -0.533325 0.406552 -0.389623 1.452984 11.150000
2.935797 1.683371 -2.032847 3.971732 -0.459119 0.386509 -0.397029 1.506463 11.200000
2.654097 1.498675 -2.024054 3.945854 -0.383545 0.357977 -0.403241 1.513723 11.250000
2.360002 1.023003 -2.014810 3.920960 -0.309902 0.328507 -0.407191 1.440756 11.300000
2.395771 0.878436 -2.005245 3.897054 -0.244005 0.301520 -0.407772 1.223772 11.350000
1.678536 0.982884 -1.995379 3.874081 -0.187218 0.281021 -0.405334 1.067145 11.400000
2.298343 1.070596 -1.985338 3.852016 -0.134865 0.257334 -0.401248 1.029873 11.450000
3.014316 1.272331 -1.975130 3.830834 -0.083048 0.240932 -0.396470 1.040062 11.500000
3.895299 1.610784 -1.964458 3.810497 -0.028821 0.230865 -0.391787 1.117769 11.550000
3.119375 1.130636 -1.952999 3.791018 0.031654 0.226387 -0.388021 1.278687 11.600000
2.780229 1.347238 -1.940797 3.772436 0.092312 0.215098 -0.384049 1.162608 11.650000
3.686476 0.988941 -1.928125 3.754755 0.151260 0.202329 -0.379458 1.190456 11.700000
4.281949 0.809615 -1.914868 3.738011 0.207166 0.200416 -0.374274 1.062569 11.750000
4.142153 0.469004 -1.900677 3.722290 0.256702 0.207722 -0.368457 0.935577 11.800000
4.869561 0.141465 -1.885452 3.707648 0.298091 0.217884 -0.361915 0.744067 11.850000
4.089714 0.456918 -1.869052 3.694151 0.329112 0.239822 -0.354384 0.523478 11.900000
3.836379 0.718912 -1.851490 3.681807 0.355867 0.255999 -0.346819 0.545010 11.950000
3.369296 0.373120 -1.833055 3.670545 0.386434 0.267671 -0.340510 0.664338 12.000000
2.882125 0.169650 -1.813980 3.660316 0.417440 0.274601 -0.334693 0.585200 12.050000
2.684425 0.521295 -1.794487 3.651034 0.443302 0.279299 -0.328193 0.462936 12.100000
2.747073 0.695947 -1.774722 3.642627 0.468701 0.282402 -0.321918 0.543862 12.150000
2.523008 1.004636 -1.754756 3.635078 0.498989 0.284048 -0.316898 0.654732 12.200000
2.865191 1.219868 -1.734688 3.628369 0.536682 0.280564 -0.313527 0.831315 12.250000
2.231551 1.524022 -1.714573 3.622521 0.582953 0.276896 -0.311884 0.998060 12.300000
1.661637 1.169654 -1.694556 3.617492 0.638289 0.263719 -0.311763 1.189108 12.350000
2.124935 1.007168 -1.674932 3.613110 0.696201 0.244696 -0.311463 1.133786 12.400000
2.554532 1.288874 -1.655715 3.609354 0.750336 0.232380 -0.309884 1.042890 12.450000
1.903909 1.132882 -1.636736 3.606356 0.804345 0.224712 -0.307966 1.108276 12.500000
0.928169 1.582881 -1.618056 3.604068 0.858821 0.211256 -0.305774 1.074421 12.550000
0.956356 1.910363 -1.599938 3.602190 0.916915 0.187929 -0.303463 1.227244 12.600000
0.138064 1.641132 -1.582538 3.600516 0.983562 0.162440 -0.301290 1.411092 12.650000
0.000000 1.878117 -1.565948 3.598847 1.053284 0.129320 -0.298115 1.380317 12.700000
0.000000 1.988924 -1.550223 3.596969 1.124294 0.096032 -0.293505 1.448306 12.750000
0.000000 1.849288 -1.535303 3.594826 1.198522 0.063246 -0.287568 1.509922 12.800000
0.000000 1.797788 -1.521106 3.592399 1.273094 0.032234 -0.280166 1.476239 12.850000
0.400468 1.404301 -1.507544 3.589694 1.345818 0.003889 -0.271425 1.436990 12.900000
0.378164 1.091263 -1.494516 3.586829 1.412876 -0.016723 -0.261751 1.268274 12.950000
0.000000 1.376862 -1.481943 3.583940 1.470763 -0.032692 -0.251707 1.072959 13.000000
0.607079 1.754813 -1.469793 3.580983 1.525005 -0.049567 -0.241448 1.093344 13.050000
0.000000 1.785511 -1.458032 3.578024 1.583991 -0.060915 -0.230819 1.245055 13.100000
0.000000 2.095807 -1.446619 3.575052 1.648401 -0.078263 -0.219685 1.320241 13.150000
0.000000 2.592621 -1.435506 3.571927 1.718601 -0.095627 -0.207783 1.466200 13.200000
0.000000 2.812658 -1.424638 3.568654 1.798854 -0.113883 -0.194651 1.707074 13.250000
0.477597 2.811583 -1.413948 3.565241 1.889194 -0.132495 -0.180034 1.878965 13.300000
1.371721 2.395491 -1.403414 3.561827 1.984993 -0.145376 -0.164370 1.942636 13.350000
1.382053 2.657947 -1.393143 3.558753 2.078518 -0.146959 -0.148992 1.818689 13.400000
1.891155 2.406316 -1.383264 3.556232 2.170862 -0.146253 -0.134247 1.867663 13.450000
1.388220 2.392110 -1.373892 3.554356 2.262207 -0.138882 -0.120377 1.797800 13.500000
0.831807 2.196021 -1.365079 3.553106 2.351222 -0.134463 -0.107596 1.767912 13.550000
0.788835 2.274031 -1.356707 3.552273 2.437266 -0.133492 -0.095708 1.686808 13.600000
0.536315 2.123341 -1.348711 3.551747 2.521542 -0.131397 -0.084492 1.684821 13.650000
0.738981 2.225843 -1.341064 3.551477 2.604202 -0.130313 -0.073904 1.630235 13.700000
0.731264 1.904531 -1.333782 3.551445 2.686198 -0.126174 -0.063896 1.647283 13.750000
1.519841 1.947565 -1.326929 3.551657 2.765392 -0.120978 -0.054747 1.537324 13.800000
0.746973 1.467893 -1.320699 3.552145 2.841468 -0.107515 -0.046695 1.510068 13.850000
1.298907 1.387025 -1.315108 3.552866 2.911563 -0.100635 -0.039908 1.321151 13.900000
1.015704 1.431226 -1.310120 3.553749 2.974491 -0.087941 -0.034324 1.211423 13.950000
1.563244 1.914311 -1.305798 3.554761 3.034204 -0.077784 -0.029635 1.181344 14.000000
2.151040 1.923728 -1.302193 3.555861 3.098135 -0.062719 -0.025441 1.352154 14.050000
1.303371 2.087581 -1.299551 3.557013 -3.115266 -0.042612 -0.021970 1.428387 14.100000
0.714628 1.967754 -1.297780 3.558152 -3.041187 -0.030970 -0.019290 1.521174 14.150000
1.086838 2.466744 -1.296518 3.559243 -2.965312 -0.025039 -0.017124 1.514812 14.200000
1.168121 2.898045 -1.295696 3.560250 -2.884363 -0.015778 -0.015375 1.695705 14.250000
0.740289 2.482196 -1.295391 3.561111 -2.793028 -0.006151 -0.014151 1.921743 14.300000
0.441604 2.163672 -1.295496 3.561811 -2.698787 -0.000796 -0.013440 1.858170 14.350000
0.000000 1.669717 -1.295825 3.562382 -2.609888 0.001749 -0.013015 1.719644 14.400000
0.090580 1.268424 -1.296215 3.562895 -2.530655 0.000308 -0.012632 1.485052 14.450000
0.294974 1.201473 -1.296594 3.563387 -2.463431 0.000009 -0.012212 1.238929 14.500000
0.000000 0.750988 -1.297018 3.563814 -2.405216 0.001804 -0.011836 1.107499 14.550000
0.868527 1.108396 -1.297470 3.564189 -2.356429 0.000967 -0.011484 0.874042 14.600000
0.085575 0.793838 -1.298040 3.564411 -2.311824 0.008319 -0.011246 0.906147 14.650000
0.000000 0.456593 -1.298732 3.564470 -2.269575 0.008166 -0.011114 0.797309 14.700000
0.457835 0.707524 -1.299404 3.564517 -2.234931 0.007345 -0.010930 0.610597 14.750000
0.548960 0.436959 -1.300111 3.564480 -2.204147 0.010876 -0.010761 0.619707 14.800000
1.295552 0.661525 -1.300925 3.564260 -2.176086 0.015167 -0.010657 0.514680 14.850000
1.885376 1.051190 -1.301945 3.563696 -2.149284 0.026256 -0.010695 0.553086 14.900000
2.740235 1.257679 -1.303319 3.562532 -2.116699 0.042319 -0.011142 0.729724 14.950000
2.388688 1.560745 -1.305177 3.560487 -2.075505 0.065551 -0.012366 0.897432 15.000000
1.570225 1.874534 -1.307502 3.557467 -2.025083 0.084376 -0.014660 1.094007 15.050000
0.950135 1.566972 -1.310085 3.553724 -1.964472 0.094464 -0.018041 1.301988 15.100000
0.164039 1.170461 -1.312719 3.549573 -1.900130 0.098011 -0.021847 1.275485 15.150000
1.137600 1.294363 -1.315260 3.545335 -1.840962 0.093974 -0.025156 1.113377 15.200000
0.914502 1.656854 -1.317711 3.540969 -1.785968 0.099038 -0.028090 1.089623 15.250000
0.186958 1.423541 -1.320097 3.536315 -1.727834 0.101481 -0.031299 1.218393 15.300000
0.000000 1.874783 -1.322359 3.531608 -1.667837 0.096737 -0.034478 1.185933 15.350000
0.423895 1.961572 -1.324464 3.527066 -1.604061 0.089996 -0.037555 1.343169 15.400000
0.291254 2.288865 -1.326414 3.522641 -1.534070 0.086852 -0.040696 1.442263 15.450000
0.000000 1.944040 -1.328211 3.518274 -1.457302 0.081904 -0.043936 1.604314 15.500000
0.579743 2.156984 -1.329864 3.514076 -1.378861 0.074015 -0.046806 1.542580 15.550000
0.672161 2.429192 -1.331370 3.509982 -1.300192 0.071514 -0.049302 1.596142 15.600000
0.801160 2.100063 -1.332695 3.505852 -1.216902 0.069383 -0.051816 1.716949 15.650000
1.071173 2.500723 -1.333813 3.501656 -1.133144 0.068225 -0.054167 1.644508 15.700000
0.131922 2.656470 -1.334678 3.497329 -1.047527 0.069214 -0.056529 1.761983 15.750000
0.748999 2.869439 -1.335362 3.493035 -0.956496 0.060739 -0.058827 1.863123 15.800000
0.000000 2.980774 -1.335903 3.488860 -0.860033 0.057611 -0.060903 1.976846 15.850000
0.763664 3.000000 -1.336339 3.484832 -0.758834 0.046993 -0.062607 2.057574 15.900000
0.646293 2.584608 -1.336674 3.480959 -0.654915 0.043442 -0.063833 2.093152 15.950000
0.919208 2.133389 -1.336805 3.477144 -0.554150 0.039067 -0.064626 1.959604 16.000000
1.436595 1.996614 -1.336697 3.473377 -0.462274 0.038097 -0.064955 1.749080 16.050000
0.506639 1.720444 -1.336180 3.469587 -0.378586 0.042663 -0.065156 1.618612 16.100000
1.082800 1.423395 -1.335344 3.465834 -0.302063 0.039031 -0.065170 1.465109 16.150000
0.505620 1.811171 -1.334261 3.462166 -0.233785 0.041630 -0.064917 1.290936 16.200000
0.042728 2.165104 -1.332933 3.458591 -0.167171 0.038937 -0.064627 1.363342 16.250000
0.703060 1.919003 -1.331608 3.455163 -0.094358 0.031530 -0.064260 1.525419 16.300000
0.465887 1.569490 -1.330245 3.451881 -0.018807 0.030346 -0.063745 1.500328 16.350000
0.400478 1.589648 -1.328750 3.448735 0.052190 0.027454 -0.063042 1.359843 16.400000
0.358904 1.592950 -1.327189 3.445727 0.118715 0.024519 -0.062133 1.308393 16.450000
0.248471 1.460870 -1.325589 3.442854 0.183543 0.021536 -0.061088 1.287624 16.500000
0.822088 1.813875 -1.323982 3.440108 0.246243 0.017911 -0.059896 1.228531 16.550000
1.154037 1.748489 -1.322263 3.437517 0.310753 0.019709 -0.058732 1.336723 16.600000
1.836384 1.342828 -1.320242 3.435150 0.378200 0.024385 -0.057801 1.358152 16.650000
1.411097 1.271882 -1.317723 3.433116 0.442011 0.035583 -0.057201 1.214473 16.700000
0.652832 1.334138 -1.314682 3.431469 0.500206 0.042880 -0.056886 1.125469 16.750000
0.792956 1.611264 -1.311396 3.430099 0.556046 0.043057 -0.056667 1.110183 16.800000
0.441151 1.373600 -1.308011 3.428948 0.614378 0.044351 -0.056565 1.209624 16.850000
1.304044 1.526683 -1.304583 3.427987 0.673518 0.042272 -0.056472 1.162400 16.900000
0.735714 1.721570 -1.301032 3.427300 0.732713 0.048292 -0.056471 1.200305 16.950000
1.324713 1.531830 -1.297326 3.426931 0.795309 0.048533 -0.056718 1.290958 17.000000
1.250480 1.128808 -1.293496 3.426896 0.858922 0.054133 -0.057123 1.258214 17.050000
0.958782 0.955032 -1.289486 3.427288 0.917073 0.059222 -0.057530 1.090598 17.100000
1.380884 0.945312 -1.285375 3.428045 0.967593 0.061979 -0.057759 0.948684 17.150000
2.328566 1.333888 -1.281164 3.429198 1.013087 0.068934 -0.057921 0.879855 17.200000
3.313495 1.291705 -1.276711 3.431018 1.060478 0.084260 -0.058555 1.000550 17.250000
3.015545 1.571322 -1.271855 3.433891 1.111623 0.107789 -0.060079 1.040343 17.300000
2.127744 1.993922 -1.266615 3.437950 1.167228 0.127142 -0.062713 1.167183 17.350000
2.535239 1.613599 -1.261211 3.442923 1.231761 0.136479 -0.066665 1.383999 17.400000
2.153987 1.933739 -1.255785 3.448689 1.299522 0.148571 -0.071289 1.333874 17.450000
2.863845 1.911157 -1.250413 3.455231 1.369069 0.156031 -0.076428 1.433874 17.500000
3.660833 1.591611 -1.245168 3.462597 1.441737 0.168950 -0.082258 1.468183 17.550000
3.014544 1.197953 -1.240092 3.471099 1.512180 0.188445 -0.088434 1.364986 17.600000
2.234667 0.954761 -1.235272 3.480724 1.575000 0.201558 -0.094149 1.174691 17.650000
2.565951 1.209696 -1.230774 3.491100 1.628761 0.207662 -0.098779 0.999240 17.700000
2.348074 0.991149 -1.226630 3.502095 1.679305 0.216721 -0.103067 1.020151 17.750000
1.850090 1.387352 -1.222881 3.513698 1.728212 0.223350 -0.107227 0.945994 17.800000
1.990696 0.938527 -1.219534 3.525706 1.778931 0.224542 -0.111679 1.067188 17.850000
1.331131 1.054226 -1.216607 3.537998 1.828945 0.226805 -0.115915 0.948943 17.900000
1.504071 1.243512 -1.214079 3.550438 1.876150 0.223036 -0.119533 0.940424 17.950000
0.798028 1.101922 -1.211928 3.562895 1.925151 0.220491 -0.123207 1.010657 18.000000
0.109803 1.159434 -1.210117 3.575231 1.975037 0.211101 -0.126678 0.987674 18.050000
0.000000 0.846676 -1.208515 3.587140 2.024741 0.195499 -0.129558 0.998790 18.100000
0.271223 0.390714 -1.207026 3.598470 2.071356 0.179868 -0.131372 0.880542 18.150000
0.000000 0.138493 -1.205644 3.609299 2.108731 0.168940 -0.131534 0.642827 18.200000
0.811382 -0.004915 -1.204348 3.619682 2.134736 0.157958 -0.130076 0.421859 18.250000
1.050091 0.338968 -1.203193 3.629778 2.151003 0.156702 -0.127461 0.247094 18.300000
1.550101 0.261775 -1.202307 3.639824 2.164735 0.158202 -0.124657 0.296983 18.350000
2.085153 0.387378 -1.201781 3.649960 2.179432 0.164178 -0.122096 0.291546 18.400000
1.355864 0.400511 -1.201747 3.660371 2.195384 0.174736 -0.119865 0.341460 18.450000
2.165986 0.168126 -1.202173 3.670996 2.213347 0.177836 -0.118039 0.373647 18.500000
2.166634 0.446609 -1.203067 3.681831 2.229843 0.188618 -0.116167 0.294664 18.550000
3.014127 0.892548 -1.204537 3.693012 2.246633 0.198983 -0.114534 0.369230 18.600000
2.844765 0.833342 -1.206704 3.704655 2.271282 0.215624 -0.114295 0.592317 18.650000
1.927146 0.595835 -1.209674 3.716809 2.303390 0.228874 -0.115496 0.681898 18.700000
1.303665 0.457024 -1.213280 3.729220 2.336075 0.232938 -0.116939 0.631561 18.750000
0.915095 0.911964 -1.217273 3.741601 2.365403 0.231537 -0.117807 0.550803 18.800000
0.903606 1.102990 -1.221483 3.753779 2.396944 0.226187 -0.118940 0.694117 18.850000
0.060404 0.608045 -1.225843 3.765666 2.435739 0.219690 -0.121054 0.839923 18.900000
0.000000 1.044822 -1.230197 3.777119 2.474169 0.205576 -0.122750 0.712474 18.950000
0.274822 1.183448 -1.234379 3.788030 2.512921 0.191314 -0.124045 0.823814 19.000000
0.608036 1.587412 -1.238427 3.798442 2.557109 0.179160 -0.125648 0.930173 19.050000
1.110214 2.070825 -1.242451 3.808434 2.609424 0.169062 -0.127858 1.135343 19.100000
1.342017 2.508051 -1.246603 3.818085 2.673991 0.161676 -0.131115 1.408955 19.150000
1.735934 2.264406 -1.251012 3.827432 2.752353 0.153906 -0.135464 1.684168 19.200000
1.262189 2.600599 -1.255779 3.836479 2.837134 0.148429 -0.139978 1.704022 19.250000
1.170485 2.634708 -1.260859 3.845190 2.926068 0.137453 -0.144263 1.832851 19.300000
1.558674 2.363312 -1.266089 3.853502 3.019464 0.124675 -0.148061 1.893039 19.350000
2.415511 2.142879 -1.271514 3.861414 3.111934 0.115761 -0.150922 1.817669 19.400000
2.841361 2.619962 -1.277409 3.868926 -3.083503 0.115815 -0.153001 1.709315 19.450000
3.128279 2.945225 -1.284047 3.875986 -2.994248 0.119252 -0.155263 1.840359 19.500000
2.651516 2.922624 -1.291522 3.882492 -2.897407 0.123293 -0.158346 2.006350 19.550000
3.072589 2.682592 -1.299700 3.888371 -2.795545 0.121230 -0.161815 2.059332 19.600000
2.089190 3.000000 -1.308484 3.893547 -2.694479 0.122874 -0.165071 1.994228 19.650000
2.872099 2.646973 -1.317681 3.898029 -2.592195 0.114607 -0.168086 2.082233 19.700000
2.688749 3.000000 -1.327171 3.901790 -2.490790 0.113756 -0.170582 1.989483 19.750000
2.325828 2.752072 -1.337002 3.904724 -2.388667 0.110733 -0.172923 2.080216 19.800000
3.089576 2.252141 -1.346988 3.906889 -2.286255 0.104089 -0.174840 2.025269 19.850000
2.407965 2.404803 -1.357125 3.908190 -2.190735 0.106223 -0.176000 1.827739 19.900000
2.635682 2.304488 -1.367367 3.908594 -2.099910 0.102937 -0.176743 1.808248 19.950000
1.656613 1.861892 -1.377583 3.908178 -2.010764 0.102220 -0.177207 1.764506 20.000000
1.594709 1.540439 -1.387645 3.907100 -1.927677 0.093871 -0.176936 1.586077 20.050000
0.627347 1.899647 -1.397437 3.905573 -1.853851 0.087561 -0.175642 1.394839 20.100000
0.000000 2.241741 -1.406894 3.903818 -1.782564 0.073259 -0.173711 1.448384 20.150000
0.658836 2.589203 -1.415939 3.902212 -1.705929 0.052629 -0.171197 1.594609 20.200000
0.016875 2.598046 -1.424598 3.900763 -1.620913 0.037269 -0.168059 1.777233 20.250000
0.000000 2.504954 -1.432917 3.899486 -1.529978 0.015596 -0.164013 1.848217 20.300000
0.590665 2.104524 -1.440943 3.898533 -1.437815 -0.005119 -0.158737 1.839144 20.350000
0.000000 2.499295 -1.448712 3.897738 -1.350177 -0.017899 -0.152582 1.689492 20.400000
0.233425 2.515719 -1.456264 3.897068 -1.263273 -0.034775 -0.145728 1.773150 20.450000
0.000000 2.231976 -1.463650 3.896580 -1.173547 -0.048538 -0.138079 1.809787 20.500000
0.000000 2.622470 -1.470903 3.896239 -1.085640 -0.062660 -0.129873 1.720302 20.550000
0.000000 2.393695 -1.478069 3.896053 -0.996559 -0.075437 -0.121050 1.826080 20.600000
0.000000 2.045619 -1.485170 3.895983 -0.906484 -0.086792 -0.111707 1.783542 20.650000
0.455671 1.836794 -1.492213 3.895984 -0.821426 -0.095851 -0.102358 1.640870 20.700000
1.454033 2.267956 -1.499113 3.895940 -0.743202 -0.098375 -0.093453 1.508133 20.750000
2.106028 2.037880 -1.505600 3.895606 -0.664746 -0.090633 -0.084993 1.614404 20.800000
1.234982 1.679629 -1.511358 3.894767 -0.585207 -0.076387 -0.077369 1.573651 20.850000
0.809382 1.287552 -1.516402 3.893510 -0.510771 -0.069507 -0.070865 1.425765 20.900000
1.545342 0.821594 -1.520965 3.892043 -0.445423 -0.065398 -0.065312 1.217600 20.950000
2.228930 0.905782 -1.524954 3.890372 -0.392160 -0.053131 -0.060836 0.948638 21.000000
2.339166 1.338653 -1.528050 3.888409 -0.347247 -0.034019 -0.057375 0.859343 21.050000
1.985176 1.182253 -1.530087 3.886147 -0.300649 -0.014538 -0.054634 0.988402 21.100000
2.135068 0.960728 -1.531143 3.883668 -0.251257 0.000877 -0.052544 0.987561 21.150000
2.340020 0.682328 -1.531280 3.881047 -0.204313 0.017401 -0.051067 0.901347 21.200000
1.491444 0.462096 -1.530434 3.878323 -0.163445 0.035706 -0.050103 0.751900 21.250000
1.490813 0.560581 -1.528776 3.875567 -0.130315 0.046007 -0.049364 0.592150 21.300000
1.430579 0.955682 -1.526519 3.872837 -0.101800 0.056251 -0.048730 0.552995 21.350000
2.129927 1.123655 -1.523697 3.870157 -0.070234 0.065368 -0.048454 0.693417 21.400000
1.170780 1.445968 -1.520184 3.867546 -0.031754 0.080184 -0.048818 0.829431 21.450000
0.695082 1.893289 -1.516075 3.865044 0.015103 0.084929 -0.049929 1.020622 21.500000
0.967377 1.861679 -1.511737 3.862690 0.073475 0.084188 -0.051760 1.279198 21.550000
0.681157 2.285170 -1.507242 3.860512 0.140276 0.085240 -0.054043 1.378785 21.600000
0.063127 2.166710 -1.502617 3.858528 0.214928 0.082781 -0.056685 1.577969 21.650000
0.885568 1.839754 -1.498092 3.856707 0.294882 0.073991 -0.059229 1.614602 21.700000
1.055766 1.436316 -1.493631 3.855066 0.372575 0.073114 -0.061291 1.508932 21.750000
0.939848 1.116731 -1.489018 3.853678 0.442490 0.074315 -0.062881 1.315599 21.800000
0.472267 0.804608 -1.484250 3.852556 0.502489 0.075119 -0.063939 1.112216 21.850000
0.972895 0.367551 -1.479450 3.851639 0.552132 0.072386 -0.064376 0.900837 21.900000
0.319904 0.767769 -1.474606 3.850933 0.589554 0.075463 -0.064157 0.628871 21.950000
0.133176 0.956513 -1.469739 3.850416 0.621777 0.072824 -0.063683 0.656764 22.000000
0.782898 1.164388 -1.465013 3.849972 0.657110 0.068300 -0.063299 0.745887 22.050000
0.252141 1.361319 -1.460346 3.849670 0.697922 0.069528 -0.063159 0.871221 22.100000
0.703844 1.058217 -1.455728 3.849520 0.745313 0.065214 -0.063292 1.007043 22.150000
0.945531 0.752847 -1.451184 3.849513 0.794090 0.065135 -0.063409 0.951230 22.200000
1.341790 1.219998 -1.446602 3.849763 0.837555 0.067759 -0.063313 0.805595 22.250000
1.266038 0.884961 -1.441890 3.850380 0.881091 0.073962 -0.063370 0.921431 22.300000
1.095508 0.433755 -1.437028 3.851422 0.924989 0.079187 -0.063614 0.844242 22.350000
1.497294 0.906812 -1.432072 3.852844 0.961158 0.083290 -0.063544 0.628361 22.400000
2.242697 0.918726 -1.427002 3.854689 0.994939 0.091179 -0.063494 0.713016 22.450000
1.399687 0.419536 -1.421700 3.857179 1.031889 0.105414 -0.063933 0.759583 22.500000
2.224690 0.046898 -1.416217 3.860282 1.064927 0.111595 -0.064314 0.582745 22.550000
1.651849 -0.428978 -1.410575 3.863993 1.087390 0.126121 -0.064021 0.342322 22.600000
0.857344 -0.294693 -1.404747 3.868349 1.095527 0.136025 -0.062595 0.015630 22.650000
0.000000 -0.407772 -1.398865 3.873053 1.092871 0.139087 -0.060208 -0.109983 22.700000
0.612907 -0.521299 -1.393091 3.877750 1.084128 0.134542 -0.057314 -0.228102 22.750000
0.836698 -0.253858 -1.387433 3.882393 1.069637 0.136259 -0.053970 -0.340000 22.800000
0.821016 0.088219 -1.381784 3.887151 1.054058 0.140000 -0.050607 -0.288585 22.850000
0.000000 0.285573 -1.376121 3.892059 1.044333 0.143000 -0.047914 -0.117602 22.900000
0.000000 -0.102766 -1.370558 3.896940 1.043350 0.137673 -0.046192 0.061304 22.950000
0.000000 0.300823 -1.365199 3.901633 1.044632 0.132408 -0.044750 -0.003971 23.000000
0.999103 0.021395 -1.360038 3.906145 1.048138 0.127213 -0.043558 0.131202 23.050000
0.208282 0.098938 -1.354957 3.910686 1.053509 0.131394 -0.042576 0.087863 23.100000
0.319998 -0.035556 -1.349931 3.915296 1.058142 0.128119 -0.041563 0.096552 23.150000
0.520525 0.406961 -1.345036 3.919836 1.061528 0.126082 -0.040461 0.043902 23.200000
0.000000 0.265295 -1.340230 3.924374 1.068072 0.125819 -0.039681 0.202333 23.250000
0.995801 0.322117 -1.335557 3.928843 1.078936 0.120504 -0.039290 0.229432 23.300000
0.629074 0.377558 -1.330965 3.933348 1.091466 0.124560 -0.039055 0.267882 23.350000
0.404265 0.129842 -1.326390 3.938016 1.106070 0.124946 -0.039032 0.311724 23.400000
0.000000 0.588661 -1.321899 3.942720 1.119451 0.123296 -0.038893 0.231739 23.450000
0.000000 0.990558 -1.317554 3.947329 1.135135 0.117832 -0.038924 0.380065 23.500000
0.000000 1.411752 -1.313401 3.951762 1.160863 0.112033 -0.039713 0.621982 23.550000
0.000000 1.634007 -1.309451 3.956022 1.200035 0.105672 -0.041406 0.909865 23.600000
0.087903 1.791415 -1.305715 3.960110 1.251766 0.098721 -0.043771 1.130512 23.650000
0.000000 2.282377 -1.302192 3.964041 1.312783 0.092107 -0.046437 1.288439 23.700000
0.000000 1.818854 -1.298880 3.967808 1.384392 0.084007 -0.049357 1.539481 23.750000
0.695604 2.100881 -1.295780 3.971380 1.459387 0.075715 -0.051952 1.470474 23.800000
0.576922 2.510071 -1.292856 3.974916 1.535099 0.073903 -0.054230 1.546735 23.850000
1.321931 2.637962 -1.290102 3.978537 1.617640 0.070304 -0.056637 1.727258 23.900000
1.113834 2.298807 -1.287546 3.982370 1.707370 0.072919 -0.059303 1.843604 23.950000
0.800262 2.726859 -1.285224 3.986510 1.797303 0.073160 -0.061974 1.766075 24.000000
0.837111 2.723013 -1.283139 3.990810 1.889214 0.069986 -0.064563 1.890465 24.050000
0.090790 2.895166 -1.281289 3.995178 1.985050 0.066610 -0.067040 1.935630 24.100000
0.000000 2.690967 -1.279609 3.999440 2.084088 0.055833 -0.069084 2.013040 24.150000
0.000000 2.521489 -1.277992 4.003420 2.183450 0.044369 -0.070283 1.968629 24.200000
0.473268 2.547255 -1.276401 4.007121 2.279645 0.033539 -0.070564 1.891580 24.250000
0.000000 2.726476 -1.274888 4.010650 2.373649 0.027730 -0.070218 1.871690 24.300000
0.538511 2.992943 -1.273434 4.014024 2.468866 0.017699 -0.069371 1.927776 24.350000
1.195202 2.691573 -1.272045 4.017261 2.568599 0.012766 -0.068098 2.042502 24.400000
1.743422 2.271840 -1.270947 4.020515 2.668838 0.014257 -0.066750 1.977803 24.450000
2.372614 2.550770 -1.270396 4.023894 2.762701 0.021527 -0.065675 1.804742 24.500000
2.026690 2.111504 -1.270657 4.027439 2.853960 0.034700 -0.065283 1.840109 24.550000
1.984299 2.003871 -1.271791 4.031083 2.941786 0.044474 -0.065542 1.695734 24.600000
1.164576 1.690609 -1.273702 4.034718 3.023833 0.053947 -0.066194 1.600754 24.650000
1.428238 1.955684 -1.276174 4.038252 3.099472 0.055944 -0.066906 1.447572 24.700000
2.062624 2.132586 -1.279067 4.041629 -3.110303 0.060444 -0.067684 1.483594 24.750000
1.461982 1.756595 -1.282566 4.044804 -3.033814 0.070284 -0.068959 1.564157 24.800000
1.797829 1.365447 -1.286644 4.047727 -2.958648 0.074150 -0.070485 1.458199 24.850000
1.974621 1.750040 -1.291210 4.050360 -2.891161 0.081585 -0.071831 1.268427 24.900000
1.614321 1.468874 -1.296355 4.052640 -2.825885 0.090466 -0.073402 1.333572 24.950000
1.162711 1.199057 -1.301994 4.054543 -2.761430 0.095596 -0.075182 1.255650 25.000000
1.469865 1.608298 -1.307916 4.056109 -2.702516 0.096762 -0.076664 1.119507 25.050000
0.613502 1.927045 -1.314068 4.057333 -2.643787 0.100638 -0.078198 1.216547 25.100000
1.233705 1.884153 -1.320303 4.058267 -2.578319 0.095547 -0.080121 1.379232 25.150000
1.398518 1.973598 -1.326540 4.058926 -2.507860 0.095689 -0.082203 1.431593 25.200000
1.070290 2.370290 -1.332900 4.059199 -2.434702 0.096847 -0.084434 1.486731 25.250000
1.683085 2.827231 -1.339314 4.059105 -2.355512 0.093975 -0.086955 1.655469 25.300000
2.148527 2.889863 -1.345775 4.058590 -2.266032 0.095374 -0.090050 1.887219 25.350000
2.112753 2.870647 -1.352379 4.057462 -2.168484 0.099630 -0.093779 1.996874 25.400000
2.436273 3.000000 -1.359098 4.055637 -2.067658 0.102452 -0.097857 2.030669 25.450000
2.607999 2.907227 -1.365868 4.053055 -1.964428 0.107271 -0.102254 2.088932 25.500000
2.761213 2.830805 -1.372634 4.049619 -1.860306 0.112742 -0.106943 2.077991 25.550000
2.428187 2.424570 -1.379308 4.045276 -1.757286 0.118919 -0.111812 2.048070 25.600000
1.713302 2.839152 -1.385781 4.040093 -1.659361 0.121893 -0.116403 1.894327 25.650000
1.141489 2.361121 -1.391945 4.034344 -1.562001 0.117604 -0.120752 1.985196 25.700000
0.908099 2.344839 -1.397748 4.028369 -1.466712 0.107988 -0.124292 1.848422 25.750000
1.040933 1.996709 -1.403194 4.022370 -1.375965 0.096957 -0.126678 1.790478 25.800000
1.299168 1.537785 -1.408296 4.016373 -1.290740 0.088307 -0.127979 1.641423 25.850000
1.212323 1.632484 -1.413036 4.010284 -1.215229 0.083981 -0.128242 1.412798 25.900000
1.670889 1.279980 -1.417399 4.004056 -1.146283 0.080153 -0.127898 1.353448 25.950000
1.411309 0.874645 -1.421340 3.997616 -1.083122 0.081780 -0.127175 1.195093 26.000000
1.811145 1.115322 -1.424826 3.990927 -1.029738 0.082691 -0.125959 0.970022 26.050000
1.450399 1.128050 -1.427825 3.983965 -0.981475 0.088244 -0.124605 0.961676 26.100000
2.426297 1.055629 -1.430325 3.976746 -0.933352 0.090340 -0.123420 0.963071 26.150000
2.639913 1.245757 -1.432225 3.969186 -0.885966 0.101618 -0.122455 0.936056 26.200000
2.512253 1.235253 -1.433344 3.961111 -0.837397 0.114303 -0.122026 0.998905 26.250000
2.571139 0.784165 -1.433655 3.952571 -0.786732 0.124981 -0.122191 1.024607 26.300000
2.655938 0.314923 -1.433157 3.943640 -0.740106 0.136457 -0.122361 0.861448 26.350000
2.212469 0.266227 -1.431814 3.934329 -0.704386 0.150094 -0.121821 0.598979 26.400000
1.787206 0.046993 -1.429689 3.924709 -0.678587 0.160759 -0.120520 0.449878 26.450000
1.451231 -0.358225 -1.426945 3.914919 -0.660710 0.168403 -0.118502 0.283067 26.500000
1.944535 -0.197051 -1.423730 3.905059 -0.653698 0.174413 -0.115311 0.023002 26.550000
2.645798 -0.527724 -1.420024 3.895081 -0.654652 0.186028 -0.111257 -0.053863 26.600000
3.173901 -0.319016 -1.415625 3.884801 -0.662368 0.204697 -0.106380 -0.236554 26.650000
3.818686 -0.583402 -1.410342 3.874025 -0.674505 0.228114 -0.100884 -0.247574 26.700000
3.124566 -0.433020 -1.404011 3.862578 -0.690068 0.256966 -0.094747 -0.362661 26.750000
3.548748 -0.019982 -1.396705 3.850462 -0.708146 0.278423 -0.088074 -0.360633 26.800000
2.552825 -0.319295 -1.388532 3.837722 -0.721398 0.302269 -0.082353 -0.187224 26.850000
3.184926 -0.566136 -1.379636 3.824478 -0.731634 0.315509 -0.077298 -0.219122 26.900000
3.368134 -0.419629 -1.370123 3.810788 -0.745923 0.334425 -0.071352 -0.340010 26.950000
2.986290 -0.535397 -1.359903 3.796510 -0.763031 0.354430 -0.064727 -0.344048 27.000000
3.868442 -0.349704 -1.349063 3.781676 -0.781640 0.370061 -0.057720 -0.395161 27.050000
3.765027 -0.757355 -1.337573 3.766200 -0.800043 0.393067 -0.050760 -0.346431 27.100000
4.578221 -0.383623 -1.325362 3.749957 -0.821347 0.414190 -0.042894 -0.490484 27.150000
5.572077 -0.347957 -1.312392 3.732816 -0.843725 0.441835 -0.034619 -0.413511 27.200000
4.675019 -0.588861 -1.298448 3.714480 -0.862930 0.477214 -0.027161 -0.360764 27.250000
4.971117 -0.840383 -1.283593 3.694960 -0.883007 0.502661 -0.019218 -0.434937 27.300000
4.879800 -0.400696 -1.268014 3.674363 -0.908746 0.529677 -0.009074 -0.579400 27.350000
5.112086 -0.162615 -1.251790 3.652646 -0.934873 0.554383 0.001319 -0.478054 27.400000
5.012334 0.028530 -1.234963 3.629811 -0.954717 0.579947 0.009281 -0.332263 27.450000
5.302019 0.234108 -1.217539 3.605888 -0.967076 0.603474 0.014163 -0.178432 27.500000
4.715700 0.253440 -1.199495 3.580902 -0.971339 0.628820 0.015533 -0.008624 27.550000
4.102600 -0.187778 -1.180850 3.554984 -0.968925 0.647804 0.013897 0.095462 27.600000
4.104275 -0.339391 -1.161762 3.528420 -0.967686 0.660283 0.012863 -0.033648 27.650000
3.587930 0.105490 -1.142362 3.501330 -0.973143 0.672129 0.015034 -0.171569 27.700000
3.836832 -0.360711 -1.122773 3.473809 -0.978684 0.678671 0.017184 -0.061079 27.750000
3.231390 -0.148406 -1.103034 3.445928 -0.985505 0.687195 0.019938 -0.198688 27.800000
2.682812 -0.541483 -1.083238 3.417747 -0.995107 0.689633 0.023975 -0.187060 27.850000
2.876565 -0.345590 -1.063564 3.389486 -1.008883 0.686666 0.029932 -0.348124 27.900000
3.162186 -0.639061 -1.044108 3.361187 -1.026495 0.685318 0.037532 -0.356440 27.950000
2.265653 -0.587896 -1.024847 3.332738 -1.047891 0.686260 0.046731 -0.486460 28.000000
2.603323 -0.397651 -1.005911 3.304243 -1.073611 0.678255 0.057659 -0.537894 28.050000
2.021519 -0.587435 -0.987394 3.275803 -1.099203 0.673359 0.068029 -0.492149 28.100000
2.395003 -0.434317 -0.969326 3.247468 -1.125428 0.662857 0.078210 -0.551325 28.150000
3.187724 -0.288734 -0.951745 3.219270 -1.152205 0.655841 0.088136 -0.523940 28.200000
3.269480 -0.091938 -0.934536 3.190959 -1.176469 0.656454 0.096483 -0.455263 28.250000
2.685213 -0.428578 -0.917602 3.162356 -1.196097 0.658189 0.102387 -0.342685 28.300000
2.170371 -0.487764 -0.900973 3.133584 -1.215512 0.654311 0.107990 -0.425663 28.350000
3.009159 -0.427771 -0.884772 3.104879 -1.238727 0.645083 0.115065 -0.495846 28.400000
2.927802 -0.851047 -0.869009 3.076162 -1.263911 0.643472 0.122711 -0.510738 28.450000
3.486954 -0.425087 -0.853665 3.047265 -1.294530 0.639939 0.132545 -0.693976 28.500000
4.444893 0.045882 -0.838780 3.018087 -1.327091 0.640963 0.142880 -0.618538 28.550000
4.391022 -0.137743 -0.824266 2.988297 -1.351764 0.652014 0.149346 -0.394396 28.600000
3.936647 0.046396 -0.810031 2.957709 -1.370454 0.663155 0.153001 -0.357863 28.650000
3.471653 -0.049646 -0.796093 2.926465 -1.385766 0.670246 0.155040 -0.264756 28.700000
4.380930 0.048606 -0.782477 2.894793 -1.398767 0.673182 0.155966 -0.256355 28.750000
4.368048 0.251448 -0.769165 2.862604 -1.410354 0.684712 0.156238 -0.212001 28.800000
3.392043 0.344825 -0.756107 2.829707 -1.417967 0.696480 0.154635 -0.103372 28.850000
3.040100 -0.103080 -0.743297 2.796353 -1.420377 0.699805 0.150542 -0.002170 28.900000
3.742761 0.173292 -0.730751 2.762858 -1.424109 0.699471 0.147270 -0.134060 28.950000
4.094726 0.311597 -0.718485 2.729148 -1.429586 0.705337 0.144979 -0.089235 29.000000
3.949296 -0.028742 -0.706447 2.694989 -1.431727 0.714883 0.141104 -0.004199 29.050000
3.964930 -0.222431 -0.694607 2.660347 -1.434573 0.722554 0.137755 -0.100249 29.100000
3.695661 -0.220165 -0.683007 2.625278 -1.443298 0.728958 0.137581 -0.235468 29.150000
4.374706 -0.612899 -0.671720 2.589863 -1.457096 0.731631 0.140075 -0.309237 29.200000
4.266451 -0.513120 -0.660802 2.554026 -1.478200 0.738988 0.146377 -0.513806 29.250000
4.543369 -0.354135 -0.650347 2.517672 -1.505794 0.743479 0.155963 -0.583500 29.300000
4.404346 -0.326049 -0.640420 2.480794 -1.534296 0.749787 0.165798 -0.560743 29.350000
3.530043 -0.701531 -0.631051 2.443391 -1.561841 0.754394 0.174890 -0.544339 29.400000
3.930507 -0.651663 -0.622280 2.405733 -1.593193 0.749402 0.185716 -0.693748 29.450000
4.363907 -0.474167 -0.614189 2.367972 -1.629518 0.746540 0.198723 -0.753785 29.500000
5.040452 -0.204119 -0.606841 2.329951 -1.666207 0.747088 0.211432 -0.719647 29.550000
5.094229 -0.533636 -0.600273 2.291438 -1.698869 0.754494 0.221636 -0.602278 29.600000
5.588586 -0.497440 -0.594509 2.252293 -1.731227 0.761732 0.231515 -0.684189 29.650000
6.000000 -0.817968 -0.589629 2.212454 -1.766333 0.771902 0.242746 -0.718063 29.700000
6.000000 -1.271636 -0.585747 2.171798 -1.806481 0.783153 0.256664 -0.871611 29.750000
5.203588 -0.975555 -0.583013 2.130368 -1.857348 0.789151 0.276362 -1.132334 29.800000
5.333464 -0.755882 -0.581525 2.088519 -1.914341 0.783689 0.298768 -1.148204 29.850000
5.635863 -0.504865 -0.581297 2.046513 -1.969825 0.778645 0.319316 -1.082571 29.900000
6.000000 -0.653289 -0.582381 2.004315 -2.020613 0.777292 0.336400 -0.966450 29.950000
6.000000 -0.975599 -0.584844 1.961836 -2.069287 0.779242 0.351734 -0.980990 30.000000
6.000000 -0.864786 -0.588763 1.919108 -2.122275 0.777939 0.368946 -1.122321 30.050000
5.213635 -1.358052 -0.594194 1.876296 -2.179194 0.773403 0.387587 -1.152706 30.100000
4.683323 -1.005506 -0.601070 1.833707 -2.242739 0.756675 0.408760 -1.361736 30.150000
4.812631 -1.501758 -0.609228 1.791770 -2.309710 0.731989 0.430017 -1.323504 30.200000
5.298739 -1.938174 -0.618595 1.750658 -2.380816 0.705156 0.451422 -1.496395 30.250000
4.451300 -1.766895 -0.629250 1.710450 -2.462337 0.675245 0.475747 -1.729479 30.300000
4.052226 -1.348829 -0.641065 1.671398 -2.549635 0.632267 0.499729 -1.757131 30.350000
4.347313 -1.834243 -0.653734 1.633746 -2.633284 0.587382 0.518501 -1.609431 30.400000
4.232105 -2.047612 -0.667179 1.597489 -2.716987 0.545118 0.534041 -1.719308 30.450000
4.965775 -2.274866 -0.681345 1.562663 -2.806163 0.497829 0.548374 -1.827343 30.500000
5.382600 -2.688201 -0.696261 1.529286 -2.900782 0.453567 0.561121 -1.936360 30.550000
5.273855 -2.257602 -0.712057 1.497361 -3.002716 0.407806 0.572619 -2.108440 30.600000
4.421095 -1.983510 -0.728668 1.466943 -3.105167 0.361147 0.580439 -2.002853 30.650000
5.017479 -1.629872 -0.745834 1.438035 3.082234 0.312967 0.582906 -1.848596 30.700000
5.476794 -1.617719 -0.763527 1.410609 2.995569 0.279407 0.580569 -1.645960 30.750000
6.000000 -1.283018 -0.782040 1.384685 2.915973 0.257408 0.575271 -1.549802 30.800000
5.213464 -1.408125 -0.801608 1.360345 2.843341 0.247193 0.567995 -1.379018 30.850000
5.837382 -1.346144 -0.822172 1.337620 2.775218 0.234274 0.559639 -1.348529 30.900000
6.000000 -1.203726 -0.843648 1.316557 2.708944 0.229833 0.550865 -1.307415 30.950000
5.044684 -0.783168 -0.866148 1.297282 2.645664 0.230085 0.541819 -1.233703 31.000000
4.236024 -0.479191 -0.889466 1.279762 2.589501 0.227434 0.531877 -1.038358 31.050000
4.693137 -0.371280 -0.913260 1.263838 2.543477 0.225396 0.520573 -0.828559 31.100000
5.133231 0.058601 -0.937505 1.249504 2.506046 0.234389 0.508399 -0.686207 31.150000
5.871563 -0.355985 -0.962397 1.236909 2.478449 0.254431 0.495330 -0.446169 31.200000
6.000000 -0.253683 -0.988173 1.226236 2.454663 0.283542 0.482534 -0.501198 31.250000
5.300111 -0.479877 -1.014914 1.217593 2.429794 0.312399 0.470913 -0.496067 31.300000
5.707568 -0.557029 -1.042428 1.210869 2.402347 0.332362 0.460752 -0.592038 31.350000
5.218595 -0.286377 -1.070549 1.205994 2.370426 0.352900 0.452446 -0.676200 31.400000
6.000000 -0.579965 -1.099160 1.202936 2.338402 0.368364 0.444852 -0.612926 31.450000
5.101305 -0.442972 -1.128237 1.201737 2.305229 0.390083 0.438293 -0.704576 31.500000
5.338009 -0.086468 -1.157658 1.202352 2.270189 0.401763 0.432873 -0.698308 31.550000
5.101021 0.140429 -1.187252 1.204656 2.239300 0.417855 0.426765 -0.554711 31.600000
5.153248 -0.054291 -1.217017 1.208647 2.216068 0.435767 0.418922 -0.393146 31.650000
5.901408 0.288634 -1.246932 1.214279 2.196427 0.455704 0.410556 -0.393318 31.700000
6.000000 0.097684 -1.277082 1.221678 2.180583 0.484089 0.401537 -0.256163 31.750000
6.000000 -0.148457 -1.307577 1.230972 2.167464 0.513888 0.392225 -0.268636 31.800000
5.841386 0.202093 -1.338373 1.242130 2.150891 0.540803 0.384826 -0.383429 31.850000
6.000000 0.037729 -1.369366 1.255067 2.133950 0.565110 0.378108 -0.303673 31.900000
5.953934 -0.251358 -1.400520 1.269746 2.117944 0.590508 0.371563 -0.334410 31.950000
5.276579 -0.248131 -1.431780 1.286141 2.097364 0.612258 0.367497 -0.474655 32.000000
4.709755 -0.151978 -1.462945 1.304056 2.071579 0.624319 0.366104 -0.549096 32.050000
4.940126 0.002935 -1.493785 1.323203 2.044113 0.629824 0.365661 -0.549764 32.100000
4.816195 0.254017 -1.524220 1.343489 2.018333 0.638095 0.364600 -0.488726 32.150000
5.316178 -0.199910 -1.554262 1.364919 1.997586 0.647412 0.361424 -0.355784 32.200000
6.000000 0.105405 -1.583956 1.387558 1.976496 0.660886 0.358725 -0.475436 32.250000
5.312564 0.387344 -1.613351 1.411622 1.954407 0.679721 0.356816 -0.415639 32.300000
5.104855 0.520721 -1.642430 1.437077 1.937638 0.694028 0.352621 -0.270805 32.350000
4.298042 0.504856 -1.671161 1.463708 1.927752 0.709176 0.345315 -0.137980 32.400000
5.268010 0.650189 -1.699516 1.491273 1.922707 0.718540 0.335903 -0.069790 32.450000
6.000000 0.811883 -1.727557 1.519787 1.922015 0.738508 0.324613 0.032802 32.500000
6.000000 0.485202 -1.755488 1.549595 1.927160 0.766923 0.310599 0.160875 32.550000
6.000000 0.392421 -1.783430 1.580803 1.933398 0.794470 0.296401 0.095547 32.600000
5.989932 0.780188 -1.811370 1.613340 1.936141 0.819356 0.284599 0.021644 32.650000
5.961898 0.349863 -1.839293 1.647142 1.940662 0.843699 0.272081 0.147700 32.700000
5.586696 0.789263 -1.867236 1.682143 1.945042 0.866600 0.260049 0.038783 32.750000
5.981966 0.907609 -1.895154 1.718197 1.950520 0.885336 0.247655 0.168877 32.800000
5.373959 0.917390 -1.923122 1.755258 1.962437 0.908890 0.231496 0.296450 32.850000
5.590942 0.983105 -1.951220 1.793213 1.979459 0.927024 0.212395 0.378320 32.900000
5.755456 1.191554 -1.979500 1.831909 2.000580 0.947021 0.190990 0.460584 32.950000
5.647084 0.919499 -2.008096 1.871349 2.027467 0.968387 0.166074 0.602602 33.000000
6.000000 0.725461 -2.037121 1.911446 2.056904 0.987402 0.139879 0.581532 33.050000
6.000000 0.901682 -2.066634 1.952163 2.083894 1.007425 0.115927 0.510085 33.100000
6.000000 1.378499 -2.096683 1.993496 2.110769 1.025680 0.092495 0.563000 33.150000
6.000000 1.092813 -2.127344 2.035337 2.145451 1.042996 0.063741 0.801349 33.200000
5.375679 1.553089 -2.158760 2.077528 2.186113 1.058480 0.031111 0.828074 33.250000
4.465630 1.719449 -2.190934 2.119798 2.233578 1.065693 -0.005916 1.049562 33.300000
4.102963 1.479210 -2.223777 2.161659 2.291442 1.061175 -0.049614 1.246905 33.350000
3.820063 1.250834 -2.257184 2.202689 2.354443 1.049510 -0.095339 1.277621 33.400000
3.259554 1.250067 -2.291044 2.242656 2.417012 1.032041 -0.138513 1.238460 33.450000
3.681202 0.975341 -2.325165 2.281361 2.479129 1.006735 -0.178917 1.251297 33.500000
2.717137 0.973335 -2.359479 2.318739 2.539477 0.983708 -0.215586 1.178493 33.550000
1.729309 1.055143 -2.393822 2.354716 2.597959 0.950526 -0.248483 1.166829 33.600000
0.923807 1.091684 -2.427763 2.389054 2.657399 0.906803 -0.279256 1.208263 33.650000
0.388943 1.191821 -2.460898 2.421568 2.718959 0.854295 -0.308233 1.250186 33.700000
0.026409 0.819765 -2.492905 2.452177 2.783183 0.795622 -0.335309 1.310927 33.750000
0.692847 0.331528 -2.523555 2.480900 2.845463 0.734885 -0.357632 1.195517 33.800000
0.659152 0.238354 -2.552919 2.507950 2.898394 0.685986 -0.371995 0.952327 33.850000
1.086278 0.549673 -2.581189 2.533585 2.941676 0.642955 -0.379548 0.796337 33.900000
1.004170 0.188769 -2.608507 2.557966 2.982683 0.606490 -0.384597 0.836941 33.950000
0.905479 0.673207 -2.634982 2.581183 3.020860 0.572047 -0.387239 0.704058 34.000000
0.938556 0.262534 -2.660615 2.603311 3.059462 0.537772 -0.389025 0.823284 34.050000
0.181394 0.218536 -2.685406 2.624387 3.097437 0.505485 -0.389596 0.707445 34.100000
0.000000 0.205620 -2.709239 2.644486 3.130505 0.470107 -0.387528 0.622491 34.150000
0.990066 0.444105 -2.731964 2.663685 -3.123139 0.436454 -0.383584 0.563224 34.200000
1.140428 0.672971 -2.753830 2.682042 -3.093345 0.413380 -0.379264 0.620063 34.250000
0.447627 0.279365 -2.775116 2.699574 -3.059168 0.390548 -0.375867 0.731943 34.300000
0.381043 0.567164 -2.795696 2.716313 -3.025647 0.362706 -0.371795 0.619884 34.350000
1.033204 0.324914 -2.815442 2.732325 -2.993168 0.336076 -0.366959 0.671117 34.400000
0.872567 0.143294 -2.834526 2.747626 -2.961813 0.317335 -0.361509 0.590833 34.450000
0.174692 0.289005 -2.853112 2.762239 -2.935592 0.300589 -0.354728 0.470062 34.500000
0.000000 0.076005 -2.871060 2.776245 -2.912303 0.279665 -0.347233 0.460770 34.550000
0.000000 -0.254553 -2.888218 2.789718 -2.891995 0.259570 -0.339093 0.360666 34.600000
0.000000 -0.336976 -2.904618 2.802704 -2.879374 0.243976 -0.329608 0.163016 34.650000
0.000000 -0.489252 -2.920354 2.815238 -2.875285 0.232902 -0.318890 0.013752 34.700000
0.788053 -0.077521 -2.935504 2.827349 -2.878791 0.225534 -0.307286 -0.140209 34.750000
0.353494 -0.416185 -2.950302 2.839010 -2.883430 0.226176 -0.295921 -0.054123 34.800000
1.164546 -0.354575 -2.964833 2.850218 -2.888822 0.222984 -0.284838 -0.152618 34.850000
0.492308 -0.544987 -2.979209 2.860973 -2.897276 0.228522 -0.273649 -0.182752 34.900000
0.171467 -0.697051 -2.993479 2.871290 -2.909102 0.228695 -0.262287 -0.280770 34.950000
0.947104 -0.388723 -3.007445 2.881253 -2.926388 0.227588 -0.250442 -0.398766 35.000000
0.263086 -0.782386 -3.021242 2.890864 -2.944553 0.233743 -0.238838 -0.334841 35.050000
0.093184 -0.848527 -3.034889 2.900139 -2.964905 0.233711 -0.227236 -0.465615 35.100000
0.831359 -1.041494 -3.048214 2.909143 -2.990857 0.233450 -0.215109 -0.562210 35.150000
0.829225 -1.384122 -3.061380 2.917886 -3.022536 0.241233 -0.202364 -0.690320 35.200000
1.181943 -1.641720 -3.074577 2.926389 -3.062655 0.250350 -0.188391 -0.890263 35.250000
1.084665 -1.221353 -3.087910 2.934710 -3.112671 0.264000 -0.172760 -1.085403 35.300000
1.433302 -1.314094 -3.101433 2.942913 3.118313 0.275630 -0.156808 -1.012634 35.350000
0.951991 -1.806460 -3.115169 2.951044 3.067555 0.288639 -0.141238 -1.017526 35.400000
1.169648 -2.249521 -3.129052 2.959147 3.011185 0.296573 -0.124652 -1.211899 35.450000
0.938653 -2.416203 -3.142996 2.967296 2.943339 0.306651 -0.105801 -1.466500 35.500000
1.071433 -2.002088 -3.156962 2.975576 2.865146 0.313695 -0.084897 -1.636803 35.550000
0.167864 -1.708983 -3.170865 2.984043 2.785620 0.319621 -0.064052 -1.557350 35.600000
1.032831 -1.727803 -3.184472 2.992635 2.711677 0.314374 -0.045164 -1.421488 35.650000
1.068207 -1.545128 -3.197734 3.001329 2.641911 0.315359 -0.027968 -1.376631 35.700000
0.455961 -1.893732 -3.210806 3.010200 2.575488 0.314985 -0.012095 -1.293040 35.750000
0.232237 -1.475724 -3.223537 3.019165 2.508018 0.307543 0.003290 -1.392496 35.800000
1.143954 -1.748637 -3.235741 3.028102 2.441604 0.296982 0.017492 -1.280674 35.850000
0.728576 -1.597138 -3.247539 3.037092 2.375922 0.294097 0.030744 -1.339076 35.900000
1.042882 -1.162970 -3.258995 3.046195 2.309827 0.286298 0.043378 -1.309506 35.950000
1.941109 -1.396919 -3.270080 3.055377 2.249344 0.281051 0.054137 -1.134374 36.000000
2.358025 -1.225479 -3.280976 3.064838 2.192216 0.283785 0.063806 -1.149289 36.050000
1.417979 -1.508803 -3.291830 3.074813 2.136379 0.289672 0.073053 -1.092365 36.100000
1.015536 -1.966575 -3.302532 3.085188 2.079345 0.285776 0.082274 -1.177914 36.150000
1.748155 -1.497039 -3.312868 3.095682 2.014402 0.276608 0.092500 -1.390395 36.200000
2.537155 -1.666256 -3.322823 3.106352 1.947315 0.273434 0.102504 -1.305564 36.250000
1.838366 -1.660237 -3.332507 3.117507 1.881198 0.276969 0.111991 -1.335441 36.300000
1.924305 -2.106251 -3.341878 3.129138 1.814086 0.272878 0.121329 -1.347695 36.350000
2.529987 -2.006402 -3.350842 3.141076 1.741749 0.267982 0.131147 -1.520918 36.400000
3.153997 -2.252054 -3.359363 3.153440 1.664696 0.267054 0.141372 -1.556418 36.450000
3.822074 -2.164991 -3.367405 3.166464 1.583821 0.270112 0.152042 -1.663006 36.500000
3.690143 -1.811675 -3.374883 3.180382 1.500313 0.277504 0.163153 -1.676079 36.550000
3.218604 -1.878477 -3.381698 3.195239 1.420015 0.282895 0.173604 -1.554911 36.600000
2.800249 -1.960303 -3.387792 3.210825 1.342902 0.283373 0.183225 -1.533347 36.650000
2.299395 -1.678139 -3.393151 3.226863 1.265578 0.278911 0.192446 -1.556455 36.700000
1.484043 -1.447033 -3.397796 3.243082 1.190461 0.269654 0.200527 -1.462222 36.750000
1.690636 -1.205482 -3.401837 3.259165 1.120935 0.254007 0.206616 -1.336605 36.800000
2.629146 -1.588484 -3.405343 3.274990 1.058245 0.242348 0.210606 -1.190963 36.850000
2.997708 -1.194674 -3.408196 3.290798 0.996357 0.239777 0.214015 -1.273229 36.900000
3.290272 -1.184359 -3.410228 3.306806 0.935932 0.240889 0.217009 -1.159559 36.950000
4.183945 -0.754725 -3.411336 3.323104 0.879459 0.245624 0.219345 -1.106739 37.000000
3.399715 -1.066187 -3.411325 3.339861 0.829447 0.260252 0.220809 -0.918805 37.050000
3.296892 -1.156365 -3.410169 3.357052 0.782460 0.267838 0.222072 -0.956268 37.100000
4.233479 -1.098772 -3.408003 3.374451 0.733135 0.273367 0.223961 -1.010088 37.150000
4.928556 -1.192042 -3.404677 3.392107 0.682524 0.286842 0.226374 -1.014461 37.200000
4.080353 -0.794326 -3.399894 3.410174 0.630647 0.305661 0.229558 -1.056135 37.250000
3.542516 -0.588200 -3.393688 3.428524 0.581592 0.316528 0.232531 -0.923797 37.300000
3.286667 -0.474459 -3.386327 3.446913 0.539356 0.323970 0.234164 -0.783459 37.350000
2.782003 -0.827000 -3.377970 3.465219 0.503294 0.330642 0.234516 -0.672570 37.400000
3.152294 -0.948725 -3.368783 3.483333 0.467209 0.332336 0.234984 -0.760459 37.450000
2.492512 -1.266364 -3.358811 3.501186 0.426628 0.335917 0.236575 -0.851814 37.500000
1.894367 -1.682586 -3.348144 3.518681 0.379305 0.330930 0.239694 -1.019656 37.550000
2.236258 -1.684111 -3.337091 3.535627 0.321638 0.316935 0.244770 -1.254930 37.600000
2.969548 -1.923820 -3.325751 3.551930 0.255999 0.303561 0.250862 -1.356108 37.650000
2.485408 -1.981249 -3.313925 3.567605 0.184426 0.294919 0.257497 -1.487673 37.700000
2.657226 -2.360784 -3.301613 3.582611 0.107903 0.279722 0.264297 -1.561861 37.750000
2.218680 -2.278347 -3.288944 3.596881 0.024985 0.263688 0.271251 -1.728832 37.800000
1.811739 -2.334646 -3.276054 3.610376 -0.062417 0.241794 0.277635 -1.761346 37.850000
1.044970 -2.784004 -3.263189 3.623093 -0.151349 0.215724 0.282548 -1.790234 37.900000
0.548616 -2.610724 -3.250662 3.635096 -0.245730 0.180930 0.286127 -1.956467 37.950000
0.000000 -2.581894 -3.238792 3.646503 -0.343391 0.141277 0.287444 -1.949114 38.000000
0.565135 -3.000000 -3.227784 3.657486 -0.440280 0.098366 0.285775 -1.927652 38.050000
0.648638 -3.000000 -3.217577 3.668139 -0.540557 0.061418 0.281602 -2.059597 38.100000
0.075604 -2.938131 -3.207993 3.678487 -0.644758 0.025885 0.275107 -2.099789 38.150000
0.769107 -2.863077 -3.199053 3.688676 -0.749369 -0.012704 0.266086 -2.085167 38.200000
1.223380 -3.000000 -3.190644 3.698735 -0.852563 -0.041468 0.254903 -2.047590 38.250000
0.857822 -2.709632 -3.182498 3.708496 -0.955856 -0.063296 0.242253 -2.078148 38.300000
0.516741 -2.211436 -3.174540 3.717947 -1.057032 -0.085181 0.228546 -1.983845 38.350000
0.000000 -1.892122 -3.166797 3.727201 -1.150008 -0.105039 0.214371 -1.769106 38.400000
0.872523 -2.313584 -3.159291 3.736383 -1.232697 -0.124280 0.200243 -1.568765 38.450000
1.696712 -2.015255 -3.151947 3.745364 -1.313279 -0.132540 0.185996 -1.643265 38.500000
1.711426 -1.719420 -3.144635 3.753741 -1.393166 -0.131122 0.172111 -1.564487 38.550000
1.315696 -2.184235 -3.137339 3.761297 -1.467378 -0.126912 0.159389 -1.424990 38.600000
2.230923 -2.266930 -3.130113 3.768103 -1.541973 -0.125371 0.147235 -1.541883 38.650000
2.145223 -2.454934 -3.122992 3.774042 -1.621339 -0.115085 0.135410 -1.621332 38.700000
3.000351 -2.795252 -3.116029 3.778941 -1.705337 -0.105562 0.124189 -1.723308 38.750000
2.843431 -2.371107 -3.109325 3.782652 -1.796244 -0.088326 0.113689 -1.887439 38.800000
3.306827 -2.229077 -3.103005 3.785062 -1.888050 -0.072128 0.104560 -1.799357 38.850000
3.765263 -2.440298 -3.097217 3.786160 -1.975607 -0.050627 0.097167 -1.716386 38.900000
3.661560 -2.415816 -3.092165 3.785823 -2.062754 -0.024848 0.091529 -1.762747 38.950000
3.369119 -2.762289 -3.088005 3.784090 -2.151191 -0.000592 0.087623 -1.773463 39.000000
2.509933 -2.972111 -3.084801 3.781171 -2.243624 0.019946 0.085301 -1.903385 39.050000
2.320376 -2.939787 -3.082474 3.777415 -2.342391 0.031213 0.084215 -2.027104 39.100000
2.256110 -2.882670 -3.080925 3.773129 -2.444739 0.039978 0.083956 -2.061225 39.150000
3.136187 -2.617718 -3.080151 3.768454 -2.547584 0.047752 0.084322 -2.053921 39.200000
3.929151 -2.567885 -3.080346 3.763392 -2.647496 0.063652 0.085423 -1.958618 39.250000
3.174932 -2.358830 -3.081878 3.757883 -2.743924 0.086507 0.087685 -1.907240 39.300000
3.902158 -2.015628 -3.084763 3.752082 -2.836593 0.101578 0.090917 -1.814694 39.350000
4.563832 -2.450678 -3.088997 3.746158 -2.922758 0.123212 0.094722 -1.656921 39.400000
5.502764 -2.700470 -3.094873 3.740189 -3.008442 0.149713 0.099859 -1.755717 39.450000
5.288561 -2.259909 -3.102704 3.734324 -3.099996 0.182372 0.107334 -1.886448 39.500000
4.486665 -2.265032 -3.112564 3.728789 3.091938 0.210798 0.116468 -1.781284 39.550000
5.309311 -2.362878 -3.124111 3.723790 3.003903 0.230025 0.126339 -1.746416 39.600000
4.511265 -2.003079 -3.137232 3.719517 2.915863 0.254908 0.137265 -1.772208 39.650000
4.100714 -1.840589 -3.151798 3.716124 2.830639 0.270627 0.148539 -1.655766 39.700000
3.166157 -1.364891 -3.167413 3.713657 2.750800 0.281774 0.159179 -1.554050 39.750000
3.581148 -1.057084 -3.183688 3.712070 2.679267 0.284583 0.168161 -1.339060 39.800000
3.991406 -1.403591 -3.200461 3.711349 2.618161 0.292793 0.174964 -1.134050 39.850000
4.989081 -1.140622 -3.217851 3.711611 2.560180 0.304697 0.181330 -1.179756 39.900000
5.042294 -1.601856 -3.236044 3.713074 2.503396 0.325191 0.187862 -1.103001 39.950000
5.270812 -1.799068 -3.255122 3.715919 2.444092 0.344165 0.195597 -1.250248 40.000000
6.000000 -1.960369 -3.274963 3.720240 2.377532 0.361827 0.205664 -1.393221 40.050000
6.000000 -1.581334 -3.295526 3.726238 2.304305 0.382634 0.218064 -1.519116 40.100000
5.127068 -1.610438 -3.316709 3.734075 2.230749 0.401252 0.231117 -1.436877 40.150000
4.508682 -1.122514 -3.338203 3.743608 2.159425 0.410455 0.243805 -1.419928 40.200000
5.246029 -0.625176 -3.359663 3.754552 2.093750 0.414316 0.254696 -1.234243 40.250000
5.490277 -0.197820 -3.381036 3.766932 2.039620 0.428087 0.262138 -0.967588 40.300000
5.704982 0.029704 -3.402414 3.780949 1.999289 0.448090 0.265658 -0.681987 40.350000
6.000000 0.516997 -3.423842 3.796694 1.971513 0.473686 0.265593 -0.455942 40.400000
6.000000 0.528176 -3.445388 3.814262 1.957395 0.505920 0.261320 -0.142442 40.450000
6.000000 0.679947 -3.467141 3.833685 1.955015 0.541032 0.253179 0.029970 40.500000
6.000000 1.072606 -3.489161 3.854909 1.960874 0.577484 0.242103 0.188467 40.550000
6.000000 1.288382 -3.511529 3.877864 1.977181 0.615631 0.226802 0.437682 40.600000
5.449267 1.377486 -3.534380 3.902458 2.005140 0.655199 0.206311 0.656692 40.650000
5.150666 1.105294 -3.557810 3.928456 2.042124 0.689506 0.181487 0.806522 40.700000
6.000000 0.627218 -3.581853 3.955543 2.081644 0.718902 0.155436 0.780026 40.750000
6.000000 0.936719 -3.606612 3.983705 2.115177 0.752457 0.132568 0.586292 40.800000
5.773425 0.653719 -3.632165 4.013008 2.145512 0.783060 0.111436 0.624994 40.850000
5.379744 0.571478 -3.658507 4.043293 2.174346 0.809202 0.091288 0.540487 40.900000
5.379102 0.141278 -3.685550 4.074349 2.199490 0.829423 0.073506 0.474976 40.950000
5.590394 0.046557 -3.713209 4.106043 2.217615 0.847605 0.060202 0.273302 41.000000
6.000000 -0.135954 -3.741437 4.138399 2.227363 0.866063 0.052225 0.131876 41.050000
6.000000 -0.144951 -3.770241 4.171533 2.229760 0.886937 0.048980 -0.021163 41.100000
6.000000 -0.358884 -3.799588 4.205525 2.226231 0.906504 0.049590 -0.111626 41.150000
6.000000 -0.139318 -3.829391 4.240381 2.216730 0.924783 0.054133 -0.255048 41.200000
6.000000 0.350654 -3.859552 4.276113 2.204251 0.941960 0.060600 -0.246318 41.250000
6.000000 0.260450 -3.890042 4.312694 2.197629 0.958795 0.063000 -0.039412 41.300000
6.000000 0.309749 -3.920913 4.350045 2.197764 0.975449 0.060758 0.037817 41.350000
6.000000 0.026532 -3.952199 4.388102 2.201470 0.991646 0.056088 0.104695 41.400000
6.000000 -0.129412 -3.983912 4.426815 2.204501 1.007053 0.052039 0.024739 41.450000
6.000000 -0.195012 -4.015999 4.466175 2.202707 1.021429 0.051588 -0.086097 41.500000
6.000000 -0.643980 -4.048381 4.506192 2.195897 1.034800 0.054844 -0.178037 41.550000
5.351356 -0.459801 -4.080953 4.546895 2.180312 1.046806 0.064583 -0.421948 41.600000
5.986493 -0.025681 -4.113471 4.588214 2.157526 1.051310 0.079440 -0.485493 41.650000
6.000000 0.471844 -4.145851 4.630163 2.136997 1.061332 0.092180 -0.352684 41.700000
5.684676 0.830229 -4.178218 4.672816 2.126823 1.072111 0.096742 -0.082517 41.750000
5.543770 1.206552 -4.210676 4.716017 2.130986 1.081306 0.090215 0.221017 41.800000
6.000000 1.681239 -4.243373 4.759551 2.151136 1.090450 0.071507 0.552905 41.850000
6.000000 1.553846 -4.276594 4.803310 2.189253 1.104046 0.039207 0.932405 41.900000
5.858109 1.623276 -4.310640 4.847155 2.240187 1.115438 -0.002449 1.092615 41.950000
4.955888 1.577363 -4.345629 4.890833 2.298446 1.121719 -0.048857 1.228937 42.000000
5.122941 1.538265 -4.381473 4.933940 2.361993 1.115088 -0.097885 1.311492 42.050000
6.000000 1.223043 -4.418080 4.976153 2.429070 1.105487 -0.147655 1.372841 42.100000
5.735080 1.721493 -4.455616 5.017470 2.495967 1.100086 -0.195192 1.320038 42.150000
6.000000 1.684007 -4.494144 5.057823 2.567517 1.086733 -0.244289 1.522036 42.200000
5.762222 1.276457 -4.533637 5.096945 2.646444 1.068853 -0.296524 1.628511 42.250000
6.000000 1.154201 -4.574018 5.134627 2.725596 1.044077 -0.345854 1.556539 42.300000
6.000000 1.148599 -4.615180 5.170770 2.801966 1.019012 -0.389979 1.511627 42.350000
5.245332 1.598513 -4.657072 5.205314 2.877513 0.991163 -0.430499 1.515121 42.400000
5.735514 1.427138 -4.699406 5.238101 2.958491 0.950093 -0.471480 1.699868 42.450000
5.380474 1.102564 -4.741971 5.268960 3.044098 0.907878 -0.511614 1.723727 42.500000
5.195022 0.751258 -4.784664 5.297851 3.127339 0.861610 -0.546076 1.622541 42.550000
5.840788 1.240432 -4.827292 5.324817 -3.079558 0.817480 -0.572428 1.453600 42.600000
6.000000 1.456101 -4.869927 5.349905 -3.003709 0.779046 -0.595359 1.563325 42.650000
6.000000 1.552347 -4.912620 5.373053 -2.922094 0.736655 -0.618373 1.681699 42.700000
6.000000 1.498653 -4.955234 5.394208 -2.835837 0.689647 -0.640284 1.754628 42.750000
6.000000 1.103929 -4.997619 5.413356 -2.748121 0.640973 -0.659122 1.751036 42.800000
6.000000 0.768550 -5.039697 5.430521 -2.665085 0.596663 -0.672267 1.591012 42.850000
5.679443 0.929695 -5.081494 5.445734 -2.591274 0.561521 -0.678767 1.387641 42.900000
4.959786 1.244596 -5.122995 5.459053 -2.522915 0.529419 -0.681169 1.348537 42.950000
5.714580 1.232753 -5.163966 5.470628 -2.452966 0.490326 -0.682340 1.432491 43.000000
5.865680 0.840045 -5.204329 5.480474 -2.380880 0.457805 -0.682399 1.445022 43.050000
5.366980 1.168890 -5.244199 5.488467 -2.313035 0.432048 -0.679592 1.287768 43.100000
6.000000 1.009794 -5.283525 5.494660 -2.247330 0.404995 -0.675009 1.330650 43.150000
6.000000 1.459365 -5.322266 5.499036 -2.182295 0.385974 -0.669318 1.275680 43.200000
5.190707 1.310816 -5.360449 5.501494 -2.114594 0.365805 -0.663677 1.410310 43.250000
5.332052 0.820747 -5.397859 5.502248 -2.044366 0.337204 -0.657675 1.396854 43.300000
4.944277 0.751550 -5.434379 5.501438 -1.980271 0.317158 -0.649229 1.192647 43.350000
4.860053 0.429648 -5.470014 5.499069 -1.924156 0.302079 -0.638552 1.066475 43.400000
5.321500 0.555097 -5.504744 5.495194 -1.876156 0.294629 -0.626093 0.876343 43.450000
4.918764 0.711700 -5.538616 5.489680 -1.833534 0.297089 -0.612900 0.833457 43.500000
5.327365 1.067093 -5.571607 5.482528 -1.790746 0.296320 -0.600268 0.872429 43.550000
5.298591 1.432788 -5.603656 5.473795 -1.742752 0.295874 -0.589197 1.026863 43.600000
5.911274 1.122581 -5.634682 5.463511 -1.685522 0.288521 -0.580329 1.233254 43.650000
6.000000 1.336701 -5.664597 5.451659 -1.624760 0.285055 -0.572253 1.200885 43.700000
6.000000 1.634195 -5.693333 5.438137 -1.562864 0.282322 -0.564585 1.265344 43.750000
5.462006 1.937363 -5.720794 5.423021 -1.495679 0.276275 -0.558068 1.401709 43.800000
5.579383 1.880740 -5.746886 5.406576 -1.420859 0.260271 -0.552720 1.565074 43.850000
5.197074 2.367898 -5.771530 5.389040 -1.341487 0.243132 -0.547481 1.602241 43.900000
4.561509 1.892324 -5.794676 5.370589 -1.256023 0.219176 -0.542292 1.785267 43.950000
5.198509 1.736484 -5.816346 5.351572 -1.169952 0.190483 -0.535737 1.672130 44.000000
5.019916 1.902508 -5.836498 5.332007 -1.089491 0.173727 -0.527306 1.561197 44.050000
4.394445 1.957041 -5.855048 5.311817 -1.011113 0.158392 -0.518035 1.570739 44.100000
4.383699 1.828178 -5.872059 5.291229 -0.932064 0.138380 -0.508186 1.586661 44.150000
3.577754 2.055496 -5.887592 5.270426 -0.854095 0.120865 -0.497533 1.537582 44.200000
2.715145 2.227334 -5.901757 5.249591 -0.775563 0.097312 -0.486181 1.593008 44.250000
2.149216 2.299390 -5.914838 5.229050 -0.693700 0.065724 -0.473888 1.667195 44.300000
2.735840 2.176334 -5.927118 5.209032 -0.609019 0.029724 -0.460161 1.710186 44.350000
2.199742 1.881071 -5.938612 5.189515 -0.524569 0.002325 -0.445015 1.671482 44.400000
1.349746 1.973253 -5.949304 5.170447 -0.444746 -0.024507 -0.428817 1.539312 44.450000
2.336908 1.643611 -5.959446 5.151927 -0.368522 -0.054392 -0.411699 1.511592 44.500000
2.359089 1.348806 -5.968976 5.133903 -0.296922 -0.069666 -0.394173 1.371769 44.550000
1.550156 1.019608 -5.977614 5.116270 -0.233238 -0.078351 -0.377084 1.199325 44.600000
1.791399 1.338963 -5.985477 5.099069 -0.179020 -0.088062 -0.360754 0.995981 44.650000
1.847146 1.142060 -5.992641 5.082328 -0.128333 -0.092303 -0.344976 1.027410 44.700000
0.985806 1.473386 -5.999033 5.066037 -0.078715 -0.094312 -0.329714 0.965460 44.750000
0.079845 1.174375 -6.004843 5.050214 -0.027607 -0.103884 -0.314688 1.065518 44.800000
0.000000 0.953659 -6.010495 5.034863 0.023630 -0.120526 -0.299703 0.992828 44.850000
0.000000 1.080709 -6.016186 5.019958 0.069856 -0.134271 -0.285149 0.871229 44.900000
0.833097 1.314480 -6.021888 5.005472 0.113198 -0.145510 -0.270986 0.863235 44.950000
0.661200 0.980674 -6.027387 4.991403 0.158839 -0.148571 -0.256863 0.951499 45.000000
0.000000 1.156415 -6.032533 4.977751 0.203905 -0.152059 -0.243188 0.862563 45.050000
0.430569 0.692587 -6.037502 4.964473 0.247820 -0.160368 -0.229932 0.890564 45.100000
0.503627 0.417771 -6.042331 4.951551 0.287586 -0.162339 -0.217455 0.721097 45.150000
1.221712 0.009365 -6.046875 4.939029 0.318295 -0.160328 -0.206456 0.529787 45.200000
1.398912 -0.120355 -6.050930 4.926989 0.337500 -0.148167 -0.197255 0.267305 45.250000
0.400200 0.304088 -6.054283 4.915532 0.345575 -0.131695 -0.189682 0.075462 45.300000
1.378267 0.489005 -6.057123 4.904598 0.351436 -0.124495 -0.182650 0.151973 45.350000
1.734525 0.468017 -6.059478 4.894168 0.362389 -0.109659 -0.175488 0.274423 45.400000
2.569056 0.275518 -6.061091 4.884325 0.377752 -0.092995 -0.168377 0.334471 45.450000
2.401209 0.169349 -6.061742 4.875158 0.393219 -0.069088 -0.161723 0.289715 45.500000
2.863864 -0.045541 -6.061326 4.866724 0.405899 -0.046910 -0.155668 0.224841 45.550000
2.480566 -0.479683 -6.059816 4.859046 0.413757 -0.020169 -0.150152 0.102402 45.600000
1.829360 -0.604986 -6.057225 4.852125 0.412005 0.003988 -0.145016 -0.148022 45.650000
1.541418 -0.576958 -6.053786 4.845849 0.399400 0.023272 -0.139932 -0.336427 45.700000
1.236812 -0.563035 -6.049703 4.840101 0.380175 0.040301 -0.134716 -0.422883 45.750000
1.968215 -0.407811 -6.045114 4.834797 0.357978 0.054255 -0.129369 -0.460579 45.800000
2.163543 -0.514914 -6.039933 4.829933 0.336211 0.074247 -0.123961 -0.414700 45.850000
1.786146 -0.154376 -6.033980 4.825544 0.314953 0.095055 -0.118450 -0.433252 45.900000
2.332878 0.149785 -6.027322 4.821575 0.297174 0.110867 -0.113115 -0.292587 45.950000
2.328115 0.032956 -6.019959 4.818005 0.288154 0.129726 -0.108502 -0.088295 46.000000
2.845875 -0.276197 -6.011816 4.814853 0.285514 0.146851 -0.104551 -0.023277 46.050000
2.869634 0.135881 -6.002816 4.812137 0.281765 0.168270 -0.100564 -0.117352 46.100000
2.277469 0.482189 -5.992865 4.809867 0.279291 0.188897 -0.096837 0.006859 46.150000
1.302338 0.422717 -5.982141 4.807998 0.285620 0.202080 -0.094439 0.225140 46.200000
0.901834 0.590114 -5.971048 4.806439 0.299480 0.204758 -0.093240 0.319511 46.250000
1.236193 1.084736 -5.959922 4.805106 0.318758 0.202946 -0.092873 0.438769 46.300000
1.870177 0.651556 -5.948800 4.804011 0.348011 0.203039 -0.093955 0.701369 46.350000
1.333558 0.691316 -5.937500 4.803254 0.381853 0.208372 -0.095721 0.657643 46.400000
2.192381 0.937832 -5.926020 4.802848 0.414593 0.208582 -0.097330 0.652603 46.450000
2.958184 0.743836 -5.914312 4.802834 0.449931 0.216334 -0.099377 0.749581 46.500000
3.839771 0.377172 -5.902071 4.803393 0.486586 0.230611 -0.101835 0.720507 46.550000
3.768313 0.213968 -5.888998 4.804718 0.518146 0.253120 -0.103796 0.560943 46.600000
3.340991 -0.114221 -5.874970 4.806903 0.542165 0.275086 -0.104773 0.416291 46.650000
3.309501 -0.116875 -5.860121 4.809879 0.557180 0.293489 -0.104231 0.206521 46.700000
3.572987 -0.529752 -5.844558 4.813562 0.564378 0.311992 -0.102227 0.092809 46.750000
4.467784 -0.775966 -5.828239 4.817948 0.562471 0.333473 -0.098287 -0.146197 46.800000
4.420731 -1.152527 -5.810922 4.823117 0.548691 0.363918 -0.091488 -0.380736 46.850000
4.837962 -1.408718 -5.792418 4.829076 0.521955 0.394064 -0.081118 -0.657796 46.900000
5.626100 -1.051078 -5.772623 4.835728 0.482332 0.427714 -0.066719 -0.898404 46.950000
4.703696 -1.521307 -5.751270 4.843035 0.438103 0.466862 -0.050347 -0.874662 47.000000
5.300523 -1.859713 -5.728413 4.850823 0.389389 0.495072 -0.031907 -1.052487 47.050000
5.464894 -1.784851 -5.704130 4.858856 0.330651 0.526599 -0.009392 -1.269548 47.100000
5.269967 -1.994069 -5.678279 4.866964 0.265100 0.556415 0.016260 -1.344542 47.150000
5.859865 -1.704615 -5.650927 4.874914 0.194473 0.580603 0.044370 -1.466076 47.200000
6.000000 -1.744921 -5.622067 4.882495 0.122519 0.606435 0.073322 -1.421960 47.250000
6.000000 -2.109091 -5.591641 4.889543 0.051192 0.629753 0.102277 -1.433195 47.300000
6.000000 -2.222458 -5.559746 4.895856 -0.024823 0.648451 0.133466 -1.588442 47.350000
6.000000 -2.167544 -5.526545 4.901197 -0.107614 0.661633 0.167605 -1.709208 47.400000
6.000000 -1.794925 -5.492233 4.905349 -0.194266 0.669406 0.202998 -1.754432 47.450000
6.000000 -1.763795 -5.457007 4.908154 -0.278991 0.673392 0.236573 -1.654338 47.500000
6.000000 -2.033117 -5.421039 4.909520 -0.360615 0.674569 0.267645 -1.619806 47.550000
5.292942 -2.050504 -5.384514 4.909363 -0.444385 0.671455 0.298617 -1.719347 47.600000
6.000000 -2.101316 -5.347800 4.907666 -0.531952 0.656787 0.329750 -1.777249 47.650000
5.287568 -1.893958 -5.311110 4.904372 -0.622245 0.644383 0.360197 -1.829074 47.700000
4.468950 -2.020665 -5.274639 4.899475 -0.712319 0.622430 0.388334 -1.782968 47.750000
5.207579 -2.256729 -5.238809 4.893221 -0.802384 0.590545 0.413738 -1.815028 47.800000
4.755692 -1.965927 -5.203777 4.885660 -0.895977 0.561801 0.437741 -1.913154 47.850000
4.053736 -2.087355 -5.169632 4.876807 -0.989668 0.527146 0.458778 -1.844761 47.900000
3.405649 -1.590946 -5.136599 4.866946 -1.082308 0.485634 0.476138 -1.856908 47.950000
4.363563 -1.863834 -5.104853 4.856418 -1.169898 0.441247 0.488346 -1.672672 48.000000
4.106043 -1.626581 -5.074322 4.845182 -1.254097 0.408591 0.496704 -1.690271 48.050000
4.005053 -1.669715 -5.044949 4.833129 -1.336092 0.375562 0.502159 -1.600592 48.100000
4.359641 -1.465218 -5.016754 4.820364 -1.415313 0.344355 0.504837 -1.570095 48.150000
3.447212 -1.033763 -4.989729 4.806847 -1.491070 0.319895 0.505021 -1.472423 48.200000
4.295832 -0.736286 -4.963872 4.792699 -1.558708 0.293604 0.502048 -1.260670 48.250000
4.519052 -0.407416 -4.939162 4.777871 -1.615753 0.283786 0.496136 -1.048517 48.300000
4.208183 -0.114430 -4.915585 4.762045 -1.661790 0.284292 0.488024 -0.821387 48.350000
5.179274 -0.011724 -4.893135 4.745177 -1.696556 0.289814 0.478006 -0.595981 48.400000
4.398766 -0.271805 -4.871824 4.727057 -1.722127 0.310505 0.466717 -0.444939 48.450000
3.997110 0.062401 -4.851652 4.707640 -1.745278 0.325025 0.455634 -0.478046 48.500000
3.344522 -0.250228 -4.832577 4.687238 -1.765890 0.337136 0.444557 -0.359601 48.550000
4.040390 -0.134728 -4.814542 4.666108 -1.785746 0.343458 0.433850 -0.427204 48.600000
3.861105 0.322228 -4.797551 4.644282 -1.806767 0.355591 0.423943 -0.415261 48.650000
4.100524 0.361238 -4.781619 4.621659 -1.822153 0.369060 0.413111 -0.220816 48.700000
4.429920 0.024091 -4.766718 4.598196 -1.829897 0.388656 0.400795 -0.101327 48.750000
3.673277 -0.474328 -4.752847 4.573760 -1.837140 0.410916 0.388917 -0.181289 48.800000
4.239817 -0.037119 -4.739971 4.548528 -1.853200 0.420779 0.380173 -0.434595 48.850000
5.200751 -0.462472 -4.728102 4.522649 -1.873628 0.433454 0.373171 -0.387927 48.900000
5.950473 -0.070489 -4.717352 4.495836 -1.897259 0.453103 0.367692 -0.541267 48.950000
5.070463 -0.487498 -4.707870 4.467799 -1.922156 0.478449 0.363175 -0.464519 49.000000
5.909300 -0.702047 -4.699656 4.438640 -1.949128 0.493715 0.359927 -0.599797 49.050000
6.000000 -0.801089 -4.692748 4.408487 -1.983505 0.512603 0.359785 -0.757862 49.100000
6.000000 -1.211607 -4.687287 4.377285 -2.024761 0.528142 0.362613 -0.878788 49.150000
6.000000 -1.071421 -4.683345 4.345183 -2.074942 0.538370 0.369126 -1.100978 49.200000
5.076812 -1.026884 -4.680994 4.312374 -2.131413 0.544481 0.378096 -1.152303 49.250000
4.429240 -1.457065 -4.680168 4.279191 -2.189281 0.540359 0.387315 -1.161771 49.300000
4.786273 -1.580592 -4.680685 4.246062 -2.252180 0.526958 0.397771 -1.330779 49.350000
5.089815 -1.883184 -4.682519 4.213194 -2.322100 0.512631 0.409827 -1.449067 49.400000
5.896857 -2.162166 -4.685773 4.180630 -2.399173 0.496474 0.423267 -1.609902 49.450000
5.879094 -2.125112 -4.690619 4.148383 -2.484459 0.482204 0.438258 -1.775991 49.500000
6.000000 -2.319914 -4.697165 4.116545 -2.574724 0.463614 0.453366 -1.826398 49.550000
5.595769 -2.804810 -4.705389 4.085289 -2.668589 0.442854 0.467832 -1.913611 49.600000
4.760290 -2.952316 -4.715157 4.054836 -2.770126 0.412403 0.482409 -2.113097 49.650000
4.045403 -2.879305 -4.726078 4.025488 -2.879177 0.368519 0.495837 -2.226478 49.700000
3.459597 -3.000000 -4.737686 3.997442 -2.990611 0.316421 0.505609 -2.226657 49.750000
3.027142 -2.639345 -4.749593 3.970748 -3.102777 0.259308 0.510838 -2.250725 49.800000
2.873567 -2.997488 -4.761512 3.945361 3.071742 0.202448 0.510733 -2.114083 49.850000
1.913918 -3.000000 -4.773316 3.921179 2.964245 0.147512 0.506174 -2.170805 49.900000
2.201303 -3.000000 -4.784744 3.898061 2.855576 0.085932 0.497408 -2.170194 49.950000
