-0.871408 0.100722 0.286973 0.374224 -0.624135 0.367100 0.000000 0.267532 0.000000
0.000000 0.036032 0.301430 0.363847 -0.612840 0.344860 -0.002868 0.192110 0.050000
0.000000 -0.106196 0.315192 0.354021 -0.605102 0.331574 -0.004636 0.124208 0.100000
0.000000 -0.187906 0.328439 0.344593 -0.601576 0.318830 -0.005298 0.026240 0.150000
0.000000 -0.655441 0.341180 0.335530 -0.602737 0.306621 -0.004860 -0.064235 0.200000
0.000000 -0.393193 0.353422 0.326796 -0.612785 0.294935 -0.002543 -0.312852 0.250000
0.401376 -0.766045 0.365164 0.318349 -0.629116 0.283676 0.000910 -0.337957 0.300000
0.000000 -0.714348 0.376490 0.310113 -0.650662 0.276479 0.005182 -0.505833 0.350000
0.000000 -0.282337 0.387401 0.302066 -0.677779 0.265642 0.010246 -0.571645 0.400000
0.000000 -0.661733 0.397834 0.294256 -0.702416 0.255101 0.014473 -0.429786 0.450000
0.000000 -0.343304 0.407814 0.286689 -0.726215 0.244857 0.018223 -0.513107 0.500000
0.000000 -0.272673 0.417358 0.279358 -0.749451 0.234913 0.021580 -0.426039 0.550000
0.000000 -0.416815 0.426490 0.272266 -0.768706 0.225388 0.024009 -0.352154 0.600000
0.000000 0.045496 0.435234 0.265413 -0.786896 0.216211 0.026059 -0.373246 0.650000
0.344560 0.240297 0.443610 0.258795 -0.800561 0.207513 0.027241 -0.192031 0.700000
0.433935 0.213852 0.451707 0.252360 -0.805182 0.202675 0.026994 -0.010320 0.750000
0.768555 0.526642 0.459623 0.246041 -0.803196 0.199094 0.025795 0.081180 0.800000
0.556906 0.563622 0.467450 0.239771 -0.794088 0.198992 0.023627 0.264911 0.850000
0.009624 1.034987 0.475228 0.233544 -0.777671 0.197114 0.020508 0.379807 0.900000
0.000000 0.924172 0.482851 0.227497 -0.751636 0.190382 0.016220 0.633359 0.950000
0.000000 1.369028 0.490249 0.221732 -0.717665 0.183800 0.011142 0.715950 1.000000
0.340792 1.454866 0.497435 0.216251 -0.675772 0.177311 0.005374 0.933110 1.050000
1.096450 1.622716 0.504486 0.211014 -0.625306 0.173913 -0.001128 1.068201 1.100000
0.208826 1.996942 0.511616 0.205885 -0.568325 0.177161 -0.008227 1.194302 1.150000
0.190689 1.846657 0.518797 0.200910 -0.502982 0.171322 -0.016067 1.391873 1.200000
0.324032 1.807333 0.525845 0.196224 -0.432600 0.164707 -0.023955 1.419620 1.250000
0.000000 1.890495 0.532770 0.191816 -0.361691 0.158840 -0.031324 1.417288 1.300000
0.184995 1.720698 0.539516 0.187698 -0.289951 0.149466 -0.038147 1.447971 1.350000
0.391123 1.552808 0.546040 0.183869 -0.218991 0.141589 -0.044216 1.397812 1.400000
0.925658 1.888292 0.552421 0.180290 -0.151488 0.135609 -0.049387 1.314258 1.450000
0.736573 1.473762 0.558821 0.176924 -0.083173 0.134309 -0.054289 1.405439 1.500000
0.873498 1.042964 0.565305 0.173771 -0.016242 0.130973 -0.058775 1.288467 1.550000
1.052762 1.115343 0.571852 0.170832 0.042104 0.129382 -0.062191 1.074498 1.600000
1.887122 0.960310 0.578534 0.168104 0.093929 0.129839 -0.064868 1.007368 1.650000
2.015113 1.186264 0.585578 0.165616 0.141742 0.138212 -0.067232 0.916883 1.700000
1.024644 1.126737 0.593186 0.163416 0.188915 0.147356 -0.069756 0.964190 1.750000
0.539955 0.700560 0.601122 0.161495 0.237096 0.146685 -0.072438 0.963242 1.800000
0.003998 0.691027 0.609034 0.159791 0.280545 0.141854 -0.074444 0.795626 1.850000
0.585699 0.475539 0.616698 0.158229 0.317981 0.132746 -0.075578 0.711827 1.900000
0.000000 0.544818 0.624143 0.156801 0.350010 0.129906 -0.076007 0.584182 1.950000
0.186780 1.040375 0.631382 0.155493 0.378222 0.122116 -0.075959 0.548282 2.000000
0.905626 0.699046 0.638338 0.154267 0.410710 0.115916 -0.076135 0.729946 2.050000
1.669832 0.770925 0.645204 0.153209 0.445868 0.116344 -0.076459 0.682071 2.100000
0.810602 1.157394 0.652290 0.152466 0.480129 0.123933 -0.076797 0.687803 2.150000
0.000000 1.131694 0.659553 0.152031 0.518921 0.122751 -0.077603 0.844819 2.200000
0.000000 1.220132 0.666628 0.151720 0.562965 0.113477 -0.078673 0.908805 2.250000
0.000000 1.617388 0.673351 0.151431 0.610209 0.104151 -0.079663 0.972694 2.300000
0.601863 1.142807 0.679730 0.151156 0.664011 0.094400 -0.080762 1.155151 2.350000
0.292303 0.874017 0.685877 0.150974 0.718893 0.090421 -0.081631 1.053604 2.400000
0.000000 1.022831 0.691860 0.150918 0.767326 0.084390 -0.081872 0.902991 2.450000
0.857365 1.238581 0.697591 0.150890 0.812145 0.076269 -0.081655 0.891140 2.500000
0.691254 1.444395 0.703172 0.150982 0.858922 0.076219 -0.081424 0.969895 2.550000
0.842922 1.455300 0.708703 0.151310 0.910694 0.074085 -0.081433 1.085800 2.600000
0.772983 1.606231 0.714164 0.151868 0.966573 0.072981 -0.081596 1.141840 2.650000
0.070249 1.369135 0.719549 0.152665 1.026004 0.070860 -0.081872 1.224156 2.700000
0.000000 1.553118 0.724753 0.153542 1.085657 0.062249 -0.081917 1.169308 2.750000
0.239638 1.929248 0.729697 0.154336 1.145424 0.053308 -0.081593 1.214997 2.800000
0.000000 1.654731 0.734411 0.155079 1.210785 0.046346 -0.081141 1.376592 2.850000
0.465907 1.369774 0.738909 0.155760 1.278608 0.037201 -0.080401 1.341234 2.900000
1.437425 1.390292 0.743219 0.156432 1.342167 0.033278 -0.079263 1.218217 2.950000
2.257761 1.784442 0.747430 0.157428 1.401787 0.039051 -0.078106 1.172862 3.000000
1.906671 1.746830 0.751590 0.159152 1.464147 0.052016 -0.077489 1.303594 3.050000
2.749220 2.206781 0.755657 0.161683 1.530530 0.060833 -0.077531 1.345878 3.100000
3.675495 2.352464 0.759563 0.165103 1.603266 0.076435 -0.078476 1.536068 3.150000
2.959079 2.761423 0.763204 0.169772 1.683855 0.099049 -0.080873 1.667855 3.200000
2.522660 2.985194 0.766455 0.175658 1.773053 0.112830 -0.084885 1.868679 3.250000
2.798133 2.851687 0.769238 0.182398 1.871021 0.120431 -0.090162 2.024702 3.300000
2.323157 2.696711 0.771458 0.189859 1.972564 0.129107 -0.096137 2.035490 3.350000
1.772574 2.265895 0.773059 0.197907 2.072881 0.132372 -0.102218 1.985659 3.400000
1.059347 2.513057 0.774101 0.206250 2.167194 0.130471 -0.107568 1.814588 3.450000
0.632937 2.500748 0.774725 0.214593 2.258628 0.121807 -0.112127 1.838861 3.500000
0.279369 2.194080 0.775101 0.222698 2.350698 0.108898 -0.115875 1.843074 3.550000
0.309961 2.632931 0.775373 0.230432 2.439683 0.093297 -0.118334 1.733319 3.600000
1.243025 2.361314 0.775620 0.237770 2.529687 0.078171 -0.119797 1.848348 3.650000
1.451048 2.707949 0.775680 0.244856 2.620523 0.072020 -0.120573 1.793643 3.700000
0.584084 2.358247 0.775337 0.251827 2.713201 0.067656 -0.121080 1.896868 3.750000
0.000000 1.942371 0.774745 0.258593 2.805524 0.055427 -0.120996 1.809710 3.800000
0.000000 2.022204 0.774222 0.265046 2.890674 0.039482 -0.119746 1.624618 3.850000
0.709532 2.058265 0.773890 0.271189 2.970616 0.025173 -0.117502 1.579566 3.900000
0.000000 1.764831 0.773574 0.277089 3.049436 0.018445 -0.114720 1.573913 3.950000
0.205159 1.285175 0.773272 0.282773 3.124937 0.006202 -0.111470 1.462414 4.000000
0.692722 1.557872 0.773082 0.288254 -3.091591 -0.002009 -0.107768 1.235803 4.050000
0.000000 1.209449 0.772815 0.293543 -3.029628 -0.004371 -0.103957 1.241847 4.100000
0.897341 0.788748 0.772514 0.298654 -2.971244 -0.012267 -0.100070 1.111131 4.150000
1.763328 0.411454 0.772112 0.303576 -2.921942 -0.010016 -0.096268 0.889605 4.200000
1.520879 0.344697 0.771194 0.308215 -2.884545 0.001963 -0.092875 0.636958 4.250000
1.623375 0.581832 0.769621 0.312517 -2.856896 0.012609 -0.089855 0.486280 4.300000
2.036604 0.466319 0.767444 0.316475 -2.832000 0.024248 -0.087129 0.507376 4.350000
1.683822 0.430304 0.764575 0.320044 -2.807624 0.039439 -0.084720 0.471854 4.400000
1.241118 0.867562 0.761030 0.323211 -2.784927 0.051047 -0.082573 0.439703 4.450000
1.785321 1.053026 0.757017 0.326034 -2.758422 0.057745 -0.080801 0.602288 4.500000
2.451867 0.815328 0.752547 0.328494 -2.723947 0.068436 -0.079615 0.758390 4.550000
3.369122 1.221894 0.747404 0.330464 -2.686545 0.084649 -0.078953 0.740145 4.600000
2.649941 1.293515 0.741303 0.331760 -2.645230 0.108365 -0.079131 0.893856 4.650000
2.112996 1.583250 0.734285 0.332330 -2.597691 0.123788 -0.080387 0.995029 4.700000
1.725884 1.695368 0.726684 0.332289 -2.543442 0.132782 -0.082628 1.154027 4.750000
1.729157 1.404246 0.718756 0.331726 -2.482515 0.136880 -0.085683 1.267578 4.800000
1.441785 1.822108 0.710630 0.330675 -2.420872 0.140512 -0.088864 1.206711 4.850000
1.732732 1.545020 0.702401 0.329172 -2.356761 0.140756 -0.092276 1.339292 4.900000
1.924341 1.566034 0.694116 0.327206 -2.291156 0.143206 -0.095777 1.291744 4.950000
2.776979 1.832147 0.685741 0.324692 -2.226906 0.147215 -0.099170 1.280030 5.000000
2.884055 1.526685 0.677181 0.321430 -2.160163 0.158335 -0.103076 1.376364 5.050000
2.478194 1.119607 0.668388 0.317237 -2.093432 0.169655 -0.107367 1.303555 5.100000
1.926506 1.050500 0.659476 0.312172 -2.033506 0.177412 -0.111114 1.119025 5.150000
1.598069 1.431841 0.650595 0.306439 -1.980599 0.180543 -0.114075 1.011587 5.200000
1.751332 1.046322 0.641863 0.300233 -1.927204 0.180212 -0.117059 1.111141 5.250000
1.431226 0.560075 0.633333 0.293604 -1.874585 0.181234 -0.119844 1.007378 5.300000
1.480875 0.230388 0.625027 0.286596 -1.830903 0.180548 -0.121383 0.769711 5.350000
1.984395 -0.083869 0.616949 0.279264 -1.799290 0.182287 -0.121324 0.523482 5.400000
2.217601 0.375174 0.609046 0.271471 -1.780143 0.190704 -0.119721 0.269710 5.450000
2.106454 0.049266 0.601264 0.263049 -1.765078 0.201662 -0.117752 0.327087 5.500000
1.583090 -0.203259 0.593606 0.253990 -1.751613 0.211458 -0.115717 0.222434 5.550000
1.099067 -0.653393 0.586095 0.244453 -1.744974 0.217114 -0.112783 0.059123 5.600000
2.043379 -0.479894 0.578742 0.234671 -1.749793 0.219801 -0.108183 -0.224597 5.650000
2.671718 -0.910091 0.571482 0.224531 -1.763303 0.232355 -0.102318 -0.307299 5.700000
3.325686 -0.974243 0.564209 0.213685 -1.784805 0.251203 -0.095113 -0.528669 5.750000
4.281100 -0.869145 0.556797 0.201868 -1.815099 0.276231 -0.086168 -0.667155 5.800000
3.785004 -0.857152 0.549088 0.188772 -1.849190 0.309176 -0.076118 -0.693436 5.850000
3.238634 -1.097121 0.540994 0.174375 -1.884102 0.335818 -0.065501 -0.702272 5.900000
3.089572 -1.294695 0.532526 0.158992 -1.922054 0.356054 -0.053907 -0.804027 5.950000
3.018216 -1.462414 0.523669 0.142857 -1.965867 0.373838 -0.040666 -0.933096 6.000000
3.032218 -1.240000 0.514366 0.126098 -2.016132 0.389700 -0.025592 -1.061788 6.050000
2.469785 -1.115649 0.504554 0.108816 -2.068532 0.404063 -0.009896 -1.038389 6.100000
2.015447 -0.829057 0.494262 0.091206 -2.118894 0.411537 0.005082 -0.984271 6.150000
1.786488 -0.480597 0.483603 0.073530 -2.164354 0.413614 0.018277 -0.851863 6.200000
2.394366 -0.456096 0.472684 0.055943 -2.201406 0.413028 0.028569 -0.654712 6.250000
2.771986 -0.421253 0.461480 0.038370 -2.231236 0.417972 0.036433 -0.551045 6.300000
2.287230 -0.374565 0.449868 0.020635 -2.257001 0.426150 0.042948 -0.487274 6.350000
1.322348 -0.719846 0.437877 0.002774 -2.279981 0.429462 0.048498 -0.437821 6.400000
0.608336 -0.536353 0.425726 -0.014935 -2.305133 0.423355 0.054503 -0.555546 6.450000
0.619432 -0.117283 0.413663 -0.032177 -2.332533 0.410485 0.060796 -0.542298 6.500000
0.924157 -0.367342 0.401797 -0.048852 -2.354732 0.398481 0.065132 -0.365230 6.550000
0.847467 -0.380894 0.390090 -0.065055 -2.373312 0.390002 0.068142 -0.376830 6.600000
1.068846 0.034324 0.378498 -0.080843 -2.392487 0.381020 0.071098 -0.388977 6.650000
0.651907 0.458598 0.366993 -0.096255 -2.407359 0.374811 0.072686 -0.223184 6.700000
0.000000 0.011147 0.355624 -0.111308 -2.411107 0.366061 0.071204 0.047482 6.750000
0.000000 0.476467 0.344592 -0.125894 -2.409758 0.352100 0.068441 0.010371 6.800000
0.483971 0.722326 0.334000 -0.139941 -2.404339 0.339055 0.064785 0.189417 6.850000
1.023034 0.459331 0.323764 -0.153579 -2.389289 0.331789 0.058987 0.391944 6.900000
1.933230 0.441880 0.313716 -0.167016 -2.369702 0.330030 0.052366 0.391974 6.950000
2.432553 0.759957 0.303617 -0.180502 -2.350265 0.336607 0.045972 0.386444 7.000000
2.675558 0.508122 0.293256 -0.194279 -2.327362 0.347580 0.038820 0.515835 7.050000
3.279422 0.218425 0.282557 -0.208487 -2.302549 0.360235 0.031246 0.480956 7.100000
3.564990 0.674329 0.271426 -0.223268 -2.282259 0.377586 0.024862 0.345608 7.150000
3.975035 0.405081 0.259760 -0.238758 -2.261692 0.396726 0.018332 0.464623 7.200000
3.692354 0.429527 0.247518 -0.255083 -2.239775 0.418743 0.011344 0.417628 7.250000
3.378859 0.482376 0.234739 -0.272252 -2.219244 0.437035 0.004697 0.405465 7.300000
3.784984 0.879599 0.221560 -0.290137 -2.198491 0.451494 -0.002038 0.423249 7.350000
2.936332 1.011314 0.208029 -0.308756 -2.172499 0.468878 -0.010516 0.597649 7.400000
3.410088 0.793258 0.194299 -0.328035 -2.138618 0.477167 -0.021599 0.741619 7.450000
2.418275 0.543142 0.180510 -0.347917 -2.101911 0.488883 -0.033510 0.729270 7.500000
2.730585 0.292449 0.166776 -0.368283 -2.068312 0.490526 -0.044100 0.627623 7.550000
2.235372 0.151741 0.153186 -0.388976 -2.041078 0.494991 -0.052163 0.479318 7.600000
3.026468 0.420609 0.139741 -0.409934 -2.020754 0.494945 -0.057558 0.348263 7.650000
3.856966 0.274820 0.126398 -0.431206 -2.002116 0.502237 -0.062234 0.392992 7.700000
3.935568 0.004657 0.113019 -0.453129 -1.983429 0.516815 -0.066908 0.358758 7.750000
3.281490 -0.107335 0.099538 -0.475874 -1.969035 0.531825 -0.070005 0.230771 7.800000
3.648314 0.306571 0.085996 -0.499282 -1.960662 0.540685 -0.070820 0.115776 7.850000
3.027489 0.785792 0.072411 -0.523268 -1.951788 0.552525 -0.071884 0.228237 7.900000
2.845027 0.895877 0.058864 -0.547764 -1.933153 0.557101 -0.076833 0.489868 7.950000
3.164902 0.652856 0.045530 -0.572598 -1.903602 0.558418 -0.085985 0.672232 8.000000
3.854216 0.795690 0.032490 -0.597801 -1.870095 0.561769 -0.096440 0.669498 8.050000
3.694463 0.643572 0.019723 -0.623583 -1.834942 0.570664 -0.107355 0.730682 8.100000
2.871227 0.659326 0.007256 -0.650039 -1.799150 0.577094 -0.118340 0.705340 8.150000
3.454834 0.418716 -0.004813 -0.676918 -1.763936 0.575201 -0.128767 0.704375 8.200000
4.079970 0.352589 -0.016445 -0.704148 -1.731325 0.578807 -0.137780 0.611937 8.250000
3.197856 0.421655 -0.027687 -0.731991 -1.702653 0.588457 -0.144998 0.543755 8.300000
3.619402 0.037205 -0.038523 -0.760362 -1.675553 0.589576 -0.151424 0.541251 8.350000
4.451182 0.031853 -0.048927 -0.789138 -1.652818 0.595266 -0.155836 0.385856 8.400000
5.203103 -0.119783 -0.058955 -0.818603 -1.635766 0.609539 -0.157823 0.305360 8.450000
4.722317 0.120313 -0.068651 -0.849106 -1.623363 0.631158 -0.157900 0.201963 8.500000
4.887412 -0.129509 -0.078031 -0.880674 -1.611980 0.647634 -0.157697 0.249062 8.550000
5.058840 -0.043512 -0.087074 -0.913192 -1.601663 0.665183 -0.157125 0.171829 8.600000
5.220238 -0.103165 -0.095792 -0.946704 -1.593196 0.683987 -0.155826 0.167641 8.650000
4.730468 -0.583335 -0.104185 -0.981249 -1.585531 0.703679 -0.154288 0.141862 8.700000
5.502559 -0.356299 -0.112275 -1.016714 -1.584414 0.719374 -0.149557 -0.076679 8.750000
6.000000 0.004098 -0.120144 -1.053149 -1.589002 0.742690 -0.142055 -0.104524 8.800000
6.000000 -0.412821 -0.127827 -1.090809 -1.590478 0.768997 -0.136432 0.032455 8.850000
6.000000 -0.198097 -0.135301 -1.129747 -1.591619 0.794109 -0.131126 -0.068735 8.900000
5.282475 -0.676837 -0.142599 -1.169913 -1.594137 0.818371 -0.125212 -0.035451 8.950000
5.794099 -0.681427 -0.149747 -1.211088 -1.601028 0.835629 -0.116857 -0.222737 9.000000
5.203972 -0.368621 -0.156846 -1.253194 -1.615148 0.857861 -0.104337 -0.332265 9.050000
5.972784 -0.334074 -0.163982 -1.296172 -1.629947 0.873510 -0.091661 -0.268128 9.100000
5.838113 -0.343077 -0.171172 -1.340016 -1.642165 0.895065 -0.080849 -0.226286 9.150000
6.000000 -0.179885 -0.178431 -1.384825 -1.653098 0.914130 -0.071054 -0.213687 9.200000
6.000000 0.140536 -0.185770 -1.430558 -1.661835 0.933528 -0.062898 -0.143882 9.250000
5.747561 0.169823 -0.193159 -1.477205 -1.664326 0.951490 -0.059115 0.027499 9.300000
5.336389 0.267773 -0.200506 -1.524667 -1.659967 0.965767 -0.060105 0.136711 9.350000
4.503548 0.504946 -0.207710 -1.572757 -1.650272 0.975139 -0.064786 0.241547 9.400000
4.510737 0.545507 -0.214653 -1.621157 -1.633780 0.975655 -0.074072 0.402883 9.450000
4.813274 0.281103 -0.221206 -1.669659 -1.610634 0.975234 -0.087662 0.513288 9.500000
4.344957 0.447499 -0.227285 -1.718319 -1.586148 0.977031 -0.101714 0.473192 9.550000
4.197163 0.447214 -0.232862 -1.767077 -1.560927 0.973839 -0.115793 0.531596 9.600000
3.431917 0.846152 -0.237884 -1.815771 -1.533279 0.968517 -0.130989 0.572341 9.650000
2.461168 0.438066 -0.242292 -1.864162 -1.499345 0.954517 -0.149789 0.765277 9.700000
1.491767 0.672195 -0.246017 -1.911817 -1.462727 0.930690 -0.169265 0.708896 9.750000
2.241271 1.067142 -0.249108 -1.958292 -1.425206 0.897770 -0.187917 0.784860 9.800000
1.569704 0.934463 -0.251538 -2.003540 -1.380353 0.870238 -0.209740 0.986482 9.850000
1.606722 0.579901 -0.253249 -2.047549 -1.329630 0.834550 -0.233348 1.037992 9.900000
2.335117 0.700591 -0.254284 -2.090172 -1.280774 0.799860 -0.253765 0.931484 9.950000
2.896324 0.500324 -0.254658 -2.131626 -1.234128 0.772950 -0.271160 0.935132 10.000000
3.537014 0.192297 -0.254310 -2.172216 -1.189425 0.752111 -0.286090 0.863046 10.050000
4.139009 0.525300 -0.253178 -2.212236 -1.150558 0.739624 -0.296854 0.710939 10.100000
4.358036 0.396837 -0.251181 -2.251980 -1.113270 0.733363 -0.306171 0.773945 10.150000
3.733984 0.726776 -0.248223 -2.291585 -1.075062 0.728545 -0.315482 0.757336 10.200000
4.219084 0.492943 -0.244338 -2.330919 -1.033670 0.716257 -0.325881 0.883461 10.250000
3.631649 0.687605 -0.239511 -2.369880 -0.990341 0.707535 -0.336569 0.854215 10.300000
3.873857 0.772815 -0.233755 -2.408409 -0.945800 0.692553 -0.347123 0.919636 10.350000
4.559726 0.687506 -0.227104 -2.446378 -0.897980 0.678230 -0.358439 0.985277 10.400000
3.823555 0.287907 -0.219419 -2.483895 -0.848744 0.669448 -0.369632 0.985015 10.450000
3.806475 0.694348 -0.210718 -2.520919 -0.803853 0.655758 -0.377964 0.830173 10.500000
3.263518 1.001931 -0.201134 -2.557331 -0.759887 0.642486 -0.385163 0.917483 10.550000
4.074745 0.773660 -0.190770 -2.592977 -0.709509 0.620868 -0.394445 1.076495 10.600000
3.853556 1.056781 -0.179586 -2.627810 -0.656175 0.605442 -0.404007 1.059128 10.650000
4.254611 0.836760 -0.167496 -2.661871 -0.600367 0.586548 -0.413635 1.159392 10.700000
4.831102 0.728193 -0.154486 -2.695114 -0.543561 0.570894 -0.422628 1.118145 10.750000
5.049449 0.415244 -0.140381 -2.727630 -0.489368 0.562123 -0.429747 1.057671 10.800000
5.457504 0.243618 -0.125028 -2.759491 -0.440677 0.558531 -0.434164 0.909231 10.850000
6.000000 -0.052723 -0.108295 -2.790766 -0.399025 0.562814 -0.435625 0.774060 10.900000
5.327761 -0.040697 -0.089974 -2.821552 -0.365383 0.576660 -0.434044 0.593810 10.950000
4.574889 0.268797 -0.070096 -2.851855 -0.337982 0.587461 -0.430245 0.511960 11.000000
5.395131 0.006027 -0.048997 -2.881549 -0.310012 0.590631 -0.426979 0.597051 11.050000
4.502486 -0.232005 -0.026699 -2.910584 -0.281920 0.601326 -0.424002 0.534281 11.100000
4.600864 0.130086 -0.003239 -2.938952 -0.258770 0.606260 -0.419157 0.405731 11.150000
4.552992 -0.207878 0.021196 -2.966619 -0.236211 0.612381 -0.414346 0.487604 11.200000
5.341219 0.285100 0.046584 -2.993562 -0.214514 0.618435 -0.409406 0.390709 11.250000
4.487449 0.010936 0.073073 -3.019811 -0.190739 0.630524 -0.405743 0.543877 11.300000
5.050284 -0.292177 0.100587 -3.045299 -0.164460 0.632922 -0.403433 0.510913 11.350000
5.618195 -0.255043 0.129037 -3.070002 -0.142819 0.643070 -0.399202 0.370271 11.400000
5.147343 -0.183847 0.158686 -3.093994 -0.125877 0.660720 -0.393167 0.313953 11.450000
5.769800 0.055606 0.189528 -3.117288 -0.110147 0.674040 -0.386967 0.315290 11.500000
6.000000 0.145840 0.221553 -3.139866 -0.091579 0.691208 -0.382555 0.417229 11.550000
5.020751 -0.203439 0.254887 -3.161683 -0.068143 0.707352 -0.380946 0.510838 11.600000
4.526772 -0.353293 0.289286 -3.182665 -0.045173 0.714029 -0.379320 0.418382 11.650000
5.476680 -0.102840 0.324390 -3.202808 -0.027291 0.718524 -0.375248 0.308343 11.700000
5.299760 0.021788 0.360304 -3.222144 -0.010607 0.732335 -0.370839 0.354532 11.750000
6.000000 0.465587 0.397163 -3.240651 0.009253 0.742412 -0.368401 0.431909 11.800000
6.000000 0.641827 0.435014 -3.258258 0.037060 0.754591 -0.370469 0.656060 11.850000
6.000000 0.413195 0.473899 -3.274827 0.075057 0.760919 -0.378141 0.842804 11.900000
5.954621 0.021883 0.513695 -3.290228 0.117309 0.764332 -0.387953 0.848224 11.950000
5.153311 0.166643 0.554326 -3.304407 0.155588 0.768792 -0.395338 0.702029 12.000000
5.405951 -0.305774 0.595577 -3.317399 0.190425 0.767153 -0.400635 0.693137 12.050000
6.000000 -0.790580 0.637301 -3.329225 0.219711 0.770766 -0.402701 0.500867 12.100000
6.000000 -0.355921 0.679740 -3.339904 0.236557 0.786504 -0.397978 0.204729 12.150000
5.285785 -0.503124 0.723090 -3.349500 0.247462 0.804860 -0.390312 0.229199 12.200000
4.952636 -0.808864 0.767160 -3.358079 0.257584 0.816332 -0.382574 0.180250 12.250000
4.134374 -0.417013 0.811709 -3.365742 0.262250 0.827125 -0.371986 0.020898 12.300000
4.496880 -0.340664 0.856502 -3.372625 0.265303 0.830731 -0.360876 0.092915 12.350000
4.835287 -0.604078 0.901407 -3.378759 0.271816 0.835918 -0.352226 0.160045 12.400000
4.830249 -0.353019 0.946556 -3.384098 0.277688 0.844395 -0.343515 0.081665 12.450000
5.548669 -0.166001 0.992022 -3.388653 0.283413 0.852591 -0.335077 0.140786 12.500000
5.443206 0.324712 1.037925 -3.392370 0.293468 0.865199 -0.329638 0.250311 12.550000
5.914971 0.467911 1.084312 -3.395156 0.313256 0.871978 -0.330505 0.513504 12.600000
4.991931 0.303187 1.131119 -3.396866 0.344393 0.877592 -0.338494 0.710807 12.650000
5.294935 0.487318 1.178107 -3.397439 0.380949 0.871499 -0.349542 0.748315 12.700000
4.909282 0.473389 1.225055 -3.396870 0.421067 0.866179 -0.362262 0.846126 12.750000
4.028819 0.943017 1.271853 -3.395120 0.464674 0.855052 -0.376423 0.893708 12.800000
3.136857 0.652546 1.318136 -3.392278 0.515272 0.831684 -0.393755 1.103956 12.850000
2.507324 0.982506 1.363421 -3.388502 0.570045 0.797584 -0.411827 1.089102 12.900000
3.010745 1.444156 1.407372 -3.383994 0.627883 0.756050 -0.429476 1.207719 12.950000
3.936228 1.033335 1.449897 -3.378781 0.694652 0.714183 -0.449457 1.430738 13.000000
4.870389 0.666452 1.491163 -3.372682 0.764411 0.679073 -0.468347 1.368096 13.050000
4.244550 0.166855 1.531497 -3.365445 0.828079 0.656481 -0.482211 1.201580 13.100000
3.731425 -0.230590 1.571015 -3.357049 0.880599 0.635446 -0.489446 0.933482 13.150000
3.056990 -0.592762 1.609673 -3.347698 0.919271 0.619430 -0.489541 0.646788 13.200000
2.478824 -0.539743 1.647468 -3.337599 0.943432 0.607526 -0.482916 0.350648 13.250000
2.394832 -0.777387 1.684400 -3.326967 0.957100 0.597804 -0.471859 0.208620 13.300000
3.164082 -0.569437 1.720502 -3.315913 0.962444 0.593164 -0.457601 0.021318 13.350000
2.757954 -0.867413 1.755980 -3.304298 0.962891 0.598927 -0.441794 -0.002470 13.400000
2.206910 -0.983489 1.790943 -3.292067 0.958770 0.603367 -0.424594 -0.149779 13.450000
1.987655 -0.693249 1.825358 -3.279418 0.947524 0.606399 -0.404936 -0.288039 13.500000
2.494467 -0.814012 1.859204 -3.266514 0.934210 0.608070 -0.385081 -0.250500 13.550000
1.794640 -0.316377 1.892551 -3.253324 0.920656 0.614143 -0.365791 -0.289425 13.600000
1.954999 0.082053 1.925387 -3.239909 0.911160 0.611183 -0.348956 -0.110423 13.650000
0.989718 -0.127353 1.957573 -3.226385 0.912825 0.604481 -0.337590 0.150506 13.700000
0.512398 -0.139072 1.988910 -3.212903 0.921720 0.585875 -0.329666 0.198458 13.750000
0.000000 0.349270 2.019190 -3.199723 0.932021 0.563085 -0.322466 0.210246 13.800000
0.557647 0.563678 2.048295 -3.187015 0.948119 0.534059 -0.317595 0.410502 13.850000
0.217982 0.901226 2.076201 -3.174752 0.973787 0.507371 -0.316127 0.593976 13.900000
0.000000 0.810974 2.102905 -3.162893 1.009667 0.474246 -0.317733 0.813310 13.950000
0.106079 1.223175 2.128317 -3.151555 1.052102 0.437512 -0.320515 0.874545 14.000000
0.000000 0.775211 2.152450 -3.140771 1.101000 0.400248 -0.324007 1.056036 14.050000
0.000000 1.054723 2.175340 -3.130559 1.151035 0.362803 -0.326384 0.956239 14.100000
0.000000 1.434968 2.197068 -3.120941 1.200435 0.327021 -0.327215 1.010619 14.150000
0.000000 1.361820 2.217693 -3.111926 1.255622 0.290034 -0.328006 1.173019 14.200000
0.971910 1.727152 2.237264 -3.103540 1.315305 0.252472 -0.328173 1.207349 14.250000
1.705251 1.339139 2.255899 -3.095578 1.379854 0.223254 -0.327743 1.352487 14.300000
1.652500 1.328350 2.273725 -3.087672 1.444919 0.201842 -0.326237 1.261540 14.350000
1.368570 1.065815 2.290808 -3.079658 1.506649 0.182426 -0.323385 1.213069 14.400000
1.846503 0.590675 2.307174 -3.071599 1.563736 0.163432 -0.319215 1.086273 14.450000
2.007365 0.951354 2.322857 -3.063408 1.611138 0.154136 -0.313518 0.840525 14.500000
1.617943 0.586253 2.337880 -3.054890 1.653878 0.149028 -0.307290 0.865501 14.550000
2.521019 0.657871 2.352253 -3.046095 1.693381 0.142199 -0.300759 0.730516 14.600000
3.136634 1.086258 2.365966 -3.036885 1.728858 0.145994 -0.294007 0.693064 14.650000
3.203257 0.813937 2.378959 -3.026924 1.767802 0.154302 -0.288035 0.846351 14.700000
3.273610 0.572912 2.391179 -3.016118 1.809168 0.162274 -0.282756 0.812693 14.750000
2.737545 0.307302 2.402592 -3.004470 1.846698 0.172343 -0.277465 0.702183 14.800000
3.341775 0.329239 2.413212 -2.992098 1.877347 0.179880 -0.271730 0.542445 14.850000
4.068349 0.048141 2.423025 -2.978987 1.902518 0.194972 -0.265719 0.472710 14.900000
4.342431 0.144492 2.431929 -2.964854 1.922024 0.218450 -0.259421 0.324380 14.950000
5.304246 -0.139826 2.439848 -2.949501 1.937280 0.245201 -0.253004 0.290423 15.000000
6.000000 0.278274 2.446686 -2.932698 1.948135 0.281462 -0.246314 0.158445 15.050000
6.000000 0.191842 2.452321 -2.914134 1.959062 0.322828 -0.240212 0.268989 15.100000
6.000000 -0.249919 2.456698 -2.893760 1.973304 0.361574 -0.235431 0.299014 15.150000
5.757237 0.189202 2.459825 -2.871665 1.983738 0.400074 -0.230144 0.136049 15.200000
6.000000 -0.160931 2.461753 -2.847957 1.993299 0.435116 -0.225097 0.237363 15.250000
6.000000 -0.240110 2.462496 -2.822722 2.002745 0.471096 -0.220402 0.150271 15.300000
6.000000 -0.552360 2.462061 -2.795963 2.008123 0.506876 -0.214696 0.073244 15.350000
5.657360 -0.076161 2.460500 -2.767719 2.007030 0.543086 -0.206890 -0.099956 15.400000
6.000000 -0.420936 2.457918 -2.738090 2.004974 0.574878 -0.198991 0.007899 15.450000
5.242202 -0.006546 2.454350 -2.707139 2.003044 0.608479 -0.191341 -0.076746 15.500000
4.581259 0.343169 2.449887 -2.675006 2.002768 0.633216 -0.184682 0.053580 15.550000
5.527613 0.184338 2.444665 -2.642078 2.011541 0.648547 -0.182391 0.275531 15.600000
6.000000 0.376697 2.438607 -2.608396 2.026852 0.670405 -0.183350 0.331875 15.650000
6.000000 0.622330 2.431540 -2.573747 2.046572 0.694578 -0.186683 0.445936 15.700000
5.524354 0.735133 2.423368 -2.538146 2.073430 0.715756 -0.193814 0.611441 15.750000
5.787915 0.746675 2.414074 -2.501834 2.107749 0.729291 -0.204863 0.747241 15.800000
5.990681 0.462068 2.403615 -2.464992 2.147289 0.742627 -0.218587 0.827040 15.850000
5.033848 0.761567 2.391886 -2.427651 2.186779 0.756564 -0.232167 0.762845 15.900000
4.217502 0.475252 2.378975 -2.390046 2.227609 0.759865 -0.246260 0.860494 15.950000
4.313787 0.560888 2.365106 -2.352612 2.268944 0.754518 -0.260080 0.801827 16.000000
5.211759 0.345833 2.350384 -2.315525 2.309357 0.749883 -0.272781 0.814649 16.050000
6.000000 -0.141802 2.334652 -2.278655 2.348026 0.753772 -0.284081 0.742631 16.100000
5.202690 0.249448 2.317651 -2.241732 2.378885 0.767361 -0.290966 0.519277 16.150000
5.317018 0.024864 2.299419 -2.204743 2.406284 0.774099 -0.295973 0.571823 16.200000
4.850184 -0.177985 2.280080 -2.167851 2.433182 0.781632 -0.300649 0.511923 16.250000
4.175167 0.069121 2.259714 -2.131125 2.455712 0.786170 -0.302830 0.401918 16.300000
5.098887 0.152303 2.238548 -2.094728 2.477080 0.784677 -0.304326 0.447918 16.350000
4.638397 0.491820 2.216539 -2.058664 2.501120 0.790640 -0.307307 0.507858 16.400000
5.416710 0.720487 2.193605 -2.022944 2.531274 0.789364 -0.313674 0.679403 16.450000
6.000000 1.064914 2.169680 -1.987666 2.570274 0.791188 -0.324808 0.860357 16.500000
6.000000 1.320505 2.144503 -1.952836 2.619687 0.792923 -0.341483 1.089186 16.550000
6.000000 1.429974 2.117979 -1.918618 2.680087 0.788055 -0.363695 1.300776 16.600000
5.012359 1.477274 2.090157 -1.885258 2.749158 0.777024 -0.389595 1.444442 16.650000
4.813070 1.494473 2.061327 -1.853050 2.823818 0.751793 -0.416704 1.531143 16.700000
4.056839 1.625681 2.031838 -1.822232 2.901712 0.721221 -0.443042 1.578635 16.750000
3.693167 1.753816 2.002004 -1.792942 2.982625 0.680379 -0.467953 1.647247 16.800000
4.594288 1.290540 1.972185 -1.765277 3.067049 0.632986 -0.491058 1.717459 16.850000
5.082327 1.516603 1.942342 -1.739229 -3.134467 0.595436 -0.509541 1.570382 16.900000
4.838246 1.964240 1.912183 -1.714749 -3.055369 0.563937 -0.524303 1.589251 16.950000
3.858134 1.482789 1.881745 -1.691862 -2.971134 0.526228 -0.538586 1.752678 17.000000
4.778278 1.522481 1.851434 -1.670550 -2.886973 0.479583 -0.549751 1.629167 17.050000
5.046531 1.390769 1.821278 -1.650781 -2.806795 0.445325 -0.556782 1.582186 17.100000
5.651290 1.638021 1.791027 -1.632615 -2.729870 0.416809 -0.560761 1.503837 17.150000
5.924454 1.816123 1.760533 -1.616135 -2.653178 0.394898 -0.563167 1.554273 17.200000
5.489374 1.665559 1.729718 -1.601452 -2.573183 0.373651 -0.565214 1.631732 17.250000
4.627089 2.006975 1.698739 -1.588565 -2.492506 0.348539 -0.566021 1.597895 17.300000
5.526808 1.542121 1.667932 -1.577301 -2.409666 0.314736 -0.565632 1.696981 17.350000
5.568377 1.320255 1.637379 -1.567666 -2.328866 0.292350 -0.563128 1.554245 17.400000
5.076573 1.479122 1.606938 -1.559835 -2.255353 0.277168 -0.558160 1.406153 17.450000
4.165459 0.980783 1.576703 -1.553759 -2.185268 0.261140 -0.551922 1.396686 17.500000
4.734516 0.764054 1.546910 -1.549186 -2.121096 0.242335 -0.543963 1.196023 17.550000
5.492408 0.402830 1.517584 -1.546101 -2.066283 0.237142 -0.534154 1.019129 17.600000
4.700731 0.445070 1.488555 -1.544828 -2.021596 0.247204 -0.523047 0.796824 17.650000
4.981108 0.801209 1.459820 -1.545403 -1.984201 0.255306 -0.511352 0.709714 17.700000
5.474452 0.773982 1.431465 -1.547713 -1.945881 0.265629 -0.500526 0.811237 17.750000
5.745483 0.277772 1.403504 -1.551872 -1.904211 0.278411 -0.491052 0.851310 17.800000
5.010020 0.693542 1.375949 -1.558008 -1.866552 0.296383 -0.481524 0.677190 17.850000
4.594296 0.738112 1.348873 -1.566010 -1.830316 0.308205 -0.472474 0.762581 17.900000
4.932655 1.023707 1.322424 -1.575556 -1.790508 0.313850 -0.464764 0.822458 17.950000
4.425752 0.649033 1.296685 -1.586562 -1.745415 0.319485 -0.458696 0.963593 18.000000
3.721389 0.336092 1.271742 -1.598917 -1.699532 0.320063 -0.453097 0.881796 18.050000
2.747754 0.821630 1.247662 -1.612328 -1.660032 0.318344 -0.446224 0.717694 18.100000
1.932292 0.809872 1.224483 -1.626412 -1.621018 0.308308 -0.439349 0.828229 18.150000
1.854675 0.694020 1.202246 -1.640710 -1.578406 0.289322 -0.433077 0.869240 18.200000
2.014523 0.882245 1.180948 -1.654997 -1.535862 0.270774 -0.426444 0.834965 18.250000
2.943664 1.226889 1.160568 -1.669297 -1.492644 0.254435 -0.419652 0.885824 18.300000
3.731084 1.664145 1.141118 -1.683840 -1.444008 0.244684 -0.413677 1.038876 18.350000
4.411119 1.277230 1.122664 -1.698947 -1.385423 0.237427 -0.409341 1.272140 18.400000
4.178734 1.660110 1.105307 -1.714853 -1.323172 0.235074 -0.405550 1.224201 18.450000
3.214627 1.788302 1.089111 -1.731597 -1.258456 0.229608 -0.402148 1.346708 18.500000
2.870940 1.453155 1.074033 -1.748814 -1.188353 0.212757 -0.399193 1.442273 18.550000
3.063002 1.531253 1.059986 -1.766151 -1.118818 0.193995 -0.395356 1.350763 18.600000
2.298693 1.043650 1.046960 -1.783571 -1.051664 0.179416 -0.390522 1.336218 18.650000
1.858720 0.742075 1.034892 -1.800957 -0.990410 0.161890 -0.384365 1.139615 18.700000
1.222893 0.655058 1.023641 -1.818123 -0.939306 0.146752 -0.376603 0.930540 18.750000
1.687284 0.375226 1.013071 -1.834936 -0.896576 0.131074 -0.367737 0.794308 18.800000
0.858573 0.501391 1.003169 -1.851427 -0.861903 0.124800 -0.358117 0.613403 18.850000
0.950144 0.263995 0.993885 -1.867588 -0.832378 0.113980 -0.348200 0.571508 18.900000
1.010127 0.475610 0.985106 -1.883325 -0.807155 0.106819 -0.338106 0.450285 18.950000
0.254205 0.878953 0.976858 -1.898704 -0.784014 0.101768 -0.328111 0.472411 19.000000
0.000000 1.183758 0.969007 -1.913615 -0.755578 0.087871 -0.318672 0.644438 19.050000
0.000000 1.425299 0.961344 -1.927880 -0.717674 0.068466 -0.309754 0.846111 19.100000
0.000000 1.629000 0.953777 -1.941454 -0.670138 0.046266 -0.300982 1.030423 19.150000
0.955656 1.306028 0.946260 -1.954350 -0.614152 0.022081 -0.291938 1.186708 19.200000
0.619991 1.489024 0.938938 -1.966728 -0.556474 0.007728 -0.282464 1.127631 19.250000
1.619267 1.287804 0.931927 -1.978710 -0.498916 -0.008415 -0.272699 1.168372 19.300000
2.505296 1.357882 0.925360 -1.990389 -0.442227 -0.013587 -0.262847 1.107158 19.350000
2.316746 1.103221 0.919641 -2.001966 -0.386877 -0.009120 -0.253344 1.107097 19.400000
1.969821 1.567636 0.914918 -2.013478 -0.334284 -0.004951 -0.244352 1.009640 19.450000
1.180866 1.540049 0.911072 -2.024848 -0.279951 -0.004103 -0.235776 1.145667 19.500000
1.997425 1.498560 0.907822 -2.035967 -0.221269 -0.011359 -0.227345 1.194659 19.550000
1.201277 1.483578 0.905160 -2.046816 -0.161390 -0.010451 -0.219067 1.199849 19.600000
2.163516 1.763563 0.903082 -2.057386 -0.101502 -0.016318 -0.210971 1.195984 19.650000
2.324032 2.117426 0.901619 -2.067655 -0.038727 -0.013182 -0.203076 1.300656 19.700000
3.309232 2.416251 0.901001 -2.077613 0.031387 -0.009994 -0.195543 1.478425 19.750000
2.316322 2.185104 0.901445 -2.087200 0.110593 0.000561 -0.188592 1.662457 19.800000
2.348565 1.741737 0.902889 -2.096352 0.193402 0.001302 -0.182183 1.651598 19.850000
3.293855 1.748274 0.905078 -2.105033 0.271182 0.004235 -0.176086 1.484707 19.900000
3.297143 2.022227 0.908218 -2.113120 0.343563 0.017724 -0.170622 1.420317 19.950000
3.210712 2.237705 0.912470 -2.120475 0.416776 0.031039 -0.166067 1.497344 20.000000
3.408393 2.470169 0.917729 -2.127034 0.494863 0.042375 -0.162442 1.609608 20.050000
3.187985 1.975297 0.923918 -2.132714 0.579106 0.054113 -0.159800 1.740279 20.100000
3.788879 2.083135 0.930928 -2.137452 0.662423 0.063822 -0.157831 1.612348 20.150000
4.045626 2.056567 0.938736 -2.141125 0.742752 0.079570 -0.156545 1.602726 20.200000
4.194109 2.403989 0.947377 -2.143541 0.822540 0.097311 -0.156229 1.591048 20.250000
4.573696 2.716064 0.956776 -2.144582 0.905667 0.115015 -0.157201 1.715460 20.300000
5.313303 2.520961 0.966834 -2.144112 0.996148 0.133792 -0.159880 1.878511 20.350000
4.584946 2.914826 0.977488 -2.141885 1.089893 0.157585 -0.164160 1.873022 20.400000
4.657227 2.703381 0.988520 -2.137887 1.187625 0.172148 -0.170058 2.013813 20.450000
4.800055 3.000000 0.999633 -2.132267 1.287694 0.185425 -0.176998 1.993036 20.500000
5.439511 3.000000 1.010633 -2.125010 1.390233 0.197901 -0.184970 2.092564 20.550000
6.000000 3.000000 1.021331 -2.115998 1.495970 0.213828 -0.194168 2.131247 20.600000
5.110322 2.673249 1.031518 -2.105043 1.603019 0.232591 -0.204562 2.148827 20.650000
5.294691 2.288956 1.040963 -2.092341 1.707387 0.241594 -0.215176 2.044359 20.700000
6.000000 1.961772 1.049488 -2.078170 1.804623 0.252648 -0.224899 1.873862 20.750000
5.107504 2.120474 1.056898 -2.062428 1.893152 0.271307 -0.233682 1.696449 20.800000
4.365044 1.967422 1.063081 -2.045279 1.977750 0.281165 -0.242308 1.689435 20.850000
3.926879 2.240389 1.068063 -2.027219 2.060598 0.283353 -0.250633 1.633588 20.900000
4.550816 1.779630 1.071898 -2.008616 2.144553 0.280075 -0.258869 1.712677 20.950000
4.513928 1.307435 1.074508 -1.989556 2.226270 0.282628 -0.266321 1.577183 21.000000
3.795563 1.069508 1.075775 -1.970006 2.298601 0.287440 -0.271808 1.349774 21.050000
2.920883 0.926611 1.075785 -1.950152 2.360841 0.288690 -0.275194 1.165585 21.100000
3.356725 0.683307 1.074780 -1.930288 2.415284 0.284467 -0.276809 1.030040 21.150000
3.636310 1.150131 1.072821 -1.910497 2.462380 0.287148 -0.276838 0.873874 21.200000
2.668026 1.191324 1.069778 -1.890688 2.509207 0.292413 -0.276971 0.985273 21.250000
3.662336 1.358162 1.065796 -1.871032 2.560369 0.286817 -0.277979 1.052248 21.300000
3.007580 1.787920 1.060878 -1.851603 2.615654 0.289024 -0.279742 1.146760 21.350000
2.800270 2.157273 1.054989 -1.832442 2.678831 0.281874 -0.282955 1.351639 21.400000
2.833298 2.565799 1.048349 -1.813757 2.752803 0.268570 -0.287711 1.574119 21.450000
2.933135 2.842522 1.041059 -1.795668 2.838335 0.251013 -0.293625 1.809917 21.500000
2.990891 2.472401 1.033167 -1.778260 2.934247 0.230190 -0.299935 1.995531 21.550000
3.971717 2.487167 1.024711 -1.761588 3.032114 0.209186 -0.304879 1.929090 21.600000
3.557435 2.452360 1.015487 -1.745661 3.127943 0.198409 -0.308250 1.907145 21.650000
3.127681 2.950609 1.005408 -1.730519 -3.060535 0.184304 -0.310498 1.884155 21.700000
3.240902 3.000000 0.994731 -1.716214 -2.961501 0.164678 -0.312079 2.048955 21.750000
3.848148 2.834061 0.983617 -1.702781 -2.856904 0.144352 -0.312798 2.121538 21.800000
2.967868 2.980597 0.971974 -1.690301 -2.751855 0.130248 -0.312245 2.085644 21.850000
3.907973 2.751569 0.959918 -1.678778 -2.646537 0.108555 -0.310397 2.119994 21.900000
3.880513 2.711114 0.947496 -1.668262 -2.542611 0.097367 -0.307273 2.048401 21.950000
3.375146 2.271528 0.934580 -1.658904 -2.441414 0.087975 -0.303320 2.005963 22.000000
3.252955 2.011684 0.921330 -1.650676 -2.346160 0.077269 -0.298421 1.831783 22.050000
3.622306 2.094831 0.907888 -1.643529 -2.259237 0.069852 -0.292648 1.669959 22.100000
3.431910 1.949419 0.894256 -1.637556 -2.176714 0.068569 -0.286605 1.636036 22.150000
2.729772 2.019355 0.880475 -1.632815 -2.096845 0.067257 -0.280568 1.568741 22.200000
3.698775 1.908297 0.866719 -1.629144 -2.018466 0.060683 -0.274457 1.566372 22.250000
4.055744 1.935128 0.853030 -1.626613 -1.941366 0.064479 -0.268425 1.524070 22.300000
3.209295 2.202961 0.839367 -1.625512 -1.865350 0.072444 -0.262881 1.517824 22.350000
3.927160 2.574244 0.825863 -1.625713 -1.786681 0.071847 -0.257875 1.614320 22.400000
3.415373 2.931227 0.812639 -1.627154 -1.700956 0.076002 -0.253527 1.787863 22.450000
3.860128 3.000000 0.799794 -1.629814 -1.605931 0.072539 -0.249842 1.981582 22.500000
4.825734 3.000000 0.787449 -1.633607 -1.504084 0.071504 -0.246476 2.076364 22.550000
5.026429 2.584679 0.775741 -1.638794 -1.399265 0.078932 -0.243619 2.110873 22.600000
5.306149 2.957166 0.764856 -1.645563 -1.297588 0.089342 -0.241318 1.978709 22.650000
5.064197 2.812743 0.754989 -1.653930 -1.196175 0.102296 -0.239959 2.064117 22.700000
4.934085 3.000000 0.746299 -1.663760 -1.093510 0.112223 -0.239554 2.045960 22.750000
5.691923 2.791111 0.738894 -1.674821 -0.989448 0.120109 -0.239941 2.106643 22.800000
5.725065 2.433119 0.732983 -1.687063 -0.885578 0.134694 -0.241118 2.057161 22.850000
5.221818 2.890372 0.728795 -1.700452 -0.786860 0.150512 -0.242841 1.915619 22.900000
5.582341 2.925872 0.726355 -1.714713 -0.687816 0.160644 -0.245490 2.028152 22.950000
5.399010 2.824234 0.725703 -1.729595 -0.584803 0.171979 -0.249267 2.083688 23.000000
4.708053 3.000000 0.726909 -1.744891 -0.481028 0.180341 -0.253719 2.070122 23.050000
3.744393 3.000000 0.729805 -1.760288 -0.375832 0.180814 -0.258530 2.128089 23.100000
3.160749 2.960418 0.734016 -1.775443 -0.268831 0.171009 -0.263038 2.148196 23.150000
3.155735 3.000000 0.739160 -1.790124 -0.161658 0.155522 -0.266437 2.139529 23.200000
2.255718 2.740254 0.745062 -1.804223 -0.054425 0.140162 -0.268546 2.147691 23.250000
1.281472 2.854212 0.751474 -1.817682 0.050313 0.117752 -0.268898 2.056208 23.300000
2.141087 2.389578 0.757943 -1.830508 0.153224 0.087900 -0.267154 2.058365 23.350000
2.965959 2.423074 0.764447 -1.842722 0.251275 0.069303 -0.263418 1.890314 23.400000
2.380428 2.229557 0.771394 -1.854242 0.344263 0.061432 -0.258662 1.837315 23.450000
2.687131 1.838250 0.778824 -1.865031 0.433488 0.050354 -0.253294 1.745593 23.500000
2.074533 1.665455 0.786669 -1.875071 0.515599 0.045640 -0.247364 1.566023 23.550000
1.830312 1.575228 0.794866 -1.884361 0.589975 0.038642 -0.241073 1.428849 23.600000
2.442813 1.807225 0.803244 -1.892978 0.658801 0.032070 -0.234507 1.337011 23.650000
2.099047 1.665867 0.811862 -1.900847 0.727020 0.032235 -0.228009 1.384908 23.700000
1.988348 1.648809 0.820734 -1.907920 0.795317 0.029768 -0.221679 1.351599 23.750000
2.125608 1.359197 0.829748 -1.914255 0.862302 0.027333 -0.215425 1.330618 23.800000
2.572028 1.503108 0.838884 -1.919831 0.925453 0.027930 -0.209265 1.211954 23.850000
2.321080 1.079976 0.848196 -1.924521 0.986157 0.033850 -0.203421 1.215861 23.900000
2.283709 0.643396 0.857669 -1.928279 1.042420 0.038888 -0.197893 1.056242 23.950000
1.527169 0.213083 0.867236 -1.931138 1.088423 0.046516 -0.192494 0.814735 24.000000
1.092261 -0.186344 0.876797 -1.933236 1.121158 0.050570 -0.187019 0.528318 24.050000
0.307277 -0.153383 0.886240 -1.934794 1.139015 0.054385 -0.181272 0.218913 24.100000
1.097707 0.188743 0.895468 -1.936044 1.145756 0.053582 -0.175324 0.065689 24.150000
0.754557 0.049384 0.904502 -1.936974 1.150694 0.060629 -0.169527 0.126125 24.200000
0.218781 0.267860 0.913387 -1.937502 1.156311 0.064107 -0.163978 0.101039 24.250000
0.000000 0.290047 0.922043 -1.937829 1.163520 0.062168 -0.158696 0.179494 24.300000
0.000000 0.480064 0.930402 -1.938130 1.173921 0.057646 -0.153716 0.231153 24.350000
0.000000 0.853711 0.938450 -1.938457 1.188421 0.052521 -0.149033 0.337632 24.400000
0.784552 0.986693 0.946189 -1.938823 1.211108 0.046051 -0.144740 0.546717 24.450000
1.408961 0.576851 0.953682 -1.939075 1.242880 0.045485 -0.140837 0.705630 24.500000
2.015002 0.985361 0.961031 -1.938917 1.275749 0.050701 -0.137154 0.619354 24.550000
2.736494 1.336952 0.968312 -1.938082 1.310132 0.061230 -0.133854 0.741727 24.600000
3.273898 0.925635 0.975568 -1.936299 1.352813 0.076713 -0.131403 0.941093 24.650000
4.207855 1.002287 0.982804 -1.933321 1.397984 0.096287 -0.129704 0.874585 24.700000
4.120000 0.618430 0.990011 -1.928840 1.441738 0.124127 -0.128723 0.876017 24.750000
5.029116 1.087010 0.997136 -1.922703 1.481357 0.150852 -0.128203 0.727535 24.800000
5.626415 0.589665 1.004116 -1.914767 1.521028 0.184993 -0.128602 0.845708 24.850000
5.838203 0.434874 1.010873 -1.904751 1.559447 0.223542 -0.129795 0.708619 24.900000
5.206365 0.370928 1.017323 -1.892536 1.591375 0.263645 -0.130898 0.584053 24.950000
5.241457 0.703953 1.023402 -1.878296 1.618216 0.297173 -0.131789 0.499913 25.000000
4.285396 1.121331 1.029057 -1.862246 1.645881 0.329512 -0.133490 0.596634 25.050000
3.923207 0.804532 1.034227 -1.844694 1.681823 0.350068 -0.137669 0.815708 25.100000
4.275100 0.676977 1.038845 -1.826040 1.722109 0.365386 -0.143244 0.798590 25.150000
4.181091 0.591058 1.042852 -1.806350 1.760466 0.383442 -0.148586 0.743260 25.200000
4.099559 0.899926 1.046200 -1.785622 1.796002 0.400216 -0.153431 0.685832 25.250000
3.352188 1.134038 1.048859 -1.763955 1.833045 0.414993 -0.158963 0.784833 25.300000
2.436258 0.672494 1.050818 -1.741620 1.876291 0.420549 -0.166420 0.927936 25.350000
2.374101 1.137609 1.052140 -1.719062 1.919529 0.416957 -0.173624 0.815974 25.400000
1.755275 1.496972 1.052888 -1.696526 1.964037 0.412204 -0.180841 0.948166 25.450000
1.572332 1.150860 1.053094 -1.674216 2.017140 0.399250 -0.190010 1.149646 25.500000
1.931348 0.980983 1.052812 -1.652359 2.073416 0.383625 -0.199194 1.107197 25.550000
2.750283 1.344121 1.052035 -1.630925 2.126395 0.372232 -0.206626 1.023127 25.600000
3.330804 1.062067 1.050630 -1.609684 2.180469 0.368061 -0.213808 1.126474 25.650000
4.151803 1.183180 1.048407 -1.588414 2.235062 0.368776 -0.220797 1.065806 25.700000
4.006425 1.066449 1.045156 -1.566907 2.288965 0.376787 -0.227538 1.088156 25.750000
3.035386 1.118504 1.040766 -1.545123 2.342452 0.382770 -0.234193 1.056284 25.800000
2.690831 0.732119 1.035410 -1.523327 2.395480 0.379177 -0.240538 1.064079 25.850000
3.591945 0.979640 1.029311 -1.501781 2.444567 0.373424 -0.245415 0.918280 25.900000
3.528869 0.939971 1.022370 -1.480412 2.491337 0.376742 -0.249475 0.949062 25.950000
2.995277 1.425268 1.014442 -1.459147 2.538793 0.378849 -0.253664 0.949507 26.000000
3.296024 0.997471 1.005653 -1.438139 2.591626 0.373744 -0.259110 1.139004 26.050000
3.158883 1.429060 0.996066 -1.417505 2.646328 0.370582 -0.264684 1.059834 26.100000
3.777682 1.179823 0.985663 -1.397276 2.703041 0.365124 -0.270438 1.191182 26.150000
4.331610 0.969688 0.974368 -1.377478 2.761557 0.364519 -0.276323 1.154747 26.200000
4.136748 0.649753 0.961946 -1.358063 2.816595 0.369966 -0.281185 1.060022 26.250000
4.755998 0.991643 0.948333 -1.339044 2.864935 0.375651 -0.284307 0.895259 26.300000
5.730695 0.870335 0.933444 -1.320434 2.911385 0.387391 -0.287132 0.955870 26.350000
6.000000 1.224412 0.916960 -1.302231 2.958729 0.407162 -0.290624 0.941101 26.400000
5.771802 0.753581 0.898656 -1.284487 3.009614 0.426959 -0.295737 1.077939 26.450000
6.000000 0.462090 0.878603 -1.267341 3.060238 0.443584 -0.301208 0.963312 26.500000
6.000000 0.022576 0.856850 -1.250876 3.103835 0.464220 -0.304877 0.802167 26.550000
6.000000 -0.022915 0.833370 -1.235128 3.137019 0.488185 -0.305561 0.555577 26.600000
5.697005 0.402092 0.808178 -1.220095 -3.122204 0.514995 -0.303544 0.419316 26.650000
5.575497 0.025390 0.781387 -1.205790 -3.098227 0.537944 -0.302066 0.528812 26.700000
5.337907 -0.227539 0.753174 -1.192260 -3.074399 0.558928 -0.300927 0.435677 26.750000
6.000000 0.178922 0.723663 -1.179508 -3.056747 0.579411 -0.297668 0.286951 26.800000
5.119031 0.364808 0.692782 -1.167528 -3.039820 0.605549 -0.294548 0.381273 26.850000
4.491168 -0.032349 0.660668 -1.156359 -3.017175 0.620195 -0.294283 0.511081 26.900000
5.488991 0.308228 0.627752 -1.146013 -2.994220 0.628292 -0.294319 0.417820 26.950000
5.199566 0.705908 0.593982 -1.136514 -2.970722 0.645077 -0.294829 0.512616 27.000000
4.298289 1.105316 0.559277 -1.127947 -2.939165 0.655162 -0.299294 0.726019 27.050000
3.580829 0.922452 0.524043 -1.120367 -2.895419 0.651148 -0.309339 0.991636 27.100000
2.750809 1.098780 0.488784 -1.113796 -2.844304 0.636835 -0.322097 1.046488 27.150000
2.724246 1.320305 0.453926 -1.108174 -2.789314 0.612800 -0.335429 1.140631 27.200000
1.825858 1.751309 0.419722 -1.103459 -2.728699 0.585890 -0.349692 1.266574 27.250000
0.947468 1.745643 0.386453 -1.099568 -2.659243 0.546249 -0.365572 1.480057 27.300000
0.055035 1.786013 0.354569 -1.096294 -2.582908 0.495138 -0.381181 1.559527 27.350000
0.629973 1.350251 0.324426 -1.093343 -2.503813 0.434912 -0.394111 1.595601 27.400000
0.238854 1.598019 0.296008 -1.090571 -2.428523 0.383381 -0.402322 1.436406 27.450000
0.000000 1.937246 0.269142 -1.087906 -2.356236 0.331283 -0.406696 1.449529 27.500000
0.287209 2.414715 0.243839 -1.085168 -2.280337 0.276712 -0.408946 1.565294 27.550000
0.000000 2.694343 0.220026 -1.082274 -2.196062 0.222156 -0.409654 1.770032 27.600000
0.000000 3.000000 0.197632 -1.079109 -2.102749 0.162090 -0.408126 1.931888 27.650000
0.000000 2.673276 0.176586 -1.075505 -2.001665 0.100457 -0.403330 2.081843 27.700000
0.000000 3.000000 0.156725 -1.071376 -1.899749 0.041657 -0.394411 2.003471 27.750000
0.123741 2.860661 0.137851 -1.066701 -1.797410 -0.013663 -0.381673 2.074261 27.800000
1.109601 2.621606 0.119773 -1.061504 -1.694704 -0.063947 -0.365532 2.036907 27.850000
0.372004 2.385309 0.102297 -1.056093 -1.595949 -0.098854 -0.347083 1.929056 27.900000
0.540910 2.033524 0.085301 -1.050606 -1.503270 -0.133965 -0.327337 1.797462 27.950000
0.719927 2.331438 0.068717 -1.045013 -1.418652 -0.160197 -0.307116 1.614608 28.000000
0.813981 2.578634 0.052511 -1.039490 -1.336920 -0.180266 -0.286572 1.648975 28.050000
1.618075 2.858788 0.036655 -1.034151 -1.251511 -0.197742 -0.265165 1.751343 28.100000
1.471366 2.625988 0.021180 -1.029226 -1.159871 -0.206682 -0.242815 1.892229 28.150000
0.666800 3.000000 0.006132 -1.024880 -1.066097 -0.214531 -0.220372 1.863825 28.200000
0.000000 3.000000 -0.008573 -1.020950 -0.969298 -0.227535 -0.197539 1.988257 28.250000
0.743268 2.619068 -0.023124 -1.017193 -0.868519 -0.244181 -0.173804 2.035518 28.300000
0.538837 2.877040 -0.037488 -1.013694 -0.770105 -0.249546 -0.150521 1.920828 28.350000
0.000000 3.000000 -0.051536 -1.010603 -0.672547 -0.253385 -0.127878 1.973782 28.400000
0.640311 2.975307 -0.065364 -1.007850 -0.571944 -0.259563 -0.105108 2.040232 28.450000
1.464969 3.000000 -0.078906 -1.005486 -0.469395 -0.256718 -0.082645 2.059606 28.500000
1.267806 3.000000 -0.091801 -1.003687 -0.365859 -0.243383 -0.061372 2.079624 28.550000
1.316889 3.000000 -0.103851 -1.002471 -0.261575 -0.229586 -0.041701 2.090817 28.600000
1.718178 2.577370 -0.115027 -1.001755 -0.156839 -0.213236 -0.023749 2.098224 28.650000
1.345637 2.210100 -0.125176 -1.001462 -0.056120 -0.191347 -0.008411 1.954945 28.700000
1.165431 2.540452 -0.134261 -1.001473 0.036338 -0.171865 0.003852 1.772973 28.750000
0.976323 2.884808 -0.142408 -1.001672 0.126461 -0.153426 0.014169 1.824107 28.800000
0.386244 2.896419 -0.149706 -1.001985 0.221822 -0.136118 0.023528 1.967313 28.850000
0.000000 2.920475 -0.156341 -1.002383 0.321857 -0.123630 0.031994 2.024728 28.900000
0.788360 2.581984 -0.162531 -1.002875 0.423958 -0.114023 0.039562 2.054456 28.950000
0.000000 2.384526 -0.168197 -1.003371 0.523520 -0.096654 0.045698 1.945911 29.000000
0.000000 2.616611 -0.173359 -1.003825 0.617608 -0.086907 0.050305 1.835452 29.050000
0.537482 2.278114 -0.178199 -1.004293 0.710586 -0.077078 0.054033 1.876970 29.100000
0.000000 1.861975 -0.182640 -1.004663 0.801363 -0.062386 0.056711 1.770851 29.150000
0.610800 2.268120 -0.186716 -1.004912 0.884358 -0.053595 0.058216 1.578414 29.200000
0.000000 2.582441 -0.190460 -1.005002 0.965360 -0.039490 0.058923 1.650552 29.250000
0.000000 2.149656 -0.193901 -1.004919 1.051994 -0.031094 0.059101 1.792602 29.300000
0.000000 1.927338 -0.197142 -1.004769 1.138675 -0.023019 0.058765 1.690463 29.350000
0.914419 2.074090 -0.200210 -1.004548 1.219702 -0.015764 0.057889 1.569013 29.400000
1.369205 2.042285 -0.203060 -1.004055 1.298300 -0.000596 0.056378 1.573985 29.450000
1.559844 2.391562 -0.205652 -1.002987 1.376704 0.018013 0.053973 1.563574 29.500000
2.258047 2.801290 -0.208030 -1.001207 1.458434 0.037624 0.050508 1.686700 29.550000
2.782998 3.000000 -0.210270 -0.998526 1.548429 0.063064 0.045541 1.881992 29.600000
3.740104 3.000000 -0.212494 -0.994694 1.646699 0.092170 0.038532 2.025180 29.650000
3.652717 3.000000 -0.214896 -0.989435 1.749469 0.128188 0.029126 2.076907 29.700000
3.374873 2.590357 -0.217704 -0.982664 1.853861 0.160596 0.017368 2.095774 29.750000
3.422424 2.716202 -0.221085 -0.974614 1.954668 0.187367 0.004267 1.959529 29.800000
3.632608 2.478683 -0.225163 -0.965493 2.052532 0.211702 -0.009819 1.956097 29.850000
3.691577 2.135791 -0.230081 -0.955410 2.147897 0.235188 -0.024691 1.872739 29.900000
4.395966 2.590255 -0.235957 -0.944479 2.237125 0.256658 -0.039502 1.721115 29.950000
5.169340 2.231862 -0.242967 -0.932726 2.326324 0.281987 -0.055322 1.830591 30.000000
4.723154 2.727829 -0.251412 -0.920103 2.415426 0.311534 -0.072305 1.747839 30.050000
4.455743 2.873428 -0.261396 -0.906787 2.507192 0.333327 -0.090981 1.899963 30.100000
3.911997 2.460057 -0.272821 -0.893143 2.605479 0.348426 -0.111804 2.014325 30.150000
3.276575 2.128437 -0.285520 -0.879509 2.703291 0.355192 -0.132530 1.915793 30.200000
4.271939 2.201328 -0.299206 -0.866169 2.794697 0.354418 -0.151121 1.765598 30.250000
5.174657 2.620162 -0.313917 -0.853206 2.882189 0.361556 -0.168290 1.739520 30.300000
5.759771 2.503791 -0.330016 -0.840641 2.973375 0.373815 -0.186463 1.886199 30.350000
4.787359 2.170142 -0.347749 -0.828619 3.068231 0.387731 -0.205837 1.906598 30.400000
4.278539 2.427461 -0.366910 -0.817343 -3.122718 0.390393 -0.224346 1.801181 30.450000
4.602748 2.410485 -0.387047 -0.806962 -3.031024 0.386138 -0.242022 1.858484 30.500000
4.552532 2.327192 -0.407993 -0.797594 -2.937557 0.382296 -0.259297 1.878109 30.550000
4.725285 2.293019 -0.429683 -0.789343 -2.844219 0.376069 -0.275587 1.859265 30.600000
4.223243 2.770544 -0.452021 -0.782300 -2.751748 0.370048 -0.290665 1.842924 30.650000
3.983912 2.612035 -0.474794 -0.776497 -2.654786 0.355906 -0.305727 2.008686 30.700000
4.567415 2.900230 -0.497682 -0.771909 -2.554213 0.336656 -0.319972 2.013272 30.750000
5.561329 2.750612 -0.520615 -0.768600 -2.450559 0.320361 -0.333173 2.115513 30.800000
6.000000 2.817021 -0.543726 -0.766811 -2.345251 0.311410 -0.345333 2.099637 30.850000
6.000000 2.897578 -0.567083 -0.766793 -2.239739 0.305129 -0.356539 2.117961 30.900000
6.000000 2.909755 -0.590545 -0.768639 -2.132817 0.296851 -0.367103 2.153008 30.950000
6.000000 2.633192 -0.613894 -0.772344 -2.024686 0.286823 -0.376839 2.169273 31.000000
5.502761 2.676857 -0.636929 -0.777887 -1.918895 0.277092 -0.384977 2.077635 31.050000
4.983130 2.380940 -0.659442 -0.785137 -1.815559 0.263364 -0.391476 2.058393 31.100000
5.810784 2.202104 -0.681226 -0.793822 -1.715955 0.246571 -0.395926 1.943708 31.150000
5.223162 2.605849 -0.702178 -0.803992 -1.621910 0.240644 -0.398447 1.835298 31.200000
5.058510 2.241627 -0.722196 -0.815653 -1.527178 0.228829 -0.400428 1.936765 31.250000
4.916981 1.992084 -0.741153 -0.828537 -1.433091 0.216107 -0.401379 1.841242 31.300000
5.313887 1.538532 -0.758966 -0.842524 -1.344750 0.205669 -0.400652 1.711943 31.350000
6.000000 1.744361 -0.775541 -0.857648 -1.265425 0.204385 -0.398256 1.493808 31.400000
6.000000 1.942085 -0.790723 -0.874122 -1.191065 0.212469 -0.395433 1.482699 31.450000
5.162228 1.893862 -0.804358 -0.891991 -1.114917 0.219529 -0.393401 1.553198 31.500000
4.943425 2.269635 -0.816441 -0.910929 -1.036937 0.217743 -0.391857 1.564141 31.550000
5.884793 2.712308 -0.827021 -0.930582 -0.954665 0.211854 -0.390828 1.704804 31.600000
5.367499 2.413746 -0.835952 -0.950917 -0.863244 0.210149 -0.391006 1.917941 31.650000
5.176156 1.919452 -0.843140 -0.971815 -0.768153 0.201730 -0.391345 1.889670 31.700000
4.883708 1.977977 -0.848649 -0.993017 -0.679171 0.195138 -0.390277 1.699194 31.750000
4.259801 1.500668 -0.852512 -1.014367 -0.595770 0.189217 -0.388107 1.644724 31.800000
4.055663 1.763835 -0.854875 -1.035658 -0.519251 0.181642 -0.384688 1.445074 31.850000
3.794153 1.331512 -0.855870 -1.056735 -0.446588 0.174847 -0.380536 1.458846 31.900000
4.137897 1.225320 -0.855592 -1.077489 -0.378160 0.168497 -0.375656 1.300328 31.950000
3.958184 1.062392 -0.853998 -1.097885 -0.316242 0.169353 -0.370041 1.191364 32.000000
3.643748 1.042643 -0.851041 -1.117896 -0.259800 0.171712 -0.364032 1.081095 32.050000
4.120548 1.046898 -0.846828 -1.137444 -0.207359 0.173477 -0.357836 1.023988 32.100000
4.131188 1.460735 -0.841328 -1.156490 -0.156835 0.180957 -0.351795 1.000354 32.150000
4.982361 1.125692 -0.834467 -1.174992 -0.102564 0.186857 -0.346721 1.150718 32.200000
5.782168 1.585068 -0.826108 -1.192884 -0.046745 0.200061 -0.342387 1.090783 32.250000
5.339577 1.654971 -0.815923 -1.210097 0.012121 0.219058 -0.339336 1.244074 32.300000
5.494267 2.075034 -0.803936 -1.226505 0.077050 0.230606 -0.337994 1.340237 32.350000
4.722133 2.565164 -0.790339 -1.241972 0.149772 0.239612 -0.338496 1.540068 32.400000
5.284857 2.991464 -0.775431 -1.256383 0.234292 0.235517 -0.341104 1.800388 32.450000
5.759384 3.000000 -0.759447 -1.269612 0.331607 0.230468 -0.345471 2.051095 32.500000
4.789175 3.000000 -0.742352 -1.281468 0.436892 0.225645 -0.350614 2.144401 32.550000
4.971011 2.812905 -0.724429 -1.291901 0.545039 0.209930 -0.355232 2.175358 32.600000
5.537884 3.000000 -0.705986 -1.300919 0.652148 0.196447 -0.358399 2.118028 32.650000
5.733725 3.000000 -0.687008 -1.308363 0.759314 0.188336 -0.360653 2.160846 32.700000
5.598792 3.000000 -0.667525 -1.314062 0.867760 0.181440 -0.362418 2.174289 32.750000
6.000000 2.929966 -0.647711 -1.317964 0.976574 0.173162 -0.363578 2.177227 32.800000
5.296679 3.000000 -0.627715 -1.319982 1.084718 0.169136 -0.364134 2.152523 32.850000
6.000000 2.698749 -0.607752 -1.320167 1.192765 0.158735 -0.364107 2.166291 32.900000
6.000000 2.346712 -0.588011 -1.318513 1.298106 0.156669 -0.363281 2.064472 32.950000
6.000000 2.569052 -0.568605 -1.314859 1.396637 0.158196 -0.361693 1.903359 33.000000
5.663714 2.987017 -0.549709 -1.309212 1.492387 0.161238 -0.360035 1.923504 33.050000
5.773445 2.649327 -0.531519 -1.301719 1.593090 0.158797 -0.359041 2.078678 33.100000
5.872296 2.162919 -0.514225 -1.292540 1.695177 0.156936 -0.358049 2.015223 33.150000
5.504371 2.180716 -0.497992 -1.281698 1.790241 0.159649 -0.356312 1.819276 33.200000
6.000000 1.755795 -0.482950 -1.269310 1.879261 0.161995 -0.354137 1.752185 33.250000
6.000000 1.577819 -0.469247 -1.255426 1.961691 0.172285 -0.351639 1.573060 33.300000
6.000000 1.391615 -0.457044 -1.240012 2.036463 0.186095 -0.348968 1.438483 33.350000
6.000000 1.634711 -0.446456 -1.223161 2.104888 0.202625 -0.346325 1.316877 33.400000
6.000000 2.037250 -0.437578 -1.204987 2.171970 0.219352 -0.344412 1.361109 33.450000
5.064269 1.693609 -0.430483 -1.185658 2.244943 0.232779 -0.344257 1.533474 33.500000
6.000000 2.182255 -0.425093 -1.165538 2.320035 0.235984 -0.344854 1.478534 33.550000
5.707423 2.136484 -0.421467 -1.144788 2.398546 0.246047 -0.346409 1.638609 33.600000
5.256700 2.428722 -0.419735 -1.123498 2.481876 0.250505 -0.349147 1.687487 33.650000
6.000000 2.106078 -0.419779 -1.101977 2.569883 0.248027 -0.352685 1.813080 33.700000
6.000000 1.983338 -0.421660 -1.080382 2.658577 0.251802 -0.356233 1.745700 33.750000
5.052088 1.611463 -0.425536 -1.058790 2.743865 0.256682 -0.359311 1.676938 33.800000
4.085794 1.746260 -0.431203 -1.037440 2.823036 0.255256 -0.361255 1.514436 33.850000
5.027154 1.696600 -0.438241 -1.016586 2.898285 0.246674 -0.362164 1.497500 33.900000
4.078241 1.529369 -0.446625 -0.996324 2.972412 0.247653 -0.362640 1.471466 33.950000
4.205646 1.361597 -0.456317 -0.976734 3.043881 0.241066 -0.362482 1.397594 34.000000
3.904973 1.364060 -0.467105 -0.957912 3.111050 0.238088 -0.361350 1.302438 34.050000
4.003615 1.492462 -0.478932 -0.939908 -3.108165 0.234124 -0.359560 1.261706 34.100000
3.778466 1.990143 -0.491714 -0.922777 -3.044220 0.231401 -0.357686 1.291665 34.150000
3.833913 2.139782 -0.505354 -0.906576 -2.973967 0.223767 -0.356681 1.489411 34.200000
3.328330 2.215961 -0.519704 -0.891365 -2.895638 0.213105 -0.356503 1.622983 34.250000
4.155749 2.208588 -0.534558 -0.877171 -2.812239 0.195735 -0.356278 1.699997 34.300000
4.524032 2.427658 -0.549908 -0.864058 -2.726532 0.185668 -0.355558 1.723879 34.350000
4.876091 2.369029 -0.565930 -0.852174 -2.637833 0.178063 -0.354720 1.809983 34.400000
5.287549 2.569782 -0.582659 -0.841649 -2.547034 0.173125 -0.353770 1.820028 34.450000
5.811570 2.340593 -0.600120 -0.832640 -2.453858 0.171173 -0.352933 1.894860 34.500000
5.244297 2.166549 -0.618332 -0.825347 -2.360680 0.174271 -0.352147 1.841067 34.550000
6.000000 2.071161 -0.637145 -0.819823 -2.271023 0.173771 -0.351034 1.758274 34.600000
6.000000 1.883386 -0.656440 -0.816169 -2.185009 0.182186 -0.349756 1.692946 34.650000
5.274002 1.815159 -0.676172 -0.814570 -2.103022 0.192323 -0.348551 1.601151 34.700000
6.000000 2.285013 -0.696097 -0.814913 -2.024695 0.197179 -0.347324 1.541210 34.750000
5.238394 2.671691 -0.716047 -0.817208 -1.943319 0.207241 -0.347031 1.691568 34.800000
5.964803 3.000000 -0.735825 -0.821394 -1.852972 0.205561 -0.348311 1.890688 34.850000
6.000000 2.722993 -0.755199 -0.827386 -1.752879 0.205847 -0.350933 2.081556 34.900000
6.000000 2.711138 -0.773997 -0.835266 -1.649626 0.204569 -0.353852 2.053312 34.950000
5.846563 2.739535 -0.792023 -0.844968 -1.547376 0.203438 -0.356435 2.039083 35.000000
6.000000 2.783363 -0.809097 -0.856370 -1.445283 0.200660 -0.358763 2.043771 35.050000
6.000000 2.290619 -0.825046 -0.869364 -1.342602 0.198820 -0.360926 2.060627 35.100000
5.351547 2.116613 -0.839706 -0.883869 -1.244463 0.199032 -0.362278 1.892593 35.150000
4.740271 2.021179 -0.852991 -0.899659 -1.153458 0.196602 -0.362507 1.767403 35.200000
4.775319 1.567648 -0.864908 -0.916378 -1.067495 0.191087 -0.361780 1.683743 35.250000
5.490702 2.038759 -0.875439 -0.933839 -0.989060 0.189942 -0.359839 1.483595 35.300000
4.865686 1.905675 -0.884422 -0.952124 -0.912192 0.196451 -0.357945 1.577498 35.350000
4.976454 2.400392 -0.891798 -0.971118 -0.833625 0.196254 -0.356511 1.566717 35.400000
4.222093 2.127855 -0.897600 -0.990586 -0.750202 0.194866 -0.355785 1.743012 35.450000
3.694798 1.774771 -0.901925 -1.010267 -0.663959 0.185246 -0.355109 1.711034 35.500000
3.002243 2.005323 -0.904985 -1.029875 -0.582545 0.173565 -0.353174 1.566686 35.550000
3.424674 2.433100 -0.906997 -1.049205 -0.503514 0.157299 -0.350231 1.589913 35.600000
4.067652 2.450290 -0.908031 -1.068166 -0.419340 0.143479 -0.347111 1.751202 35.650000
4.612854 2.039368 -0.907900 -1.086781 -0.329871 0.134048 -0.343922 1.816534 35.700000
4.573733 1.589462 -0.906368 -1.105055 -0.242657 0.131508 -0.340230 1.691381 35.750000
3.961326 1.868581 -0.903310 -1.122935 -0.164252 0.133210 -0.335804 1.477025 35.800000
3.763433 2.320467 -0.898864 -1.140310 -0.089935 0.131478 -0.331177 1.493094 35.850000
3.508197 2.165791 -0.893260 -1.157066 -0.010331 0.126058 -0.327025 1.664740 35.900000
4.503023 1.731140 -0.886677 -1.173116 0.073188 0.117197 -0.322936 1.673958 35.950000
3.969243 2.124041 -0.878982 -1.188374 0.152381 0.120283 -0.318438 1.517454 36.000000
3.008042 2.331734 -0.870099 -1.202756 0.230607 0.119176 -0.314100 1.599185 36.050000
2.848284 1.942406 -0.860449 -1.216263 0.313655 0.107589 -0.309947 1.705629 36.100000
2.043355 2.228820 -0.850348 -1.228922 0.395979 0.095762 -0.305180 1.602366 36.150000
2.596004 2.005791 -0.840025 -1.240797 0.477859 0.077653 -0.299684 1.662563 36.200000
1.997664 2.426275 -0.829559 -1.251900 0.559240 0.066215 -0.293490 1.601309 36.250000
1.968954 2.364133 -0.818972 -1.262237 0.642963 0.049434 -0.286802 1.727252 36.300000
2.381953 1.886850 -0.808418 -1.271897 0.730004 0.032541 -0.279436 1.749918 36.350000
3.166864 1.832414 -0.797837 -1.280817 0.812678 0.022659 -0.271404 1.582203 36.400000
2.966661 1.884494 -0.787034 -1.288764 0.889266 0.023550 -0.263298 1.494392 36.450000
3.156620 2.304955 -0.775955 -1.295603 0.963515 0.024191 -0.255486 1.478001 36.500000
3.650366 2.752980 -0.764675 -1.301320 1.041688 0.026000 -0.248097 1.626686 36.550000
4.255272 2.851549 -0.753206 -1.305788 1.129432 0.029912 -0.241327 1.848448 36.600000
5.202599 2.376510 -0.741565 -1.308800 1.225332 0.037430 -0.235341 1.968349 36.650000
5.487012 2.284496 -0.729779 -1.310021 1.320168 0.054525 -0.230343 1.845651 36.700000
4.597417 2.638170 -0.717950 -1.309166 1.410222 0.075659 -0.226599 1.769451 36.750000
4.229488 2.799125 -0.706299 -1.306400 1.501600 0.087696 -0.224148 1.870079 36.800000
4.688825 2.730452 -0.695043 -1.302078 1.597901 0.094608 -0.222716 1.966503 36.850000
4.092216 2.858403 -0.684348 -1.296256 1.696579 0.104948 -0.222088 1.978997 36.900000
4.634980 2.641581 -0.674358 -1.289051 1.797006 0.108861 -0.222118 2.029790 36.950000
4.637449 2.404772 -0.665217 -1.280573 1.896825 0.117824 -0.222548 1.972783 37.000000
5.363581 2.769034 -0.657093 -1.270795 1.992444 0.127659 -0.223258 1.869223 37.050000
6.000000 2.963883 -0.650186 -1.259682 2.088606 0.143550 -0.224903 1.962758 37.100000
5.817126 2.988773 -0.644780 -1.247132 2.189821 0.162875 -0.228256 2.069027 37.150000
5.402746 2.495033 -0.641066 -1.233289 2.294716 0.178042 -0.233172 2.119128 37.200000
6.000000 2.196824 -0.639071 -1.218492 2.396198 0.189141 -0.238419 1.966302 37.250000
5.015965 2.144960 -0.638924 -1.202907 2.489870 0.207204 -0.243431 1.807198 37.300000
5.086717 2.146165 -0.640610 -1.186772 2.578016 0.216629 -0.248363 1.731207 37.350000
5.166844 2.077630 -0.643988 -1.170386 2.663799 0.226556 -0.253362 1.704844 37.400000
6.000000 2.242369 -0.649094 -1.153903 2.748086 0.236768 -0.258554 1.672368 37.450000
6.000000 2.472688 -0.656115 -1.137420 2.833145 0.253413 -0.264520 1.723207 37.500000
5.814424 2.681252 -0.665189 -1.121087 2.922377 0.267121 -0.271980 1.830186 37.550000
5.810963 2.351871 -0.676200 -1.105154 3.017311 0.275442 -0.280980 1.948850 37.600000
6.000000 2.145921 -0.689008 -1.089859 3.112700 0.282058 -0.290228 1.878897 37.650000
5.599352 2.096916 -0.703572 -1.075385 -3.079364 0.290722 -0.298793 1.782268 37.700000
6.000000 2.408711 -0.719755 -1.061891 -2.991756 0.295743 -0.306771 1.730818 37.750000
6.000000 2.655600 -0.737441 -1.049533 -2.902460 0.302603 -0.315222 1.826743 37.800000
5.746138 2.665807 -0.756557 -1.038487 -2.807435 0.305615 -0.324933 1.954301 37.850000
6.000000 2.449354 -0.776848 -1.028885 -2.708194 0.302982 -0.335213 2.007069 37.900000
5.325446 2.270579 -0.798129 -1.020850 -2.609472 0.301715 -0.344861 1.951429 37.950000
5.733746 2.324458 -0.820160 -1.014420 -2.514323 0.294724 -0.353108 1.868035 38.000000
6.000000 2.349565 -0.842746 -1.009635 -2.421259 0.291814 -0.360302 1.856572 38.050000
6.000000 2.483476 -0.865847 -1.006648 -2.328274 0.290652 -0.367092 1.862221 38.100000
6.000000 2.305374 -0.889321 -1.005541 -2.233691 0.287882 -0.373844 1.913038 38.150000
6.000000 2.256157 -0.912968 -1.006339 -2.139323 0.284501 -0.380088 1.868900 38.200000
5.173700 2.721383 -0.936610 -1.009055 -2.046862 0.281496 -0.385511 1.835042 38.250000
5.975197 3.000000 -0.959981 -1.013503 -1.950675 0.268293 -0.390958 1.987013 38.300000
5.402403 2.939413 -0.982870 -1.019623 -1.846890 0.258267 -0.396845 2.138470 38.350000
5.544788 3.000000 -1.005106 -1.027377 -1.739077 0.240344 -0.402178 2.167948 38.400000
6.000000 3.000000 -1.026503 -1.036589 -1.629854 0.222990 -0.406197 2.195169 38.450000
5.356913 2.643092 -1.046927 -1.047317 -1.519904 0.209640 -0.408987 2.200931 38.500000
5.005626 2.939996 -1.066248 -1.059434 -1.413528 0.192533 -0.409949 2.074396 38.550000
4.480294 2.987113 -1.084382 -1.072644 -1.308200 0.173373 -0.409391 2.128174 38.600000
3.972948 2.772288 -1.101294 -1.086653 -1.200896 0.149154 -0.407445 2.157154 38.650000
3.717988 2.837470 -1.117011 -1.101154 -1.095104 0.122408 -0.403461 2.084728 38.700000
3.696694 2.452066 -1.131576 -1.115947 -0.991133 0.096013 -0.397482 2.073867 38.750000
2.741344 2.476350 -1.144999 -1.130952 -0.891681 0.073806 -0.389632 1.926796 38.800000
2.139108 2.182469 -1.157393 -1.145990 -0.796827 0.047117 -0.380144 1.873936 38.850000
2.877901 2.200010 -1.168987 -1.160805 -0.706938 0.019674 -0.369044 1.740774 38.900000
2.350763 2.178818 -1.179727 -1.175449 -0.621333 0.003645 -0.356923 1.690208 38.950000
2.421421 2.416205 -1.189563 -1.189964 -0.537714 -0.014306 -0.344206 1.658320 39.000000
2.639481 2.073536 -1.198572 -1.204284 -0.452756 -0.030071 -0.330924 1.728229 39.050000
2.985020 1.886096 -1.206690 -1.218425 -0.369224 -0.041046 -0.317331 1.627929 39.100000
3.527142 1.847932 -1.213762 -1.232416 -0.290980 -0.044649 -0.303949 1.518191 39.150000
3.802586 1.657467 -1.219557 -1.246276 -0.216740 -0.040081 -0.291196 1.460288 39.200000
4.194935 1.660267 -1.223872 -1.259977 -0.146399 -0.030384 -0.279366 1.367373 39.250000
4.984115 1.698512 -1.226550 -1.273449 -0.079048 -0.015221 -0.268633 1.332449 39.300000
5.661505 2.158099 -1.227338 -1.286608 -0.012347 0.007865 -0.259204 1.336164 39.350000
5.465423 1.878336 -1.225954 -1.299327 0.059534 0.035375 -0.251418 1.514457 39.400000
6.000000 1.946823 -1.222390 -1.311439 0.134483 0.059678 -0.245303 1.488387 39.450000
6.000000 2.056076 -1.216661 -1.322761 0.209428 0.088573 -0.240833 1.507799 39.500000
6.000000 1.887733 -1.208765 -1.333096 0.286312 0.116107 -0.238173 1.560828 39.550000
5.869874 1.759565 -1.198845 -1.342274 0.363288 0.142758 -0.237085 1.524728 39.600000
5.992072 2.195961 -1.187072 -1.350146 0.437844 0.168008 -0.237187 1.467129 39.650000
5.130124 1.942389 -1.173607 -1.356576 0.515263 0.192402 -0.239004 1.609476 39.700000
5.219635 2.342154 -1.158789 -1.361527 0.594783 0.206906 -0.242099 1.577006 39.750000
5.783510 2.417289 -1.142946 -1.364996 0.677546 0.220209 -0.246392 1.713382 39.800000
5.531080 2.300908 -1.126154 -1.366810 0.765613 0.235880 -0.252246 1.797095 39.850000
4.618498 2.259364 -1.108574 -1.366856 0.855261 0.247297 -0.259001 1.790677 39.900000
3.803966 2.051590 -1.090583 -1.365289 0.944347 0.249164 -0.265839 1.775556 39.950000
4.338260 2.483157 -1.072580 -1.362410 1.030803 0.243574 -0.271847 1.695225 40.000000
5.222954 2.536814 -1.054721 -1.358271 1.119191 0.241749 -0.277773 1.820720 40.050000
6.000000 2.974454 -1.037006 -1.352604 1.212196 0.245712 -0.284358 1.889029 40.100000
6.000000 2.586385 -1.019486 -1.345092 1.311963 0.253187 -0.292315 2.072143 40.150000
6.000000 2.285778 -1.002346 -1.335632 1.413582 0.258523 -0.300743 2.004571 40.200000
6.000000 1.941102 -0.985798 -1.324285 1.510054 0.264673 -0.308317 1.875978 40.250000
6.000000 1.558873 -0.970019 -1.311103 1.598934 0.272873 -0.314656 1.706736 40.300000
5.908809 1.912698 -0.955159 -1.296139 1.678425 0.284106 -0.319516 1.504373 40.350000
5.923853 1.944888 -0.941348 -1.279479 1.755137 0.294740 -0.324291 1.557142 40.400000
6.000000 1.526848 -0.928729 -1.261263 1.834024 0.303595 -0.329891 1.593660 40.450000
6.000000 1.665349 -0.917439 -1.241600 1.909778 0.313642 -0.335105 1.457601 40.500000
5.268352 1.997296 -0.907590 -1.220580 1.982623 0.324099 -0.340048 1.457192 40.550000
5.139096 2.341070 -0.899211 -1.198502 2.059071 0.325139 -0.345963 1.582529 40.600000
5.430917 1.883430 -0.892297 -1.175727 2.143290 0.320573 -0.353364 1.759143 40.650000
4.571425 1.418100 -0.886931 -1.152403 2.228449 0.317623 -0.360451 1.662443 40.700000
4.427385 1.466172 -0.883074 -1.128737 2.305563 0.310078 -0.365153 1.453114 40.750000
3.970441 1.962280 -0.880609 -1.104956 2.376258 0.304284 -0.367935 1.384384 40.800000
4.957213 1.647411 -0.879448 -1.081234 2.449920 0.292718 -0.370834 1.538840 40.850000
5.470098 1.948772 -0.879680 -1.057611 2.525289 0.289635 -0.373577 1.483986 40.900000
5.786869 2.049438 -0.881586 -1.033985 2.602055 0.290439 -0.376473 1.573521 40.950000
6.000000 2.476346 -0.885314 -1.010413 2.682850 0.291752 -0.380157 1.647362 41.000000
6.000000 2.630870 -0.890938 -0.987031 2.770559 0.290937 -0.385177 1.832223 41.050000
5.622715 3.000000 -0.898436 -0.964043 2.865817 0.285524 -0.391362 1.957683 41.100000
5.996391 3.000000 -0.907634 -0.941693 2.968815 0.271841 -0.398217 2.132316 41.150000
6.000000 3.000000 -0.918419 -0.920188 3.077188 0.258309 -0.404826 2.191750 41.200000
6.000000 2.775887 -0.930771 -0.899688 -3.095867 0.243477 -0.410409 2.209544 41.250000
6.000000 2.343574 -0.944587 -0.880350 -2.987564 0.229538 -0.414339 2.134549 41.300000
5.031856 2.527580 -0.959791 -0.862307 -2.886110 0.219578 -0.416093 1.953147 41.350000
5.977938 2.561071 -0.976100 -0.845614 -2.788564 0.203073 -0.416265 1.948266 41.400000
5.750728 2.621506 -0.993410 -0.830377 -2.690938 0.195988 -0.415628 1.955059 41.450000
6.000000 2.279910 -1.011749 -0.816746 -2.592546 0.186747 -0.414552 1.976405 41.500000
5.828480 2.316075 -1.030984 -0.804822 -2.497081 0.182021 -0.412620 1.860582 41.550000
6.000000 2.796682 -1.051015 -0.794701 -2.404968 0.178039 -0.410046 1.828632 41.600000
5.478748 2.504363 -1.071685 -0.786451 -2.308930 0.173929 -0.407822 1.986781 41.650000
5.437416 2.203915 -1.092747 -0.780045 -2.210965 0.164375 -0.405406 1.938907 41.700000
4.547498 2.412890 -1.113973 -0.775425 -2.117709 0.157767 -0.401963 1.811285 41.750000
4.756455 1.963271 -1.135138 -0.772441 -2.026436 0.144693 -0.397795 1.834803 41.800000
3.994987 2.325192 -1.156056 -0.770965 -1.939211 0.136803 -0.392668 1.678044 41.850000
3.481087 2.252467 -1.176604 -0.770891 -1.853344 0.123490 -0.386966 1.745090 41.900000
2.879953 2.051092 -1.196607 -0.771911 -1.766211 0.105951 -0.380618 1.739711 41.950000
3.691049 2.520783 -1.215964 -0.773755 -1.681527 0.085555 -0.373146 1.658659 42.000000
3.985616 2.637937 -1.234647 -0.776470 -1.594689 0.073283 -0.365101 1.792919 42.050000
4.634215 2.322513 -1.252616 -0.780257 -1.502415 0.062513 -0.356888 1.882841 42.100000
4.327159 2.770881 -1.269783 -0.785285 -1.410621 0.059448 -0.348476 1.801617 42.150000
5.211075 2.719232 -1.286048 -0.791587 -1.316798 0.053734 -0.340183 1.930134 42.200000
4.433438 2.954484 -1.301270 -0.799204 -1.219457 0.055888 -0.332194 1.958864 42.250000
4.995214 3.000000 -1.315343 -0.808057 -1.118797 0.050286 -0.324500 2.051713 42.300000
4.888755 3.000000 -1.328175 -0.817980 -1.014790 0.049705 -0.316973 2.100262 42.350000
5.438249 2.578607 -1.339621 -0.828943 -0.909282 0.048560 -0.309697 2.117101 42.400000
6.000000 2.469086 -1.349511 -0.840897 -0.807564 0.055158 -0.302724 1.975550 42.450000
5.132935 2.431078 -1.357552 -0.853896 -0.711376 0.069880 -0.296534 1.887100 42.500000
5.336198 2.039779 -1.363705 -0.867728 -0.618323 0.077980 -0.291187 1.842562 42.550000
4.792406 1.807619 -1.368016 -0.882121 -0.530722 0.090435 -0.286369 1.686518 42.600000
4.144287 1.531702 -1.370494 -0.896892 -0.450548 0.100766 -0.281929 1.542711 42.650000
4.345236 1.455876 -1.371348 -0.911787 -0.377974 0.108034 -0.277582 1.383743 42.700000
4.661288 1.665559 -1.370649 -0.926664 -0.311458 0.119569 -0.273393 1.290617 42.750000
4.080736 1.828596 -1.368281 -0.941459 -0.245746 0.134241 -0.269917 1.332598 42.800000
4.304192 2.096817 -1.364343 -0.956035 -0.176814 0.142053 -0.267408 1.413410 42.850000
5.169005 2.040784 -1.358970 -0.970249 -0.102293 0.149811 -0.265958 1.547952 42.900000
4.331531 1.754823 -1.351976 -0.983994 -0.023880 0.164003 -0.265570 1.583879 42.950000
5.087085 2.121547 -1.343425 -0.997142 0.052747 0.170532 -0.265542 1.494773 43.000000
5.967527 1.797265 -1.333396 -1.009561 0.130383 0.183433 -0.266200 1.596151 43.050000
5.148565 1.442998 -1.321605 -1.021073 0.208004 0.203910 -0.267733 1.521016 43.100000
5.354589 1.937736 -1.308133 -1.031544 0.279492 0.218052 -0.269234 1.362315 43.150000
5.407486 1.699259 -1.293211 -1.040886 0.351085 0.233338 -0.271490 1.484496 43.200000
5.570467 1.719446 -1.276920 -1.048971 0.424288 0.247664 -0.274675 1.449609 43.250000
6.000000 2.209750 -1.259343 -1.055674 0.496654 0.262916 -0.278371 1.446456 43.300000
6.000000 2.107710 -1.240516 -1.060836 0.574243 0.279129 -0.283789 1.630682 43.350000
6.000000 1.718623 -1.220564 -1.064308 0.656912 0.292080 -0.290832 1.670955 43.400000
5.220519 2.204763 -1.199683 -1.066004 0.736912 0.304801 -0.297789 1.548641 43.450000
6.000000 1.911753 -1.178178 -1.065986 0.818154 0.308491 -0.305274 1.681452 43.500000
5.589517 1.621839 -1.156250 -1.064210 0.900723 0.317879 -0.313144 1.630172 43.550000
6.000000 1.867032 -1.134004 -1.060586 0.978665 0.324236 -0.320127 1.506761 43.600000
6.000000 2.018308 -1.111592 -1.055092 1.055252 0.334014 -0.327020 1.551134 43.650000
6.000000 2.230793 -1.089154 -1.047656 1.135010 0.341220 -0.334900 1.628428 43.700000
5.327015 2.651541 -1.066902 -1.038312 1.219626 0.344993 -0.344004 1.739839 43.750000
4.710591 2.778461 -1.045115 -1.027274 1.312296 0.337429 -0.354635 1.935748 43.800000
4.807051 2.445021 -1.024086 -1.014932 1.412496 0.319404 -0.365787 2.052389 43.850000
4.915431 2.518377 -1.003988 -1.001502 1.512869 0.301506 -0.375271 1.974714 43.900000
3.924057 2.931442 -0.984905 -0.987003 1.611473 0.285071 -0.382828 1.969583 43.950000
3.034686 2.691384 -0.966912 -0.971733 1.714047 0.257057 -0.389330 2.108460 44.000000
3.933227 2.601954 -0.950010 -0.956233 1.818287 0.220252 -0.393489 2.065854 44.050000
3.869382 2.143949 -0.934207 -0.940542 1.920027 0.194180 -0.394797 2.011033 44.100000
3.777945 2.022363 -0.919560 -0.924493 2.015114 0.172080 -0.393432 1.821541 44.150000
3.019229 2.289902 -0.906081 -0.908113 2.102716 0.154265 -0.389903 1.700183 44.200000
3.989242 1.983171 -0.893693 -0.891588 2.189035 0.131246 -0.385110 1.743991 44.250000
4.439982 1.688250 -0.882445 -0.874919 2.273384 0.119766 -0.379242 1.644419 44.300000
4.802461 1.991485 -0.872576 -0.857872 2.351300 0.116901 -0.372607 1.494358 44.350000
4.702332 1.681002 -0.864268 -0.840365 2.427480 0.119074 -0.366070 1.545285 44.400000
3.777407 1.478866 -0.857593 -0.822461 2.502041 0.121693 -0.359740 1.451066 44.450000
4.659763 1.314076 -0.852398 -0.804390 2.571311 0.118817 -0.353174 1.335965 44.500000
4.660380 0.932506 -0.848714 -0.786226 2.634951 0.127536 -0.346494 1.225461 44.550000
4.491854 0.667632 -0.846747 -0.767927 2.690767 0.140137 -0.339780 1.033508 44.600000
4.421138 0.844480 -0.846497 -0.749571 2.737149 0.155495 -0.332869 0.846349 44.650000
3.981993 1.252031 -0.847927 -0.731234 2.779039 0.172032 -0.326228 0.831862 44.700000
4.888986 0.787032 -0.850898 -0.713035 2.825013 0.182409 -0.320758 0.987787 44.750000
4.811387 0.707759 -0.855469 -0.695034 2.871371 0.200968 -0.315979 0.881003 44.800000
5.099016 0.403171 -0.861807 -0.677247 2.913228 0.220291 -0.311323 0.803786 44.850000
5.478076 0.145643 -0.869939 -0.659727 2.949087 0.244311 -0.306475 0.650092 44.900000
6.000000 0.500748 -0.880006 -0.642487 2.976702 0.274549 -0.300963 0.475731 44.950000
5.139989 0.620636 -0.892183 -0.625531 3.002207 0.309494 -0.295885 0.539059 45.000000
5.707412 0.923363 -0.906314 -0.608941 3.031543 0.333703 -0.292403 0.625573 45.050000
5.933445 1.095655 -0.922241 -0.592823 3.067530 0.359689 -0.291226 0.795007 45.100000
6.000000 0.779543 -0.940044 -0.577279 3.111597 0.383539 -0.292867 0.949700 45.150000
6.000000 1.119681 -0.959685 -0.562437 -3.125431 0.406089 -0.295735 0.903863 45.200000
6.000000 1.098858 -0.981092 -0.548404 -3.076951 0.426578 -0.299925 1.021633 45.250000
6.000000 0.941569 -1.004152 -0.535304 -3.024446 0.444262 -0.305863 1.073251 45.300000
6.000000 0.783407 -1.028756 -0.523253 -2.971709 0.460697 -0.312291 1.041858 45.350000
5.301284 1.015201 -1.054811 -0.512339 -2.921613 0.477151 -0.318220 0.972469 45.400000
5.396060 1.134911 -1.082071 -0.502598 -2.871216 0.485906 -0.324510 1.036189 45.450000
5.638866 1.155024 -1.110286 -0.494078 -2.817180 0.493095 -0.332135 1.115845 45.500000
5.961118 1.205364 -1.139407 -0.486879 -2.760054 0.500244 -0.340854 1.163946 45.550000
5.009013 0.782938 -1.169430 -0.481122 -2.700588 0.508292 -0.350413 1.209833 45.600000
5.265109 0.675735 -1.200100 -0.476803 -2.644010 0.507845 -0.358720 1.072530 45.650000
4.269982 0.406688 -1.231219 -0.473874 -2.593220 0.512076 -0.364708 0.972865 45.700000
3.326715 0.406055 -1.262607 -0.472252 -2.548782 0.509721 -0.368201 0.823610 45.750000
3.774146 0.338615 -1.293884 -0.471686 -2.509598 0.501184 -0.369514 0.751983 45.800000
4.017470 0.158022 -1.324961 -0.472106 -2.473750 0.498779 -0.369441 0.689264 45.850000
3.523268 -0.295456 -1.355973 -0.473602 -2.442180 0.500902 -0.367839 0.585575 45.900000
3.111522 -0.076040 -1.386902 -0.476124 -2.419500 0.502878 -0.363152 0.347473 45.950000
3.128277 0.115044 -1.417656 -0.479518 -2.403095 0.504175 -0.356428 0.311906 46.000000
3.063008 -0.083459 -1.448177 -0.483706 -2.385880 0.505329 -0.350256 0.370063 46.050000
2.431575 -0.060390 -1.478441 -0.488668 -2.368853 0.506062 -0.344239 0.316167 46.100000
3.233506 0.154776 -1.508342 -0.494278 -2.353636 0.501883 -0.337768 0.293959 46.150000
3.226602 0.606168 -1.537912 -0.500556 -2.336857 0.504732 -0.332088 0.368969 46.200000
2.391687 1.083735 -1.567236 -0.507623 -2.312208 0.503977 -0.329462 0.591942 46.250000
1.587437 0.606460 -1.596068 -0.515327 -2.274189 0.489545 -0.331524 0.891898 46.300000
1.219746 0.266881 -1.624052 -0.523366 -2.230971 0.465766 -0.334742 0.841890 46.350000
2.064632 -0.224245 -1.651047 -0.531520 -2.193442 0.442009 -0.335272 0.677631 46.400000
1.365394 -0.617029 -1.677223 -0.539887 -2.167460 0.432334 -0.331733 0.392733 46.450000
1.500121 -1.080766 -1.702736 -0.548515 -2.156542 0.423435 -0.323562 0.074956 46.500000
1.089344 -1.201370 -1.727667 -0.557321 -2.163154 0.423807 -0.310355 -0.303421 46.550000
1.204129 -1.211585 -1.752141 -0.566270 -2.185431 0.426594 -0.292871 -0.560745 46.600000
1.953423 -1.284036 -1.776241 -0.575301 -2.217330 0.433446 -0.272981 -0.700213 46.650000
1.589593 -1.074412 -1.800170 -0.584548 -2.255166 0.448190 -0.251677 -0.801960 46.700000
2.479314 -1.361108 -1.824030 -0.594031 -2.294410 0.458329 -0.230339 -0.772701 46.750000
1.821660 -0.998210 -1.847929 -0.603781 -2.335959 0.475855 -0.208583 -0.877501 46.800000
2.653914 -1.462146 -1.871930 -0.613770 -2.377330 0.485309 -0.187260 -0.789732 46.850000
3.514539 -1.364429 -1.896073 -0.623958 -2.420936 0.501429 -0.165499 -0.937522 46.900000
3.988117 -1.638106 -1.920692 -0.634519 -2.468812 0.524439 -0.142327 -0.974340 46.950000
3.214204 -1.286615 -1.946056 -0.645529 -2.521162 0.550129 -0.117399 -1.104458 47.000000
3.420597 -0.894894 -1.972127 -0.656801 -2.574396 0.565933 -0.092223 -1.036192 47.050000
4.117319 -0.806161 -1.998767 -0.668161 -2.621239 0.580596 -0.069955 -0.861889 47.100000
4.442854 -0.348795 -2.026106 -0.679663 -2.661245 0.599248 -0.050763 -0.753509 47.150000
4.657547 -0.739963 -2.054303 -0.691376 -2.692503 0.618704 -0.035496 -0.524905 47.200000
3.690854 -0.459830 -2.083416 -0.703331 -2.720122 0.638592 -0.021907 -0.575605 47.250000
3.184483 -0.041724 -2.113253 -0.715391 -2.746595 0.648168 -0.009030 -0.493984 47.300000
3.985420 -0.529264 -2.143465 -0.727402 -2.765504 0.652210 0.000024 -0.285748 47.350000
3.364276 -1.002442 -2.174085 -0.739412 -2.782441 0.663303 0.007976 -0.382524 47.400000
3.150405 -0.668763 -2.205150 -0.751373 -2.808468 0.667769 0.020077 -0.632099 47.450000
3.048483 -0.285371 -2.236487 -0.763102 -2.839965 0.669397 0.034412 -0.629828 47.500000
3.743458 -0.155531 -2.268016 -0.774540 -2.867264 0.669685 0.046266 -0.480486 47.550000
3.508776 -0.347945 -2.299849 -0.785753 -2.887819 0.676494 0.054549 -0.356245 47.600000
3.597992 -0.835659 -2.332070 -0.796789 -2.906130 0.680803 0.061560 -0.375134 47.650000
3.006626 -0.696583 -2.364633 -0.807598 -2.930819 0.684975 0.071509 -0.589884 47.700000
2.565179 -0.886484 -2.397415 -0.818054 -2.961901 0.682437 0.084234 -0.648230 47.750000
1.657865 -0.991081 -2.430167 -0.828043 -2.997400 0.674800 0.098548 -0.760073 47.800000
2.155945 -1.032847 -2.462564 -0.837454 -3.038238 0.657575 0.114589 -0.862504 47.850000
2.671031 -1.415660 -2.494505 -0.846225 -3.083342 0.644070 0.131610 -0.934368 47.900000
2.587946 -0.945054 -2.526205 -0.854324 -3.135373 0.633479 0.150821 -1.124023 47.950000
3.198539 -0.834954 -2.557725 -0.861692 3.094155 0.620875 0.169647 -1.035761 48.000000
2.699651 -0.361893 -2.589165 -0.868324 3.044541 0.614169 0.185672 -0.960178 48.050000
2.984603 -0.283173 -2.620537 -0.874247 3.002613 0.604175 0.197498 -0.744585 48.100000
2.925436 0.195221 -2.651810 -0.879522 2.969087 0.598975 0.205089 -0.612645 48.150000
2.967795 0.388473 -2.683065 -0.884195 2.945652 0.596022 0.208013 -0.353554 48.200000
2.281368 -0.104693 -2.714350 -0.888347 2.933951 0.596851 0.205833 -0.136358 48.250000
3.102062 -0.101524 -2.745557 -0.892072 2.924717 0.591999 0.202689 -0.223755 48.300000
2.707367 -0.487477 -2.776709 -0.895355 2.912290 0.594120 0.200993 -0.268613 48.350000
3.507739 -0.201263 -2.807878 -0.898148 2.893774 0.590841 0.201931 -0.452442 48.400000
3.710262 -0.294745 -2.839114 -0.900382 2.871744 0.594118 0.204305 -0.431434 48.450000
4.570769 -0.477888 -2.870623 -0.901985 2.849369 0.598967 0.206813 -0.460830 48.500000
4.679578 -0.941881 -2.902605 -0.902861 2.823766 0.610588 0.210764 -0.553789 48.550000
5.280591 -0.838553 -2.935198 -0.902889 2.789453 0.620003 0.218606 -0.791896 48.600000
4.799889 -1.301732 -2.968433 -0.901918 2.747647 0.631891 0.229761 -0.872196 48.650000
3.832304 -0.830972 -3.002211 -0.899864 2.697704 0.635488 0.244446 -1.098165 48.700000
4.475865 -0.369881 -3.036083 -0.896788 2.644891 0.627973 0.259801 -1.025365 48.750000
3.965090 -0.743357 -3.069935 -0.892715 2.599497 0.628451 0.271147 -0.817948 48.800000
3.943951 -1.160526 -3.103793 -0.887654 2.557091 0.624643 0.280735 -0.872435 48.850000
3.034804 -1.236183 -3.137478 -0.881653 2.508062 0.617611 0.292765 -1.064947 48.900000
2.721707 -1.563073 -3.170689 -0.874808 2.451453 0.598492 0.307185 -1.183999 48.950000
3.025506 -1.626231 -3.203098 -0.867287 2.387199 0.572832 0.323383 -1.361581 49.000000
3.679726 -1.162538 -3.234600 -0.859101 2.316281 0.546618 0.340472 -1.460918 49.050000
3.780074 -1.554035 -3.265290 -0.850116 2.246994 0.526805 0.355148 -1.329592 49.100000
4.215319 -1.921659 -3.295266 -0.840229 2.177885 0.507518 0.368292 -1.421548 49.150000
4.310685 -1.744941 -3.324506 -0.829373 2.101805 0.488243 0.382500 -1.595769 49.200000
5.259478 -1.773492 -3.352949 -0.817496 2.021884 0.467173 0.396395 -1.600118 49.250000
5.555415 -1.819165 -3.380612 -0.804424 1.941538 0.454107 0.408962 -1.612029 49.300000
5.856311 -1.686940 -3.407503 -0.789941 1.860311 0.442507 0.420656 -1.633824 49.350000
5.478522 -1.679061 -3.433540 -0.773975 1.779757 0.433343 0.431109 -1.594431 49.400000
6.000000 -1.685433 -3.458611 -0.756600 1.700576 0.420790 0.440145 -1.575368 49.450000
6.000000 -1.913823 -3.482610 -0.737847 1.621975 0.413023 0.448114 -1.569514 49.500000
6.000000 -1.881812 -3.505433 -0.717680 1.541163 0.403376 0.455964 -1.650466 49.550000
6.000000 -1.464321 -3.526951 -0.696215 1.458083 0.391863 0.463552 -1.669405 49.600000
5.773695 -1.655164 -3.547059 -0.673550 1.378839 0.382493 0.469162 -1.522181 49.650000
6.000000 -1.881377 -3.565693 -0.649796 1.302450 0.372693 0.473286 -1.531431 49.700000
6.000000 -1.940546 -3.582770 -0.625059 1.223424 0.363263 0.477440 -1.616269 49.750000
6.000000 -1.954956 -3.598193 -0.599436 1.141073 0.351603 0.481690 -1.668965 49.800000
6.000000 -2.315693 -3.611890 -0.573075 1.056950 0.338799 0.485499 -1.691580 49.850000
6.000000 -1.832867 -3.623803 -0.546127 0.968428 0.323165 0.489372 -1.826845 49.900000
6.000000 -2.130933 -3.633888 -0.518759 0.880737 0.308321 0.491913 -1.699568 49.950000
