-0.957858 -0.416701 -0.004504 -0.321414 -1.594151 -0.000602 0.000000 -0.740121 0.000000
0.000000 -0.423609 -0.004495 -0.321160 -1.626306 -0.009481 -0.000112 -0.566371 0.050000
0.731121 -0.857212 -0.004473 -0.320696 -1.652284 -0.009121 -0.000281 -0.482173 0.100000
0.908067 -1.203710 -0.004464 -0.320419 -1.680115 -0.001974 -0.000378 -0.615913 0.150000
0.344061 -0.772873 -0.004498 -0.320532 -1.716652 0.006557 -0.000299 -0.821008 0.200000
0.876334 -0.444860 -0.004574 -0.320927 -1.755668 0.009521 -0.000065 -0.748445 0.250000
0.000000 -0.555436 -0.004706 -0.321586 -1.788437 0.017308 0.000248 -0.581842 0.300000
0.000000 -0.907148 -0.004881 -0.322417 -1.816466 0.016648 0.000578 -0.543674 0.350000
0.000000 -0.770390 -0.005055 -0.323215 -1.847086 0.015997 0.000915 -0.666870 0.400000
0.000000 -0.522414 -0.005229 -0.323981 -1.880593 0.015352 0.001259 -0.672738 0.450000
0.710667 -0.680940 -0.005403 -0.324716 -1.911524 0.014721 0.001548 -0.575735 0.500000
1.256498 -0.809131 -0.005632 -0.325577 -1.940751 0.020711 0.001866 -0.591521 0.550000
1.608543 -1.038482 -0.006028 -0.326827 -1.971991 0.031528 0.002388 -0.651176 0.600000
2.560900 -0.708563 -0.006682 -0.328637 -2.007942 0.045163 0.003298 -0.772410 0.650000
1.802055 -0.354753 -0.007745 -0.331246 -2.044523 0.067080 0.004648 -0.699596 0.700000
1.436879 -0.646364 -0.009252 -0.334643 -2.074537 0.081098 0.006070 -0.521521 0.750000
0.646780 -0.814925 -0.011088 -0.338555 -2.101424 0.091163 0.007518 -0.550681 0.800000
0.305524 -0.887981 -0.013125 -0.342718 -2.131273 0.093415 0.009230 -0.633781 0.850000
0.000000 -0.717766 -0.015231 -0.346886 -2.164935 0.092285 0.011147 -0.704427 0.900000
0.000000 -0.235843 -0.017327 -0.350929 -2.199219 0.088264 0.012976 -0.670889 0.950000
0.231063 0.242905 -0.019368 -0.354794 -2.226876 0.084445 0.014240 -0.459400 1.000000
0.000000 0.299003 -0.021380 -0.358538 -2.241354 0.083144 0.014622 -0.151672 1.050000
0.000000 0.292318 -0.023353 -0.362178 -2.243658 0.079983 0.014262 0.041202 1.100000
0.000000 0.382092 -0.025249 -0.365686 -2.238695 0.077080 0.013502 0.147103 1.150000
0.000000 0.555806 -0.027067 -0.369069 -2.228688 0.074369 0.012505 0.243520 1.200000
0.934996 0.739767 -0.028806 -0.372338 -2.213073 0.071835 0.011269 0.368097 1.250000
1.717880 0.473881 -0.030596 -0.375675 -2.190753 0.078150 0.009691 0.509285 1.300000
1.929919 0.933914 -0.032656 -0.379411 -2.166296 0.091476 0.007885 0.473023 1.350000
2.589091 0.999487 -0.035089 -0.383730 -2.137945 0.106236 0.005610 0.641816 1.400000
2.766259 1.173333 -0.037954 -0.388803 -2.102778 0.126494 0.002492 0.751841 1.450000
3.199301 1.340966 -0.041285 -0.394792 -2.061756 0.147458 -0.001612 0.874110 1.500000
2.433304 1.230601 -0.045064 -0.401819 -2.014571 0.171346 -0.006936 0.997707 1.550000
3.382179 1.120473 -0.049159 -0.409802 -1.964279 0.186790 -0.013128 1.012306 1.600000
3.515289 1.080588 -0.053495 -0.418768 -1.914660 0.210035 -0.019706 0.977307 1.650000
3.443898 0.745636 -0.058074 -0.428931 -1.866653 0.233212 -0.026627 0.947204 1.700000
3.572145 0.368208 -0.062811 -0.440272 -1.823347 0.254577 -0.033248 0.803426 1.750000
3.347477 0.795762 -0.067647 -0.452767 -1.789269 0.276396 -0.038554 0.585775 1.800000
4.026807 0.952614 -0.072537 -0.466355 -1.758131 0.295199 -0.043602 0.652448 1.850000
3.839238 0.598821 -0.077430 -0.481103 -1.722787 0.319065 -0.049878 0.750261 1.900000
4.253765 1.077803 -0.082267 -0.497079 -1.687843 0.339970 -0.056389 0.658917 1.950000
4.653852 1.318175 -0.086985 -0.514289 -1.650721 0.363389 -0.063805 0.808710 2.000000
4.110372 1.067366 -0.091493 -0.532864 -1.605536 0.388402 -0.073774 0.978335 2.050000
3.497686 1.072758 -0.095665 -0.552697 -1.557070 0.406371 -0.085002 0.963333 2.100000
4.311189 1.201777 -0.099412 -0.573448 -1.508938 0.417237 -0.096245 0.963029 2.150000
3.893952 1.394948 -0.102654 -0.595105 -1.459267 0.434254 -0.108056 1.017966 2.200000
4.495889 1.816724 -0.105296 -0.617679 -1.405431 0.445226 -0.121266 1.122891 2.250000
5.128663 2.224469 -0.107220 -0.641118 -1.343259 0.458824 -0.137196 1.336137 2.300000
4.162820 2.449116 -0.108223 -0.665563 -1.269344 0.473899 -0.157129 1.585947 2.350000
3.609788 2.446290 -0.108173 -0.690752 -1.184603 0.474765 -0.180437 1.776339 2.400000
2.850100 2.908641 -0.107080 -0.716161 -1.093519 0.466077 -0.204812 1.856105 2.450000
3.090558 2.711238 -0.105031 -0.741345 -0.994923 0.445436 -0.229830 2.056147 2.500000
3.849205 2.911905 -0.102078 -0.766041 -0.891927 0.423158 -0.253813 2.063388 2.550000
4.094667 2.939294 -0.098112 -0.790311 -0.786553 0.404746 -0.276170 2.139483 2.600000
4.605034 3.000000 -0.093013 -0.814189 -0.678455 0.385215 -0.297078 2.178268 2.650000
3.611957 2.616141 -0.086687 -0.837639 -0.568491 0.367499 -0.316313 2.214392 2.700000
4.398341 2.854538 -0.079288 -0.860474 -0.461318 0.339870 -0.332362 2.092675 2.750000
4.817040 3.000000 -0.070900 -0.882586 -0.355556 0.319165 -0.345682 2.130840 2.800000
4.735740 3.000000 -0.061334 -0.903981 -0.247180 0.300119 -0.357611 2.192981 2.850000
5.172109 2.737328 -0.050597 -0.924557 -0.136956 0.278531 -0.367919 2.211835 2.900000
4.973534 2.689637 -0.038685 -0.944211 -0.028917 0.261586 -0.375911 2.124007 2.950000
5.156159 2.962224 -0.025605 -0.962855 0.075815 0.244149 -0.381702 2.072952 3.000000
4.431553 2.945505 -0.011440 -0.980385 0.181638 0.227791 -0.386226 2.146538 3.050000
4.709061 3.000000 0.003572 -0.996732 0.289447 0.203744 -0.389356 2.161635 3.100000
5.150988 3.000000 0.019232 -1.011849 0.398107 0.182429 -0.390750 2.180103 3.150000
6.000000 2.880561 0.035598 -1.025617 0.507185 0.165728 -0.390674 2.181572 3.200000
6.000000 2.606631 0.052827 -1.037820 0.614984 0.158332 -0.389513 2.137376 3.250000
6.000000 2.639971 0.070958 -1.048261 0.718551 0.153681 -0.387451 2.024008 3.300000
5.243446 2.267511 0.089850 -1.056840 0.818874 0.151230 -0.384862 1.993697 3.350000
5.995547 2.429254 0.109232 -1.063610 0.914355 0.144755 -0.381519 1.848570 3.400000
6.000000 2.801186 0.128967 -1.068501 1.006867 0.147494 -0.377885 1.851531 3.450000
5.516940 2.917250 0.148983 -1.071341 1.103337 0.148565 -0.374945 1.985424 3.500000
5.852514 2.821691 0.169013 -1.072244 1.205211 0.142721 -0.372495 2.074266 3.550000
5.443519 2.989195 0.188840 -1.071261 1.308844 0.139681 -0.369975 2.071273 3.600000
5.031669 3.000000 0.208280 -1.068440 1.414057 0.132528 -0.367328 2.127224 3.650000
4.655583 3.000000 0.227125 -1.064019 1.521050 0.121345 -0.364242 2.148101 3.700000
4.881065 2.954407 0.245218 -1.058239 1.628591 0.107329 -0.360346 2.151898 3.750000
5.466049 2.512159 0.262439 -1.051188 1.735682 0.096790 -0.355613 2.134004 3.800000
5.894665 2.025258 0.278641 -1.042732 1.837623 0.095287 -0.350220 1.970734 3.850000
6.000000 2.174380 0.293630 -1.032679 1.929384 0.103377 -0.344530 1.737408 3.900000
6.000000 2.357872 0.307216 -1.020970 2.015281 0.115530 -0.339280 1.704267 3.950000
5.231690 2.152334 0.319251 -1.007712 2.102104 0.127347 -0.335046 1.760511 4.000000
5.930666 2.134293 0.329707 -0.993220 2.188644 0.132161 -0.331432 1.709300 4.050000
6.000000 2.223863 0.338484 -0.977653 2.273383 0.144486 -0.328303 1.684745 4.100000
5.823343 2.199064 0.345387 -0.961027 2.358346 0.157192 -0.326074 1.710468 4.150000
6.000000 2.079576 0.350360 -0.943548 2.443956 0.167691 -0.324697 1.713974 4.200000
6.000000 2.380666 0.353345 -0.925405 2.528497 0.180020 -0.323926 1.674502 4.250000
5.592722 2.067136 0.354268 -0.906767 2.614999 0.191045 -0.324168 1.771151 4.300000
5.278530 2.421906 0.353200 -0.887891 2.701402 0.197845 -0.324908 1.697000 4.350000
4.758215 1.989641 0.350288 -0.869034 2.789169 0.200746 -0.326139 1.798030 4.400000
4.055651 2.337349 0.345738 -0.850441 2.875681 0.199122 -0.327155 1.680706 4.450000
3.398552 2.595843 0.339845 -0.832316 2.962026 0.191005 -0.327833 1.760248 4.500000
4.308706 2.662565 0.332975 -0.814831 3.053558 0.174717 -0.328412 1.880819 4.550000
3.420636 2.163117 0.325137 -0.798076 -3.133650 0.165488 -0.328675 1.946959 4.600000
3.367985 2.317830 0.316385 -0.782115 -3.040831 0.149809 -0.327697 1.790045 4.650000
3.496576 2.788808 0.306956 -0.766991 -2.951520 0.135997 -0.325437 1.782649 4.700000
2.645679 2.393584 0.296878 -0.752748 -2.857646 0.122199 -0.322813 1.945240 4.750000
3.088750 2.072481 0.286388 -0.739377 -2.762814 0.101000 -0.319163 1.860446 4.800000
3.996535 2.330753 0.275591 -0.726875 -2.674158 0.087936 -0.314066 1.708828 4.850000
3.977041 2.336980 0.264211 -0.715414 -2.587750 0.085391 -0.308538 1.742067 4.900000
4.976521 2.504736 0.252135 -0.705141 -2.500231 0.082941 -0.303117 1.756255 4.950000
4.839015 2.540248 0.239282 -0.696250 -2.410507 0.089593 -0.298166 1.822507 5.000000
4.735301 2.657113 0.225634 -0.688925 -2.318263 0.094263 -0.293912 1.861254 5.050000
4.737255 2.514600 0.211388 -0.683181 -2.223553 0.097313 -0.290232 1.918063 5.100000
3.957978 2.554922 0.196717 -0.679041 -2.128502 0.100581 -0.286908 1.888809 5.150000
4.938991 2.205400 0.181863 -0.676381 -2.033965 0.097100 -0.283659 1.891934 5.200000
5.428455 2.585975 0.166940 -0.675270 -1.942964 0.104640 -0.280396 1.768146 5.250000
6.000000 2.210126 0.151956 -0.676038 -1.851913 0.116776 -0.277921 1.859874 5.300000
5.368641 2.236951 0.137032 -0.678902 -1.761763 0.134349 -0.276390 1.762424 5.350000
6.000000 2.018863 0.122363 -0.683824 -1.674375 0.146553 -0.275604 1.737592 5.400000
5.189922 1.560473 0.108150 -0.690761 -1.589992 0.165333 -0.275468 1.651914 5.450000
4.303966 1.894182 0.094560 -0.699620 -1.513139 0.178682 -0.275363 1.452617 5.500000
4.261864 1.700039 0.081715 -0.709957 -1.439240 0.184384 -0.275432 1.497113 5.550000
4.225870 1.382648 0.069703 -0.721480 -1.365903 0.189669 -0.275702 1.444379 5.600000
3.376669 1.868889 0.058604 -0.734112 -1.297674 0.196314 -0.275561 1.305011 5.650000
3.783853 1.656433 0.048429 -0.747598 -1.228868 0.194597 -0.275651 1.429355 5.700000
4.493222 1.462263 0.039208 -0.761753 -1.158190 0.196013 -0.275978 1.401830 5.750000
4.117738 1.032567 0.031094 -0.776751 -1.090483 0.205053 -0.276126 1.318745 5.800000
3.522547 1.067530 0.024171 -0.792602 -1.030151 0.213024 -0.275569 1.121938 5.850000
4.359060 1.381865 0.018370 -0.809065 -0.976105 0.217567 -0.274350 1.049660 5.900000
4.189845 0.995691 0.013755 -0.826129 -0.921072 0.229407 -0.273666 1.140176 5.950000
4.267392 1.359371 0.010443 -0.843827 -0.867083 0.239643 -0.273242 1.033971 6.000000
3.318210 1.402861 0.008447 -0.862063 -0.812710 0.250070 -0.273320 1.128880 6.050000
2.356829 1.353758 0.007637 -0.880581 -0.754570 0.249843 -0.274255 1.188641 6.100000
3.339354 1.269282 0.007696 -0.898985 -0.694944 0.240069 -0.275203 1.195054 6.150000
2.830933 1.600778 0.008632 -0.917227 -0.636050 0.240013 -0.275782 1.164838 6.200000
2.806344 1.697550 0.010521 -0.935333 -0.574601 0.234224 -0.276660 1.277378 6.250000
2.672158 2.138855 0.013244 -0.953154 -0.508340 0.226534 -0.277999 1.360895 6.300000
2.190588 1.875358 0.016739 -0.970601 -0.434617 0.214927 -0.280015 1.558549 6.350000
2.072871 2.285191 0.020834 -0.987540 -0.357238 0.197723 -0.281723 1.538728 6.400000
2.183487 2.033025 0.025373 -1.003891 -0.276276 0.178571 -0.282858 1.677667 6.450000
1.285470 1.895574 0.030314 -1.019628 -0.193552 0.160436 -0.283079 1.636663 6.500000
0.865424 2.394957 0.035463 -1.034724 -0.113735 0.135827 -0.281723 1.565450 6.550000
1.110874 2.520090 0.040507 -1.049162 -0.031136 0.107409 -0.279152 1.714221 6.600000
1.406989 2.421389 0.045379 -1.062977 0.057426 0.080464 -0.275441 1.811516 6.650000
1.879903 2.359934 0.050190 -1.076208 0.147929 0.057101 -0.270365 1.807917 6.700000
2.842199 2.418453 0.055124 -1.088865 0.237549 0.040029 -0.264134 1.780351 6.750000
2.096274 2.831760 0.060512 -1.100877 0.326815 0.033459 -0.257365 1.788640 6.800000
1.410199 2.523031 0.066372 -1.112214 0.420594 0.019484 -0.250269 1.937787 6.850000
0.983952 2.327163 0.072360 -1.122994 0.515831 0.000121 -0.242305 1.880180 6.900000
0.237532 2.612781 0.078261 -1.133339 0.607102 -0.020112 -0.233304 1.784958 6.950000
1.004496 2.556782 0.083889 -1.143413 0.698197 -0.045293 -0.223146 1.847824 7.000000
0.062835 2.754934 0.089291 -1.153234 0.790625 -0.061472 -0.211952 1.848657 7.050000
0.000000 2.861009 0.094491 -1.162856 0.885069 -0.084895 -0.199736 1.917273 7.100000
0.000000 3.000000 0.099390 -1.172471 0.982713 -0.107204 -0.186185 1.977998 7.150000
0.475339 3.000000 0.104061 -1.182107 1.083651 -0.127587 -0.171344 2.047619 7.200000
0.058643 2.572262 0.108634 -1.191662 1.186749 -0.141160 -0.155591 2.072158 7.250000
0.000000 2.926282 0.113178 -1.201100 1.286221 -0.155158 -0.139752 1.930237 7.300000
0.000000 3.000000 0.117705 -1.210478 1.384882 -0.166871 -0.123644 2.004212 7.350000
0.000000 3.000000 0.122261 -1.219773 1.486658 -0.176430 -0.106960 2.058164 7.400000
0.000000 3.000000 0.126892 -1.228941 1.590166 -0.183536 -0.090023 2.079068 7.450000
0.601466 3.000000 0.131624 -1.237930 1.694379 -0.188077 -0.073144 2.088378 7.500000
0.694494 2.778742 0.136447 -1.246547 1.798943 -0.184538 -0.056762 2.093877 7.550000
1.425342 3.000000 0.141305 -1.254590 1.901478 -0.177903 -0.041580 2.020398 7.600000
0.923354 3.000000 0.146076 -1.261859 2.004045 -0.162717 -0.027717 2.073839 7.650000
1.264064 3.000000 0.150676 -1.268308 2.108337 -0.150995 -0.015112 2.094751 7.700000
1.592212 2.599700 0.155039 -1.273995 2.213325 -0.134882 -0.003900 2.103584 7.750000
1.303941 2.508189 0.158994 -1.278832 2.314516 -0.114894 0.005246 1.966995 7.800000
1.421669 2.975085 0.162452 -1.282882 2.410480 -0.097302 0.012328 1.885027 7.850000
2.295306 2.479200 0.165375 -1.286253 2.508682 -0.078404 0.018053 2.020790 7.900000
2.782149 2.369864 0.167520 -1.288892 2.606057 -0.051480 0.021951 1.894799 7.950000
3.069721 2.473348 0.168567 -1.290762 2.698294 -0.020839 0.023581 1.808397 8.000000
2.734863 2.672941 0.168321 -1.291946 2.788832 0.011347 0.023077 1.812350 8.050000
2.036063 2.766694 0.166778 -1.292622 2.881558 0.039100 0.020611 1.884953 8.100000
2.579643 2.622704 0.164177 -1.293025 2.977560 0.058986 0.016543 1.945266 8.150000
3.537266 2.701231 0.160572 -1.293317 3.073982 0.082568 0.011106 1.916363 8.200000
4.409345 2.675341 0.155658 -1.293619 -3.112880 0.113341 0.003985 1.933789 8.250000
4.140664 3.000000 0.149082 -1.294119 -3.016258 0.149983 -0.005241 1.931664 8.300000
3.585860 2.927142 0.140820 -1.295041 -2.916322 0.181308 -0.016902 2.047115 8.350000
3.311464 3.000000 0.131210 -1.296554 -2.813452 0.204467 -0.030500 2.065245 8.400000
2.696156 2.994605 0.120595 -1.298768 -2.709198 0.222128 -0.045344 2.099804 8.450000
3.236384 2.787929 0.109324 -1.301714 -2.603840 0.231163 -0.060848 2.113008 8.500000
3.637075 2.593055 0.097563 -1.305467 -2.500100 0.242810 -0.076321 2.048295 8.550000
2.883476 2.813746 0.085279 -1.310202 -2.400294 0.256024 -0.091482 1.959537 8.600000
2.201882 3.000000 0.072685 -1.315896 -2.300913 0.259727 -0.106655 2.008416 8.650000
2.073608 2.897024 0.060159 -1.322318 -2.197999 0.254360 -0.121894 2.094333 8.700000
2.741682 2.730155 0.047934 -1.329301 -2.093391 0.245645 -0.136386 2.091007 8.750000
3.375963 2.610529 0.036027 -1.336921 -1.990545 0.241860 -0.149604 2.033066 8.800000
3.985055 3.000000 0.024389 -1.345416 -1.890686 0.242984 -0.161751 1.971959 8.850000
4.397028 3.000000 0.013038 -1.355019 -1.788676 0.247582 -0.174077 2.089530 8.900000
5.384356 2.660926 0.002082 -1.365895 -1.682905 0.253167 -0.187011 2.134450 8.950000
4.451710 2.875907 -0.008340 -1.378288 -1.579105 0.266384 -0.199822 2.035329 9.000000
3.550806 2.600215 -0.018060 -1.392109 -1.476093 0.268837 -0.212632 2.078631 9.050000
3.776199 2.448795 -0.026952 -1.406816 -1.374489 0.261518 -0.224531 1.999049 9.100000
4.723225 2.296366 -0.034950 -1.422164 -1.276918 0.256310 -0.234815 1.917462 9.150000
4.892548 2.451406 -0.041910 -1.438332 -1.183466 0.260161 -0.243934 1.834544 9.200000
5.247973 2.469921 -0.047662 -1.455457 -1.090978 0.264618 -0.252844 1.861326 9.250000
4.576925 2.632402 -0.052054 -1.473497 -0.997367 0.270682 -0.262002 1.880711 9.300000
5.366431 2.614197 -0.055049 -1.492218 -0.901389 0.268242 -0.271417 1.947850 9.350000
5.360297 2.802724 -0.056560 -1.511460 -0.803422 0.271265 -0.280899 1.968122 9.400000
6.000000 2.307846 -0.056421 -1.531172 -0.702808 0.271811 -0.290691 2.044329 9.450000
6.000000 2.566967 -0.054481 -1.551243 -0.604824 0.278044 -0.299832 1.899604 9.500000
5.156211 2.352372 -0.050591 -1.571575 -0.508648 0.283580 -0.308729 1.941380 9.550000
5.614389 1.982894 -0.044925 -1.591858 -0.413303 0.280282 -0.317201 1.882267 9.600000
4.781864 2.470675 -0.037566 -1.611879 -0.323643 0.282841 -0.324194 1.728922 9.650000
5.196428 2.538014 -0.028622 -1.631474 -0.233777 0.276642 -0.330898 1.847013 9.700000
4.310132 2.394418 -0.018251 -1.650446 -0.139432 0.271679 -0.337876 1.915721 9.750000
4.291183 2.263394 -0.006644 -1.668641 -0.044411 0.257525 -0.344075 1.888870 9.800000
3.884747 2.718036 0.005927 -1.685939 0.048327 0.244122 -0.348708 1.829543 9.850000
4.520878 2.290668 0.019299 -1.702272 0.143805 0.225630 -0.352599 1.966346 9.900000
3.753437 1.817731 0.033436 -1.717559 0.239098 0.213436 -0.355254 1.861672 9.950000
3.692814 1.714281 0.048269 -1.731760 0.326036 0.198409 -0.355654 1.648260 10.000000
3.851213 1.219376 0.063609 -1.744890 0.404869 0.187359 -0.354129 1.523095 10.050000
4.055741 1.156201 0.079476 -1.756903 0.474236 0.182973 -0.350966 1.285386 10.100000
3.375146 0.858509 0.095955 -1.767721 0.534926 0.185097 -0.346736 1.159516 10.150000
2.460619 0.467542 0.112935 -1.777368 0.588079 0.184706 -0.341699 0.988931 10.200000
3.183933 0.830004 0.130111 -1.786017 0.630986 0.180933 -0.335427 0.755907 10.250000
2.235222 0.955017 0.147469 -1.793675 0.669691 0.186281 -0.328874 0.788461 10.300000
1.601440 1.450772 0.164939 -1.800380 0.710926 0.181824 -0.322896 0.852560 10.350000
1.540897 1.131022 0.182186 -1.806384 0.759810 0.168642 -0.317830 1.073425 10.400000
0.918592 1.103075 0.199041 -1.811822 0.812721 0.154019 -0.312910 1.045666 10.450000
0.980706 1.404345 0.215405 -1.816823 0.864241 0.135131 -0.307390 1.017575 10.500000
1.413651 1.504479 0.231209 -1.821496 0.917947 0.117034 -0.301586 1.116433 10.550000
0.714049 1.872655 0.246532 -1.825774 0.976007 0.102315 -0.295700 1.194465 10.600000
0.966634 1.437552 0.261341 -1.829740 1.040573 0.079542 -0.289665 1.363212 10.650000
0.753508 1.785952 0.275587 -1.833513 1.105987 0.060209 -0.282912 1.265948 10.700000
0.677403 1.495273 0.289317 -1.837088 1.171754 0.040115 -0.275495 1.351542 10.750000
1.390045 1.121031 0.302537 -1.840537 1.237143 0.020897 -0.267406 1.273971 10.800000
2.283877 1.223774 0.315334 -1.843701 1.295775 0.012166 -0.258871 1.095170 10.850000
3.130129 1.249259 0.327836 -1.846188 1.349391 0.014470 -0.250460 1.054873 10.900000
2.744929 1.168368 0.340115 -1.847598 1.401926 0.025506 -0.242589 1.047912 10.950000
1.773018 0.993794 0.352145 -1.847847 1.453384 0.033434 -0.235323 1.015024 11.000000
1.501724 0.614570 0.363840 -1.847265 1.501809 0.033478 -0.228382 0.932544 11.050000
2.441079 0.259041 0.375153 -1.846139 1.543160 0.033604 -0.221515 0.744638 11.100000
2.443582 0.479184 0.386079 -1.844288 1.573889 0.045971 -0.214764 0.511895 11.150000
2.787518 0.040243 0.396610 -1.841478 1.598763 0.059845 -0.208330 0.486393 11.200000
1.883226 -0.258845 0.406730 -1.837646 1.617769 0.078236 -0.202105 0.294961 11.250000
1.163105 -0.305770 0.416443 -1.832926 1.626298 0.090510 -0.195676 0.069020 11.300000
0.347948 -0.425114 0.425781 -1.827689 1.625771 0.098060 -0.188930 -0.076266 11.350000
1.092945 -0.018170 0.434786 -1.822283 1.618336 0.099478 -0.181933 -0.208210 11.400000
0.290106 0.346345 0.443478 -1.816714 1.610656 0.107752 -0.175140 -0.108688 11.450000
0.000000 0.053693 0.451865 -1.811020 1.611003 0.106319 -0.169175 0.102437 11.500000
0.673883 -0.046526 0.459959 -1.805482 1.615940 0.101214 -0.163753 0.095448 11.550000
0.750223 0.188662 0.467764 -1.800007 1.619418 0.102918 -0.158407 0.048175 11.600000
0.054325 0.592049 0.475282 -1.794417 1.623842 0.105092 -0.153322 0.121667 11.650000
0.929443 0.283226 0.482526 -1.788871 1.635707 0.099224 -0.148948 0.331361 11.700000
0.140820 0.392628 0.489489 -1.783346 1.651809 0.100935 -0.145009 0.314448 11.750000
0.000000 0.238157 0.496179 -1.777824 1.668528 0.095218 -0.141227 0.350325 11.800000
0.000000 0.017365 0.502622 -1.772521 1.684774 0.088584 -0.137470 0.304133 11.850000
0.800356 -0.120896 0.508834 -1.767452 1.696735 0.083071 -0.133511 0.186123 11.900000
0.321913 -0.596875 0.514805 -1.762409 1.702653 0.086343 -0.129311 0.062631 11.950000
0.000000 -1.042868 0.520538 -1.757297 1.698317 0.086843 -0.124632 -0.209860 12.000000
0.655999 -1.503593 0.526079 -1.752272 1.678594 0.086839 -0.119163 -0.543359 12.050000
0.725199 -1.605948 0.531445 -1.747215 1.641534 0.095490 -0.112686 -0.896539 12.100000
1.365441 -1.685152 0.536659 -1.741930 1.590908 0.106104 -0.105204 -1.101772 12.150000
1.692860 -1.878271 0.541766 -1.736248 1.532363 0.122805 -0.096836 -1.223372 12.200000
1.813244 -1.428242 0.546836 -1.729964 1.467619 0.141981 -0.087418 -1.348726 12.250000
1.258866 -1.543412 0.551950 -1.723016 1.403508 0.160625 -0.077530 -1.232022 12.300000
2.202854 -1.913395 0.557149 -1.715564 1.342087 0.172280 -0.067604 -1.225852 12.350000
2.416834 -1.905945 0.562513 -1.707570 1.276866 0.191718 -0.056831 -1.363733 12.400000
2.752813 -1.580231 0.568186 -1.698840 1.207080 0.211704 -0.044855 -1.419880 12.450000
2.565162 -1.222318 0.574287 -1.689339 1.138875 0.232806 -0.032525 -1.322596 12.500000
1.657253 -1.201790 0.580878 -1.679129 1.077745 0.249985 -0.020909 -1.147196 12.550000
2.374224 -0.858151 0.587863 -1.668517 1.022750 0.257012 -0.010263 -1.064131 12.600000
2.564991 -1.141400 0.595234 -1.657597 0.974325 0.269628 -0.000831 -0.895068 12.650000
2.939169 -1.460295 0.603108 -1.646239 0.928606 0.282931 0.008208 -0.929764 12.700000
3.736554 -1.570119 0.611588 -1.634407 0.878110 0.298505 0.018413 -1.072158 12.750000
2.782678 -1.097127 0.620889 -1.621987 0.821429 0.319912 0.030304 -1.181201 12.800000
3.145860 -1.590255 0.631012 -1.609119 0.766074 0.330774 0.042113 -1.051163 12.850000
2.955313 -1.142697 0.641872 -1.595990 0.709706 0.343615 0.054253 -1.186311 12.900000
2.983248 -1.578410 0.653508 -1.582672 0.653480 0.353265 0.066375 -1.078129 12.950000
2.935032 -1.535550 0.665890 -1.569269 0.596107 0.361746 0.078758 -1.201137 13.000000
3.664173 -1.576523 0.679011 -1.555886 0.534896 0.368005 0.092011 -1.242595 13.050000
2.901925 -1.207152 0.693004 -1.542543 0.471716 0.379405 0.105722 -1.280471 13.100000
3.429413 -1.578905 0.707836 -1.529336 0.411119 0.382531 0.118572 -1.160825 13.150000
3.452917 -1.482894 0.723436 -1.516363 0.350439 0.389370 0.131237 -1.254546 13.200000
2.630214 -1.043050 0.739894 -1.503674 0.287497 0.394675 0.144352 -1.263066 13.250000
2.994771 -0.649852 0.756994 -1.491398 0.228911 0.391969 0.155837 -1.102887 13.300000
3.263948 -0.880650 0.774612 -1.479579 0.180023 0.394071 0.164189 -0.881804 13.350000
4.037333 -1.144379 0.792880 -1.468183 0.136206 0.399235 0.170962 -0.872658 13.400000
3.493808 -0.853534 0.812010 -1.457220 0.089708 0.410311 0.178540 -0.975186 13.450000
2.989353 -0.494810 0.832004 -1.446758 0.042736 0.415303 0.186242 -0.912439 13.500000
2.197318 -0.780078 0.852583 -1.436845 0.001848 0.416541 0.191969 -0.744248 13.550000
2.626988 -0.822312 0.873431 -1.427486 -0.036319 0.410805 0.196643 -0.778444 13.600000
2.593320 -1.070273 0.894443 -1.418697 -0.076191 0.408581 0.201546 -0.812564 13.650000
1.964961 -1.514781 0.915683 -1.410512 -0.120051 0.404743 0.207352 -0.927720 13.700000
2.061742 -1.485882 0.936941 -1.402959 -0.172840 0.392268 0.215238 -1.154175 13.750000
2.755902 -1.594901 0.958030 -1.396070 -0.233094 0.378365 0.224396 -1.243771 13.800000
2.013758 -1.826859 0.979078 -1.389912 -0.297576 0.369392 0.233872 -1.324504 13.850000
1.325198 -1.471065 1.000013 -1.384496 -0.367274 0.351359 0.243733 -1.445824 13.900000
0.503634 -1.494895 1.020466 -1.379713 -0.437176 0.326717 0.252226 -1.361762 13.950000
0.379029 -1.774839 1.040125 -1.375379 -0.504437 0.295639 0.258448 -1.331831 14.000000
0.396493 -2.189412 1.058821 -1.371344 -0.573562 0.263464 0.263307 -1.419302 14.050000
0.000000 -2.175887 1.076547 -1.367542 -0.649854 0.229704 0.267631 -1.603577 14.100000
0.736636 -1.783077 1.093239 -1.363854 -0.731869 0.191106 0.270689 -1.665717 14.150000
0.015183 -2.242893 1.109009 -1.360274 -0.811573 0.161489 0.271356 -1.540004 14.200000
0.000000 -2.396735 1.123941 -1.356749 -0.891845 0.126120 0.270213 -1.652084 14.250000
0.000000 -2.016698 1.137977 -1.353097 -0.977178 0.090326 0.267463 -1.745020 14.300000
0.000000 -2.088208 1.151198 -1.349266 -1.061328 0.056753 0.262640 -1.636084 14.350000
0.000000 -2.367023 1.163707 -1.345239 -1.142506 0.026143 0.255975 -1.613020 14.400000
0.000000 -2.187630 1.175597 -1.341007 -1.225701 -0.003197 0.247826 -1.700046 14.450000
0.616969 -1.817617 1.186949 -1.336555 -1.309686 -0.030706 0.238269 -1.663749 14.500000
1.436837 -1.914729 1.197883 -1.332042 -1.388473 -0.048670 0.227834 -1.510142 14.550000
1.479721 -2.268001 1.208513 -1.327837 -1.463188 -0.055988 0.217213 -1.482358 14.600000
1.377498 -2.168010 1.218876 -1.324151 -1.540716 -0.062360 0.206485 -1.600931 14.650000
1.938172 -2.217653 1.228961 -1.320958 -1.621060 -0.069076 0.195632 -1.611171 14.700000
1.153577 -2.626843 1.238746 -1.318366 -1.702260 -0.069374 0.184917 -1.633522 14.750000
1.307398 -2.709022 1.248221 -1.316314 -1.788490 -0.076994 0.174083 -1.791057 14.800000
0.317961 -2.794125 1.257397 -1.314642 -1.880640 -0.082958 0.162868 -1.880615 14.850000
0.351862 -2.501077 1.266336 -1.313162 -1.976516 -0.097257 0.151130 -1.943932 14.900000
0.378888 -2.406510 1.275123 -1.311693 -2.071350 -0.108943 0.138985 -1.862498 14.950000
0.101699 -2.640097 1.283753 -1.310294 -2.162603 -0.117732 0.126859 -1.797976 15.000000
0.000000 -2.225324 1.292256 -1.308957 -2.254230 -0.127314 0.114521 -1.857623 15.050000
0.000000 -2.170458 1.300685 -1.307650 -2.343455 -0.135598 0.102249 -1.731446 15.100000
0.000000 -2.185617 1.309037 -1.306398 -2.428061 -0.141508 0.090406 -1.663493 15.150000
0.579925 -2.443933 1.317295 -1.305234 -2.510646 -0.145622 0.078873 -1.643268 15.200000
0.350146 -2.833957 1.325333 -1.304261 -2.595321 -0.143115 0.067477 -1.730574 15.250000
0.028262 -2.526674 1.333072 -1.303538 -2.686925 -0.142099 0.055869 -1.905924 15.300000
0.320852 -2.157384 1.340613 -1.303010 -2.780972 -0.142850 0.044415 -1.863169 15.350000
0.294874 -2.101387 1.347929 -1.302675 -2.869846 -0.139186 0.033969 -1.715378 15.400000
1.067517 -1.657744 1.354929 -1.302538 -2.953401 -0.134507 0.024664 -1.638865 15.450000
1.271705 -1.538799 1.361418 -1.302599 -3.029806 -0.121657 0.016848 -1.446228 15.500000
0.651422 -1.211108 1.367159 -1.302837 -3.098600 -0.106538 0.010680 -1.323300 15.550000
0.936320 -0.872282 1.372257 -1.303184 3.123427 -0.097164 0.005876 -1.147387 15.600000
1.135562 -0.415994 1.376800 -1.303585 3.071943 -0.085100 0.002329 -0.939255 15.650000
1.686692 -0.224935 1.380691 -1.303990 3.032734 -0.071419 0.000056 -0.662823 15.700000
2.091750 -0.107502 1.383781 -1.304339 3.005517 -0.053051 -0.001161 -0.449949 15.750000
1.640166 0.067975 1.385882 -1.304572 2.987391 -0.031595 -0.001677 -0.291923 15.800000
2.481535 -0.299507 1.387047 -1.304670 2.977144 -0.015149 -0.001797 -0.133869 15.850000
1.789241 -0.077199 1.387222 -1.304609 2.968568 0.008499 -0.001751 -0.202354 15.900000
1.094239 -0.196200 1.386414 -1.304378 2.959996 0.024832 -0.001593 -0.146110 15.950000
0.738505 0.209996 1.384979 -1.304033 2.952159 0.034092 -0.001373 -0.165447 16.000000
1.280643 0.661550 1.383180 -1.303617 2.948322 0.039690 -0.001229 -0.003577 16.050000
2.083980 0.640133 1.380986 -1.303128 2.955910 0.050096 -0.001441 0.279236 16.100000
1.292874 0.650050 1.378103 -1.302524 2.973839 0.067547 -0.002154 0.422723 16.150000
0.841432 0.221690 1.374554 -1.301829 2.997161 0.076947 -0.003286 0.501502 16.200000
1.316317 0.294365 1.370646 -1.301111 3.018488 0.081773 -0.004379 0.366302 16.250000
0.338617 0.032287 1.366386 -1.300379 3.035681 0.090827 -0.005288 0.325716 16.300000
0.333382 -0.268627 1.361903 -1.299650 3.048357 0.090471 -0.005928 0.194763 16.350000
0.958638 0.092521 1.357434 -1.298943 3.052633 0.090141 -0.006001 -0.004549 16.400000
0.278723 -0.022469 1.352832 -1.298237 3.053557 0.095660 -0.005861 0.037563 16.450000
0.000000 -0.305974 1.348118 -1.297533 3.054742 0.094652 -0.005743 0.012208 16.500000
0.000000 -0.184080 1.343517 -1.296847 3.051637 0.091124 -0.005343 -0.123467 16.550000
0.125654 0.099816 1.339089 -1.296180 3.044805 0.087753 -0.004727 -0.147480 16.600000
0.000000 -0.140739 1.334797 -1.295527 3.040370 0.085657 -0.004294 -0.040264 16.650000
0.000000 0.039958 1.330638 -1.294891 3.037194 0.082464 -0.003959 -0.082736 16.700000
0.000000 0.351264 1.326635 -1.294274 3.034514 0.079388 -0.003670 -0.029537 16.750000
0.000000 0.832219 1.322782 -1.293679 3.037506 0.076399 -0.003712 0.133678 16.800000
0.000000 1.026108 1.319073 -1.293114 3.052234 0.073457 -0.004373 0.425200 16.850000
0.000000 0.838313 1.315503 -1.292591 3.079913 0.070519 -0.005646 0.655872 16.900000
0.385519 0.845082 1.312068 -1.292117 3.113798 0.067586 -0.007123 0.694937 16.950000
0.792397 0.386386 1.308676 -1.291690 -3.134029 0.068263 -0.008595 0.716803 17.000000
0.000000 0.347111 1.305142 -1.291311 -3.103035 0.072684 -0.009859 0.543102 17.050000
0.000000 0.551221 1.301563 -1.290977 -3.078754 0.069624 -0.010757 0.439630 17.100000
0.000000 0.646759 1.298124 -1.290674 -3.055925 0.066675 -0.011502 0.470184 17.150000
0.600542 0.164056 1.294820 -1.290401 -3.030895 0.063777 -0.012277 0.524920 17.200000
0.040578 0.480665 1.291508 -1.290173 -3.009357 0.066606 -0.012861 0.355091 17.250000
0.000000 0.235225 1.288180 -1.289987 -2.990434 0.064155 -0.013308 0.397313 17.300000
0.000000 0.139789 1.284973 -1.289821 -2.972765 0.061433 -0.013649 0.317881 17.350000
0.000000 -0.042052 1.281892 -1.289672 -2.959133 0.058883 -0.013772 0.235851 17.400000
0.199093 -0.455538 1.278931 -1.289534 -2.950668 0.056524 -0.013655 0.114779 17.450000
0.711719 -0.712595 1.276035 -1.289410 -2.951607 0.056279 -0.013154 -0.129237 17.500000
0.060873 -0.674641 1.273036 -1.289324 -2.964768 0.061014 -0.012155 -0.372253 17.550000
0.000000 -0.281319 1.269967 -1.289256 -2.986501 0.059635 -0.010809 -0.484822 17.600000
0.000000 -0.650024 1.266991 -1.289175 -3.007877 0.057699 -0.009550 -0.381492 17.650000
0.000000 -0.600273 1.264120 -1.289079 -3.029673 0.055806 -0.008346 -0.479655 17.700000
0.000000 -0.820479 1.261351 -1.288969 -3.054493 0.053979 -0.007093 -0.509805 17.750000
0.000000 -0.831544 1.258680 -1.288842 -3.082903 0.052208 -0.005778 -0.614660 17.800000
0.000000 -0.368331 1.256104 -1.288698 -3.115219 0.050480 -0.004400 -0.671389 17.850000
0.450066 -0.515164 1.253621 -1.288536 3.138825 0.048744 -0.003221 -0.512457 17.900000
0.860361 -0.861191 1.251125 -1.288362 3.113770 0.051197 -0.002219 -0.492016 17.950000
0.021157 -0.510747 1.248416 -1.288166 3.085540 0.057342 -0.001048 -0.622405 18.000000
0.191631 -0.260419 1.245605 -1.287945 3.056552 0.055412 0.000152 -0.545873 18.050000
1.017754 -0.319834 1.242852 -1.287708 3.033171 0.055102 0.001067 -0.404914 18.100000
1.395290 -0.363988 1.239924 -1.287433 3.014271 0.062464 0.001823 -0.356307 18.150000
2.112180 -0.644619 1.236551 -1.287082 2.996655 0.073040 0.002613 -0.349096 18.200000
3.100113 -0.354450 1.232501 -1.286607 2.976094 0.089844 0.003726 -0.461259 18.250000
3.959510 0.082880 1.227413 -1.285922 2.954722 0.115150 0.005159 -0.400280 18.300000
4.946480 -0.248285 1.220911 -1.284932 2.940600 0.147497 0.006286 -0.186757 18.350000
5.462489 -0.095765 1.212630 -1.283546 2.930606 0.187792 0.007273 -0.210699 18.400000
4.496546 -0.267275 1.202305 -1.281682 2.921468 0.231320 0.008386 -0.159965 18.450000
4.695774 -0.505625 1.190123 -1.279361 2.912235 0.264171 0.009741 -0.204989 18.500000
5.091270 -0.433420 1.176337 -1.276605 2.898545 0.297498 0.012171 -0.329941 18.550000
5.131100 -0.429789 1.160892 -1.273348 2.881016 0.333058 0.015707 -0.367543 18.600000
4.659842 -0.409871 1.143771 -1.269529 2.862100 0.367454 0.019905 -0.387358 18.650000
4.001509 -0.371060 1.125157 -1.265145 2.842632 0.395976 0.024533 -0.391377 18.700000
3.246302 -0.263653 1.105377 -1.260250 2.823404 0.417131 0.029276 -0.379489 18.750000
3.965553 0.020089 1.084806 -1.254930 2.805787 0.430378 0.033604 -0.330759 18.800000
3.974368 -0.014438 1.063485 -1.249190 2.793188 0.449918 0.036406 -0.188155 18.850000
4.875752 0.386254 1.041283 -1.243000 2.785486 0.468959 0.037690 -0.126268 18.900000
4.322799 0.100625 1.018026 -1.236316 2.784775 0.495940 0.036632 0.078381 18.950000
4.574689 0.001023 0.993666 -1.229172 2.788519 0.516905 0.034040 0.072115 19.000000
4.426248 0.309748 0.968306 -1.221621 2.790874 0.539275 0.032007 0.026465 19.050000
5.079803 0.466267 0.941966 -1.213674 2.795109 0.559418 0.029253 0.132861 19.100000
5.974307 0.107153 0.914557 -1.205347 2.805214 0.584981 0.024123 0.259098 19.150000
6.000000 -0.264767 0.885766 -1.196590 2.815955 0.617726 0.018713 0.179092 19.200000
6.000000 -0.227113 0.855453 -1.187351 2.819413 0.649116 0.016550 -0.021457 19.250000
5.765600 -0.129506 0.823698 -1.177593 2.815677 0.679023 0.017775 -0.118908 19.300000
6.000000 0.067824 0.790632 -1.167307 2.809342 0.705421 0.020303 -0.133462 19.350000
6.000000 0.079695 0.756318 -1.156493 2.804704 0.732905 0.021983 -0.059527 19.400000
5.120813 -0.286675 0.720751 -1.145169 2.802980 0.759302 0.022150 -0.013868 19.450000
4.588225 -0.529881 0.684178 -1.133424 2.798696 0.776342 0.023763 -0.145197 19.500000
4.304809 -0.634404 0.646978 -1.121321 2.786570 0.787411 0.029739 -0.322688 19.550000
4.507487 -0.172088 0.609399 -1.108834 2.766507 0.794871 0.040064 -0.465975 19.600000
4.336359 -0.036710 0.571517 -1.095905 2.746253 0.803601 0.050235 -0.357464 19.650000
4.201162 0.369108 0.533342 -1.082551 2.731376 0.810526 0.057080 -0.249903 19.700000
3.731594 0.155999 0.494933 -1.068855 2.725101 0.816488 0.058760 -0.023497 19.750000
3.424822 0.217823 0.456389 -1.054959 2.724917 0.818318 0.056871 0.013002 19.800000
3.124585 -0.264546 0.417864 -1.040974 2.726895 0.817388 0.053786 0.061957 19.850000
4.052465 -0.573075 0.379482 -1.026964 2.725147 0.813442 0.052991 -0.114993 19.900000
4.198444 -0.110031 0.341147 -1.012791 2.713092 0.817485 0.058225 -0.344671 19.950000
4.713499 -0.584434 0.302686 -0.998266 2.697680 0.822327 0.065251 -0.279715 20.000000
5.472408 -0.215335 0.263989 -0.983301 2.679089 0.831269 0.074014 -0.447508 20.050000
5.625005 -0.629836 0.224850 -0.967708 2.658335 0.846392 0.083903 -0.390556 20.100000
4.888414 -0.159832 0.185138 -0.951370 2.634727 0.861627 0.095445 -0.539440 20.150000
3.928538 0.175878 0.145059 -0.934305 2.610764 0.868962 0.106966 -0.432878 20.200000
3.534319 0.236616 0.104971 -0.916739 2.594330 0.867915 0.113479 -0.245207 20.250000
3.727742 -0.019882 0.065099 -0.898903 2.585490 0.864342 0.115061 -0.120945 20.300000
4.489658 0.446309 0.025443 -0.880864 2.578339 0.862966 0.115547 -0.161199 20.350000
4.190934 0.077634 -0.014198 -0.862512 2.575091 0.869320 0.113596 0.014670 20.400000
4.543753 0.075005 -0.053950 -0.843842 2.574269 0.873007 0.110243 -0.041770 20.450000
4.379333 0.201548 -0.093809 -0.824848 2.571309 0.879489 0.108342 -0.073451 20.500000
3.732899 0.339928 -0.133795 -0.805506 2.568644 0.884217 0.106324 -0.036427 20.550000
3.633215 0.621610 -0.173754 -0.785943 2.569058 0.883195 0.102437 0.045926 20.600000
2.945223 0.990371 -0.213580 -0.766303 2.576001 0.882158 0.094569 0.216397 20.650000
2.159365 0.611076 -0.253196 -0.746775 2.593794 0.875965 0.080188 0.470828 20.700000
2.359902 0.861086 -0.292395 -0.727642 2.616957 0.862900 0.063110 0.459843 20.750000
1.606903 0.975337 -0.331095 -0.709001 2.642913 0.851916 0.045101 0.569109 20.800000
1.436083 1.095591 -0.369228 -0.690961 2.674490 0.834020 0.024595 0.683960 20.850000
1.562088 1.440803 -0.406649 -0.673675 2.711935 0.814493 0.001759 0.803034 20.900000
1.334243 1.746009 -0.443389 -0.657206 2.757850 0.795597 -0.024659 1.011156 20.950000
2.155624 2.018719 -0.479456 -0.641657 2.814806 0.773015 -0.055676 1.240570 21.000000
1.413013 1.563809 -0.514990 -0.627098 2.883016 0.755345 -0.090960 1.461112 21.050000
0.712820 1.813072 -0.549964 -0.613603 2.954260 0.727885 -0.125529 1.401483 21.100000
0.718408 2.204402 -0.583987 -0.601229 3.026628 0.691666 -0.157857 1.484404 21.150000
1.099838 2.428736 -0.616843 -0.589986 3.106241 0.652138 -0.190585 1.674281 21.200000
0.452404 2.720090 -0.648546 -0.579872 -3.088494 0.611776 -0.223892 1.839988 21.250000
1.153693 3.000000 -0.678936 -0.570851 -2.991492 0.560351 -0.256709 2.013098 21.300000
2.079624 3.000000 -0.707918 -0.562864 -2.886046 0.510235 -0.288089 2.177469 21.350000
2.674922 3.000000 -0.735762 -0.555896 -2.775452 0.464399 -0.316546 2.236114 21.400000
3.671628 3.000000 -0.762716 -0.549952 -2.663076 0.421204 -0.341045 2.254998 21.450000
4.349021 3.000000 -0.789035 -0.545102 -2.550196 0.385345 -0.361653 2.258739 21.500000
3.955172 2.930560 -0.814966 -0.541487 -2.437296 0.354324 -0.378842 2.256679 21.550000
3.260487 3.000000 -0.840467 -0.539099 -2.325296 0.318994 -0.392523 2.226846 21.600000
4.176772 3.000000 -0.865287 -0.537704 -2.213728 0.277045 -0.402537 2.232397 21.650000
3.611679 3.000000 -0.889410 -0.537293 -2.102253 0.244055 -0.409197 2.225625 21.700000
3.846549 3.000000 -0.912850 -0.537875 -1.991246 0.206593 -0.412741 2.213990 21.750000
3.061478 2.934721 -0.935538 -0.539344 -1.880890 0.172828 -0.413252 2.200111 21.800000
3.880787 3.000000 -0.957423 -0.541538 -1.771928 0.133993 -0.410734 2.161921 21.850000
4.286125 2.501779 -0.978497 -0.544450 -1.663788 0.105280 -0.405621 2.161500 21.900000
3.406231 2.727242 -0.998782 -0.548355 -1.560983 0.085237 -0.398434 1.979589 21.950000
3.542277 2.465945 -1.018243 -0.553156 -1.461754 0.060785 -0.389710 1.986550 22.000000
3.200511 2.551101 -1.036847 -0.558671 -1.365199 0.041177 -0.379637 1.889936 22.050000
4.137134 2.272696 -1.054572 -0.564856 -1.270989 0.021698 -0.368536 1.878857 22.100000
4.400142 2.547270 -1.071331 -0.571836 -1.180148 0.014764 -0.356895 1.771389 22.150000
4.115309 2.278405 -1.086961 -0.579848 -1.089929 0.012254 -0.345380 1.828164 22.200000
3.201364 2.040814 -1.101390 -0.588816 -1.000717 0.009047 -0.334067 1.752092 22.250000
2.450911 2.229813 -1.114690 -0.598447 -0.916481 0.001036 -0.322780 1.634968 22.300000
3.431237 2.531341 -1.127037 -0.608395 -0.834122 -0.011551 -0.311292 1.655515 22.350000
3.214528 2.274888 -1.138365 -0.618657 -0.747988 -0.014830 -0.299723 1.771623 22.400000
3.712727 1.822159 -1.148537 -0.629300 -0.660810 -0.019075 -0.288303 1.722920 22.450000
4.677433 2.035066 -1.157452 -0.640301 -0.579969 -0.014783 -0.277355 1.538947 22.500000
5.526658 1.621764 -1.164766 -0.651778 -0.502838 0.000828 -0.267408 1.546048 22.550000
4.653937 1.427507 -1.170076 -0.663816 -0.429756 0.026160 -0.258877 1.399838 22.600000
5.126343 1.269286 -1.173352 -0.676267 -0.363489 0.045562 -0.251641 1.270076 22.650000
4.639293 1.254215 -1.174656 -0.688952 -0.303186 0.071232 -0.245478 1.158438 22.700000
5.134307 1.736327 -1.173997 -0.701746 -0.246723 0.093129 -0.240337 1.107790 22.750000
4.650134 2.210119 -1.171400 -0.714515 -0.186641 0.117967 -0.236619 1.273814 22.800000
4.383347 2.594367 -1.166938 -0.727109 -0.115757 0.134138 -0.234886 1.525775 22.850000
5.110794 2.447181 -1.160886 -0.739333 -0.032418 0.143326 -0.235082 1.770606 22.900000
5.000844 1.999185 -1.153235 -0.751018 0.057359 0.156774 -0.236611 1.814180 22.950000
5.642804 1.500378 -1.143929 -0.762005 0.143925 0.169507 -0.238525 1.671362 23.000000
5.529893 1.973502 -1.132909 -0.772124 0.220682 0.190685 -0.240144 1.435153 23.050000
5.816641 2.134982 -1.120130 -0.781222 0.294803 0.210648 -0.242502 1.518411 23.100000
5.168975 1.691791 -1.105696 -0.789140 0.373497 0.230667 -0.246557 1.615779 23.150000
5.983052 1.444202 -1.089846 -0.795777 0.450805 0.243899 -0.251133 1.495331 23.200000
5.967369 1.129661 -1.072666 -0.801001 0.521616 0.265943 -0.255336 1.358195 23.250000
6.000000 0.728157 -1.054107 -0.804637 0.584612 0.289320 -0.258985 1.186786 23.300000
5.238411 1.107272 -1.034270 -0.806607 0.637578 0.315347 -0.261445 0.962809 23.350000
4.493116 1.205712 -1.013387 -0.806969 0.687126 0.334311 -0.263918 1.013619 23.400000
4.105565 1.231645 -0.991864 -0.805908 0.739624 0.344340 -0.267527 1.078477 23.450000
4.928183 0.763369 -0.970023 -0.803580 0.794713 0.349143 -0.271923 1.120073 23.500000
4.283444 0.745409 -0.947888 -0.799896 0.846191 0.362432 -0.275580 0.960805 23.550000
3.957921 1.079608 -0.925484 -0.794821 0.892050 0.371094 -0.278053 0.883899 23.600000
3.355344 1.430460 -0.903023 -0.788530 0.938978 0.375817 -0.280960 0.981264 23.650000
3.472088 1.383840 -0.880738 -0.781209 0.993170 0.371731 -0.285714 1.162510 23.700000
3.158535 1.224033 -0.858806 -0.772973 1.053074 0.366273 -0.291608 1.225188 23.750000
2.591342 0.744110 -0.837326 -0.763885 1.113380 0.357503 -0.297083 1.191534 23.800000
2.886675 0.562302 -0.816418 -0.754139 1.167292 0.346046 -0.300316 0.991086 23.850000
2.704057 0.661592 -0.796079 -0.743782 1.212238 0.341290 -0.300931 0.827176 23.900000
3.215063 0.789938 -0.776274 -0.732781 1.252506 0.336928 -0.300258 0.788075 23.950000
3.969543 1.129224 -0.756988 -0.721069 1.292799 0.337510 -0.299568 0.819757 24.000000
3.199488 1.425910 -0.738181 -0.708390 1.337981 0.343093 -0.300189 0.969056 24.050000
2.345123 1.908766 -0.719938 -0.694811 1.391636 0.337750 -0.302845 1.152731 24.100000
3.164779 1.757413 -0.702427 -0.680779 1.456758 0.319681 -0.307643 1.414645 24.150000
3.625573 1.926136 -0.685731 -0.666381 1.528960 0.306515 -0.313114 1.465554 24.200000
2.825596 2.406956 -0.669876 -0.651377 1.604597 0.296149 -0.318529 1.547496 24.250000
2.973636 2.904895 -0.654911 -0.635928 1.687941 0.274824 -0.324469 1.753674 24.300000
2.209333 3.000000 -0.640880 -0.620297 1.783014 0.249802 -0.331018 2.007025 24.350000
3.042094 2.601472 -0.627771 -0.604745 1.886910 0.213878 -0.336708 2.126702 24.400000
3.562404 2.805911 -0.615577 -0.589323 1.990258 0.186728 -0.339771 2.023049 24.450000
2.901196 2.960645 -0.604397 -0.573756 2.092296 0.165780 -0.340802 2.052324 24.500000
3.474823 3.000000 -0.594207 -0.558127 2.196677 0.138375 -0.340291 2.111238 24.550000
2.480004 2.597496 -0.585001 -0.542514 2.303117 0.116593 -0.338155 2.140046 24.600000
3.255391 2.610566 -0.576701 -0.527024 2.406160 0.088396 -0.333937 2.002880 24.650000
2.543862 2.883446 -0.569292 -0.511698 2.504860 0.071137 -0.327962 1.952307 24.700000
2.622469 3.000000 -0.562784 -0.496537 2.604639 0.048313 -0.320843 2.025318 24.750000
2.285447 3.000000 -0.557041 -0.481656 2.707753 0.026693 -0.312484 2.087500 24.800000
2.185502 3.000000 -0.551995 -0.467097 2.812662 0.003261 -0.302780 2.104616 24.850000
1.475474 2.649123 -0.547548 -0.452901 2.917960 -0.018907 -0.291711 2.105901 24.900000
1.217216 2.675032 -0.543530 -0.439100 3.019566 -0.043751 -0.279345 1.978375 24.950000
1.138778 2.284616 -0.539759 -0.425701 3.117300 -0.066854 -0.265838 1.936792 25.000000
1.668360 2.053013 -0.536201 -0.412677 -3.073618 -0.086066 -0.251630 1.778556 25.050000
1.981802 2.364855 -0.533025 -0.400022 -2.988902 -0.095356 -0.237475 1.632484 25.100000
2.474362 1.957615 -0.530465 -0.387776 -2.905654 -0.099312 -0.223531 1.688885 25.150000
2.793458 1.990611 -0.528707 -0.376012 -2.824838 -0.096290 -0.210208 1.563198 25.200000
3.471472 1.779906 -0.527927 -0.364849 -2.747735 -0.087992 -0.197927 1.526875 25.250000
3.011158 1.377544 -0.528308 -0.354448 -2.673996 -0.071617 -0.186941 1.436658 25.300000
2.796564 1.583906 -0.529845 -0.344914 -2.607479 -0.057340 -0.177467 1.250952 25.350000
3.636962 1.617501 -0.532344 -0.336248 -2.544913 -0.043868 -0.169138 1.252015 25.400000
2.773343 1.994629 -0.535857 -0.328587 -2.481882 -0.022534 -0.161867 1.267747 25.450000
2.827362 2.182098 -0.540290 -0.321964 -2.414196 -0.010446 -0.155551 1.418597 25.500000
2.072239 2.266384 -0.545398 -0.316291 -2.339440 0.000777 -0.149990 1.552246 25.550000
1.270553 2.579504 -0.550975 -0.311471 -2.259366 0.004032 -0.145008 1.637853 25.600000
1.327237 3.000000 -0.556715 -0.307242 -2.173211 -0.000929 -0.140153 1.785271 25.650000
1.886674 3.000000 -0.562468 -0.303460 -2.077956 -0.006299 -0.135126 1.991409 25.700000
1.470779 2.894601 -0.568270 -0.300243 -1.976188 -0.006782 -0.130041 2.066753 25.750000
2.317126 3.000000 -0.574096 -0.297620 -1.873143 -0.010636 -0.124960 2.056654 25.800000
2.374170 3.000000 -0.579921 -0.295699 -1.769335 -0.005905 -0.120089 2.090151 25.850000
1.678082 2.729838 -0.585724 -0.294684 -1.664467 -0.000343 -0.115762 2.102569 25.900000
1.850360 2.362314 -0.591404 -0.294417 -1.561971 -0.000508 -0.111780 2.012357 25.950000
2.655548 2.853183 -0.596883 -0.294773 -1.466098 0.002457 -0.108030 1.849196 26.000000
3.196674 3.000000 -0.602075 -0.295968 -1.370305 0.013258 -0.104899 1.964061 26.050000
2.766220 3.000000 -0.606834 -0.298262 -1.269339 0.028299 -0.102837 2.059076 26.100000
2.931441 2.590170 -0.611046 -0.301597 -1.165365 0.038567 -0.101822 2.094153 26.150000
1.961837 2.227591 -0.614621 -0.305830 -1.064477 0.050501 -0.101554 1.963343 26.200000
1.839977 2.341356 -0.617567 -0.310717 -0.971446 0.054067 -0.101557 1.786396 26.250000
1.967217 2.225964 -0.619961 -0.315983 -0.882879 0.056976 -0.101606 1.760438 26.300000
1.993994 1.807790 -0.621770 -0.321575 -0.796346 0.061224 -0.101792 1.708961 26.350000
2.480123 1.430628 -0.622942 -0.327465 -0.715868 0.066374 -0.101980 1.536445 26.400000
2.421058 1.798947 -0.623359 -0.333683 -0.645045 0.077164 -0.102122 1.327015 26.450000
2.688989 1.661400 -0.622923 -0.340232 -0.577231 0.087382 -0.102630 1.378410 26.500000
3.374020 1.936808 -0.621582 -0.347058 -0.509148 0.099595 -0.103676 1.349329 26.550000
2.940104 1.753504 -0.619139 -0.354181 -0.439052 0.117291 -0.105579 1.441579 26.600000
2.140315 1.990647 -0.615549 -0.361518 -0.367803 0.129896 -0.108265 1.412862 26.650000
2.557604 1.715293 -0.611093 -0.368858 -0.294948 0.134066 -0.111439 1.490205 26.700000
2.468211 2.161065 -0.605872 -0.376084 -0.222442 0.141688 -0.114768 1.420461 26.750000
2.286021 2.567083 -0.599836 -0.383145 -0.147472 0.147447 -0.118596 1.558216 26.800000
1.794654 3.000000 -0.593090 -0.389944 -0.063667 0.149405 -0.123436 1.762694 26.850000
1.463673 2.755165 -0.585848 -0.396382 0.031260 0.144219 -0.129175 1.996580 26.900000
0.629595 2.936914 -0.578366 -0.402396 0.131071 0.134559 -0.134685 1.995885 26.950000
1.004960 2.817399 -0.570953 -0.408006 0.232709 0.116499 -0.139179 2.058782 27.000000
0.419044 3.000000 -0.563738 -0.413242 0.335054 0.101953 -0.142392 2.038173 27.050000
1.178351 2.615193 -0.556774 -0.418158 0.438585 0.081925 -0.144308 2.093294 27.100000
1.456542 2.600604 -0.550026 -0.422761 0.539844 0.069991 -0.144854 1.976260 27.150000
2.444403 3.000000 -0.543271 -0.426952 0.637240 0.061840 -0.144478 1.927349 27.200000
3.143989 2.609306 -0.536291 -0.430549 0.737194 0.062739 -0.143991 2.050466 27.250000
3.015107 2.688969 -0.528856 -0.433268 0.837012 0.070184 -0.143798 1.957778 27.300000
2.165274 2.653848 -0.520969 -0.434974 0.934751 0.076553 -0.144002 1.952770 27.350000
1.951103 2.271233 -0.512873 -0.435819 1.031979 0.074843 -0.144330 1.938643 27.400000
2.940989 2.767201 -0.504783 -0.435996 1.124790 0.072054 -0.144252 1.796525 27.450000
2.862509 2.608050 -0.496678 -0.435331 1.218222 0.078450 -0.144350 1.920926 27.500000
2.658752 2.352936 -0.488571 -0.433640 1.313982 0.083376 -0.144946 1.911195 27.550000
2.426067 1.985445 -0.480584 -0.430999 1.406802 0.086717 -0.145618 1.816837 27.600000
1.963594 1.697897 -0.472821 -0.427519 1.492775 0.089052 -0.146020 1.648378 27.650000
2.705841 1.881803 -0.465356 -0.423369 1.570252 0.088660 -0.145931 1.476414 27.700000
2.219411 1.976753 -0.458240 -0.418493 1.644031 0.095923 -0.145803 1.475117 27.750000
2.167290 1.740125 -0.451528 -0.412865 1.718793 0.098192 -0.145999 1.510273 27.800000
1.188311 1.469488 -0.445261 -0.406652 1.792207 0.100137 -0.146199 1.437070 27.850000
2.023186 1.498511 -0.439420 -0.400114 1.860296 0.093966 -0.145910 1.305128 27.900000
2.484577 1.439151 -0.434021 -0.393295 1.924264 0.096643 -0.145271 1.259960 27.950000
1.739774 1.150827 -0.429185 -0.385929 1.986079 0.103981 -0.144729 1.218554 28.000000
2.077200 1.582666 -0.424911 -0.378112 2.043377 0.105051 -0.144050 1.090662 28.050000
2.786925 1.600215 -0.421183 -0.369960 2.101011 0.109197 -0.143539 1.200023 28.100000
3.231033 1.399971 -0.418144 -0.361311 2.162577 0.119033 -0.143652 1.255246 28.150000
2.532241 1.850272 -0.415971 -0.352006 2.223883 0.132642 -0.144246 1.204381 28.200000
2.885275 2.131570 -0.414656 -0.342171 2.288366 0.138536 -0.145565 1.354163 28.250000
2.365311 2.426185 -0.414175 -0.331968 2.360907 0.145724 -0.147959 1.523102 28.300000
2.088773 2.398114 -0.414512 -0.321527 2.442166 0.145754 -0.151359 1.700381 28.350000
2.347672 2.679574 -0.415534 -0.311071 2.528899 0.141686 -0.155076 1.759669 28.400000
2.858222 2.258540 -0.417232 -0.300683 2.620476 0.138705 -0.158936 1.883650 28.450000
2.325641 1.991738 -0.419754 -0.290349 2.711644 0.140211 -0.162559 1.779774 28.500000
2.733373 1.557108 -0.423087 -0.280134 2.796698 0.137667 -0.165415 1.643505 28.550000
2.304433 1.284596 -0.427209 -0.270108 2.872736 0.140768 -0.167288 1.429890 28.600000
3.101876 1.008505 -0.432118 -0.260306 2.938800 0.141884 -0.168209 1.239623 28.650000
3.644938 1.499043 -0.437904 -0.250749 2.995473 0.152457 -0.168386 1.052770 28.700000
2.887367 1.088330 -0.444865 -0.241434 3.051145 0.167867 -0.168996 1.160244 28.750000
2.076616 1.067321 -0.452905 -0.232442 3.106073 0.175760 -0.169934 1.051621 28.800000
2.607021 0.885176 -0.461628 -0.223844 -3.126125 0.176668 -0.170521 0.995249 28.850000
2.458341 1.374647 -0.470953 -0.215675 -3.079081 0.183351 -0.170717 0.899009 28.900000
1.797887 1.107036 -0.480945 -0.207963 -3.029974 0.187890 -0.171383 1.046449 28.950000
1.213699 0.891605 -0.491368 -0.200728 -2.978683 0.185557 -0.172343 1.009923 29.000000
1.406840 1.138924 -0.501914 -0.193943 -2.931035 0.178695 -0.172626 0.908727 29.050000
1.247578 0.974301 -0.512493 -0.187591 -2.884206 0.174073 -0.172607 0.957989 29.100000
2.120806 1.044234 -0.523102 -0.181673 -2.837496 0.168185 -0.172395 0.915640 29.150000
1.990317 1.099917 -0.533894 -0.176242 -2.791502 0.170819 -0.172053 0.923221 29.200000
1.608850 1.277935 -0.545009 -0.171364 -2.744623 0.171950 -0.171893 0.948731 29.250000
2.233398 1.770762 -0.556303 -0.167007 -2.694899 0.168832 -0.172053 1.029643 29.300000
1.663571 1.275791 -0.567781 -0.163210 -2.637009 0.169685 -0.173163 1.255499 29.350000
1.001392 1.479535 -0.579397 -0.159990 -2.576793 0.164574 -0.174405 1.165349 29.400000
0.785427 1.655337 -0.590882 -0.157201 -2.517455 0.153632 -0.175163 1.202766 29.450000
1.564763 1.928924 -0.602056 -0.154720 -2.454986 0.140306 -0.175709 1.284274 29.500000
2.040941 1.965277 -0.613006 -0.152619 -2.386867 0.133336 -0.176341 1.420775 29.550000
2.462180 2.338784 -0.623916 -0.151085 -2.313829 0.129814 -0.177158 1.490470 29.600000
3.033797 1.979232 -0.634877 -0.150266 -2.234536 0.128734 -0.178410 1.656282 29.650000
2.240128 1.855595 -0.645956 -0.150343 -2.153609 0.132470 -0.179832 1.590888 29.700000
2.908794 1.775093 -0.657058 -0.151275 -2.076118 0.129389 -0.180900 1.519356 29.750000
2.225758 1.583777 -0.668106 -0.153047 -2.001835 0.133331 -0.181657 1.460743 29.800000
1.382658 1.604312 -0.679049 -0.155652 -1.931524 0.131694 -0.182071 1.365402 29.850000
2.072140 1.910572 -0.689713 -0.158754 -1.864189 0.123003 -0.181944 1.332409 29.900000
2.485040 2.180475 -0.700060 -0.162314 -1.794700 0.120535 -0.181749 1.432659 29.950000
2.029860 2.271928 -0.710112 -0.166554 -1.719010 0.120468 -0.182035 1.574017 30.000000
1.938035 2.324033 -0.719808 -0.171421 -1.637716 0.114745 -0.182619 1.663882 30.050000
2.117203 1.952171 -0.729086 -0.176748 -1.552973 0.107476 -0.183076 1.717340 30.100000
1.619637 1.607549 -0.737911 -0.182529 -1.470428 0.102673 -0.182979 1.601959 30.150000
1.780244 1.362149 -0.746270 -0.188681 -1.395321 0.095325 -0.182002 1.427820 30.200000
2.730289 1.184469 -0.754158 -0.195134 -1.328634 0.091954 -0.180210 1.262875 30.250000
2.038546 1.295510 -0.761496 -0.202145 -1.269423 0.099529 -0.178072 1.124655 30.300000
2.490033 1.254606 -0.768246 -0.209758 -1.213697 0.101393 -0.175965 1.106771 30.350000
2.983142 1.424133 -0.774392 -0.217885 -1.159022 0.107783 -0.174017 1.083502 30.400000
2.980532 1.601618 -0.779821 -0.226687 -1.103271 0.118386 -0.172563 1.139393 30.450000
2.767682 1.276142 -0.784449 -0.236203 -1.043646 0.127738 -0.171897 1.233094 30.500000
2.613909 1.219328 -0.788265 -0.246310 -0.984333 0.134870 -0.171562 1.150840 30.550000
3.000742 0.816804 -0.791287 -0.256885 -0.928417 0.141116 -0.171188 1.093658 30.600000
2.125123 0.485077 -0.793455 -0.267926 -0.878841 0.152223 -0.170501 0.913077 30.650000
1.654040 0.248555 -0.794830 -0.279321 -0.839200 0.157123 -0.169026 0.698855 30.700000
2.398911 -0.046641 -0.795609 -0.290832 -0.809819 0.159892 -0.166555 0.499287 30.750000
3.337792 -0.381200 -0.795744 -0.302520 -0.791025 0.171953 -0.163067 0.276541 30.800000
2.773204 -0.137279 -0.794963 -0.314687 -0.784316 0.195000 -0.158347 0.017754 30.850000
1.918736 0.166658 -0.793230 -0.327408 -0.784508 0.213411 -0.152904 -0.021454 30.900000
1.363552 0.592371 -0.790813 -0.340435 -0.782607 0.222746 -0.147982 0.087284 30.950000
2.116559 0.291891 -0.787967 -0.353501 -0.771633 0.224779 -0.144687 0.327336 31.000000
1.178375 0.229292 -0.784665 -0.366594 -0.755167 0.232702 -0.142432 0.331018 31.050000
1.143871 0.089042 -0.780950 -0.379667 -0.739280 0.231765 -0.140199 0.306877 31.100000
0.193794 0.250177 -0.776993 -0.392568 -0.725918 0.231070 -0.137615 0.234891 31.150000
0.000000 0.470709 -0.772972 -0.405154 -0.713406 0.221783 -0.134938 0.262442 31.200000
0.392665 0.335579 -0.769086 -0.417257 -0.697373 0.210459 -0.132803 0.367476 31.250000
0.908088 0.487760 -0.765295 -0.428912 -0.679045 0.202855 -0.130972 0.365595 31.300000
1.197459 0.081399 -0.761431 -0.440266 -0.659072 0.200085 -0.129374 0.426631 31.350000
0.696470 -0.247228 -0.757347 -0.451438 -0.641514 0.200576 -0.127465 0.290110 31.400000
0.000000 -0.304869 -0.753084 -0.462422 -0.632828 0.197966 -0.124349 0.078245 31.450000
0.652533 -0.184712 -0.748869 -0.473090 -0.632851 0.190470 -0.120107 -0.065942 31.500000
0.637127 -0.012482 -0.744704 -0.483472 -0.636998 0.189980 -0.115452 -0.097125 31.550000
1.284215 0.404355 -0.740468 -0.493670 -0.640340 0.189217 -0.111068 -0.041995 31.600000
0.877300 0.281880 -0.736046 -0.503768 -0.636720 0.193446 -0.107787 0.166796 31.650000
0.792440 0.748842 -0.731402 -0.513774 -0.626632 0.192814 -0.105507 0.230260 31.700000
0.177079 1.159728 -0.726632 -0.523602 -0.608811 0.190344 -0.104354 0.458289 31.750000
0.000000 0.971314 -0.721875 -0.533126 -0.577992 0.180421 -0.104874 0.741566 31.800000
0.364734 1.187772 -0.717286 -0.542218 -0.539165 0.168056 -0.106124 0.803775 31.850000
0.365296 1.026989 -0.712829 -0.550907 -0.495759 0.158821 -0.107567 0.918053 31.900000
1.171805 1.525376 -0.708435 -0.559238 -0.450144 0.149541 -0.108916 0.907725 31.950000
2.147397 1.562239 -0.703935 -0.567298 -0.399416 0.147256 -0.110578 1.096803 32.000000
2.811762 1.889635 -0.698961 -0.575225 -0.341766 0.152937 -0.112988 1.195990 32.050000
2.227346 2.219971 -0.693174 -0.583093 -0.277177 0.163268 -0.116435 1.364304 32.100000
3.156839 2.069422 -0.686590 -0.590821 -0.203384 0.165937 -0.121140 1.559026 32.150000
3.107277 1.569616 -0.679167 -0.598321 -0.124734 0.175819 -0.126598 1.583663 32.200000
2.848171 1.704743 -0.670743 -0.605539 -0.050531 0.185071 -0.131815 1.410379 32.250000
3.390311 2.100643 -0.661424 -0.612394 0.019417 0.191823 -0.136716 1.390722 32.300000
4.012110 1.816024 -0.651193 -0.618802 0.092981 0.202168 -0.142397 1.531641 32.350000
3.375292 1.551725 -0.639853 -0.624645 0.168239 0.216956 -0.148779 1.486061 32.400000
3.955334 1.388888 -0.627483 -0.629835 0.239242 0.225493 -0.154887 1.371205 32.450000
4.513825 1.458364 -0.614163 -0.634295 0.304732 0.239703 -0.160444 1.264117 32.500000
5.315693 1.008781 -0.599708 -0.637883 0.367449 0.258661 -0.166102 1.247691 32.550000
5.774801 0.939981 -0.583912 -0.640411 0.424847 0.285071 -0.171525 1.072936 32.600000
5.661885 0.650036 -0.566601 -0.641693 0.475642 0.315854 -0.176524 0.973123 32.650000
5.555310 0.983021 -0.547808 -0.641636 0.519929 0.345623 -0.180904 0.818960 32.700000
5.954869 0.695862 -0.527680 -0.640220 0.562649 0.373333 -0.185669 0.883119 32.750000
5.794397 0.840441 -0.506286 -0.637362 0.604598 0.403555 -0.190916 0.805866 32.800000
6.000000 0.789464 -0.483698 -0.632998 0.645604 0.431011 -0.196577 0.832519 32.850000
6.000000 0.896609 -0.460038 -0.627090 0.687160 0.458784 -0.203019 0.831406 32.900000
5.873115 1.388201 -0.435401 -0.619581 0.730055 0.484667 -0.210488 0.879974 32.950000
5.241082 1.620767 -0.409972 -0.610459 0.780267 0.505663 -0.221024 1.101609 33.000000
6.000000 1.699355 -0.384094 -0.599811 0.840853 0.515887 -0.235517 1.296827 33.050000
5.001232 1.393679 -0.357975 -0.587579 0.909107 0.528902 -0.252854 1.418290 33.100000
4.449978 1.114703 -0.331848 -0.573808 0.978391 0.530149 -0.270287 1.362801 33.150000
4.749723 1.555011 -0.306048 -0.558805 1.043009 0.526466 -0.285280 1.240346 33.200000
4.001471 1.279390 -0.280689 -0.542641 1.108394 0.524116 -0.299922 1.359584 33.250000
4.350947 0.825857 -0.255936 -0.525447 1.174952 0.513160 -0.314148 1.310431 33.300000
4.903976 0.640458 -0.231889 -0.507335 1.235047 0.507558 -0.325110 1.120122 33.350000
5.077690 0.409375 -0.208476 -0.488116 1.286715 0.510315 -0.332570 0.967461 33.400000
4.177951 0.141543 -0.185655 -0.467634 1.330648 0.517651 -0.337118 0.810434 33.450000
4.013821 0.518200 -0.163465 -0.446060 1.366151 0.520010 -0.338540 0.631283 33.500000
4.509290 0.773251 -0.141953 -0.423642 1.399511 0.521678 -0.339195 0.695740 33.550000
4.859494 1.173082 -0.121157 -0.400342 1.438057 0.525414 -0.341834 0.830258 33.600000
4.635327 1.212666 -0.101148 -0.376036 1.485836 0.527714 -0.347938 1.053164 33.650000
3.671763 1.696214 -0.082057 -0.350799 1.541847 0.523437 -0.356858 1.171960 33.700000
3.376790 1.452288 -0.064006 -0.325014 1.607175 0.505050 -0.368425 1.407855 33.750000
4.035175 1.660238 -0.047088 -0.299085 1.677762 0.480977 -0.380415 1.414153 33.800000
4.304168 1.398706 -0.031343 -0.272999 1.750719 0.461649 -0.391689 1.492283 33.850000
3.657925 1.892548 -0.016833 -0.246615 1.823430 0.444695 -0.401522 1.425489 33.900000
3.500381 1.456069 -0.003552 -0.220084 1.899109 0.419853 -0.410853 1.577986 33.950000
4.468859 1.544043 0.008534 -0.193675 1.975038 0.393544 -0.418516 1.473257 34.000000
4.383081 1.305825 0.019357 -0.167241 2.048307 0.378119 -0.424056 1.458832 34.050000
4.719401 1.197120 0.028824 -0.140637 2.118459 0.363853 -0.427788 1.360549 34.100000
4.702930 0.890480 0.036886 -0.113846 2.184076 0.355642 -0.429664 1.275580 34.150000
5.073541 1.343109 0.043486 -0.086834 2.243459 0.351147 -0.429599 1.120558 34.200000
5.084831 1.123792 0.048550 -0.059572 2.302455 0.350505 -0.429366 1.224977 34.250000
5.721584 0.866047 0.052010 -0.032100 2.362613 0.349330 -0.429373 1.186541 34.300000
5.593609 1.006844 0.053742 -0.004391 2.418677 0.356525 -0.428469 1.071895 34.350000
5.633989 1.318470 0.053640 0.023566 2.472409 0.363671 -0.427305 1.077171 34.400000
5.396695 1.071185 0.051723 0.051642 2.529774 0.368847 -0.427384 1.201111 34.450000
6.000000 0.708640 0.048043 0.079664 2.588718 0.370675 -0.427993 1.162146 34.500000
6.000000 1.148373 0.042528 0.107582 2.642429 0.381056 -0.427419 1.007571 34.550000
5.439394 1.297630 0.035055 0.135392 2.695728 0.391287 -0.427188 1.111452 34.600000
6.000000 1.669712 0.025784 0.162890 2.754285 0.392818 -0.428654 1.216760 34.650000
5.530776 1.320002 0.014776 0.189909 2.820467 0.394852 -0.432295 1.404426 34.700000
6.000000 1.702618 0.002086 0.216291 2.889214 0.390596 -0.436431 1.352827 34.750000
5.516034 1.785486 -0.012233 0.241905 2.960342 0.389051 -0.440964 1.474788 34.800000
4.951727 2.026684 -0.028087 0.266608 3.036392 0.379642 -0.446394 1.554964 34.850000
4.874479 2.218024 -0.045131 0.290231 3.117555 0.361682 -0.452237 1.672553 34.900000
5.767959 2.006325 -0.063100 0.312656 -3.078776 0.339572 -0.458129 1.782918 34.950000
6.000000 2.091426 -0.082077 0.333781 -2.990724 0.325266 -0.462947 1.744299 35.000000
6.000000 2.393810 -0.102236 0.353495 -2.903125 0.313457 -0.466677 1.756915 35.050000
6.000000 2.519225 -0.123510 0.371690 -2.812061 0.299486 -0.470239 1.867084 35.100000
5.651503 2.901779 -0.145734 0.388268 -2.716304 0.282640 -0.473639 1.948652 35.150000
6.000000 2.740899 -0.168660 0.403187 -2.614195 0.258709 -0.476758 2.107288 35.200000
6.000000 2.513840 -0.192104 0.416388 -2.508985 0.236606 -0.478611 2.100423 35.250000
5.875611 2.864066 -0.216002 0.427778 -2.406519 0.217030 -0.478378 2.011374 35.300000
6.000000 3.000000 -0.240214 0.437327 -2.303443 0.196785 -0.476818 2.095692 35.350000
5.181485 2.860062 -0.264573 0.445016 -2.196550 0.176306 -0.474324 2.166137 35.400000
5.998910 3.000000 -0.288830 0.450973 -2.089132 0.149153 -0.470147 2.133666 35.450000
5.253211 3.000000 -0.312856 0.455185 -1.981536 0.131250 -0.464429 2.163385 35.500000
5.662070 3.000000 -0.336537 0.457649 -1.873226 0.107581 -0.457378 2.166358 35.550000
6.000000 3.000000 -0.359711 0.458450 -1.765042 0.089825 -0.448976 2.160390 35.600000
6.000000 3.000000 -0.382290 0.457431 -1.657205 0.077390 -0.439696 2.153168 35.650000
6.000000 3.000000 -0.404130 0.454547 -1.549713 0.067023 -0.429858 2.146682 35.700000
6.000000 2.951827 -0.425070 0.449843 -1.442520 0.058679 -0.419646 2.141185 35.750000
5.684049 2.587105 -0.444945 0.443382 -1.336068 0.052563 -0.409219 2.119950 35.800000
4.781568 2.576663 -0.463613 0.435303 -1.234074 0.047696 -0.398575 1.982362 35.850000
4.178729 2.162395 -0.481019 0.425931 -1.136573 0.038497 -0.387676 1.926123 35.900000
3.386122 2.114317 -0.497193 0.415639 -1.045240 0.028694 -0.376349 1.753941 35.950000
3.644145 2.490420 -0.512208 0.404734 -0.960025 0.016382 -0.364621 1.667213 36.000000
2.968539 2.218607 -0.526078 0.393354 -0.873758 0.007780 -0.352706 1.767269 36.050000
3.813886 2.189224 -0.538845 0.381632 -0.787187 -0.005518 -0.340525 1.704515 36.100000
4.087608 2.603490 -0.550435 0.369582 -0.703020 -0.007943 -0.328310 1.667745 36.150000
3.831144 2.640637 -0.560620 0.357091 -0.615706 -0.007734 -0.316465 1.803576 36.200000
4.517450 2.694281 -0.569389 0.344265 -0.523643 -0.010534 -0.304918 1.868435 36.250000
4.928981 3.000000 -0.576633 0.331171 -0.428954 -0.006497 -0.293805 1.912254 36.300000
4.177763 3.000000 -0.582110 0.317832 -0.329684 0.000801 -0.283471 2.038169 36.350000
5.011116 2.892542 -0.585905 0.304436 -0.226428 0.000684 -0.273742 2.084336 36.400000
5.824260 2.809584 -0.587998 0.291152 -0.122812 0.009507 -0.264674 2.064127 36.450000
5.860743 2.777013 -0.588021 0.278101 -0.020615 0.027247 -0.256889 2.030236 36.500000
6.000000 3.000000 -0.585815 0.265492 0.080277 0.046077 -0.250679 2.009693 36.550000
6.000000 3.000000 -0.581420 0.253565 0.182909 0.065643 -0.246153 2.083986 36.600000
6.000000 2.778304 -0.574929 0.242559 0.287956 0.084182 -0.243301 2.113679 36.650000
6.000000 2.970788 -0.566489 0.232700 0.391749 0.102739 -0.241840 2.049617 36.700000
5.127585 3.000000 -0.556261 0.224194 0.495602 0.120674 -0.241804 2.097271 36.750000
4.858105 3.000000 -0.544620 0.217120 0.601313 0.129129 -0.242903 2.126628 36.800000
4.778914 3.000000 -0.531983 0.211469 0.707978 0.134244 -0.244561 2.138255 36.850000
5.763528 2.593849 -0.518590 0.207285 0.815032 0.138035 -0.246536 2.143275 36.900000
6.000000 2.102524 -0.504476 0.204803 0.918131 0.151863 -0.248687 2.004631 36.950000
5.960187 1.900049 -0.489642 0.204319 1.011885 0.170215 -0.250858 1.782291 37.000000
5.354759 1.732632 -0.474251 0.205942 1.096516 0.190320 -0.253077 1.627863 37.050000
5.208446 1.912981 -0.458558 0.209572 1.174468 0.206061 -0.255361 1.508874 37.100000
4.654625 1.809919 -0.442808 0.215057 1.250518 0.220227 -0.258127 1.530641 37.150000
4.987067 1.742861 -0.427216 0.222214 1.326269 0.228494 -0.261347 1.503913 37.200000
4.343320 1.434391 -0.411944 0.230963 1.400494 0.239733 -0.264726 1.470671 37.250000
4.293073 0.954676 -0.397125 0.241193 1.470396 0.245794 -0.267682 1.344072 37.300000
4.779226 0.486300 -0.382869 0.252721 1.530944 0.254335 -0.269220 1.110452 37.350000
5.357715 0.527628 -0.369220 0.265651 1.578461 0.271752 -0.268812 0.827302 37.400000
6.000000 0.280822 -0.356213 0.280231 1.616645 0.297300 -0.267275 0.714845 37.450000
5.876705 -0.114475 -0.343906 0.296711 1.648219 0.330279 -0.265104 0.566834 37.500000
6.000000 0.230775 -0.332339 0.315170 1.670150 0.364364 -0.261363 0.336966 37.550000
5.275615 0.009844 -0.321520 0.335568 1.687766 0.399863 -0.257163 0.366004 37.600000
5.975394 -0.290700 -0.311451 0.357691 1.704078 0.427764 -0.253109 0.294960 37.650000
6.000000 0.204046 -0.302133 0.381480 1.714421 0.463158 -0.247655 0.135936 37.700000
6.000000 -0.279983 -0.293571 0.407054 1.724674 0.497445 -0.242664 0.262591 37.750000
5.814949 -0.724232 -0.285778 0.434333 1.734210 0.530637 -0.237790 0.132862 37.800000
5.929002 -0.934157 -0.278709 0.463232 1.733781 0.563979 -0.229407 -0.125002 37.850000
6.000000 -0.842431 -0.272254 0.493733 1.721201 0.600650 -0.216266 -0.354630 37.900000
6.000000 -0.971626 -0.266285 0.525866 1.701136 0.638307 -0.199969 -0.439275 37.950000
6.000000 -0.612085 -0.260680 0.559604 1.676426 0.675115 -0.181529 -0.538997 38.000000
6.000000 -0.898926 -0.255322 0.594889 1.652032 0.709686 -0.163288 -0.448085 38.050000
6.000000 -0.878615 -0.250135 0.631640 1.627533 0.742215 -0.145015 -0.524884 38.100000
5.263539 -1.290322 -0.245015 0.669792 1.600264 0.773237 -0.125328 -0.563502 38.150000
6.000000 -1.518557 -0.239830 0.709107 1.566692 0.796286 -0.102246 -0.759272 38.200000
5.159705 -1.356378 -0.234392 0.749529 1.523232 0.825169 -0.073614 -0.958140 38.250000
5.103986 -0.892264 -0.228506 0.790949 1.474107 0.843686 -0.041879 -1.005470 38.300000
5.453938 -0.500741 -0.222062 0.833054 1.427884 0.858752 -0.012421 -0.865769 38.350000
5.297687 -0.482575 -0.215043 0.875829 1.390387 0.874750 0.011147 -0.662388 38.400000
6.000000 -0.500652 -0.207478 0.919255 1.359919 0.887730 0.029902 -0.570084 38.450000
5.978491 -0.330791 -0.199345 0.963404 1.332209 0.906064 0.046606 -0.544179 38.500000
6.000000 -0.253264 -0.190591 1.008371 1.307012 0.922991 0.061445 -0.474169 38.550000
6.000000 0.151063 -0.181211 1.054101 1.284933 0.939194 0.074008 -0.417554 38.600000
6.000000 -0.316035 -0.171225 1.100558 1.269291 0.955057 0.082028 -0.229432 38.650000
5.774778 -0.760727 -0.160683 1.147720 1.255077 0.970225 0.089009 -0.330198 38.700000
6.000000 -0.307647 -0.149534 1.195464 1.231830 0.981276 0.102187 -0.575329 38.750000
5.297617 -0.181312 -0.137648 1.243684 1.204433 0.992855 0.117979 -0.528926 38.800000
4.417911 0.255145 -0.125044 1.292220 1.179790 0.997339 0.131429 -0.466324 38.850000
4.611708 0.160191 -0.111891 1.340717 1.162139 0.994401 0.139454 -0.262727 38.900000
4.192232 -0.171222 -0.098329 1.389069 1.150811 0.994456 0.142715 -0.197580 38.950000
3.306955 0.100420 -0.084406 1.437243 1.138025 0.990281 0.146896 -0.303673 39.000000
2.773356 0.512970 -0.070216 1.484939 1.124330 0.977836 0.151479 -0.250124 39.050000
2.335613 0.592891 -0.055926 1.531897 1.117385 0.962341 0.151094 -0.047092 39.100000
3.314050 0.192264 -0.041719 1.578011 1.119188 0.945252 0.144700 0.106316 39.150000
2.490119 0.173019 -0.027595 1.623481 1.122356 0.938219 0.137640 0.029179 39.200000
1.981070 0.406360 -0.013518 1.668349 1.122528 0.923294 0.132832 -0.016796 39.250000
1.498137 0.130410 0.000397 1.712353 1.123831 0.904506 0.127449 0.062803 39.300000
1.474157 -0.328457 0.014041 1.755334 1.125120 0.882055 0.122285 -0.003602 39.350000
1.594502 -0.121492 0.027414 1.797205 1.118662 0.859077 0.122129 -0.231915 39.400000
1.307355 -0.400190 0.040622 1.837972 1.106042 0.837169 0.125595 -0.269116 39.450000
0.721190 -0.559251 0.053696 1.877614 1.088821 0.812670 0.131439 -0.405627 39.500000
1.590035 -0.105070 0.066602 1.915951 1.064710 0.782353 0.140657 -0.544095 39.550000
1.819663 -0.200709 0.079418 1.953057 1.040625 0.761108 0.149097 -0.432304 39.600000
1.168168 -0.619441 0.092249 1.989217 1.019472 0.743263 0.155342 -0.415978 39.650000
0.333697 -1.100593 0.105050 2.024376 0.994114 0.719031 0.163247 -0.580343 39.700000
1.312174 -1.335911 0.117685 2.058213 0.957357 0.685121 0.176051 -0.857358 39.750000
1.066880 -1.712744 0.130246 2.090700 0.908120 0.657842 0.193588 -1.084151 39.800000
0.426441 -1.741583 0.142869 2.121912 0.846816 0.624804 0.214970 -1.334788 39.850000
0.672246 -1.574966 0.155417 2.151623 0.776620 0.582651 0.237782 -1.456298 39.900000
0.617727 -1.156357 0.167782 2.179762 0.704090 0.541673 0.258651 -1.446609 39.950000
0.000000 -0.911799 0.179927 2.206428 0.636353 0.501790 0.274913 -1.285415 40.000000
0.000000 -0.566504 0.191670 2.231654 0.576757 0.459650 0.285836 -1.119856 40.050000
0.982174 -0.668483 0.202866 2.255507 0.526745 0.422291 0.291676 -0.906712 40.100000
0.788587 -0.170259 0.213715 2.278249 0.483185 0.397822 0.294324 -0.842579 40.150000
1.075286 0.206673 0.224386 2.300065 0.447572 0.375631 0.293964 -0.608626 40.200000
1.231486 0.464280 0.234931 2.321077 0.424755 0.362146 0.289801 -0.333299 40.250000
1.664025 0.195707 0.245487 2.341446 0.415159 0.355938 0.282244 -0.075532 40.300000
0.700183 0.524759 0.256216 2.361321 0.412242 0.356603 0.273246 -0.043622 40.350000
0.534065 0.764923 0.267008 2.380695 0.414484 0.350204 0.263258 0.118872 40.400000
0.000000 0.647177 0.277642 2.399531 0.425792 0.345636 0.251384 0.314635 40.450000
0.000000 1.093476 0.287994 2.417832 0.443170 0.338109 0.238500 0.375211 40.500000
0.493922 1.305145 0.297968 2.435596 0.468004 0.332895 0.224363 0.594832 40.550000
0.921329 0.805547 0.307691 2.452951 0.503290 0.335019 0.208257 0.793860 40.600000
0.688687 0.874024 0.317353 2.470054 0.540186 0.340695 0.192230 0.694689 40.650000
0.142353 1.239046 0.326968 2.486930 0.574418 0.342549 0.177309 0.677515 40.700000
0.000000 1.281535 0.336365 2.503492 0.612233 0.339382 0.162051 0.819073 40.750000
0.417866 0.904917 0.345400 2.519688 0.655655 0.335387 0.146070 0.907825 40.800000
1.089827 0.536112 0.354119 2.535577 0.698147 0.334342 0.130941 0.805546 40.850000
1.518227 0.954801 0.362713 2.551301 0.733024 0.337495 0.118129 0.613111 40.900000
0.657355 0.732191 0.371363 2.567006 0.765806 0.343599 0.106143 0.689817 40.950000
0.862496 0.533489 0.379970 2.582629 0.798922 0.340989 0.094451 0.641276 41.000000
1.343454 0.685758 0.388412 2.598060 0.828150 0.339427 0.084153 0.540112 41.050000
2.252820 0.550080 0.396797 2.613408 0.855521 0.341801 0.074647 0.553756 41.100000
3.195645 0.264465 0.405325 2.628920 0.881915 0.352088 0.065586 0.507641 41.150000
3.269155 0.345349 0.414247 2.644921 0.903435 0.370010 0.057832 0.368613 41.200000
2.896157 0.360397 0.423682 2.661567 0.920810 0.387386 0.051182 0.330696 41.250000
3.661518 0.745520 0.433550 2.678783 0.936994 0.400377 0.044903 0.318313 41.300000
3.138053 0.693232 0.443861 2.696636 0.957174 0.420022 0.037464 0.472652 41.350000
3.491718 0.914040 0.454577 2.715181 0.982472 0.434022 0.028488 0.533147 41.400000
3.158697 0.889714 0.465598 2.734394 1.012541 0.450557 0.018029 0.656254 41.450000
4.152213 1.072271 0.476844 2.754286 1.046864 0.462950 0.006236 0.711155 41.500000
4.166714 0.768223 0.488304 2.774995 1.085307 0.483477 -0.006960 0.815114 41.550000
4.507447 0.382499 0.499990 2.796719 1.124192 0.502604 -0.020391 0.749523 41.600000
5.417784 0.359335 0.511870 2.819503 1.156581 0.523694 -0.031532 0.568382 41.650000
6.000000 0.138946 0.524028 2.843571 1.182324 0.552251 -0.040328 0.473075 41.700000
6.000000 -0.345709 0.536559 2.869194 1.202211 0.585108 -0.047005 0.337947 41.750000
6.000000 -0.264388 0.549500 2.896434 1.211628 0.617163 -0.049407 0.066447 41.800000
5.612709 -0.434368 0.562892 2.925209 1.211789 0.648485 -0.047786 -0.049086 41.850000
5.900132 -0.033672 0.576741 2.955357 1.205559 0.675297 -0.043207 -0.187006 41.900000
6.000000 0.076871 0.591073 2.986783 1.198727 0.703638 -0.038398 -0.095633 41.950000
6.000000 0.186263 0.605889 3.019517 1.196604 0.731436 -0.036027 0.001416 42.000000
6.000000 -0.126759 0.621139 3.053535 1.199463 0.757807 -0.036341 0.103446 42.050000
5.451631 -0.337770 0.636764 3.088797 1.202580 0.783038 -0.036811 0.028616 42.100000
5.129260 0.052083 0.652724 3.125123 1.200387 0.802365 -0.034307 -0.104036 42.150000
5.168746 0.024631 0.668979 3.162265 1.197657 0.817889 -0.031581 -0.014015 42.200000
4.496560 -0.195087 0.685470 3.200134 1.198012 0.832974 -0.030726 0.024576 42.250000
3.740104 -0.541943 0.702122 3.238565 1.197260 0.841224 -0.029229 -0.048061 42.300000
2.761739 -0.546741 0.718850 3.277210 1.189651 0.842349 -0.023657 -0.238424 42.350000
2.410778 -0.644533 0.735596 3.315651 1.174705 0.834467 -0.013917 -0.349433 42.400000
3.057467 -0.609856 0.752320 3.353578 1.154322 0.823504 -0.001396 -0.456272 42.450000
2.477328 -1.016036 0.769117 3.391040 1.130171 0.818610 0.012792 -0.506405 42.500000
3.033604 -1.012863 0.786046 3.428028 1.099331 0.807839 0.030248 -0.706627 42.550000
3.981530 -0.784233 0.803200 3.464483 1.061022 0.801475 0.051208 -0.815653 42.600000
3.787884 -0.316274 0.820806 3.500661 1.021019 0.802940 0.072347 -0.790666 42.650000
3.150289 -0.815816 0.838949 3.536683 0.986766 0.802146 0.089469 -0.604042 42.700000
3.349750 -1.036343 0.857491 3.572379 0.953298 0.794814 0.105484 -0.722961 42.750000
2.527961 -0.841431 0.876416 3.607604 0.912844 0.787762 0.124721 -0.878770 42.800000
2.781648 -0.872194 0.895683 3.642165 0.868744 0.771654 0.144975 -0.886749 42.850000
3.522740 -0.851543 0.915218 3.675922 0.823731 0.757211 0.164548 -0.912830 42.900000
3.458017 -0.715032 0.935181 3.709017 0.777753 0.748855 0.183597 -0.926909 42.950000
2.538456 -0.950444 0.955677 3.741527 0.732515 0.739309 0.201293 -0.889402 43.000000
2.961085 -0.463711 0.976524 3.773265 0.685764 0.720142 0.218703 -0.971788 43.050000
2.003440 -0.091375 0.997632 3.804125 0.641322 0.705391 0.233752 -0.825591 43.100000
1.252300 0.099617 1.018873 3.834093 0.606052 0.684609 0.243170 -0.611042 43.150000
0.497245 -0.349462 1.039900 3.863051 0.580634 0.660686 0.246980 -0.425772 43.200000
0.431088 0.129874 1.060422 3.890907 0.556959 0.631241 0.249375 -0.510778 43.250000
0.069801 -0.198952 1.080296 3.917606 0.535767 0.603203 0.250108 -0.352809 43.300000
0.342685 -0.313935 1.099457 3.943187 0.516782 0.573722 0.249457 -0.400102 43.350000
0.101467 0.033405 1.117915 3.967681 0.494914 0.547025 0.249600 -0.466211 43.400000
0.000000 -0.309827 1.135699 3.991128 0.474737 0.519772 0.248676 -0.351827 43.450000
0.000000 0.087145 1.152764 4.013563 0.455012 0.492876 0.247231 -0.427651 43.500000
0.000000 0.210437 1.169116 4.035018 0.437204 0.467768 0.244817 -0.297157 43.550000
0.230020 0.138074 1.184788 4.055578 0.425822 0.445869 0.240099 -0.169688 43.600000
0.889444 0.153400 1.199864 4.075345 0.418547 0.428387 0.234107 -0.124488 43.650000
1.125060 -0.292779 1.214563 4.094456 0.413300 0.418422 0.227642 -0.087981 43.700000
1.389511 -0.701814 1.229092 4.113018 0.404357 0.409961 0.222464 -0.252625 43.750000
0.728335 -1.078023 1.243554 4.131042 0.384645 0.401114 0.220528 -0.507923 43.800000
0.035844 -1.141771 1.257847 4.148428 0.351433 0.382448 0.222228 -0.787168 43.850000
0.972185 -1.174574 1.271653 4.165007 0.307665 0.354776 0.226086 -0.943164 43.900000
0.484259 -1.567036 1.285019 4.180788 0.258177 0.334887 0.230476 -1.025212 43.950000
1.395347 -1.940691 1.298028 4.195811 0.201643 0.308720 0.235514 -1.210445 44.000000
1.996111 -1.579343 1.310745 4.210083 0.134861 0.288310 0.241625 -1.429278 44.050000
2.045593 -1.830680 1.323478 4.223648 0.064686 0.272629 0.247332 -1.383837 44.100000
1.686382 -1.722511 1.336353 4.236525 -0.006611 0.257136 0.252278 -1.456988 44.150000
1.084523 -2.032919 1.349264 4.248707 -0.079120 0.238060 0.256380 -1.444471 44.200000
0.440518 -1.995225 1.361961 4.260219 -0.154421 0.212798 0.259642 -1.550796 44.250000
0.000000 -2.428486 1.374132 4.271130 -0.232685 0.181216 0.261674 -1.574724 44.300000
0.742640 -2.677448 1.385527 4.281552 -0.316123 0.144778 0.262337 -1.736252 44.350000
1.022984 -2.882467 1.396213 4.291533 -0.407199 0.113926 0.261683 -1.882079 44.400000
1.346532 -2.894715 1.406411 4.301063 -0.504883 0.084693 0.259569 -2.003865 44.450000
1.810240 -3.000000 1.416251 4.310135 -0.606378 0.058633 0.255798 -2.047414 44.500000
1.615763 -3.000000 1.425899 4.318688 -0.710186 0.037696 0.250541 -2.095739 44.550000
1.225275 -2.845781 1.435411 4.326709 -0.815389 0.016103 0.243920 -2.109095 44.600000
0.523259 -3.000000 1.444707 4.334308 -0.919316 -0.006854 0.235852 -2.055929 44.650000
1.263031 -2.832385 1.453669 4.341692 -1.023044 -0.034175 0.226207 -2.086873 44.700000
2.006927 -2.803951 1.462349 4.348855 -1.125916 -0.051889 0.215263 -2.035922 44.750000
2.481975 -3.000000 1.470943 4.355473 -1.226847 -0.059910 0.203840 -2.006096 44.800000
2.816953 -2.824729 1.479540 4.361258 -1.328846 -0.061936 0.192415 -2.064190 44.850000
1.891405 -2.595029 1.488132 4.366014 -1.430879 -0.059230 0.181406 -2.024053 44.900000
2.595289 -2.263600 1.496624 4.369863 -1.529302 -0.062887 0.170898 -1.928579 44.950000
2.148685 -2.690619 1.504929 4.372833 -1.621279 -0.057061 0.161106 -1.775319 45.000000
2.038719 -2.965036 1.512982 4.374859 -1.712830 -0.054340 0.151965 -1.871547 45.050000
2.304217 -3.000000 1.520727 4.376097 -1.810309 -0.052808 0.143054 -2.005771 45.100000
1.842902 -2.588525 1.528095 4.376546 -1.912399 -0.048577 0.134481 -2.067660 45.150000
1.278481 -2.585502 1.535039 4.376280 -2.012218 -0.047248 0.126473 -1.945453 45.200000
2.191449 -2.504502 1.541591 4.375540 -2.108159 -0.049518 0.118844 -1.899652 45.250000
1.914203 -2.245201 1.547656 4.374275 -2.201817 -0.041900 0.111739 -1.854202 45.300000
1.102968 -2.704902 1.553103 4.372400 -2.291349 -0.035692 0.105451 -1.744574 45.350000
1.679418 -2.727900 1.558052 4.370157 -2.382169 -0.036699 0.099518 -1.868564 45.400000
0.970781 -3.000000 1.562511 4.367629 -2.477196 -0.032142 0.093801 -1.923696 45.450000
0.292454 -3.000000 1.566493 4.364870 -2.576788 -0.034184 0.088255 -2.040654 45.500000
0.000000 -3.000000 1.570257 4.362089 -2.680053 -0.042116 0.082439 -2.082780 45.550000
0.000000 -3.000000 1.573996 4.359385 -2.784625 -0.051763 0.076129 -2.097527 45.600000
0.464107 -2.848325 1.577763 4.356753 -2.889649 -0.060165 0.069344 -2.102552 45.650000
1.457285 -2.831953 1.581438 4.354137 -2.993276 -0.062836 0.062440 -2.051222 45.700000
0.614851 -3.000000 1.584664 4.351484 -3.095139 -0.055095 0.056037 -2.027428 45.750000
1.432107 -2.697489 1.587400 4.348819 3.085191 -0.054702 0.050108 -2.078318 45.800000
1.252635 -2.290950 1.589650 4.346199 2.983836 -0.045842 0.044773 -1.990597 45.850000
0.993985 -1.864862 1.591270 4.343693 2.889430 -0.037921 0.040432 -1.814249 45.900000
0.871410 -1.411600 1.592377 4.341340 2.805102 -0.031678 0.036965 -1.593099 45.950000
0.000000 -1.692201 1.593072 4.339162 2.732784 -0.025876 0.034224 -1.337042 46.000000
0.605415 -2.111230 1.593582 4.337094 2.665976 -0.027894 0.031784 -1.335480 46.050000
0.000000 -1.971585 1.593971 4.335126 2.594733 -0.024173 0.029388 -1.491662 46.100000
0.011895 -1.757455 1.594243 4.333254 2.519794 -0.026133 0.027049 -1.504070 46.150000
0.864304 -1.910999 1.594515 4.331406 2.446723 -0.027607 0.024732 -1.429661 46.200000
0.102742 -1.412899 1.594629 4.329719 2.374479 -0.020857 0.022649 -1.456270 46.250000
0.870033 -1.552434 1.594579 4.328207 2.306673 -0.021120 0.020868 -1.280944 46.300000
0.338196 -1.985143 1.594383 4.326890 2.243245 -0.013971 0.019369 -1.259233 46.350000
0.090774 -1.899097 1.594020 4.325811 2.175890 -0.012013 0.018092 -1.413119 46.400000
0.628284 -1.806525 1.593613 4.324825 2.104314 -0.012414 0.016857 -1.445262 46.450000
1.261172 -1.469741 1.593139 4.323995 2.032657 -0.007692 0.015774 -1.424096 46.500000
1.619305 -1.464764 1.592490 4.323569 1.965308 0.002913 0.015124 -1.289128 46.550000
2.573317 -1.816615 1.591617 4.323760 1.902539 0.016578 0.015050 -1.229887 46.600000
3.378576 -1.424829 1.590482 4.324856 1.837969 0.038534 0.015824 -1.337829 46.650000
3.189759 -1.723051 1.589063 4.327236 1.773976 0.067050 0.017696 -1.236226 46.700000
2.615745 -1.235964 1.587447 4.331010 1.710178 0.092529 0.020741 -1.306074 46.750000
2.976742 -1.442176 1.585777 4.335963 1.649265 0.111503 0.024465 -1.151814 46.800000
2.302873 -1.150163 1.584156 4.342005 1.591335 0.132890 0.028691 -1.163939 46.850000
1.547598 -0.951010 1.582663 4.349016 1.536146 0.146970 0.033223 -1.057986 46.900000
2.083670 -1.139993 1.581349 4.356620 1.486759 0.153447 0.037384 -0.933701 46.950000
3.002713 -1.340844 1.580247 4.364737 1.439587 0.164498 0.041468 -0.951142 47.000000
3.958544 -0.858743 1.579439 4.373669 1.389573 0.183211 0.046274 -1.038436 47.050000
4.245636 -1.196755 1.579061 4.383791 1.341788 0.209894 0.051392 -0.892119 47.100000
4.801351 -1.426804 1.579239 4.395314 1.295317 0.237957 0.057082 -0.958775 47.150000
4.708177 -1.556674 1.580110 4.408330 1.243932 0.269275 0.064460 -1.081340 47.200000
4.220422 -1.396511 1.581809 4.422820 1.186821 0.297384 0.073830 -1.189371 47.250000
3.765400 -1.829296 1.584391 4.438520 1.127661 0.318872 0.084324 -1.179316 47.300000
3.173544 -1.999438 1.587844 4.455102 1.064054 0.333845 0.096279 -1.343131 47.350000
3.044068 -1.506800 1.592130 4.472214 0.993005 0.340581 0.110099 -1.479995 47.400000
2.762856 -1.063018 1.597215 4.489588 0.922552 0.344633 0.123550 -1.356856 47.450000
1.787116 -1.358382 1.603048 4.507080 0.860889 0.346286 0.134508 -1.140309 47.500000
2.598070 -1.353120 1.609430 4.524434 0.803300 0.338729 0.143978 -1.160889 47.550000
3.036862 -1.598155 1.616338 4.541577 0.745012 0.338137 0.153124 -1.169950 47.600000
3.629982 -1.778592 1.623981 4.558658 0.683691 0.340256 0.162727 -1.269782 47.650000
4.489758 -2.254078 1.632546 4.575734 0.616970 0.345726 0.173488 -1.383776 47.700000
5.081329 -1.812988 1.642307 4.592868 0.541260 0.355701 0.186510 -1.612005 47.750000
4.575015 -1.340624 1.653538 4.610056 0.462568 0.368614 0.200432 -1.546864 47.800000
4.649648 -1.340785 1.666237 4.627163 0.390887 0.376884 0.212581 -1.350123 47.850000
4.525290 -1.616735 1.680292 4.644047 0.325630 0.386313 0.223026 -1.272225 47.900000
4.007850 -1.483428 1.695661 4.660601 0.259896 0.393134 0.233633 -1.347580 47.950000
3.342768 -1.839288 1.712147 4.676661 0.192952 0.393539 0.244366 -1.333047 48.000000
3.555017 -1.883931 1.729424 4.692069 0.122604 0.385612 0.255498 -1.462627 48.050000
2.723554 -1.533683 1.747319 4.706712 0.047428 0.377184 0.267137 -1.534241 48.100000
3.062813 -1.175902 1.765622 4.720522 -0.026414 0.360756 0.277334 -1.434028 48.150000
2.294914 -1.466748 1.784194 4.733486 -0.093088 0.349987 0.284634 -1.257826 48.200000
2.668262 -1.554623 1.802927 4.745626 -0.156948 0.333022 0.290347 -1.291327 48.250000
2.789751 -1.132312 1.821698 4.756941 -0.222822 0.318923 0.295622 -1.336784 48.300000
3.719212 -1.369407 1.840588 4.767403 -0.285624 0.307345 0.299409 -1.194636 48.350000
4.712125 -1.545936 1.859823 4.776941 -0.346154 0.305496 0.302282 -1.222748 48.400000
4.129676 -1.965972 1.879770 4.785376 -0.409570 0.311492 0.305786 -1.303231 48.450000
4.321696 -1.545259 1.900399 4.792621 -0.480245 0.308448 0.310846 -1.496017 48.500000
3.503080 -1.153784 1.921492 4.798659 -0.552852 0.306003 0.315981 -1.419601 48.550000
4.117525 -1.391042 1.942859 4.803538 -0.618725 0.298535 0.319217 -1.240354 48.600000
5.082627 -1.001559 1.964429 4.807258 -0.681110 0.298335 0.321438 -1.253369 48.650000
5.987251 -1.203442 1.986429 4.809572 -0.739756 0.308577 0.322976 -1.112322 48.700000
5.815486 -1.144771 2.009114 4.810159 -0.795892 0.327789 0.324530 -1.131770 48.750000
4.950803 -0.662757 2.032474 4.808879 -0.852197 0.344427 0.326782 -1.122778 48.800000
4.392570 -0.771225 2.056225 4.805894 -0.903042 0.354659 0.328107 -0.936072 48.850000
5.107592 -0.921642 2.080101 4.801450 -0.948680 0.361555 0.328387 -0.895053 48.900000
5.413675 -1.355234 2.104051 4.795515 -0.994615 0.374652 0.329071 -0.937783 48.950000
5.472432 -1.567318 2.128094 4.787911 -1.046906 0.387117 0.331897 -1.129648 49.000000
5.735543 -1.158293 2.152097 4.778601 -1.108195 0.395261 0.337510 -1.299422 49.050000
6.000000 -1.557548 2.175917 4.767555 -1.170923 0.404373 0.343674 -1.221542 49.100000
5.375740 -1.859631 2.199467 4.754690 -1.235454 0.414171 0.350599 -1.343750 49.150000
5.226311 -2.167482 2.222540 4.740149 -1.307433 0.413504 0.359685 -1.511647 49.200000
4.900357 -1.840800 2.244888 4.724197 -1.388283 0.406111 0.370831 -1.694894 49.250000
5.038918 -1.483431 2.266323 4.707046 -1.471688 0.393488 0.381696 -1.648369 49.300000
5.811764 -1.289262 2.286747 4.688798 -1.549798 0.384340 0.390044 -1.498462 49.350000
6.000000 -1.534243 2.306108 4.669267 -1.620923 0.385695 0.395963 -1.366220 49.400000
6.000000 -1.361669 2.324323 4.648276 -1.690334 0.389121 0.401345 -1.405243 49.450000
6.000000 -1.310065 2.341280 4.625879 -1.759271 0.392174 0.406548 -1.359406 49.500000
6.000000 -0.912886 2.356880 4.602166 -1.826192 0.395761 0.411163 -1.323204 49.550000
5.205410 -1.088905 2.371041 4.577219 -1.887689 0.401882 0.414282 -1.159919 49.600000
5.258846 -1.575014 2.383763 4.551270 -1.945616 0.402166 0.416432 -1.157630 49.650000
4.455009 -1.487004 2.395046 4.524584 -2.008746 0.399766 0.419973 -1.342026 49.700000
3.676604 -1.047372 2.404910 4.497472 -2.077113 0.386670 0.424480 -1.385713 49.750000
2.837822 -0.565079 2.413504 4.470351 -2.142115 0.368480 0.427136 -1.234380 49.800000
1.994340 -0.832640 2.421025 4.443521 -2.196603 0.349223 0.426138 -0.977688 49.850000
2.485633 -0.408248 2.427707 4.417229 -2.244978 0.326561 0.422911 -0.957898 49.900000
1.895893 -0.475100 2.433607 4.391497 -2.287765 0.312807 0.417890 -0.774964 49.950000
