-0.478763 -0.232245 0.261462 0.390932 -2.269536 0.956804 0.000000 0.504151 0.000000
0.426831 0.213860 0.231482 0.355062 -2.253209 0.913410 -0.010892 0.184355 0.050000
0.816636 0.058648 0.202834 0.320565 -2.243459 0.880246 -0.016756 0.204537 0.100000
1.688013 -0.025368 0.175249 0.287171 -2.234644 0.852093 -0.021631 0.153799 0.150000
2.258338 -0.442791 0.148481 0.254617 -2.228643 0.833276 -0.024502 0.092541 0.200000
2.366833 0.048699 0.122250 0.222632 -2.229823 0.820782 -0.022968 -0.119926 0.250000
1.988045 -0.163417 0.096377 0.191111 -2.233406 0.809899 -0.020113 -0.032235 0.300000
1.938488 -0.343557 0.070892 0.160080 -2.236184 0.795942 -0.017841 -0.075205 0.350000
2.739368 -0.198868 0.045824 0.129607 -2.242752 0.782192 -0.013539 -0.178142 0.400000
3.344976 -0.507827 0.021010 0.099560 -2.251616 0.776445 -0.008158 -0.177265 0.450000
2.363483 -0.150784 -0.003786 0.069684 -2.264123 0.776503 -0.000948 -0.310460 0.500000
1.895076 -0.626316 -0.028546 0.040078 -2.277620 0.767335 0.006507 -0.237940 0.550000
2.256259 -0.974194 -0.053065 0.010999 -2.294018 0.754027 0.015186 -0.401996 0.600000
1.958945 -1.041425 -0.077396 -0.017497 -2.320590 0.744083 0.028872 -0.636371 0.650000
2.874431 -1.402108 -0.101636 -0.045348 -2.356620 0.730753 0.046841 -0.789003 0.700000
3.729462 -1.838541 -0.125954 -0.072582 -2.402361 0.724737 0.069000 -1.015016 0.750000
2.865934 -2.026535 -0.150716 -0.099352 -2.461086 0.723895 0.097010 -1.299157 0.800000
3.350907 -2.140759 -0.175965 -0.125476 -2.531897 0.710807 0.129936 -1.507276 0.850000
2.588351 -1.982279 -0.201635 -0.150719 -2.611290 0.697787 0.165379 -1.651016 0.900000
3.315845 -1.707486 -0.227616 -0.174912 -2.694172 0.673615 0.200232 -1.665607 0.950000
4.306266 -2.037063 -0.253831 -0.197979 -2.775024 0.654099 0.231614 -1.583938 1.000000
4.325280 -1.676293 -0.280571 -0.220031 -2.857028 0.640859 0.261505 -1.683933 1.050000
5.061863 -1.193772 -0.307973 -0.241041 -2.938811 0.625237 0.289381 -1.602306 1.100000
5.360753 -1.577301 -0.336137 -0.260996 -3.013086 0.617357 0.312246 -1.400571 1.150000
5.309855 -1.880153 -0.365242 -0.279901 -3.085014 0.611415 0.332943 -1.468634 1.200000
4.649248 -1.539051 -0.395241 -0.297644 3.120553 0.600526 0.354942 -1.615870 1.250000
5.326063 -1.057162 -0.425836 -0.314101 3.041539 0.581025 0.375872 -1.554838 1.300000
5.172149 -0.813809 -0.456954 -0.329222 2.969539 0.570265 0.392306 -1.355187 1.350000
5.513140 -0.883720 -0.488697 -0.342995 2.906716 0.562095 0.403968 -1.182383 1.400000
5.473882 -0.494333 -0.521086 -0.355401 2.848913 0.559318 0.412979 -1.136638 1.450000
4.871556 -0.790109 -0.554147 -0.366396 2.796843 0.558919 0.419300 -0.968814 1.500000
3.994897 -1.219489 -0.587709 -0.376016 2.747272 0.553971 0.424332 -1.008970 1.550000
3.298724 -0.809438 -0.621364 -0.384358 2.691633 0.537187 0.431169 -1.191550 1.600000
3.191018 -1.239576 -0.654670 -0.391550 2.634311 0.513152 0.437552 -1.110891 1.650000
3.226266 -1.211531 -0.687438 -0.397690 2.575231 0.487582 0.443335 -1.234001 1.700000
2.948564 -1.062552 -0.719592 -0.402800 2.512463 0.460699 0.449043 -1.270001 1.750000
2.077233 -0.697356 -0.751056 -0.406935 2.450302 0.432286 0.453108 -1.221154 1.800000
2.206415 -0.423500 -0.781650 -0.410289 2.394027 0.400337 0.453940 -1.050214 1.850000
1.916807 -0.744883 -0.811338 -0.412989 2.346925 0.376560 0.451087 -0.856392 1.900000
1.238241 -1.110520 -0.840189 -0.415068 2.303297 0.353381 0.446661 -0.883155 1.950000
2.186235 -0.734280 -0.868069 -0.416715 2.254987 0.322255 0.442678 -1.027870 2.000000
1.909637 -0.554869 -0.895014 -0.417907 2.206089 0.301096 0.438063 -0.937658 2.050000
1.269896 -0.527606 -0.921178 -0.418524 2.162547 0.281712 0.431796 -0.817199 2.100000
0.541576 -0.696222 -0.946503 -0.418733 2.123779 0.260318 0.424206 -0.740730 2.150000
1.510529 -1.038394 -0.970876 -0.418799 2.086103 0.234029 0.416041 -0.761388 2.200000
1.383427 -1.095455 -0.994354 -0.418682 2.044148 0.215782 0.408264 -0.898166 2.250000
0.806351 -0.714155 -1.017036 -0.418244 1.996978 0.194636 0.400936 -0.976769 2.300000
0.637062 -1.082570 -1.038869 -0.417656 1.951506 0.170350 0.392881 -0.855383 2.350000
1.004840 -0.741605 -1.059842 -0.417064 1.906446 0.146152 0.384287 -0.935005 2.400000
0.345699 -0.860891 -1.080012 -0.416428 1.862591 0.127456 0.375192 -0.830715 2.450000
0.000000 -1.287845 -1.099413 -0.415794 1.821266 0.105170 0.365575 -0.821664 2.500000
0.000000 -1.448518 -1.118028 -0.415386 1.775744 0.079009 0.355863 -0.977585 2.550000
0.000000 -1.112188 -1.135879 -0.415310 1.723261 0.051134 0.345941 -1.103300 2.600000
0.481575 -1.255845 -1.153020 -0.415580 1.670347 0.024837 0.335372 -1.022225 2.650000
0.843230 -1.200612 -1.169526 -0.416050 1.618836 0.005400 0.324304 -1.035295 2.700000
1.812917 -1.046281 -1.185454 -0.416507 1.567607 -0.009050 0.313008 -1.015573 2.750000
1.641531 -0.636922 -1.200831 -0.416621 1.518827 -0.012149 0.301809 -0.944636 2.800000
1.601135 -0.441847 -1.215657 -0.416183 1.477056 -0.013187 0.290994 -0.750227 2.850000
1.722227 -0.197565 -1.229925 -0.415208 1.444338 -0.010464 0.280665 -0.578747 2.900000
0.975284 -0.404884 -1.243625 -0.413643 1.420528 -0.002949 0.270861 -0.394445 2.950000
0.269320 -0.387371 -1.256777 -0.411617 1.401055 -0.000786 0.261499 -0.385517 3.000000
0.065623 -0.478754 -1.269445 -0.409468 1.382111 -0.004839 0.252453 -0.373349 3.050000
0.098993 -0.253908 -1.281680 -0.407403 1.362596 -0.010598 0.243655 -0.403738 3.100000
0.000000 -0.712958 -1.293506 -0.405455 1.344564 -0.015123 0.235108 -0.325691 3.150000
0.000000 -0.244128 -1.304942 -0.403627 1.324179 -0.020928 0.226763 -0.473512 3.200000
0.879159 -0.267977 -1.316012 -0.401945 1.303745 -0.026304 0.218628 -0.356348 3.250000
1.349392 -0.178564 -1.326671 -0.400189 1.287355 -0.021913 0.210839 -0.304867 3.300000
1.678849 -0.113993 -1.336838 -0.398047 1.273868 -0.012334 0.203439 -0.241506 3.350000
2.300638 0.237711 -1.346465 -0.395345 1.263438 0.000908 0.196417 -0.182194 3.400000
2.398522 0.533367 -1.355490 -0.391880 1.259254 0.021165 0.189707 -0.003106 3.450000
1.684193 0.440510 -1.363872 -0.387493 1.265242 0.044177 0.183053 0.220135 3.500000
1.221444 0.309304 -1.371679 -0.382323 1.278471 0.061394 0.176283 0.300307 3.550000
1.021381 -0.044517 -1.379025 -0.376644 1.293120 0.073874 0.169543 0.286713 3.600000
0.750569 -0.418828 -1.385980 -0.370626 1.303144 0.082853 0.163188 0.129831 3.650000
0.862116 -0.042707 -1.392592 -0.364414 1.302870 0.086662 0.157631 -0.117385 3.700000
0.335025 0.248669 -1.398882 -0.358077 1.297583 0.090315 0.152577 -0.096158 3.750000
0.758604 0.159851 -1.404884 -0.351716 1.296510 0.089823 0.147432 0.040464 3.800000
1.362104 0.640266 -1.410618 -0.345337 1.299615 0.094112 0.142194 0.079934 3.850000
1.539861 0.415453 -1.416031 -0.338698 1.309790 0.105155 0.136609 0.304347 3.900000
0.619380 0.293224 -1.421101 -0.331612 1.325732 0.118394 0.130676 0.330388 3.950000
0.000000 0.522953 -1.425896 -0.324258 1.341219 0.122372 0.124891 0.293062 4.000000
0.000000 0.056900 -1.430515 -0.316995 1.357973 0.120533 0.119183 0.369214 4.050000
0.000000 0.181437 -1.435000 -0.309959 1.372213 0.118244 0.113911 0.216382 4.100000
0.006197 0.190759 -1.439349 -0.303157 1.382215 0.115306 0.109198 0.186825 4.150000
0.000000 0.443211 -1.443565 -0.296583 1.391235 0.112334 0.104749 0.175310 4.200000
0.000000 0.459205 -1.447652 -0.290230 1.402765 0.109711 0.100271 0.275799 4.250000
0.000000 0.341902 -1.451619 -0.284085 1.418242 0.107639 0.095661 0.337043 4.300000
0.000000 0.839320 -1.455473 -0.278135 1.434658 0.105669 0.091159 0.321379 4.350000
0.000000 0.423535 -1.459220 -0.272373 1.456201 0.104288 0.086448 0.518943 4.400000
0.024857 -0.004729 -1.462871 -0.266784 1.480255 0.103106 0.081732 0.450851 4.450000
0.376191 0.059962 -1.466425 -0.261363 1.496937 0.101264 0.077740 0.238903 4.500000
0.139332 0.035816 -1.469869 -0.256031 1.506501 0.101942 0.074408 0.152364 4.550000
0.000000 0.385821 -1.473199 -0.250769 1.512538 0.100004 0.071447 0.094785 4.600000
0.548484 0.320913 -1.476423 -0.245662 1.520480 0.097002 0.068464 0.211465 4.650000
1.231351 0.304692 -1.479546 -0.240605 1.532062 0.099506 0.065328 0.248143 4.700000
2.062080 0.499812 -1.482563 -0.235307 1.544828 0.108312 0.062165 0.261104 4.750000
1.632497 0.410482 -1.485481 -0.229426 1.560314 0.124667 0.058764 0.349036 4.800000
2.094568 0.880308 -1.488318 -0.222889 1.578021 0.136506 0.055121 0.358232 4.850000
2.471284 0.595166 -1.491103 -0.215713 1.601423 0.152499 0.050829 0.556030 4.900000
3.459848 0.693799 -1.493883 -0.207724 1.628791 0.171493 0.045944 0.540433 4.950000
4.008611 0.231859 -1.496713 -0.198642 1.656706 0.198783 0.040697 0.572479 5.000000
4.840274 0.585644 -1.499667 -0.188162 1.680544 0.229712 0.035693 0.400101 5.050000
4.563794 0.092021 -1.502812 -0.176030 1.702112 0.266898 0.030656 0.456506 5.100000
5.336399 -0.072479 -1.506203 -0.162194 1.720117 0.299784 0.026000 0.282279 5.150000
5.599492 0.332753 -1.509867 -0.146616 1.729771 0.338178 0.022947 0.120126 5.200000
5.514675 -0.157210 -1.513834 -0.129132 1.738035 0.377413 0.020049 0.202316 5.250000
6.000000 -0.166577 -1.518122 -0.109781 1.743708 0.414200 0.017794 0.040411 5.300000
5.391727 0.325394 -1.522719 -0.088547 1.743123 0.453852 0.017388 -0.054954 5.350000
5.079265 0.365047 -1.527593 -0.065533 1.744650 0.486304 0.016266 0.101255 5.400000
5.589882 0.339450 -1.532735 -0.041028 1.752581 0.514658 0.012872 0.205899 5.450000
6.000000 -0.092360 -1.538198 -0.015053 1.764185 0.546595 0.008038 0.253819 5.500000
6.000000 0.192282 -1.544045 0.012530 1.772638 0.580929 0.004392 0.099928 5.550000
5.623774 0.269971 -1.550270 0.041749 1.778639 0.613794 0.001682 0.136782 5.600000
5.835354 0.730522 -1.556865 0.072443 1.786975 0.641776 -0.002115 0.191663 5.650000
5.821055 1.107374 -1.563867 0.104499 1.802752 0.670427 -0.009460 0.416835 5.700000
6.000000 1.502657 -1.571407 0.137867 1.831248 0.697237 -0.023078 0.693353 5.750000
6.000000 1.734799 -1.579670 0.172458 1.874329 0.723241 -0.044164 0.995263 5.800000
6.000000 1.986164 -1.588880 0.208142 1.930868 0.745648 -0.072318 1.237820 5.850000
6.000000 2.177883 -1.599240 0.244712 1.998877 0.763335 -0.106488 1.456436 5.900000
6.000000 2.137829 -1.610937 0.281919 2.076814 0.775205 -0.145645 1.639514 5.950000
6.000000 2.393952 -1.624112 0.319485 2.161002 0.780903 -0.187389 1.721517 6.000000
5.249840 2.238104 -1.638852 0.357128 2.251222 0.779788 -0.231186 1.869995 6.050000
4.622547 2.372422 -1.655089 0.394416 2.345257 0.765122 -0.275021 1.893210 6.100000
4.576823 2.603551 -1.672578 0.430876 2.442001 0.738708 -0.317387 1.968643 6.150000
5.432663 2.219703 -1.691132 0.466191 2.543963 0.705129 -0.358872 2.092565 6.200000
6.000000 2.098410 -1.710805 0.500286 2.646227 0.675304 -0.396697 2.013868 6.250000
6.000000 2.176406 -1.731772 0.533218 2.745046 0.649051 -0.429496 1.951193 6.300000
5.794657 2.116801 -1.754049 0.564926 2.842877 0.620353 -0.458741 1.961436 6.350000
5.783136 2.310549 -1.777475 0.595265 2.940495 0.587439 -0.484681 1.945831 6.400000
6.000000 2.241714 -1.801881 0.624115 3.039586 0.551554 -0.507894 2.006882 6.450000
5.771612 2.651427 -1.827178 0.651383 3.139771 0.515490 -0.528126 2.000179 6.500000
5.738548 3.000000 -1.853224 0.676993 -3.039435 0.473432 -0.546185 2.133930 6.550000
5.694374 3.000000 -1.879768 0.700868 -2.928064 0.424807 -0.562589 2.290193 6.600000
5.874169 2.932033 -1.906596 0.722971 -2.812326 0.372158 -0.575591 2.328051 6.650000
6.000000 3.000000 -1.933601 0.743292 -2.696634 0.321659 -0.583840 2.299789 6.700000
5.999745 2.545621 -1.960755 0.761814 -2.581657 0.273962 -0.587590 2.295174 6.750000
5.309955 2.048138 -1.988012 0.778521 -2.471964 0.232130 -0.586558 2.118473 6.800000
6.000000 2.321549 -2.015249 0.793479 -2.373363 0.194792 -0.580781 1.863387 6.850000
6.000000 2.745201 -2.042484 0.806625 -2.280415 0.170670 -0.572365 1.853294 6.900000
5.154751 2.559123 -2.069742 0.817827 -2.183716 0.145705 -0.563079 1.989552 6.950000
5.509980 2.547617 -2.096776 0.827264 -2.084984 0.113615 -0.552328 1.960922 7.000000
5.102059 2.578984 -2.123441 0.835022 -1.987639 0.088628 -0.539867 1.934452 7.050000
4.907735 2.584347 -2.149664 0.841104 -1.891114 0.063116 -0.526071 1.925350 7.100000
4.349639 2.323305 -2.175322 0.845639 -1.795115 0.039010 -0.511055 1.914031 7.150000
3.574878 2.736640 -2.200312 0.848788 -1.702454 0.014922 -0.494864 1.807224 7.200000
2.797371 2.244107 -2.224543 0.850841 -1.609173 -0.013780 -0.477541 1.905639 7.250000
2.197659 1.955413 -2.247973 0.852169 -1.518168 -0.044924 -0.458885 1.755837 7.300000
1.480532 1.594475 -2.270617 0.853024 -1.435278 -0.073186 -0.439325 1.584036 7.350000
1.792472 1.664161 -2.292519 0.853616 -1.362053 -0.099218 -0.419469 1.373996 7.400000
1.306292 1.788045 -2.313696 0.853941 -1.295224 -0.115857 -0.399714 1.307713 7.450000
2.246769 1.602066 -2.334170 0.853990 -1.229385 -0.134073 -0.379931 1.322852 7.500000
2.434081 1.209482 -2.353909 0.853636 -1.165101 -0.140326 -0.360433 1.257723 7.550000
2.687976 1.550042 -2.372792 0.852609 -1.107241 -0.139903 -0.342134 1.081082 7.600000
2.625923 1.386604 -2.390730 0.850805 -1.051634 -0.134732 -0.324840 1.136568 7.650000
1.820198 1.227682 -2.407680 0.848215 -0.995819 -0.129151 -0.308346 1.101456 7.700000
1.060444 1.376199 -2.423724 0.845040 -0.942872 -0.128896 -0.292814 1.026658 7.750000
0.825792 0.902708 -2.439052 0.841590 -0.890844 -0.134264 -0.277824 1.051327 7.800000
1.103353 0.571175 -2.453798 0.838048 -0.843151 -0.138991 -0.263592 0.878632 7.850000
1.958870 0.684987 -2.467922 0.834380 -0.805147 -0.136717 -0.250771 0.667500 7.900000
1.802101 0.747700 -2.481205 0.830382 -0.773309 -0.123914 -0.239183 0.613184 7.950000
2.615156 0.288083 -2.493525 0.825955 -0.742617 -0.112210 -0.228377 0.615030 8.000000
2.628653 0.464295 -2.504769 0.821025 -0.716949 -0.091452 -0.218657 0.433122 8.050000
2.090456 0.292622 -2.514785 0.815492 -0.695777 -0.069733 -0.209934 0.416538 8.100000
1.842076 0.779094 -2.523680 0.809474 -0.677065 -0.052908 -0.201910 0.340772 8.150000
2.362663 0.917595 -2.531615 0.803118 -0.655500 -0.039591 -0.194286 0.504567 8.200000
3.239051 1.324311 -2.538577 0.796426 -0.626322 -0.023679 -0.186981 0.646871 8.250000
2.928776 1.629367 -2.544339 0.789260 -0.587403 -0.002358 -0.180240 0.882074 8.300000
2.686510 1.670083 -2.548836 0.781626 -0.536770 0.012812 -0.174279 1.113640 8.350000
2.584283 2.052945 -2.552207 0.773686 -0.477673 0.023581 -0.169092 1.234165 8.400000
2.114018 2.231444 -2.554544 0.765565 -0.410331 0.031521 -0.164646 1.431656 8.450000
1.493810 1.978717 -2.555995 0.757401 -0.334487 0.033299 -0.160775 1.580135 8.500000
1.582532 1.647059 -2.556818 0.749347 -0.256439 0.029162 -0.157012 1.546651 8.550000
0.833655 1.363528 -2.557133 0.741475 -0.183028 0.027383 -0.153117 1.409790 8.600000
1.331718 1.481506 -2.557081 0.733827 -0.117216 0.020660 -0.149006 1.245669 8.650000
0.804267 1.426705 -2.556705 0.726423 -0.055672 0.020036 -0.144807 1.219623 8.700000
0.392737 1.694914 -2.556012 0.719267 0.004386 0.015169 -0.140613 1.187049 8.750000
0.240511 1.238008 -2.555225 0.712366 0.066223 0.006670 -0.136293 1.274143 8.800000
0.000000 0.839684 -2.554476 0.705704 0.126039 -0.002189 -0.131734 1.137046 8.850000
0.000000 0.551683 -2.553831 0.699257 0.176803 -0.010993 -0.126999 0.921404 8.900000
0.000000 0.691967 -2.553312 0.693006 0.216859 -0.017337 -0.122263 0.706966 8.950000
0.039940 0.664441 -2.552886 0.686942 0.250868 -0.022209 -0.117616 0.658967 9.000000
0.000000 1.124578 -2.552530 0.681061 0.282841 -0.025999 -0.113059 0.623960 9.050000
0.000000 1.162892 -2.552237 0.675353 0.318712 -0.030405 -0.108486 0.790918 9.100000
0.000000 1.018051 -2.552019 0.669801 0.360924 -0.035333 -0.103802 0.885746 9.150000
0.000000 0.684835 -2.551875 0.664390 0.404856 -0.040043 -0.099088 0.873046 9.200000
0.155752 0.495020 -2.551792 0.659115 0.444638 -0.043757 -0.094527 0.735077 9.250000
0.562209 0.312015 -2.551721 0.653992 0.477400 -0.044770 -0.090278 0.592184 9.300000
0.944634 0.408246 -2.551533 0.649086 0.502961 -0.040928 -0.086426 0.446618 9.350000
0.112244 0.656482 -2.551064 0.644491 0.524326 -0.033068 -0.082924 0.411904 9.400000
0.302314 0.456807 -2.550418 0.640151 0.547260 -0.033312 -0.079564 0.496205 9.450000
0.000000 0.126930 -2.549731 0.635985 0.571005 -0.031763 -0.076310 0.457877 9.500000
0.000000 0.272103 -2.549024 0.631976 0.589589 -0.032459 -0.073293 0.302106 9.550000
0.529349 0.763820 -2.548352 0.628089 0.604085 -0.032658 -0.070468 0.280041 9.600000
0.683070 0.636335 -2.547609 0.624390 0.623408 -0.028325 -0.067659 0.472339 9.650000
0.916978 0.866973 -2.546677 0.620960 0.648340 -0.023156 -0.064907 0.519761 9.700000
0.084817 1.020474 -2.545497 0.617849 0.677613 -0.016289 -0.062297 0.637736 9.750000
0.731335 0.711809 -2.544198 0.614960 0.712857 -0.017804 -0.059755 0.757768 9.800000
1.712671 0.396160 -2.542822 0.612264 0.748929 -0.013200 -0.057328 0.692898 9.850000
1.241378 0.595973 -2.541099 0.610022 0.779151 0.000910 -0.055246 0.534393 9.900000
0.866273 0.192536 -2.538965 0.608319 0.805926 0.010445 -0.053482 0.536484 9.950000
0.427782 0.487402 -2.536584 0.607008 0.828207 0.016520 -0.051880 0.372725 10.000000
0.000000 0.156143 -2.534098 0.605950 0.847857 0.018522 -0.050367 0.409357 10.050000
0.000000 -0.034332 -2.531648 0.604989 0.865065 0.016677 -0.048876 0.291406 10.100000
0.000000 0.008243 -2.529293 0.604050 0.875699 0.015364 -0.047341 0.148383 10.150000
0.000000 0.476551 -2.527026 0.603137 0.881453 0.014429 -0.045798 0.087683 10.200000
0.000000 0.637078 -2.524841 0.602250 0.890357 0.013349 -0.044334 0.252076 10.250000
0.000000 0.427317 -2.522740 0.601384 0.907256 0.011854 -0.042984 0.407493 10.300000
0.965457 0.768747 -2.520724 0.600536 0.927488 0.010254 -0.041687 0.402357 10.350000
0.935998 0.969675 -2.518656 0.599885 0.951423 0.017515 -0.040516 0.539875 10.400000
1.726554 0.855399 -2.516420 0.599601 0.982627 0.023871 -0.039609 0.690824 10.450000
1.853424 0.980443 -2.513943 0.599827 1.017967 0.037149 -0.039039 0.719478 10.500000
2.000500 0.858832 -2.511146 0.600736 1.055736 0.050997 -0.038909 0.783629 10.550000
1.742935 0.643728 -2.508044 0.602376 1.094436 0.065638 -0.039202 0.766552 10.600000
2.167151 0.569374 -2.504694 0.604714 1.130141 0.077474 -0.039693 0.672915 10.650000
1.927927 0.175638 -2.501119 0.607777 1.161681 0.093004 -0.040263 0.597561 10.700000
1.873700 0.123644 -2.497332 0.611588 1.186066 0.106095 -0.040621 0.399904 10.750000
1.631240 0.036872 -2.493381 0.616069 1.202635 0.118609 -0.040567 0.275987 10.800000
1.371390 0.314841 -2.489302 0.621135 1.213613 0.128704 -0.040156 0.173565 10.850000
2.228429 -0.010759 -2.485144 0.626660 1.223980 0.136040 -0.039777 0.234969 10.900000
2.294145 0.253101 -2.480872 0.632762 1.232887 0.151141 -0.039336 0.131689 10.950000
3.055799 -0.140145 -2.476422 0.639621 1.240984 0.166322 -0.038924 0.186838 11.000000
2.967727 -0.423751 -2.471749 0.647397 1.246603 0.188131 -0.038305 0.051236 11.050000
3.596791 -0.684572 -2.466802 0.656201 1.243770 0.208717 -0.036591 -0.145719 11.100000
2.704478 -0.720477 -2.461520 0.666111 1.230477 0.234832 -0.033228 -0.363590 11.150000
2.180507 -0.852811 -2.455888 0.677010 1.208697 0.251925 -0.028313 -0.493573 11.200000
1.995059 -1.104293 -2.449979 0.688535 1.180654 0.263536 -0.022194 -0.614638 11.250000
2.980436 -1.199008 -2.443814 0.700484 1.145391 0.272892 -0.014690 -0.776918 11.300000
2.814640 -1.371228 -2.437266 0.712977 1.103268 0.290734 -0.005717 -0.893961 11.350000
3.485080 -1.268733 -2.430200 0.726117 1.055083 0.305785 0.004736 -1.018089 11.400000
3.492310 -0.926935 -2.422503 0.739919 1.003643 0.325709 0.016164 -1.037651 11.450000
3.827569 -0.780621 -2.414056 0.754429 0.955192 0.344220 0.027182 -0.916711 11.500000
4.006424 -1.028362 -2.404797 0.769631 0.912481 0.364674 0.037048 -0.806237 11.550000
3.545034 -1.254752 -2.394644 0.785545 0.870811 0.385462 0.046946 -0.855341 11.600000
3.293501 -1.389362 -2.383615 0.802018 0.824806 0.400230 0.058253 -0.971152 11.650000
4.251113 -0.937425 -2.371789 0.818811 0.773173 0.410824 0.071218 -1.080944 11.700000
4.691322 -0.754784 -2.359022 0.835934 0.722560 0.429092 0.083943 -0.960479 11.750000
4.878227 -0.434054 -2.345079 0.853526 0.677992 0.450625 0.095054 -0.838804 11.800000
5.200361 -0.800394 -2.329861 0.871608 0.641118 0.473454 0.103946 -0.658930 11.850000
4.693333 -0.877446 -2.313296 0.890189 0.606404 0.498226 0.112442 -0.723298 11.900000
5.556256 -0.675605 -2.295431 0.909134 0.568380 0.516326 0.122372 -0.790809 11.950000
5.823692 -0.344421 -2.276202 0.928369 0.530041 0.541118 0.132648 -0.749366 12.000000
5.058463 0.118605 -2.255406 0.947943 0.496686 0.567804 0.141285 -0.603536 12.050000
4.981961 0.205550 -2.233188 0.967761 0.473645 0.587992 0.145921 -0.347343 12.100000
5.644709 -0.222579 -2.209767 0.987753 0.460910 0.608588 0.146348 -0.179831 12.150000
5.387837 -0.477798 -2.185063 1.007995 0.449408 0.634710 0.146461 -0.271666 12.200000
5.387167 -0.737587 -2.159027 1.028457 0.431452 0.656041 0.149743 -0.430649 12.250000
4.591217 -0.241584 -2.131741 1.048984 0.404566 0.674487 0.157405 -0.624436 12.300000
4.390676 -0.287136 -2.103401 1.069376 0.376086 0.684139 0.165803 -0.527220 12.350000
4.613168 -0.680793 -2.074250 1.089509 0.350455 0.691883 0.172698 -0.501944 12.400000
4.602877 -1.053378 -2.044305 1.109341 0.321146 0.700213 0.181346 -0.654359 12.450000
4.722038 -0.856516 -2.013545 1.128766 0.282010 0.705161 0.194763 -0.885000 12.500000
3.803180 -0.775005 -1.981981 1.147636 0.236676 0.708527 0.210930 -0.925493 12.550000
3.251400 -0.696237 -1.949837 1.165812 0.190575 0.702023 0.226859 -0.920919 12.600000
2.629560 -1.195300 -1.917483 1.183178 0.145306 0.689991 0.241512 -0.894558 12.650000
2.529085 -1.111700 -1.885219 1.199658 0.095313 0.670171 0.257439 -1.081971 12.700000
1.739306 -1.391395 -1.853258 1.215164 0.039638 0.647091 0.274700 -1.138458 12.750000
1.883776 -1.655476 -1.821851 1.229656 -0.021092 0.614396 0.292517 -1.272664 12.800000
2.510202 -2.087177 -1.791202 1.243107 -0.089232 0.579870 0.311406 -1.430579 12.850000
2.378043 -2.148568 -1.761206 1.255481 -0.167238 0.546479 0.331944 -1.656040 12.900000
1.839970 -2.251294 -1.731857 1.266746 -0.253249 0.507351 0.352733 -1.766725 12.950000
1.143497 -2.494641 -1.703398 1.276969 -0.343809 0.460289 0.371702 -1.842245 13.000000
0.247725 -2.282385 -1.676161 1.286316 -0.439099 0.404071 0.388112 -1.949338 13.050000
0.000000 -1.880858 -1.650500 1.295063 -0.535244 0.339512 0.400053 -1.900533 13.100000
0.000000 -1.594500 -1.626551 1.303492 -0.625209 0.277439 0.405872 -1.722063 13.150000
0.000000 -1.373004 -1.604185 1.311771 -0.705933 0.222521 0.406090 -1.531709 13.200000
0.196943 -1.465568 -1.583212 1.319980 -0.777604 0.174899 0.402074 -1.356852 13.250000
0.000000 -1.763044 -1.563435 1.328131 -0.844036 0.134287 0.395377 -1.304641 13.300000
0.000000 -1.679785 -1.544743 1.336265 -0.911546 0.093498 0.387080 -1.381692 13.350000
0.000000 -1.767565 -1.527080 1.344463 -0.980387 0.054395 0.377231 -1.370624 13.400000
0.000000 -1.462241 -1.510345 1.352755 -1.049475 0.017626 0.365879 -1.387830 13.450000
0.241504 -1.162546 -1.494438 1.361154 -1.115576 -0.015191 0.353221 -1.270593 13.500000
0.000000 -0.945203 -1.479230 1.369583 -1.174259 -0.039892 0.339807 -1.098607 13.550000
0.000000 -1.353629 -1.464632 1.377992 -1.224519 -0.061044 0.326219 -0.932259 13.600000
0.010363 -1.534794 -1.450599 1.386393 -1.273379 -0.079866 0.312469 -1.011046 13.650000
0.045106 -1.553049 -1.437081 1.394789 -1.326844 -0.098860 0.298253 -1.113238 13.700000
0.399889 -1.801028 -1.424025 1.403184 -1.383923 -0.117187 0.283551 -1.162584 13.750000
0.486062 -2.077260 -1.411366 1.411491 -1.445304 -0.131970 0.268313 -1.276543 13.800000
0.302260 -1.693960 -1.399040 1.419620 -1.513461 -0.146476 0.252298 -1.427872 13.850000
0.095239 -1.866734 -1.387007 1.427596 -1.582540 -0.160951 0.236037 -1.346717 13.900000
0.000000 -1.586562 -1.375237 1.435475 -1.650743 -0.175004 0.219749 -1.376988 13.950000
0.000000 -2.051938 -1.363694 1.443294 -1.716947 -0.187334 0.203649 -1.284349 14.000000
0.059249 -1.793809 -1.352350 1.451034 -1.785055 -0.198240 0.187300 -1.420712 14.050000
0.000000 -1.857276 -1.341172 1.458657 -1.854982 -0.207100 0.170776 -1.382245 14.100000
0.000000 -1.816001 -1.330142 1.466126 -1.924348 -0.214494 0.154506 -1.391471 14.150000
0.234825 -1.881460 -1.319247 1.473419 -1.993631 -0.220070 0.138491 -1.381736 14.200000
0.514349 -2.251277 -1.308505 1.480452 -2.063351 -0.221840 0.122780 -1.404420 14.250000
0.176080 -2.326335 -1.297968 1.487097 -2.137843 -0.220192 0.106857 -1.553905 14.300000
0.000000 -2.076869 -1.287621 1.493347 -2.218127 -0.220903 0.090592 -1.644417 14.350000
0.386881 -1.618485 -1.277401 1.499279 -2.298810 -0.221525 0.074782 -1.591560 14.400000
0.000000 -1.475308 -1.267374 1.504837 -2.372978 -0.216299 0.060662 -1.403489 14.450000
0.883686 -1.024167 -1.257583 1.510020 -2.439441 -0.212984 0.048432 -1.273874 14.500000
0.406691 -0.565743 -1.248159 1.514770 -2.496714 -0.200048 0.038354 -1.048044 14.550000
0.665364 -0.987959 -1.239212 1.519064 -2.541241 -0.190769 0.030849 -0.768504 14.600000
1.393988 -1.111080 -1.230729 1.522977 -2.580676 -0.178841 0.024612 -0.804745 14.650000
1.491308 -1.091725 -1.222903 1.526413 -2.622790 -0.160358 0.018693 -0.871790 14.700000
2.112300 -1.216599 -1.215894 1.529310 -2.667074 -0.141404 0.013301 -0.896661 14.750000
2.414260 -1.062318 -1.209845 1.531644 -2.713630 -0.117135 0.008569 -0.957940 14.800000
2.484757 -1.210260 -1.204943 1.533389 -2.760638 -0.090720 0.004800 -0.926499 14.850000
1.671014 -1.603272 -1.201255 1.534594 -2.808191 -0.064443 0.002015 -0.970116 14.900000
2.480615 -1.725295 -1.198600 1.535394 -2.861573 -0.046567 -0.000153 -1.142435 14.950000
2.646012 -1.843933 -1.196963 1.535868 -2.922187 -0.021694 -0.001609 -1.265274 15.000000
2.977686 -1.861461 -1.196548 1.536050 -2.988235 0.003875 -0.001959 -1.362846 15.050000
3.798426 -1.747184 -1.197443 1.536031 -3.057738 0.031555 -0.001003 -1.410454 15.100000
4.550845 -1.827782 -1.199877 1.535918 -3.127607 0.065668 0.001461 -1.387610 15.150000
5.337632 -1.830611 -1.204159 1.535848 3.085603 0.105171 0.005689 -1.408470 15.200000
5.206741 -2.080538 -1.210560 1.536014 3.014888 0.149981 0.011947 -1.418857 15.250000
5.782737 -2.236519 -1.219113 1.536622 2.941131 0.191082 0.020541 -1.517374 15.300000
5.855965 -2.647259 -1.229773 1.537904 2.862415 0.234782 0.031831 -1.616968 15.350000
4.887183 -3.000000 -1.242506 1.540114 2.776041 0.275673 0.046524 -1.809059 15.400000
4.008349 -2.977072 -1.256889 1.543403 2.679707 0.303281 0.064878 -2.012446 15.450000
3.907760 -3.000000 -1.272286 1.547776 2.577038 0.318454 0.085458 -2.083770 15.500000
4.432018 -3.000000 -1.288276 1.553235 2.471745 0.328836 0.106871 -2.122784 15.550000
4.123207 -2.923388 -1.304723 1.559909 2.365070 0.340377 0.128700 -2.142455 15.600000
4.952777 -3.000000 -1.321452 1.567865 2.258392 0.345450 0.150403 -2.128551 15.650000
5.616178 -3.000000 -1.338320 1.577211 2.151191 0.354788 0.172041 -2.156398 15.700000
4.884373 -2.941213 -1.355291 1.588226 2.042934 0.366495 0.194005 -2.172914 15.750000
5.353918 -2.982791 -1.372106 1.600858 1.934571 0.367709 0.215722 -2.164558 15.800000
6.000000 -3.000000 -1.388501 1.614994 1.825875 0.369992 0.236907 -2.181841 15.850000
5.898773 -2.635472 -1.404324 1.630796 1.716294 0.374793 0.257861 -2.199904 15.900000
4.936080 -2.316227 -1.419374 1.648278 1.609694 0.376534 0.277511 -2.085113 15.950000
4.936505 -2.077672 -1.433465 1.667083 1.509814 0.369228 0.294463 -1.935613 16.000000
4.906622 -2.402937 -1.446488 1.686901 1.417047 0.363030 0.308478 -1.797790 16.050000
5.448387 -2.405778 -1.458359 1.707637 1.325236 0.355522 0.321326 -1.864412 16.100000
6.000000 -2.352218 -1.468948 1.729273 1.231218 0.350792 0.333869 -1.892338 16.150000
6.000000 -2.071566 -1.478076 1.751903 1.136800 0.349632 0.345866 -1.886080 16.200000
6.000000 -2.264010 -1.485595 1.775489 1.045422 0.348513 0.356586 -1.785676 16.250000
6.000000 -2.420406 -1.491420 1.799883 0.955186 0.346717 0.366567 -1.818994 16.300000
6.000000 -2.848436 -1.495480 1.824896 0.862205 0.342387 0.376674 -1.889311 16.350000
5.575082 -2.391851 -1.497727 1.850311 0.762536 0.333446 0.387607 -2.067972 16.400000
5.718753 -2.794535 -1.498211 1.875827 0.661957 0.319030 0.397484 -1.970862 16.450000
6.000000 -2.467768 -1.496971 1.901236 0.560341 0.304687 0.406237 -2.075720 16.500000
6.000000 -2.248942 -1.493940 1.926410 0.458854 0.292485 0.413658 -1.996452 16.550000
5.815388 -2.069678 -1.489070 1.951231 0.362174 0.282596 0.419024 -1.887986 16.600000
6.000000 -1.899572 -1.482403 1.975549 0.270854 0.273855 0.422494 -1.781330 16.650000
6.000000 -1.899628 -1.473949 1.999238 0.184778 0.269845 0.424410 -1.677643 16.700000
5.865136 -1.801305 -1.463688 2.022181 0.102077 0.267761 0.425434 -1.636573 16.750000
5.902753 -1.531044 -1.451696 2.044242 0.021764 0.265800 0.425847 -1.583822 16.800000
5.939116 -1.986883 -1.438045 2.065297 -0.053952 0.266918 0.425338 -1.462820 16.850000
6.000000 -1.910666 -1.422773 2.085232 -0.130532 0.267868 0.425108 -1.582619 16.900000
5.543694 -2.406637 -1.405980 2.103915 -0.210243 0.267539 0.425483 -1.602757 16.950000
5.111286 -2.477165 -1.387887 2.121244 -0.295807 0.259520 0.426728 -1.790168 17.000000
5.781024 -2.440734 -1.368866 2.137170 -0.388056 0.243763 0.428384 -1.883662 17.050000
4.803171 -2.290101 -1.349012 2.151589 -0.482791 0.233226 0.429531 -1.902004 17.100000
4.459640 -2.582463 -1.328507 2.164474 -0.576431 0.214582 0.429463 -1.850400 17.150000
4.296095 -2.093571 -1.307714 2.175937 -0.671283 0.192844 0.428241 -1.929187 17.200000
4.633020 -1.640010 -1.286817 2.186027 -0.763369 0.172298 0.425248 -1.776890 17.250000
4.033784 -1.674720 -1.265810 2.194676 -0.845649 0.161790 0.420170 -1.548327 17.300000
3.832827 -1.582209 -1.244745 2.201879 -0.920717 0.150818 0.413864 -1.465602 17.350000
2.931532 -2.071415 -1.223778 2.207750 -0.991950 0.141206 0.406837 -1.393305 17.400000
3.837477 -2.347877 -1.203099 2.212501 -1.065872 0.122802 0.399621 -1.540404 17.450000
3.085213 -2.800945 -1.182785 2.216163 -1.147405 0.110158 0.392484 -1.696116 17.500000
3.395769 -2.871134 -1.162891 2.218769 -1.238576 0.086720 0.385227 -1.914199 17.550000
4.342584 -2.507890 -1.143533 2.220479 -1.337222 0.064147 0.377126 -2.013605 17.600000
4.183698 -2.616257 -1.124687 2.221040 -1.435100 0.052765 0.368074 -1.916574 17.650000
3.958358 -2.551712 -1.106385 2.220270 -1.530937 0.042569 0.358535 -1.916186 17.700000
4.559498 -2.948745 -1.088722 2.218275 -1.626007 0.032290 0.348615 -1.890128 17.750000
4.629177 -2.830292 -1.071795 2.215000 -1.724291 0.027771 0.338637 -2.019614 17.800000
4.699720 -3.000000 -1.055723 2.210361 -1.825401 0.024114 0.328763 -2.023811 17.850000
4.717433 -3.000000 -1.040629 2.204397 -1.928359 0.021779 0.319063 -2.084202 17.900000
5.267080 -2.546553 -1.026637 2.197182 -2.033187 0.020237 0.309587 -2.105235 17.950000
6.000000 -2.089356 -1.013928 2.188690 -2.134024 0.026827 0.300548 -1.953780 18.000000
6.000000 -1.863949 -1.002803 2.178757 -2.225408 0.044949 0.292467 -1.737086 18.050000
5.550151 -2.338189 -0.993512 2.167365 -2.307578 0.066914 0.285621 -1.575531 18.100000
6.000000 -2.348491 -0.986102 2.154750 -2.389603 0.084604 0.280213 -1.688984 18.150000
6.000000 -1.945931 -0.980648 2.141118 -2.475523 0.104854 0.276359 -1.740734 18.200000
6.000000 -1.479820 -0.977293 2.126610 -2.559003 0.125623 0.273669 -1.618309 18.250000
6.000000 -1.461013 -0.976103 2.111411 -2.633678 0.149120 0.271512 -1.401787 18.300000
5.406332 -1.418975 -0.977128 2.095689 -2.701110 0.174556 0.269919 -1.309782 18.350000
5.407917 -1.050930 -0.980256 2.079666 -2.765135 0.194851 0.269039 -1.259277 18.400000
4.585156 -1.195946 -0.985357 2.063548 -2.823588 0.216470 0.268313 -1.101336 18.450000
5.340316 -1.600047 -0.992237 2.047509 -2.878337 0.230999 0.267794 -1.090734 18.500000
5.701680 -1.667844 -1.000845 2.031679 -2.937215 0.250465 0.268691 -1.244490 18.550000
5.880780 -1.606995 -1.011365 2.016156 -3.002163 0.270164 0.271498 -1.340988 18.600000
5.054995 -1.475193 -1.023841 2.001089 -3.069831 0.289444 0.275638 -1.363683 18.650000
4.863924 -1.258453 -1.038040 1.986648 -3.136966 0.300098 0.280232 -1.327639 18.700000
4.356167 -1.756166 -1.053657 1.972960 3.082537 0.309479 0.284384 -1.233529 18.750000
4.464802 -1.710518 -1.070463 1.960111 3.016590 0.312508 0.289202 -1.383594 18.800000
4.936389 -1.828803 -1.088261 1.948196 2.946057 0.314144 0.294971 -1.431254 18.850000
4.587778 -1.980118 -1.107082 1.937332 2.872623 0.318346 0.301341 -1.497074 18.900000
3.716281 -2.190323 -1.126836 1.927613 2.795350 0.316893 0.308427 -1.581585 18.950000
3.144002 -2.517402 -1.147122 1.919024 2.713074 0.304524 0.315986 -1.692243 19.000000
3.428690 -2.524110 -1.167502 1.911476 2.623838 0.283460 0.323754 -1.851300 19.050000
3.498842 -2.282314 -1.187802 1.904954 2.529533 0.262724 0.330896 -1.910435 19.100000
2.602573 -2.016051 -1.208010 1.899497 2.435959 0.242984 0.336281 -1.842505 19.150000
2.297110 -1.866489 -1.227943 1.894974 2.347458 0.217486 0.339128 -1.715996 19.200000
2.711105 -1.634827 -1.247401 1.891184 2.264777 0.192625 0.339439 -1.606468 19.250000
2.363690 -1.285457 -1.266427 1.888147 2.188279 0.175486 0.337690 -1.472286 19.300000
1.763090 -1.047854 -1.285057 1.885880 2.120074 0.159824 0.334117 -1.282042 19.350000
1.610142 -0.746046 -1.303209 1.884223 2.060954 0.143664 0.328921 -1.105672 19.400000
0.817630 -0.420887 -1.320840 1.883051 2.011288 0.131335 0.322385 -0.905919 19.450000
0.000000 -0.874602 -1.337911 1.882202 1.972300 0.117193 0.314672 -0.680087 19.500000
0.000000 -0.500076 -1.354324 1.881367 1.936382 0.097698 0.306535 -0.747295 19.550000
0.000000 -0.410546 -1.370048 1.880373 1.902413 0.080143 0.298089 -0.624815 19.600000
0.748431 -0.366034 -1.385136 1.879251 1.873970 0.065842 0.289269 -0.523551 19.650000
1.373610 0.072845 -1.399686 1.878198 1.849786 0.061018 0.280375 -0.451453 19.700000
2.088806 0.239415 -1.413819 1.877548 1.833278 0.065341 0.271439 -0.232075 19.750000
2.987738 0.220037 -1.427647 1.877637 1.826829 0.079979 0.262405 -0.044829 19.800000
3.199604 0.477004 -1.441290 1.878842 1.827157 0.104858 0.253337 0.048221 19.850000
2.968030 0.398893 -1.454833 1.881396 1.833896 0.132913 0.244031 0.204879 19.900000
2.744657 0.663910 -1.468306 1.885263 1.845495 0.159232 0.234424 0.253272 19.950000
2.321965 0.813268 -1.481714 1.890300 1.861845 0.183787 0.224356 0.386049 20.000000
2.392126 0.642852 -1.495061 1.896325 1.884718 0.205170 0.213469 0.514315 20.050000
2.120942 0.202953 -1.508373 1.903223 1.910280 0.226789 0.202207 0.508451 20.100000
2.707289 0.334049 -1.521660 1.910894 1.930586 0.243276 0.191881 0.323620 20.150000
3.197931 0.188652 -1.534945 1.919349 1.945562 0.262949 0.182607 0.279725 20.200000
3.971531 -0.026980 -1.548321 1.928769 1.957195 0.285423 0.174088 0.194008 20.250000
3.465802 -0.034476 -1.561889 1.939374 1.963067 0.312745 0.166895 0.054029 20.300000
2.636014 -0.231436 -1.575643 1.951159 1.963491 0.333036 0.161097 -0.029528 20.350000
1.931248 -0.480675 -1.589430 1.963784 1.958402 0.343634 0.156827 -0.161299 20.400000
0.971126 -0.508857 -1.603071 1.976883 1.945460 0.345639 0.154655 -0.338171 20.450000
0.908058 -0.174844 -1.616377 1.990076 1.925648 0.337242 0.154193 -0.442793 20.500000
0.411604 -0.375865 -1.629247 2.003137 1.905838 0.328606 0.153623 -0.358414 20.550000
0.000000 -0.649236 -1.641658 2.015951 1.886874 0.315898 0.152729 -0.395732 20.600000
0.000000 -0.190149 -1.653552 2.028325 1.863477 0.298968 0.152635 -0.525392 20.650000
0.917289 -0.678974 -1.664909 2.040179 1.840625 0.282826 0.152157 -0.401800 20.700000
0.600769 -0.563452 -1.675818 2.051741 1.816775 0.275643 0.151707 -0.537033 20.750000
1.261254 -1.014497 -1.686316 2.063147 1.789343 0.265074 0.151809 -0.557610 20.800000
1.013630 -0.628760 -1.696413 2.074476 1.756116 0.259836 0.152844 -0.748940 20.850000
1.350441 -0.790928 -1.706113 2.085809 1.720384 0.251932 0.154135 -0.687486 20.900000
1.602343 -0.470456 -1.715422 2.097168 1.685044 0.247489 0.155159 -0.721952 20.950000
2.593219 -0.761723 -1.724358 2.108687 1.652072 0.246022 0.155650 -0.610025 21.000000
1.902045 -0.494993 -1.732947 2.120654 1.619829 0.253946 0.156081 -0.672629 21.050000
1.745657 -0.924069 -1.741178 2.133117 1.588316 0.255279 0.156462 -0.596752 21.100000
1.452894 -1.332950 -1.749032 2.145860 1.554700 0.254637 0.157230 -0.731998 21.150000
1.190504 -1.516675 -1.756478 2.158747 1.511719 0.249223 0.159581 -0.958976 21.200000
0.560076 -1.640249 -1.763484 2.171606 1.458803 0.239235 0.163340 -1.134450 21.250000
1.524814 -1.868755 -1.770051 2.184189 1.398549 0.221849 0.167653 -1.258363 21.300000
1.104277 -2.076591 -1.776158 2.196550 1.331673 0.212212 0.172266 -1.396925 21.350000
0.893502 -1.582416 -1.781783 2.208776 1.257971 0.196999 0.177119 -1.531162 21.400000
0.497476 -1.426774 -1.786972 2.220697 1.185128 0.180198 0.180840 -1.401137 21.450000
1.319280 -1.085288 -1.791807 2.232199 1.118329 0.161574 0.182777 -1.286509 21.500000
1.127515 -1.090132 -1.796268 2.243406 1.059131 0.153080 0.183147 -1.105790 21.550000
0.255766 -0.850096 -1.800305 2.254481 1.006083 0.144662 0.182498 -1.026304 21.600000
0.962074 -0.623952 -1.804057 2.265230 0.958461 0.129882 0.180904 -0.894867 21.650000
0.383687 -0.974536 -1.807549 2.275657 0.917986 0.124098 0.178368 -0.742564 21.700000
0.874115 -0.828959 -1.810773 2.285818 0.879025 0.113668 0.175562 -0.807592 21.750000
1.161169 -0.587441 -1.813747 2.295702 0.839424 0.108191 0.172682 -0.779594 21.800000
1.855570 -0.616602 -1.816354 2.305458 0.803534 0.106611 0.169517 -0.669100 21.850000
2.793209 -0.535294 -1.818434 2.315260 0.771263 0.112520 0.166237 -0.626794 21.900000
3.311389 -0.995161 -1.819715 2.325366 0.741401 0.127593 0.163105 -0.574147 21.950000
3.410001 -1.380243 -1.819952 2.335967 0.708206 0.146285 0.160785 -0.735241 22.000000
4.166712 -1.828309 -1.819049 2.347073 0.664930 0.163059 0.160084 -0.967371 22.050000
3.185871 -1.553503 -1.816859 2.358688 0.608590 0.183355 0.161604 -1.249094 22.100000
2.813141 -1.247780 -1.813436 2.370639 0.545563 0.192113 0.164516 -1.269518 22.150000
3.037912 -1.570170 -1.809049 2.382651 0.485111 0.197408 0.167275 -1.163367 22.200000
3.941234 -1.922019 -1.803729 2.394642 0.424737 0.204370 0.170206 -1.241253 22.250000
4.244169 -1.542865 -1.797256 2.406629 0.357887 0.217651 0.174460 -1.409490 22.300000
4.807787 -1.609926 -1.789397 2.418588 0.289397 0.232422 0.179471 -1.340670 22.350000
4.670765 -1.323691 -1.779986 2.430455 0.222399 0.251737 0.184892 -1.340179 22.400000
4.077742 -1.022391 -1.768966 2.442124 0.158395 0.269289 0.190436 -1.235518 22.450000
4.523353 -1.281695 -1.756547 2.453458 0.101099 0.281951 0.195151 -1.078244 22.500000
4.267972 -0.830785 -1.742796 2.464367 0.046267 0.298548 0.199812 -1.111456 22.550000
3.520617 -0.477656 -1.727724 2.474771 -0.004874 0.312797 0.204087 -0.955348 22.600000
2.987297 -0.607603 -1.711600 2.484616 -0.046777 0.321876 0.206545 -0.747029 22.650000
2.526796 -0.497409 -1.694737 2.493900 -0.082821 0.327180 0.207792 -0.700575 22.700000
3.198232 -0.150681 -1.677389 2.502624 -0.116000 0.328759 0.208413 -0.634465 22.750000
3.789306 -0.208213 -1.659512 2.510781 -0.142918 0.338274 0.207646 -0.462005 22.800000
3.852390 -0.318255 -1.640815 2.518341 -0.164263 0.354502 0.205786 -0.399157 22.850000
3.244091 0.145630 -1.621173 2.525279 -0.184621 0.370996 0.203993 -0.414068 22.900000
3.115141 -0.125366 -1.600748 2.531613 -0.200267 0.382540 0.201182 -0.231146 22.950000
3.891259 -0.056997 -1.579715 2.537396 -0.212264 0.393475 0.197603 -0.247217 23.000000
3.601214 -0.161408 -1.557952 2.542602 -0.224100 0.411275 0.194222 -0.228539 23.050000
3.322889 -0.093556 -1.535381 2.547208 -0.236488 0.425574 0.191263 -0.263678 23.100000
3.696861 -0.108636 -1.512173 2.551240 -0.249436 0.436618 0.188687 -0.255258 23.150000
3.818310 -0.387767 -1.488337 2.554693 -0.262270 0.450758 0.186283 -0.258133 23.200000
3.382920 -0.654590 -1.463799 2.557530 -0.278463 0.464640 0.185197 -0.377449 23.250000
3.700066 -0.200535 -1.438696 2.559740 -0.302148 0.472031 0.186775 -0.551170 23.300000
3.353915 -0.232290 -1.413118 2.561287 -0.327067 0.481695 0.188837 -0.456638 23.350000
2.727639 -0.135015 -1.387096 2.562175 -0.348956 0.488475 0.189932 -0.422933 23.400000
2.562911 -0.098438 -1.360862 2.562487 -0.368529 0.489743 0.190244 -0.366172 23.450000
3.274797 0.175690 -1.334592 2.562298 -0.385597 0.490078 0.189681 -0.321235 23.500000
2.321539 0.076010 -1.308158 2.561575 -0.397846 0.498263 0.187485 -0.182927 23.550000
1.471221 0.243183 -1.281597 2.560374 -0.406065 0.498328 0.183979 -0.148874 23.600000
2.282186 0.327411 -1.255286 2.558880 -0.411000 0.491353 0.179417 -0.056799 23.650000
2.877854 0.267196 -1.229198 2.557123 -0.411378 0.493306 0.173402 0.033695 23.700000
3.138142 0.232751 -1.203004 2.555001 -0.408950 0.501353 0.166607 0.061210 23.750000
3.747440 0.206857 -1.176518 2.552457 -0.405831 0.511616 0.159783 0.063627 23.800000
3.570063 0.378044 -1.149564 2.549434 -0.402888 0.527045 0.153233 0.055084 23.850000
3.007006 0.008996 -1.122068 2.545918 -0.398244 0.540514 0.146225 0.124343 23.900000
3.079487 -0.140320 -1.094203 2.542007 -0.395231 0.547849 0.140073 0.007722 23.950000
2.898753 0.269819 -1.066112 2.537738 -0.398365 0.554387 0.136533 -0.120672 24.000000
2.113281 0.359780 -1.037852 2.533106 -0.401568 0.558982 0.133138 -0.017086 24.050000
2.442457 0.641821 -1.009619 2.528229 -0.399724 0.557011 0.127859 0.082069 24.100000
1.978855 0.808958 -0.981480 2.523195 -0.390753 0.559350 0.119919 0.259870 24.150000
2.505324 0.559652 -0.953419 2.518078 -0.373098 0.558516 0.108792 0.429537 24.200000
1.944142 0.483014 -0.925384 2.512937 -0.351892 0.562813 0.096614 0.420813 24.250000
2.157220 0.673038 -0.897382 2.507799 -0.331734 0.561262 0.085254 0.390055 24.300000
2.772724 0.992639 -0.869491 2.502710 -0.310390 0.561569 0.073812 0.457540 24.350000
3.190313 0.784509 -0.841510 2.497655 -0.282805 0.567775 0.060189 0.627930 24.400000
2.412132 1.157842 -0.813196 2.492642 -0.251240 0.577348 0.045262 0.635309 24.450000
1.651348 0.729985 -0.784642 2.487758 -0.215036 0.578870 0.028797 0.795466 24.500000
2.637250 0.359068 -0.756207 2.483152 -0.177696 0.572502 0.012501 0.710155 24.550000
3.034117 0.412713 -0.727850 2.478816 -0.147361 0.574753 -0.000316 0.525868 24.600000
3.095670 0.070666 -0.699273 2.474663 -0.122926 0.580167 -0.010361 0.459934 24.650000
2.935994 -0.061199 -0.670391 2.470664 -0.104680 0.585761 -0.017582 0.288934 24.700000
2.336981 0.090131 -0.641245 2.466782 -0.094206 0.589712 -0.021365 0.144945 24.750000
3.167901 0.138022 -0.612025 2.462995 -0.087341 0.588011 -0.023524 0.131216 24.800000
3.298974 0.105394 -0.582679 2.459294 -0.080409 0.594064 -0.025650 0.144999 24.850000
2.639489 -0.355160 -0.552990 2.455667 -0.073302 0.601055 -0.027810 0.140046 24.900000
2.045667 -0.434339 -0.523097 2.452116 -0.071729 0.601838 -0.027531 -0.058375 24.950000
1.765848 -0.076891 -0.493298 2.448594 -0.078652 0.597380 -0.023633 -0.204673 25.000000
1.107377 -0.253329 -0.463792 2.445066 -0.087005 0.590514 -0.019300 -0.136681 25.050000
0.368590 -0.490747 -0.434786 2.441553 -0.094906 0.577769 -0.015357 -0.175950 25.100000
0.000000 -0.576520 -0.406584 2.438067 -0.107093 0.558722 -0.009901 -0.299568 25.150000
0.157811 -0.311824 -0.379414 2.434593 -0.124949 0.536984 -0.002595 -0.404335 25.200000
0.612328 -0.007111 -0.353287 2.431113 -0.143735 0.517427 0.004552 -0.353251 25.250000
0.000000 -0.205833 -0.328020 2.427630 -0.157209 0.502787 0.009296 -0.201755 25.300000
0.000000 -0.322357 -0.303613 2.424189 -0.167370 0.483041 0.012551 -0.204637 25.350000
0.795225 -0.198391 -0.280170 2.420818 -0.179017 0.464023 0.016058 -0.256266 25.400000
0.777292 0.162046 -0.257472 2.417473 -0.191195 0.453088 0.019495 -0.233429 25.450000
0.716483 0.334764 -0.235311 2.414132 -0.198369 0.442525 0.021123 -0.069735 25.500000
0.156749 -0.053406 -0.213673 2.410841 -0.197325 0.432051 0.020081 0.096005 25.550000
0.000000 0.228134 -0.192671 2.407658 -0.194484 0.416850 0.018543 0.024590 25.600000
0.988276 0.625830 -0.172441 2.404610 -0.191049 0.400813 0.016915 0.105288 25.650000
0.180762 0.503612 -0.152757 2.401677 -0.179916 0.394736 0.013182 0.318724 25.700000
0.000000 0.578148 -0.133549 2.398888 -0.162194 0.381431 0.007834 0.383689 25.750000
0.000000 0.145154 -0.115022 2.396299 -0.141175 0.366868 0.001965 0.450268 25.800000
0.388370 0.145589 -0.097192 2.393911 -0.122608 0.352735 -0.002864 0.307924 25.850000
0.797496 0.598012 -0.079950 2.391678 -0.109266 0.342700 -0.006074 0.233613 25.900000
0.770309 0.591160 -0.063092 2.389563 -0.093457 0.336773 -0.009700 0.383297 25.950000
0.138684 0.797214 -0.046514 2.387579 -0.072168 0.330650 -0.014438 0.460196 26.000000
0.595871 0.403644 -0.030362 2.385756 -0.045693 0.318634 -0.020076 0.585067 26.050000
1.055817 -0.009150 -0.014663 2.384110 -0.019107 0.311139 -0.025363 0.489437 26.100000
0.981676 -0.310307 0.000810 2.382612 -0.000677 0.308355 -0.028569 0.271212 26.150000
1.422646 -0.286237 0.016156 2.381216 0.006189 0.305398 -0.029098 0.027363 26.200000
1.246726 0.096594 0.031473 2.379879 0.004086 0.306998 -0.027650 -0.099538 26.250000
0.946013 0.016537 0.046825 2.378576 0.001617 0.306912 -0.026177 -0.008020 26.300000
0.951786 -0.214429 0.062098 2.377313 0.001689 0.303945 -0.025308 0.009260 26.350000
0.833884 0.091256 0.077228 2.376093 -0.000293 0.301217 -0.024022 -0.080175 26.400000
1.811369 0.489478 0.092193 2.374902 -0.002117 0.297494 -0.022822 -0.000431 26.450000
1.475610 0.772154 0.107202 2.373758 0.003747 0.302751 -0.023314 0.214168 26.500000
1.678107 0.685464 0.122393 2.372702 0.020943 0.304291 -0.026256 0.449060 26.550000
1.827064 1.039362 0.137723 2.371785 0.045817 0.307266 -0.030794 0.536465 26.600000
1.988045 1.298156 0.153257 2.371050 0.077891 0.311000 -0.036830 0.724910 26.650000
2.620411 1.580158 0.169042 2.370557 0.119625 0.315241 -0.044910 0.920761 26.700000
3.565954 1.270990 0.185222 2.370397 0.171386 0.323988 -0.055199 1.123808 26.750000
3.916514 1.215942 0.202104 2.370707 0.226854 0.340109 -0.066460 1.099080 26.800000
2.933145 1.073717 0.219910 2.371611 0.280980 0.358134 -0.077678 1.070692 26.850000
2.377013 0.808427 0.238420 2.373124 0.332683 0.365783 -0.088378 1.006664 26.900000
1.792800 0.919681 0.257233 2.375163 0.379347 0.367904 -0.097569 0.877039 26.950000
2.386360 0.750995 0.276073 2.377634 0.422784 0.364417 -0.105586 0.862691 27.000000
2.508559 1.202629 0.294921 2.380545 0.463905 0.366478 -0.112699 0.791453 27.050000
1.829810 1.581353 0.313900 2.383974 0.507590 0.368776 -0.120318 0.938192 27.100000
1.271454 1.122719 0.332831 2.387890 0.560622 0.362587 -0.130050 1.155032 27.150000
0.824634 0.711461 0.351402 2.392168 0.616160 0.350308 -0.139720 1.077219 27.200000
1.689211 0.893325 0.369421 2.396660 0.664544 0.335130 -0.146763 0.883146 27.250000
1.103916 1.190142 0.387002 2.401403 0.708184 0.329135 -0.152080 0.864883 27.300000
1.478937 0.885789 0.404200 2.406427 0.754475 0.317069 -0.157545 0.973028 27.350000
1.570469 0.913307 0.420959 2.411699 0.801183 0.308545 -0.162569 0.904108 27.400000
0.826109 0.646189 0.437362 2.417287 0.845793 0.301384 -0.166704 0.882968 27.450000
0.765679 0.340621 0.453314 2.423068 0.886692 0.288228 -0.169591 0.767001 27.500000
0.000000 0.354836 0.468730 2.428894 0.920038 0.276659 -0.170497 0.587598 27.550000
0.000000 0.017008 0.483547 2.434608 0.947049 0.259887 -0.169826 0.501972 27.600000
0.000000 -0.176733 0.497715 2.440073 0.967034 0.245426 -0.167615 0.316818 27.650000
0.174393 0.063514 0.511302 2.445301 0.977880 0.233658 -0.163733 0.134867 27.700000
0.788983 0.395496 0.524386 2.450339 0.984621 0.224924 -0.159237 0.134365 27.750000
0.298122 0.369208 0.537089 2.455351 0.995145 0.221469 -0.155471 0.272447 27.800000
0.720169 0.746917 0.549418 2.460355 1.010486 0.212634 -0.152531 0.334366 27.850000
0.546448 0.880582 0.561359 2.465340 1.032396 0.206765 -0.150597 0.521399 27.900000
1.050320 1.160079 0.572922 2.470347 1.062602 0.197865 -0.149809 0.669490 27.950000
1.979670 0.926200 0.584124 2.475437 1.101215 0.192294 -0.150065 0.852696 28.000000
2.071611 0.825366 0.595096 2.480897 1.143697 0.194759 -0.150799 0.847323 28.050000
2.707832 0.999714 0.605918 2.486933 1.184883 0.198209 -0.151413 0.805401 28.100000
2.998491 1.373121 0.616627 2.493695 1.226549 0.207295 -0.152267 0.855365 28.150000
2.115260 0.929759 0.627245 2.501362 1.274133 0.217422 -0.154283 1.026483 28.200000
3.035258 1.030341 0.637660 2.509770 1.322824 0.218582 -0.156571 0.933277 28.250000
3.252453 0.944671 0.647829 2.518914 1.369408 0.228547 -0.158645 0.930773 28.300000
3.274816 0.888254 0.657767 2.529030 1.415006 0.240221 -0.160839 0.897792 28.350000
3.281650 0.931343 0.667429 2.540144 1.458881 0.251891 -0.163034 0.862121 28.400000
2.789380 0.877201 0.676764 2.552231 1.502037 0.263193 -0.165383 0.864275 28.450000
2.634572 1.051235 0.685713 2.565138 1.544716 0.269449 -0.167828 0.845550 28.500000
1.798112 1.459582 0.694229 2.578680 1.588701 0.273573 -0.170603 0.906487 28.550000
1.489259 1.635206 0.702269 2.592582 1.639332 0.268015 -0.174546 1.094346 28.600000
0.690136 1.359135 0.709801 2.606526 1.698341 0.257491 -0.179626 1.245381 28.650000
1.277147 1.329651 0.716838 2.620215 1.759470 0.239045 -0.184287 1.204946 28.700000
0.539069 1.510750 0.723401 2.633600 1.818866 0.226869 -0.187833 1.174746 28.750000
0.000000 1.533245 0.729525 2.646649 1.879156 0.207821 -0.190733 1.228858 28.800000
0.000000 1.267778 0.735318 2.659074 1.941449 0.183776 -0.192883 1.258063 28.850000
0.000000 1.190185 0.740862 2.670779 2.001769 0.161051 -0.193679 1.166483 28.900000
0.050085 0.969369 0.746200 2.681814 2.058038 0.140252 -0.193077 1.093338 28.950000
0.000000 1.278021 0.751360 2.692240 2.109297 0.122108 -0.191247 0.972181 29.000000
0.279922 1.212364 0.756369 2.702106 2.159674 0.104567 -0.188759 1.034175 29.050000
0.195860 1.372060 0.761219 2.711483 2.211401 0.090133 -0.185877 1.034313 29.100000
0.349143 1.319230 0.765903 2.720433 2.264814 0.075258 -0.182655 1.093793 29.150000
0.130683 1.520797 0.770428 2.728986 2.319632 0.062270 -0.179083 1.097906 29.200000
0.000000 1.515279 0.774822 2.737154 2.376728 0.047472 -0.175181 1.175027 29.250000
0.000000 1.909723 0.779162 2.744900 2.436333 0.031744 -0.170863 1.204580 29.300000
0.021325 2.193348 0.783489 2.752231 2.501138 0.015785 -0.166110 1.364661 29.350000
0.832994 2.479802 0.787829 2.759174 2.574280 -0.000786 -0.160813 1.535545 29.400000
0.237148 2.794036 0.792044 2.765858 2.656039 -0.010484 -0.154985 1.708187 29.450000
1.052180 2.619539 0.796122 2.772331 2.746645 -0.026497 -0.148486 1.887219 29.500000
0.214418 2.616651 0.800026 2.778625 2.841124 -0.034256 -0.141362 1.891156 29.550000
0.791284 2.628662 0.803764 2.784768 2.935674 -0.048584 -0.133734 1.890627 29.600000
0.086710 2.509082 0.807378 2.790758 3.030306 -0.056018 -0.125636 1.894006 29.650000
0.000000 2.009840 0.810885 2.796620 3.123791 -0.068475 -0.117195 1.851960 29.700000
0.000000 2.009572 0.814440 2.802363 -3.072476 -0.079188 -0.108619 1.655405 29.750000
0.568661 2.085624 0.818022 2.808009 -2.991932 -0.087591 -0.100126 1.578063 29.800000
0.061478 2.284551 0.821468 2.813551 -2.913109 -0.089247 -0.091748 1.575349 29.850000
0.000000 1.962808 0.824749 2.818995 -2.832265 -0.094899 -0.083316 1.647512 29.900000
0.000000 1.826890 0.827977 2.824382 -2.752453 -0.099878 -0.074939 1.558516 29.950000
0.000000 1.825767 0.831139 2.829717 -2.676987 -0.103365 -0.066923 1.472897 30.000000
0.000000 1.962200 0.834213 2.834995 -2.604348 -0.105678 -0.059236 1.437909 30.050000
0.132377 1.937972 0.837181 2.840214 -2.531400 -0.107177 -0.051689 1.474769 30.100000
0.000000 2.353170 0.840005 2.845354 -2.457473 -0.106716 -0.044298 1.481474 30.150000
0.894475 2.408288 0.842672 2.850411 -2.378903 -0.107012 -0.036808 1.637955 30.200000
0.349931 2.799999 0.845048 2.855258 -2.294622 -0.098446 -0.029391 1.720716 30.250000
1.164123 3.000000 0.847080 2.859825 -2.203554 -0.094665 -0.022126 1.894504 30.300000
1.443646 3.000000 0.848757 2.864037 -2.104859 -0.082769 -0.015140 2.030994 30.350000
0.637285 2.997780 0.849980 2.867651 -2.001852 -0.067924 -0.009099 2.081022 30.400000
0.412376 2.944801 0.850869 2.870752 -1.897292 -0.060376 -0.004009 2.098487 30.450000
0.424801 2.575461 0.851566 2.873543 -1.792723 -0.054532 0.000411 2.086380 30.500000
0.000000 2.334812 0.852120 2.876056 -1.692317 -0.048234 0.004077 1.952143 30.550000
0.000000 2.057784 0.852575 2.878379 -1.598633 -0.045721 0.007078 1.817023 30.600000
0.991405 1.776881 0.852959 2.880605 -1.512155 -0.043036 0.009576 1.665695 30.650000
0.053976 2.017261 0.853304 2.882500 -1.433542 -0.031097 0.011331 1.503262 30.700000
0.000000 1.788607 0.853636 2.884064 -1.357712 -0.028209 0.012551 1.526474 30.750000
0.031504 1.992104 0.853934 2.885536 -1.283547 -0.025846 0.013555 1.451208 30.800000
0.823453 2.258197 0.854208 2.886921 -1.209705 -0.023192 0.014387 1.495926 30.850000
0.631135 2.637089 0.854534 2.888043 -1.131565 -0.013121 0.014907 1.612221 30.900000
0.346297 2.978275 0.854990 2.888792 -1.045641 -0.005026 0.014952 1.796118 30.950000
0.779438 2.538285 0.855550 2.889293 -0.950256 0.000290 0.014604 1.988135 31.000000
0.869274 2.092499 0.856263 2.889545 -0.853330 0.009391 0.013773 1.902809 31.050000
1.272125 1.608253 0.857227 2.889491 -0.763748 0.018712 0.012410 1.710830 31.100000
0.935679 1.903476 0.858547 2.889100 -0.685459 0.031062 0.010606 1.458596 31.150000
1.450472 1.459746 0.860245 2.888414 -0.612330 0.039542 0.008403 1.465550 31.200000
1.623705 1.725327 0.862368 2.887463 -0.543711 0.052212 0.005877 1.302572 31.250000
0.757404 2.050816 0.865054 2.886216 -0.477691 0.065744 0.002896 1.333832 31.300000
1.195693 2.221620 0.868157 2.884810 -0.407132 0.070430 -0.000632 1.469024 31.350000
1.168872 2.643993 0.871590 2.883345 -0.330268 0.078628 -0.004704 1.587905 31.400000
1.769688 2.651157 0.875433 2.881839 -0.245054 0.085723 -0.009549 1.789524 31.450000
2.040265 2.599273 0.879806 2.880331 -0.153252 0.097418 -0.015231 1.869826 31.500000
1.686266 2.188427 0.884880 2.878870 -0.059411 0.110380 -0.021678 1.882044 31.550000
1.790582 2.380919 0.890598 2.877544 0.030568 0.118859 -0.028298 1.739828 31.600000
1.523155 2.513531 0.896857 2.876427 0.118011 0.127281 -0.035020 1.755625 31.650000
0.674910 2.755673 0.903570 2.875577 0.207371 0.131979 -0.042101 1.810327 31.700000
0.887621 3.000000 0.910427 2.874993 0.301022 0.127480 -0.049340 1.918452 31.750000
0.622204 2.786873 0.917242 2.874663 0.400646 0.123782 -0.056597 2.045609 31.800000
0.822383 2.970274 0.923964 2.874583 0.502091 0.116664 -0.063373 2.017042 31.850000
1.715174 3.000000 0.930551 2.874741 0.604531 0.110702 -0.069528 2.071496 31.900000
2.167025 3.000000 0.937180 2.875277 0.708989 0.112230 -0.075475 2.101846 31.950000
1.302928 2.699626 0.944036 2.876397 0.814412 0.116951 -0.081531 2.113314 32.000000
1.966948 2.656800 0.950974 2.878042 0.917133 0.112932 -0.087176 2.012480 32.050000
1.509777 2.654586 0.957901 2.880186 1.016259 0.114931 -0.092264 1.961186 32.100000
1.201040 2.940841 0.964793 2.882860 1.113757 0.112151 -0.097019 1.941922 32.150000
1.490794 3.000000 0.971510 2.885896 1.213600 0.105684 -0.101473 2.036185 32.200000
2.038053 2.949628 0.978005 2.889270 1.317010 0.101074 -0.105643 2.091002 32.250000
1.661138 3.000000 0.984287 2.893144 1.421620 0.100985 -0.109583 2.093100 32.300000
1.254805 2.604059 0.990310 2.897529 1.526814 0.096767 -0.113267 2.111547 32.350000
1.989033 2.649613 0.996016 2.902211 1.628521 0.089006 -0.116137 1.978770 32.400000
2.132342 2.373843 1.001371 2.907250 1.726517 0.088605 -0.118383 1.946380 32.450000
1.232701 2.026306 1.006315 2.912822 1.820638 0.089899 -0.120332 1.836292 32.500000
1.159764 2.107038 1.010852 2.918724 1.907619 0.083745 -0.121607 1.669024 32.550000
1.419208 1.798378 1.015028 2.924726 1.990027 0.077790 -0.122203 1.632704 32.600000
1.271365 1.623326 1.018819 2.930857 2.067979 0.075173 -0.122281 1.504542 32.650000
0.962491 1.855407 1.022203 2.937132 2.139844 0.072303 -0.121885 1.387056 32.700000
1.799283 1.907877 1.025229 2.943449 2.210274 0.066957 -0.121225 1.424591 32.750000
2.461731 2.102811 1.027814 2.949887 2.282504 0.069357 -0.120605 1.459581 32.800000
2.377670 2.024797 1.029723 2.956674 2.357978 0.077334 -0.120449 1.546669 32.850000
1.587390 1.741302 1.030844 2.963837 2.435512 0.083883 -0.120801 1.553769 32.900000
0.770524 2.073726 1.031316 2.971171 2.510282 0.083254 -0.121133 1.452029 32.950000
0.197605 1.950967 1.031430 2.978409 2.585219 0.075006 -0.121230 1.533291 33.000000
0.000000 2.434703 1.031468 2.985359 2.661507 0.061538 -0.120806 1.519903 33.050000
0.491983 2.650620 1.031599 2.991953 2.742434 0.046059 -0.119786 1.690886 33.100000
0.109442 2.825890 1.031779 2.998238 2.831144 0.034621 -0.118251 1.834625 33.150000
0.000000 3.000000 1.032007 3.004251 2.926248 0.019264 -0.116041 1.950419 33.200000
0.000000 3.000000 1.032405 3.009996 3.026776 0.002967 -0.112874 2.053300 33.250000
0.000000 2.787888 1.033003 3.015516 3.130496 -0.012698 -0.108660 2.089146 33.300000
0.000000 2.700692 1.033788 3.020863 -3.050056 -0.026964 -0.103499 2.026431 33.350000
0.000000 3.000000 1.034732 3.026082 -2.950313 -0.039533 -0.097603 1.972095 33.400000
0.000000 2.513252 1.035805 3.031209 -2.849219 -0.050959 -0.091012 2.057326 33.450000
0.000000 2.543552 1.036976 3.036273 -2.750469 -0.060746 -0.083976 1.915906 33.500000
0.735980 2.555277 1.038207 3.041291 -2.655884 -0.068757 -0.076749 1.874209 33.550000
1.627797 2.447733 1.039314 3.046187 -2.562502 -0.068580 -0.069566 1.862967 33.600000
0.983604 2.169569 1.039971 3.050738 -2.470581 -0.059120 -0.063019 1.820800 33.650000
1.871743 2.110740 1.040157 3.054878 -2.382893 -0.054899 -0.057312 1.704976 33.700000
1.589817 2.012435 1.039876 3.058516 -2.299547 -0.041633 -0.052500 1.639160 33.750000
2.148839 1.829688 1.039080 3.061517 -2.219360 -0.030783 -0.048649 1.577750 33.800000
1.899644 2.011630 1.037803 3.063792 -2.143102 -0.014526 -0.045768 1.486301 33.850000
2.292414 1.762501 1.036079 3.065260 -2.067909 -0.000879 -0.043809 1.517014 33.900000
3.176613 1.826225 1.033979 3.065873 -1.994337 0.016162 -0.042726 1.437654 33.950000
4.128758 2.103896 1.031472 3.065351 -1.922696 0.040950 -0.042744 1.429379 34.000000
4.667045 1.980114 1.028531 3.063295 -1.848346 0.073423 -0.044349 1.530091 34.050000
4.710739 1.739595 1.025227 3.059392 -1.771951 0.109290 -0.047835 1.526585 34.100000
4.759519 2.043946 1.021725 3.053548 -1.698182 0.143937 -0.052874 1.437652 34.150000
5.355385 1.712781 1.018217 3.045798 -1.624061 0.177098 -0.059586 1.516194 34.200000
5.956874 2.122591 1.014891 3.036069 -1.550797 0.213845 -0.067776 1.428025 34.250000
5.734724 2.082464 1.011943 3.024180 -1.475995 0.253692 -0.077977 1.547421 34.300000
5.882251 1.957717 1.009599 3.010177 -1.397565 0.288357 -0.090503 1.585262 34.350000
6.000000 1.900037 1.008070 2.994235 -1.319071 0.321614 -0.104503 1.559712 34.400000
6.000000 2.123993 1.007554 2.976458 -1.241859 0.353303 -0.119531 1.534188 34.450000
5.160573 1.906470 1.008226 2.957004 -1.162923 0.381780 -0.136166 1.613156 34.500000
5.655069 1.557148 1.010161 2.936256 -1.083496 0.399408 -0.153639 1.571909 34.550000
5.126581 1.219435 1.013434 2.914467 -1.008919 0.420157 -0.170161 1.433438 34.600000
5.620439 0.809034 1.018095 2.891782 -0.942339 0.435522 -0.184625 1.256491 34.650000
6.000000 0.678733 1.024178 2.868316 -0.885973 0.456310 -0.196186 1.030209 34.700000
5.357327 0.908804 1.031824 2.843989 -0.838616 0.481434 -0.205267 0.884431 34.750000
4.367149 0.659874 1.040999 2.818940 -0.793607 0.499667 -0.213968 0.913736 34.800000
5.058140 0.941418 1.051448 2.793558 -0.750162 0.507915 -0.222213 0.835018 34.850000
4.242528 0.889817 1.063127 2.767976 -0.706218 0.521592 -0.230713 0.914189 34.900000
5.047713 1.348167 1.076013 2.742317 -0.659920 0.525864 -0.240065 0.936052 34.950000
4.909282 1.224621 1.090105 2.716702 -0.607681 0.534802 -0.251579 1.129683 35.000000
5.176047 1.030608 1.105524 2.691199 -0.549949 0.539293 -0.265019 1.175020 35.050000
6.000000 1.302334 1.122279 2.665926 -0.492593 0.545182 -0.278043 1.127256 35.100000
6.000000 1.154115 1.140573 2.640875 -0.433712 0.556855 -0.291588 1.217674 35.150000
5.463938 0.976522 1.160541 2.616120 -0.373128 0.566258 -0.305762 1.208894 35.200000
5.611144 0.781484 1.182025 2.591844 -0.314549 0.570029 -0.318897 1.144590 35.250000
4.935298 0.422482 1.204903 2.568172 -0.260103 0.575862 -0.330075 1.047651 35.300000
5.926917 0.696087 1.229025 2.545185 -0.212778 0.577694 -0.338067 0.869113 35.350000
5.804035 0.339241 1.254448 2.522896 -0.168525 0.589593 -0.344760 0.898790 35.400000
6.000000 0.455925 1.281324 2.501333 -0.127012 0.600779 -0.350393 0.777997 35.450000
5.947975 -0.001074 1.309635 2.480540 -0.088298 0.614362 -0.354997 0.772597 35.500000
5.620097 0.030201 1.339369 2.460562 -0.054721 0.629184 -0.357527 0.592937 35.550000
6.000000 0.330278 1.370419 2.441403 -0.027101 0.643162 -0.357628 0.520955 35.600000
6.000000 -0.039418 1.402761 2.423084 0.001430 0.659617 -0.358474 0.611184 35.650000
5.282494 -0.278072 1.436414 2.405663 0.029192 0.675725 -0.359224 0.511759 35.700000
4.994452 -0.651451 1.471181 2.389136 0.050750 0.687527 -0.357206 0.366851 35.750000
5.019622 -1.103711 1.506833 2.373446 0.062728 0.700863 -0.350706 0.135854 35.800000
4.502146 -0.778361 1.543355 2.358481 0.060728 0.720518 -0.337489 -0.185649 35.850000
4.624624 -0.927255 1.580684 2.344086 0.050242 0.738264 -0.320344 -0.230518 35.900000
4.467925 -1.313855 1.618722 2.330169 0.036198 0.757629 -0.301766 -0.323117 35.950000
4.894962 -1.631285 1.657455 2.316623 0.014097 0.777485 -0.279228 -0.539467 36.000000
4.215537 -1.612569 1.696959 2.303278 -0.019741 0.803873 -0.250499 -0.787732 36.050000
3.291165 -2.060187 1.737160 2.289931 -0.062605 0.824252 -0.216995 -0.915176 36.100000
3.142507 -1.904257 1.777632 2.276412 -0.115393 0.835740 -0.178295 -1.168554 36.150000
4.102391 -1.579239 1.818063 2.262549 -0.175864 0.844091 -0.135978 -1.246012 36.200000
3.921811 -1.280004 1.858545 2.248193 -0.236187 0.857545 -0.094752 -1.181876 36.250000
4.346040 -0.963182 1.899141 2.233277 -0.291793 0.865063 -0.057392 -1.063978 36.300000
5.082930 -0.647450 1.939812 2.217792 -0.340538 0.873199 -0.025253 -0.910670 36.350000
5.305621 -0.316894 1.980747 2.201690 -0.381018 0.885760 0.000964 -0.734376 36.400000
4.775088 -0.213188 2.022109 2.184946 -0.412015 0.898725 0.020626 -0.532206 36.450000
5.769470 -0.586037 2.063805 2.167661 -0.434892 0.905810 0.034629 -0.399803 36.500000
5.316050 -0.117268 2.105913 2.149818 -0.457455 0.921388 0.048167 -0.494726 36.550000
4.628004 0.219187 2.148486 2.131335 -0.478452 0.931806 0.060387 -0.361783 36.600000
5.436483 0.697592 2.191275 2.112380 -0.490917 0.935865 0.066614 -0.158691 36.650000
6.000000 0.459352 2.234354 2.093049 -0.490262 0.948360 0.063871 0.155348 36.700000
6.000000 0.948737 2.278079 2.073342 -0.480375 0.966255 0.054945 0.233669 36.750000
6.000000 0.610379 2.322596 2.053320 -0.461725 0.983761 0.040081 0.487784 36.800000
6.000000 0.881181 2.367944 2.033150 -0.437237 1.000309 0.021402 0.494356 36.850000
5.901859 0.539291 2.414123 2.012944 -0.409020 1.015520 0.000381 0.623559 36.900000
5.276340 0.858302 2.461107 1.992838 -0.379497 1.028317 -0.021136 0.567852 36.950000
4.614771 0.950618 2.508713 1.972974 -0.347890 1.033783 -0.043669 0.686938 37.000000
5.111135 1.008870 2.556657 1.953588 -0.310435 1.031393 -0.069773 0.802340 37.050000
4.253432 1.069746 2.604899 1.934834 -0.267627 1.031700 -0.098897 0.903058 37.100000
3.391202 0.604342 2.653334 1.916865 -0.219943 1.021545 -0.130435 0.997948 37.150000
3.412836 0.965301 2.701537 1.899865 -0.173415 1.002138 -0.159529 0.882721 37.200000
2.453177 0.914937 2.749290 1.883867 -0.126371 0.981887 -0.187341 0.989846 37.250000
2.540278 1.084811 2.796349 1.868949 -0.075644 0.950855 -0.215855 1.037043 37.300000
3.327574 1.175488 2.842484 1.855166 -0.020979 0.918805 -0.244860 1.139580 37.350000
2.745148 0.854007 2.887864 1.842553 0.038613 0.891549 -0.274874 1.234817 37.400000
1.771119 0.809187 2.932484 1.831129 0.098359 0.857709 -0.302616 1.166937 37.450000
0.904295 1.095568 2.975965 1.820813 0.155558 0.815325 -0.326237 1.127536 37.500000
0.590839 1.578847 3.017884 1.811482 0.214611 0.764129 -0.348156 1.221764 37.550000
0.152657 1.329305 3.057953 1.803045 0.282039 0.706341 -0.371386 1.443203 37.600000
0.000000 1.212742 3.095966 1.795406 0.354073 0.642513 -0.393074 1.437196 37.650000
0.618568 1.348855 3.131842 1.788391 0.424410 0.578990 -0.409979 1.381519 37.700000
0.703302 1.788736 3.165771 1.781907 0.494014 0.522832 -0.422993 1.397347 37.750000
0.693067 2.018891 3.197954 1.775918 0.568470 0.465796 -0.434442 1.554325 37.800000
1.687821 1.769966 3.228412 1.770334 0.650104 0.405625 -0.444594 1.686777 37.850000
2.129507 1.834617 3.257361 1.765187 0.732980 0.355418 -0.451506 1.632849 37.900000
1.448503 2.226292 3.285134 1.760607 0.814372 0.311639 -0.455045 1.621159 37.950000
0.783043 2.292566 3.311744 1.756479 0.899081 0.260945 -0.456396 1.744033 38.000000
1.040788 2.220834 3.337025 1.752477 0.987949 0.203482 -0.455115 1.797398 38.050000
1.945313 2.278997 3.361016 1.748448 1.077241 0.150739 -0.450445 1.773499 38.100000
1.551278 2.628691 3.383969 1.744589 1.165896 0.109550 -0.442902 1.769731 38.150000
1.883897 2.472315 3.406025 1.740970 1.257666 0.065453 -0.433135 1.879792 38.200000
1.790533 2.512532 3.427243 1.737544 1.350927 0.026609 -0.421053 1.851967 38.250000
2.632392 2.281174 3.447715 1.734367 1.443378 -0.009539 -0.406912 1.844486 38.300000
1.978989 2.523188 3.467520 1.731637 1.532911 -0.033072 -0.391357 1.750087 38.350000
1.343025 2.781152 3.486697 1.729432 1.621749 -0.059493 -0.374797 1.794696 38.400000
1.624462 2.373901 3.505278 1.727456 1.714504 -0.090694 -0.356794 1.897211 38.450000
1.401556 2.531564 3.523310 1.725650 1.806113 -0.115226 -0.337670 1.784042 38.500000
1.766309 2.826647 3.540818 1.724090 1.895622 -0.137554 -0.317892 1.793857 38.550000
2.244367 2.995633 3.557806 1.722849 1.988436 -0.154564 -0.297223 1.901118 38.600000
1.480231 3.000000 3.574208 1.722123 2.086384 -0.165823 -0.275765 2.000540 38.650000
0.669842 2.591096 3.590057 1.721868 2.187511 -0.182007 -0.253702 2.038206 38.700000
0.000000 2.258546 3.605533 1.721815 2.285603 -0.201076 -0.231554 1.906959 38.750000
0.000000 2.256256 3.620815 1.721772 2.376080 -0.220458 -0.209987 1.738875 38.800000
0.898255 2.280553 3.635968 1.721708 2.461150 -0.235022 -0.188960 1.674290 38.850000
0.633465 2.594362 3.650795 1.721821 2.544442 -0.237855 -0.168441 1.660345 38.900000
0.958038 2.345574 3.665153 1.722233 2.630667 -0.241354 -0.147946 1.772045 38.950000
0.685232 2.828432 3.679003 1.722964 2.717991 -0.239543 -0.127917 1.728649 39.000000
0.000000 2.614126 3.692297 1.724022 2.809062 -0.238578 -0.108030 1.889492 39.050000
0.000000 2.289447 3.705220 1.725340 2.903144 -0.241972 -0.088224 1.876689 39.100000
0.273188 2.305452 3.717874 1.726882 2.993536 -0.242396 -0.069609 1.758575 39.150000
0.417641 2.653686 3.730142 1.728654 3.080397 -0.237783 -0.052372 1.722311 39.200000
0.000000 3.000000 3.741884 1.730653 -3.113367 -0.230167 -0.035676 1.837189 39.250000
0.851253 2.949350 3.753136 1.732873 -3.016592 -0.224964 -0.018759 2.006866 39.300000
0.382760 2.604629 3.763760 1.735282 -2.914899 -0.209939 -0.002354 2.053741 39.350000
0.432984 2.248359 3.773643 1.737820 -2.815207 -0.197734 0.012220 1.951387 39.400000
0.638772 2.313715 3.782870 1.740436 -2.722382 -0.183902 0.024440 1.788180 39.450000
1.481419 2.282639 3.791397 1.743031 -2.634058 -0.167463 0.034675 1.750881 39.500000
1.910603 2.653777 3.799032 1.745422 -2.547240 -0.142789 0.043099 1.725825 39.550000
2.859694 2.397778 3.805581 1.747371 -2.457351 -0.113984 0.049852 1.849996 39.600000
2.413228 2.206498 3.810884 1.748587 -2.366165 -0.076676 0.054350 1.804417 39.650000
2.841841 1.927568 3.814989 1.748901 -2.278469 -0.044795 0.056299 1.716840 39.700000
3.321651 1.991988 3.818061 1.748233 -2.196569 -0.010472 0.056002 1.579761 39.750000
4.316375 2.129778 3.820133 1.746363 -2.118503 0.026597 0.053644 1.547346 39.800000
4.340855 2.218615 3.821201 1.742957 -2.040086 0.071186 0.049070 1.583517 39.850000
4.916186 2.263905 3.821365 1.737783 -1.959585 0.113835 0.042075 1.629352 39.900000
5.731992 2.666425 3.820812 1.730704 -1.877133 0.159410 0.032593 1.663451 39.950000
6.000000 3.000000 3.819708 1.721427 -1.789352 0.209770 0.019887 1.822963 40.000000
6.000000 2.964358 3.818311 1.709755 -1.692955 0.259052 0.003042 2.004057 40.050000
5.629677 2.895313 3.816975 1.695718 -1.591114 0.303913 -0.017544 2.061202 40.100000
5.383278 2.791690 3.816049 1.679548 -1.488045 0.340505 -0.040663 2.062835 40.150000
5.510556 2.388383 3.815819 1.661570 -1.385800 0.370091 -0.065211 2.033743 40.200000
5.658316 2.787622 3.816517 1.642008 -1.288399 0.396800 -0.089628 1.888215 40.250000
6.000000 3.000000 3.818340 1.621005 -1.191232 0.420568 -0.114929 1.984992 40.300000
6.000000 3.000000 3.821519 1.598704 -1.088550 0.442107 -0.142632 2.104946 40.350000
5.638416 2.781600 3.826259 1.575323 -0.981809 0.457948 -0.172039 2.158476 40.400000
5.249431 2.515497 3.832634 1.551233 -0.875315 0.465624 -0.201220 2.111925 40.450000
5.090933 2.917605 3.840594 1.526827 -0.772705 0.466449 -0.228403 2.011652 40.500000
5.949588 3.000000 3.850062 1.502420 -0.668859 0.461639 -0.254925 2.125127 40.550000
5.567466 3.000000 3.861155 1.478166 -0.560402 0.459578 -0.281775 2.202102 40.600000
5.455809 3.000000 3.873917 1.454260 -0.449344 0.449120 -0.308026 2.235965 40.650000
6.000000 2.810916 3.888176 1.430995 -0.337084 0.433706 -0.332696 2.252626 40.700000
5.994469 2.448192 3.903933 1.408537 -0.226115 0.421010 -0.354959 2.196766 40.750000
6.000000 2.694640 3.921218 1.387013 -0.120479 0.408323 -0.373833 2.053543 40.800000
5.430440 3.000000 3.939941 1.366568 -0.016732 0.394634 -0.390525 2.090404 40.850000
6.000000 2.922999 3.959835 1.347359 0.091282 0.371613 -0.406434 2.209236 40.900000
6.000000 3.000000 3.980734 1.329533 0.202126 0.351009 -0.420808 2.221742 40.950000
6.000000 3.000000 4.002615 1.313217 0.314054 0.328591 -0.433228 2.249562 41.000000
6.000000 2.886592 4.025315 1.298509 0.426716 0.304908 -0.443522 2.254714 41.050000
5.646992 2.974591 4.048680 1.285484 0.538234 0.281479 -0.451305 2.211903 41.100000
6.000000 2.555242 4.072500 1.274161 0.649142 0.255068 -0.456717 2.220915 41.150000
5.195738 2.114869 4.096640 1.264588 0.755855 0.234975 -0.459339 2.071515 41.200000
4.719467 1.725646 4.120950 1.256742 0.853190 0.213870 -0.458794 1.855491 41.250000
4.483037 2.009576 4.145192 1.250465 0.939403 0.196306 -0.455306 1.627024 41.300000
5.206129 2.216994 4.169241 1.245674 1.021028 0.180526 -0.450337 1.635247 41.350000
4.534860 1.852316 4.193075 1.242468 1.104958 0.171240 -0.445119 1.709538 41.400000
4.569187 1.671887 4.216601 1.240840 1.187339 0.157634 -0.439198 1.601053 41.450000
4.289063 1.761264 4.239688 1.240671 1.264142 0.148876 -0.432228 1.487132 41.500000
4.721627 1.534386 4.262260 1.241922 1.338041 0.140285 -0.424747 1.470409 41.550000
5.089596 1.184098 4.284254 1.244623 1.408886 0.138544 -0.416954 1.376647 41.600000
6.000000 0.789181 4.305633 1.248965 1.472826 0.144910 -0.408852 1.205178 41.650000
6.000000 0.807438 4.326353 1.255266 1.526740 0.165687 -0.400541 0.982282 41.700000
6.000000 0.683160 4.346347 1.263747 1.573330 0.190188 -0.392492 0.894066 41.750000
5.123519 0.692357 4.365525 1.274369 1.615648 0.216479 -0.384957 0.810640 41.800000
5.536173 0.520176 4.383820 1.286873 1.655301 0.235400 -0.377952 0.780226 41.850000
5.705136 0.498447 4.401173 1.301095 1.692095 0.259232 -0.371291 0.702259 41.900000
6.000000 0.942775 4.417518 1.317118 1.726039 0.285441 -0.364977 0.661749 41.950000
5.942524 1.419360 4.432784 1.334969 1.763690 0.311791 -0.360345 0.825976 42.000000
5.950585 1.426996 4.446875 1.354553 1.812573 0.331256 -0.359083 1.095828 42.050000
5.349815 1.634653 4.459678 1.375671 1.870988 0.345378 -0.360724 1.224378 42.100000
5.741762 1.998025 4.471130 1.398023 1.936110 0.349865 -0.364351 1.361753 42.150000
6.000000 1.800432 4.481146 1.421389 2.009783 0.353150 -0.370182 1.557110 42.200000
6.000000 2.075966 4.489574 1.445720 2.087875 0.355839 -0.377048 1.565902 42.250000
5.305680 2.438242 4.496306 1.470899 2.169234 0.355976 -0.384591 1.672694 42.300000
5.739966 1.996959 4.501372 1.496590 2.257888 0.344923 -0.393373 1.845976 42.350000
5.814200 2.338700 4.504764 1.522544 2.347485 0.336830 -0.401426 1.752585 42.400000
5.707616 1.894587 4.506375 1.548708 2.437638 0.328504 -0.408826 1.839582 42.450000
6.000000 1.462612 4.506197 1.574908 2.525923 0.319739 -0.414945 1.711629 42.500000
6.000000 1.614430 4.504167 1.601060 2.605511 0.318361 -0.418537 1.503470 42.550000
5.578899 1.225784 4.500200 1.627112 2.679901 0.319669 -0.420846 1.476352 42.600000
5.621821 1.092725 4.494381 1.652901 2.749264 0.319710 -0.421943 1.320606 42.650000
4.630525 0.808675 4.486778 1.678304 2.811999 0.323892 -0.421592 1.205140 42.700000
3.850580 0.383656 4.477599 1.703182 2.867749 0.322771 -0.419710 1.045985 42.750000
3.063197 0.566831 4.467220 1.727394 2.913318 0.320431 -0.415490 0.806625 42.800000
3.449667 0.480970 4.455965 1.750868 2.952462 0.314758 -0.409860 0.763621 42.850000
2.642261 0.060915 4.443922 1.773583 2.989050 0.314614 -0.403777 0.706384 42.900000
2.822301 -0.368409 4.431183 1.795537 3.018818 0.311002 -0.396335 0.506610 42.950000
1.856907 -0.690105 4.417844 1.816754 3.036384 0.316008 -0.386445 0.225643 43.000000
1.299868 -0.660627 4.404016 1.837291 3.039719 0.319431 -0.373749 -0.064891 43.050000
2.024878 -1.011437 4.389979 1.857197 3.032296 0.322934 -0.359063 -0.217622 43.100000
2.144757 -0.966558 4.375646 1.876552 3.015051 0.337528 -0.342533 -0.447904 43.150000
1.762934 -1.425826 4.360787 1.895468 2.989846 0.355838 -0.324430 -0.549071 43.200000
2.073917 -1.239506 4.345462 1.914021 2.955786 0.372987 -0.304345 -0.785783 43.250000
1.993111 -1.618233 4.329689 1.932313 2.915335 0.393912 -0.282770 -0.827540 43.300000
2.670874 -1.623931 4.313450 1.950441 2.869162 0.414126 -0.259708 -0.998429 43.350000
1.679913 -1.201552 4.296658 1.968548 2.816899 0.440356 -0.234838 -1.081886 43.400000
2.495845 -0.989660 4.279459 1.986685 2.766261 0.454107 -0.210627 -0.960824 43.450000
3.116621 -0.826666 4.261976 2.004860 2.721999 0.471579 -0.188804 -0.827621 43.500000
3.945564 -0.384718 4.243976 2.023198 2.684089 0.491332 -0.169335 -0.704708 43.550000
3.047813 -0.583644 4.225226 2.041831 2.655403 0.515052 -0.153277 -0.470277 43.600000
2.331582 -0.119549 4.205808 2.060709 2.632858 0.527686 -0.139664 -0.436262 43.650000
3.016419 -0.446816 4.186099 2.079637 2.616743 0.531620 -0.128827 -0.230830 43.700000
3.719747 -0.371866 4.166122 2.098573 2.604383 0.540900 -0.119707 -0.261174 43.750000
3.069540 0.015193 4.145623 2.117690 2.591673 0.556224 -0.110659 -0.249060 43.800000
3.106418 0.218011 4.124622 2.136985 2.583820 0.564046 -0.103769 -0.082139 43.850000
2.732625 -0.248972 4.103251 2.156332 2.584597 0.570644 -0.100565 0.096206 43.900000
2.816575 -0.169421 4.081577 2.175638 2.586687 0.573330 -0.097989 -0.003420 43.950000
2.105149 0.266930 4.059672 2.194885 2.585873 0.577069 -0.094320 -0.027231 44.000000
1.727333 0.487657 4.037670 2.213996 2.589218 0.573528 -0.092492 0.144379 44.050000
1.460892 0.919099 4.015768 2.232785 2.601591 0.565489 -0.094376 0.331503 44.100000
2.105716 0.667810 3.994061 2.251105 2.625855 0.553671 -0.100852 0.608837 44.150000
3.104783 1.119682 3.972437 2.268922 2.657417 0.547032 -0.109802 0.649667 44.200000
2.367561 0.665377 3.950545 2.286370 2.695605 0.548469 -0.120990 0.854309 44.250000
2.386377 0.166723 3.928334 2.303404 2.736122 0.542022 -0.132607 0.776896 44.300000
2.815799 -0.043272 3.905969 2.319954 2.768431 0.536998 -0.140492 0.543380 44.350000
3.687235 0.129856 3.883360 2.336124 2.790000 0.537981 -0.143945 0.341725 44.400000
4.078757 0.118643 3.860230 2.352074 2.806183 0.547988 -0.145290 0.309372 44.450000
4.328494 0.496978 3.836317 2.367907 2.821089 0.561441 -0.146222 0.289432 44.500000
4.972711 0.498129 3.811505 2.383638 2.839660 0.575889 -0.148773 0.438208 44.550000
4.126939 0.246499 3.785624 2.399251 2.863809 0.594480 -0.153776 0.519761 44.600000
3.445539 -0.073185 3.758756 2.414658 2.888196 0.604241 -0.158934 0.462900 44.650000
3.394179 -0.125534 3.731275 2.429752 2.906949 0.608368 -0.161591 0.304568 44.700000
3.484512 -0.153505 3.703358 2.444530 2.919282 0.613216 -0.161426 0.199603 44.750000
3.739702 -0.011269 3.675004 2.459033 2.927372 0.619636 -0.159456 0.130759 44.800000
4.193383 0.432589 3.646147 2.473298 2.934516 0.628380 -0.157185 0.152814 44.850000
4.685371 0.259847 3.616645 2.487335 2.947637 0.639701 -0.157764 0.352024 44.900000
5.432358 0.150850 3.586315 2.501106 2.966244 0.653898 -0.160955 0.389101 44.950000
4.805315 0.029694 3.554906 2.514609 2.985081 0.674292 -0.164366 0.367686 45.000000
4.623661 0.377046 3.522431 2.527824 3.001856 0.688401 -0.166885 0.310149 45.050000
4.534082 0.679133 3.489116 2.540701 3.020576 0.699717 -0.170452 0.427003 45.100000
3.746690 1.117155 3.455066 2.553152 3.047134 0.707741 -0.177962 0.615384 45.150000
3.359277 0.877815 3.420541 2.565024 3.085559 0.704793 -0.191236 0.890019 45.200000
2.750339 0.766816 3.385877 2.576155 3.131229 0.695663 -0.207474 0.933075 45.250000
1.816618 0.774792 3.351346 2.586484 -3.105813 0.680157 -0.222972 0.916156 45.300000
0.890595 0.566910 3.317330 2.596017 -3.060038 0.655839 -0.237098 0.915631 45.350000
1.041027 0.799227 3.284258 2.604808 -3.016525 0.623900 -0.248777 0.834918 45.400000
0.622582 1.253239 3.252279 2.612926 -2.973288 0.594141 -0.258973 0.887721 45.450000
0.455918 0.908083 3.221448 2.620401 -2.923242 0.558659 -0.270601 1.087705 45.500000
0.000000 1.178059 3.191911 2.627265 -2.870131 0.521186 -0.281695 1.041952 45.550000
0.181606 1.540834 3.163777 2.633612 -2.815762 0.479785 -0.291353 1.121020 45.600000
1.107962 1.666747 3.137090 2.639510 -2.754905 0.438436 -0.301190 1.288799 45.650000
0.866597 1.332802 3.111615 2.644905 -2.687181 0.403702 -0.311093 1.402726 45.700000
1.463500 1.629582 3.087203 2.649788 -2.619381 0.367278 -0.318945 1.319577 45.750000
1.795423 1.176882 3.063743 2.654175 -2.551354 0.337115 -0.324973 1.390054 45.800000
1.269896 0.988422 3.041031 2.657993 -2.485988 0.311956 -0.328823 1.243876 45.850000
1.973139 1.197401 3.019044 2.661306 -2.427755 0.285874 -0.329826 1.102994 45.900000
2.871144 1.466408 2.997692 2.664103 -2.372218 0.268527 -0.329368 1.115702 45.950000
2.549347 1.598865 2.976701 2.666143 -2.313429 0.258782 -0.329011 1.220973 46.000000
2.248222 1.990310 2.956026 2.667350 -2.249715 0.244251 -0.329037 1.313731 46.050000
1.495606 1.844410 2.935821 2.667863 -2.178802 0.224259 -0.329483 1.495339 46.100000
1.535606 1.463498 2.916277 2.667923 -2.103578 0.196117 -0.329329 1.509769 46.150000
1.008041 1.647927 2.897469 2.667691 -2.032128 0.171227 -0.327260 1.367337 46.200000
0.906711 1.640531 2.879389 2.667271 -1.963633 0.143968 -0.323611 1.370288 46.250000
0.000000 1.592669 2.862054 2.666804 -1.895320 0.117285 -0.318758 1.361758 46.300000
0.000000 1.574297 2.845482 2.666521 -1.828018 0.084133 -0.312546 1.332441 46.350000
0.000000 1.704883 2.829658 2.666614 -1.762126 0.053454 -0.304956 1.305232 46.400000
0.599530 1.975818 2.814500 2.667068 -1.695951 0.024539 -0.296244 1.335793 46.450000
0.036887 2.197026 2.799922 2.667738 -1.626023 0.001618 -0.286656 1.444414 46.500000
0.922640 1.926144 2.785857 2.668625 -1.550286 -0.026939 -0.276066 1.565666 46.550000
1.173333 2.268311 2.772252 2.669648 -1.473572 -0.045417 -0.264556 1.510305 46.600000
1.950550 2.638774 2.759083 2.670515 -1.395137 -0.060248 -0.252481 1.611318 46.650000
1.363978 2.313074 2.746369 2.670994 -1.309556 -0.068366 -0.239869 1.784788 46.700000
1.428909 2.373662 2.734111 2.671058 -1.221812 -0.080835 -0.226941 1.732776 46.750000
2.374091 2.125620 2.722287 2.670810 -1.135143 -0.090364 -0.213847 1.733663 46.800000
2.931820 1.721455 2.711019 2.670023 -1.051048 -0.088508 -0.201136 1.644227 46.850000
2.681148 1.881136 2.700526 2.668397 -0.974087 -0.078276 -0.189650 1.461942 46.900000
3.006426 1.577111 2.690921 2.665909 -0.901375 -0.068567 -0.179347 1.448922 46.950000
2.670798 1.389254 2.682275 2.662606 -0.832285 -0.054387 -0.170172 1.332013 47.000000
3.235612 1.853494 2.674640 2.658555 -0.769069 -0.041737 -0.162178 1.213589 47.050000
3.099245 2.186113 2.668102 2.653791 -0.704782 -0.023900 -0.155144 1.340676 47.100000
3.712385 2.434355 2.662748 2.648343 -0.632609 -0.009046 -0.149014 1.520494 47.150000
3.115286 2.786065 2.658683 2.642267 -0.551815 0.009793 -0.143967 1.686570 47.200000
2.770395 2.677415 2.655917 2.635692 -0.461894 0.021114 -0.140061 1.879945 47.250000
2.321418 3.000000 2.654260 2.628864 -0.366889 0.028279 -0.136956 1.914774 47.300000
2.477257 2.508492 2.653542 2.621965 -0.267435 0.030548 -0.134375 2.042363 47.350000
2.392487 2.925661 2.653690 2.615115 -0.169017 0.034698 -0.132071 1.915339 47.400000
2.207231 3.000000 2.654715 2.608395 -0.070296 0.038132 -0.130135 2.016880 47.450000
2.825773 3.000000 2.656525 2.601897 0.032392 0.039255 -0.128531 2.080071 47.500000
3.087106 3.000000 2.659187 2.595711 0.137064 0.045942 -0.127330 2.103060 47.550000
3.146081 3.000000 2.662857 2.589957 0.242471 0.054805 -0.126777 2.111927 47.600000
3.713117 2.866293 2.667539 2.584762 0.348177 0.063860 -0.126930 2.115869 47.650000
3.283320 2.544822 2.673283 2.580291 0.452668 0.077977 -0.127886 2.071570 47.700000
2.913921 2.721418 2.680017 2.576664 0.552507 0.088196 -0.129431 1.943462 47.750000
2.806082 2.501888 2.687475 2.573881 0.650156 0.094742 -0.131389 1.959994 47.800000
3.002152 2.932511 2.695460 2.571942 0.746080 0.100074 -0.133565 1.888734 47.850000
2.983239 2.652243 2.703886 2.570909 0.844217 0.106306 -0.136241 2.016060 47.900000
2.197080 2.598201 2.712662 2.570844 0.943507 0.111530 -0.139301 1.964283 47.950000
1.306969 2.503267 2.721572 2.571616 1.040620 0.109261 -0.142186 1.926421 48.000000
0.968341 2.893876 2.730336 2.572896 1.135542 0.098895 -0.144369 1.878051 48.050000
1.344705 2.874208 2.738795 2.574417 1.232939 0.085054 -0.145822 1.997874 48.100000
1.834302 2.520116 2.746939 2.576164 1.333880 0.074389 -0.146575 2.033548 48.150000
2.694739 2.406090 2.754809 2.578317 1.432271 0.069134 -0.146594 1.920546 48.200000
3.467732 1.924819 2.762421 2.581185 1.525900 0.073040 -0.146327 1.838000 48.250000
4.319146 2.341789 2.769730 2.585133 1.611889 0.085524 -0.146174 1.633714 48.300000
4.259695 2.456651 2.776622 2.590511 1.695694 0.105848 -0.146915 1.707671 48.350000
5.175443 2.051777 2.782939 2.597418 1.783161 0.123949 -0.149077 1.780187 48.400000
4.541319 2.041447 2.788483 2.605944 1.868800 0.149924 -0.152338 1.664205 48.450000
4.987223 1.900991 2.793095 2.616038 1.950659 0.169372 -0.156451 1.617894 48.500000
4.989972 1.835863 2.796653 2.627529 2.029608 0.192345 -0.161281 1.550987 48.550000
5.223332 2.263389 2.799000 2.640378 2.105771 0.214520 -0.166813 1.503450 48.600000
4.360229 2.637162 2.800005 2.654475 2.185004 0.236647 -0.173877 1.645461 48.650000
3.559184 2.398116 2.799662 2.669502 2.272892 0.246930 -0.183103 1.840285 48.700000
3.496962 2.231775 2.798147 2.684956 2.364623 0.247256 -0.192990 1.830917 48.750000
3.982554 1.872530 2.795568 2.700552 2.454371 0.246340 -0.202160 1.769158 48.800000
4.855979 1.383491 2.791836 2.716252 2.538420 0.250524 -0.210095 1.616800 48.850000
5.565141 1.686503 2.786678 2.732151 2.612399 0.264752 -0.216443 1.378319 48.900000
5.992689 1.696807 2.779763 2.748337 2.681822 0.285735 -0.222640 1.397053 48.950000
6.000000 1.256691 2.770866 2.764761 2.752122 0.308963 -0.229900 1.413903 49.000000
5.277988 1.365764 2.759915 2.781280 2.818428 0.331917 -0.237123 1.261353 49.050000
4.687959 1.662956 2.747096 2.797685 2.880935 0.347854 -0.244110 1.242649 49.100000
5.024967 1.684774 2.732751 2.813746 2.946138 0.356142 -0.252084 1.351119 49.150000
4.191709 1.331121 2.717002 2.829297 3.015324 0.365095 -0.261196 1.409042 49.200000
3.694179 1.257107 2.700035 2.844199 3.082757 0.365759 -0.269746 1.303862 49.250000
4.053743 1.110263 2.682205 2.858353 -3.137263 0.362642 -0.276832 1.232946 49.300000
5.012050 0.972488 2.663577 2.871711 -3.078043 0.363931 -0.282604 1.147900 49.350000
4.017151 1.400995 2.643878 2.884213 -3.023149 0.375313 -0.287301 1.060414 49.400000
4.723667 1.656568 2.623175 2.895808 -2.966498 0.375945 -0.292560 1.188804 49.450000
5.479354 1.633578 2.601637 2.906413 -2.902648 0.379755 -0.299668 1.344186 49.500000
4.645703 1.995896 2.579058 2.915859 -2.833727 0.387672 -0.308170 1.405006 49.550000
5.235127 2.366768 2.555595 2.924062 -2.758818 0.384135 -0.318133 1.567841 49.600000
5.140879 2.050133 2.531477 2.930941 -2.674582 0.381012 -0.330117 1.770925 49.650000
5.495056 2.503251 2.506786 2.936373 -2.587025 0.374258 -0.342239 1.737075 49.700000
5.979535 2.601094 2.481628 2.940267 -2.495780 0.367879 -0.354522 1.888964 49.750000
6.000000 2.258154 2.456053 2.942460 -2.398627 0.361811 -0.367493 1.982351 49.800000
5.370794 2.098618 2.430181 2.942841 -2.302017 0.354819 -0.379380 1.896388 49.850000
5.135041 1.919162 2.404264 2.941488 -2.209777 0.343122 -0.389109 1.807282 49.900000
4.906130 2.314130 2.378550 2.938547 -2.122293 0.331157 -0.396568 1.707333 49.950000
