-0.843421 0.225707 0.892284 -0.904161 0.116903 -0.783826 0.000000 -0.702507 0.000000
0.000000 0.598953 0.853934 -0.908520 0.093265 -0.760098 -0.013003 -0.290383 0.050000
0.000000 0.607750 0.816912 -0.912588 0.088994 -0.729696 -0.014836 0.083284 0.100000
0.137711 0.365898 0.781367 -0.916532 0.099015 -0.700829 -0.009229 0.296924 0.150000
0.408333 0.194528 0.747277 -0.920445 0.114348 -0.671852 -0.001417 0.315492 0.200000
0.000000 0.505784 0.714680 -0.924324 0.128519 -0.641438 0.005264 0.258080 0.250000
0.677116 0.348585 0.683481 -0.928159 0.144230 -0.615936 0.012125 0.360416 0.300000
0.259003 0.565868 0.653692 -0.931956 0.162021 -0.585023 0.019329 0.352763 0.350000
1.241829 0.842903 0.625318 -0.935707 0.182100 -0.559020 0.026860 0.441525 0.400000
2.004020 1.149995 0.598441 -0.939406 0.208663 -0.524466 0.036199 0.603517 0.450000
1.424730 0.992648 0.573417 -0.943001 0.244613 -0.483345 0.047868 0.810570 0.500000
0.894819 0.597153 0.550234 -0.946493 0.286251 -0.448277 0.060064 0.850664 0.550000
0.450159 0.565842 0.528575 -0.949911 0.324979 -0.419181 0.070001 0.715354 0.600000
0.515930 0.243163 0.508154 -0.953260 0.358595 -0.395440 0.077382 0.638555 0.650000
0.000000 0.006078 0.488824 -0.956522 0.385837 -0.372452 0.082210 0.470157 0.700000
0.000000 -0.287621 0.470417 -0.959691 0.404241 -0.356039 0.084194 0.285577 0.750000
0.580882 -0.489032 0.452756 -0.962772 0.412388 -0.341428 0.083359 0.062163 0.800000
1.555189 -0.825030 0.435899 -0.965672 0.409681 -0.323224 0.079889 -0.150686 0.850000
2.311171 -1.116586 0.420112 -0.968220 0.394971 -0.297925 0.073933 -0.411353 0.900000
1.347043 -1.546387 0.405695 -0.970244 0.367243 -0.267689 0.065854 -0.669366 0.950000
2.139907 -1.865083 0.392530 -0.971770 0.325355 -0.248415 0.055929 -0.969726 1.000000
1.300813 -1.489778 0.380534 -0.972833 0.269401 -0.222880 0.044654 -1.233820 1.050000
1.508380 -1.442961 0.369663 -0.973471 0.208426 -0.205559 0.033830 -1.209142 1.100000
1.078005 -1.698926 0.359769 -0.973789 0.148734 -0.186094 0.024353 -1.182594 1.150000
0.931250 -1.308367 0.350793 -0.973853 0.087126 -0.170698 0.015699 -1.270034 1.200000
0.551219 -1.751411 0.342591 -0.973730 0.026742 -0.156562 0.008123 -1.160572 1.250000
1.148569 -1.491221 0.335028 -0.973473 -0.034751 -0.145915 0.001221 -1.282547 1.300000
1.688014 -1.589052 0.328149 -0.973120 -0.097584 -0.129576 -0.004990 -1.237217 1.350000
2.546428 -1.189477 0.322201 -0.972741 -0.159957 -0.108370 -0.010106 -1.255267 1.400000
3.306553 -1.269241 0.317473 -0.972453 -0.218621 -0.079686 -0.013701 -1.110923 1.450000
2.822283 -0.843427 0.314275 -0.972421 -0.273223 -0.044882 -0.015658 -1.077532 1.500000
2.813681 -0.969955 0.312590 -0.972747 -0.322001 -0.015921 -0.016194 -0.896803 1.550000
2.726206 -1.396028 0.312225 -0.973473 -0.365874 0.011774 -0.015709 -0.862329 1.600000
3.324020 -1.676015 0.313084 -0.974646 -0.413235 0.037639 -0.014327 -1.012853 1.650000
3.873855 -1.225005 0.315197 -0.976376 -0.468870 0.068111 -0.011721 -1.188955 1.700000
4.180955 -1.255326 0.318708 -0.978855 -0.525620 0.102317 -0.007878 -1.093856 1.750000
4.161479 -1.300198 0.323672 -0.982251 -0.579448 0.137721 -0.003001 -1.063363 1.800000
3.741480 -1.666919 0.330019 -0.986665 -0.632730 0.171196 0.002977 -1.067539 1.850000
4.685778 -1.555591 0.337528 -0.992096 -0.690177 0.198960 0.010480 -1.211249 1.900000
3.790047 -1.278965 0.346149 -0.998686 -0.751353 0.233702 0.019576 -1.233230 1.950000
3.728922 -0.856445 0.355739 -1.006486 -0.810337 0.258068 0.029252 -1.139444 2.000000
3.168525 -0.414377 0.366012 -1.015359 -0.861573 0.280529 0.038085 -0.937017 2.050000
3.409970 -0.239614 0.376794 -1.025187 -0.900948 0.297029 0.044882 -0.670910 2.100000
3.667968 0.168847 0.388000 -1.035893 -0.928942 0.315545 0.049458 -0.471912 2.150000
2.862452 0.665629 0.399681 -1.047538 -0.945080 0.336408 0.051507 -0.202238 2.200000
2.662610 0.186423 0.411778 -1.059971 -0.945396 0.350047 0.049811 0.155405 2.250000
3.405943 0.301188 0.424193 -1.072949 -0.937721 0.361808 0.046176 0.152067 2.300000
2.630705 0.569314 0.437010 -1.086539 -0.928824 0.380033 0.042254 0.199233 2.350000
2.594931 0.838315 0.450229 -1.100693 -0.915041 0.390542 0.037026 0.338100 2.400000
2.092232 0.951275 0.463767 -1.115210 -0.892991 0.400551 0.029542 0.524059 2.450000
1.590314 0.878543 0.477589 -1.129930 -0.862822 0.405508 0.019865 0.666985 2.500000
2.299435 0.615289 0.491578 -1.144620 -0.828245 0.405279 0.009198 0.711611 2.550000
1.917087 0.592679 0.505783 -1.159282 -0.794929 0.411151 -0.000805 0.631222 2.600000
1.628652 1.003261 0.520248 -1.173954 -0.764661 0.412836 -0.009667 0.585426 2.650000
2.406813 1.282369 0.534861 -1.188502 -0.731341 0.411342 -0.019135 0.731011 2.700000
3.086271 1.548732 0.549733 -1.202950 -0.689630 0.416369 -0.030808 0.915579 2.750000
2.986847 1.303336 0.565156 -1.217436 -0.638402 0.426277 -0.045172 1.109443 2.800000
3.845849 1.508698 0.581256 -1.231932 -0.583026 0.433534 -0.060617 1.107208 2.850000
3.719628 1.919263 0.598178 -1.246439 -0.525332 0.447076 -0.076684 1.190734 2.900000
2.995284 2.374601 0.616061 -1.260919 -0.460182 0.456689 -0.095092 1.389112 2.950000
2.013973 1.909769 0.634712 -1.275105 -0.383343 0.455741 -0.116873 1.647756 3.000000
1.654251 2.077613 0.653723 -1.288688 -0.302729 0.442806 -0.138707 1.587450 3.050000
1.111332 1.947787 0.672744 -1.301514 -0.222157 0.424773 -0.158887 1.630076 3.100000
2.095132 1.589724 0.691514 -1.313521 -0.141454 0.400304 -0.177181 1.602818 3.150000
1.510580 1.270411 0.710096 -1.324744 -0.065361 0.385278 -0.192410 1.462340 3.200000
2.320019 0.778286 0.728562 -1.335244 0.002725 0.366196 -0.204037 1.286355 3.250000
2.203565 0.336325 0.746969 -1.345066 0.059586 0.357661 -0.211687 1.023648 3.300000
1.638226 0.536868 0.765510 -1.354265 0.102555 0.351965 -0.215269 0.731513 3.350000
1.472624 0.589495 0.784060 -1.362901 0.137440 0.343465 -0.216519 0.670845 3.400000
0.547403 1.011632 0.802462 -1.371016 0.170714 0.334194 -0.217118 0.660950 3.450000
0.921085 0.908891 0.820463 -1.378656 0.208303 0.315387 -0.218362 0.822461 3.500000
0.219588 0.514089 0.837920 -1.385842 0.250390 0.299385 -0.220080 0.856254 3.550000
0.275823 0.779529 0.854773 -1.392612 0.289200 0.278415 -0.220508 0.712771 3.600000
1.225302 0.643849 0.870919 -1.399043 0.325788 0.259454 -0.219944 0.745949 3.650000
0.419961 0.697368 0.886612 -1.405079 0.361958 0.250215 -0.218956 0.705310 3.700000
0.714443 0.356599 0.901901 -1.410732 0.397217 0.234185 -0.217521 0.704436 3.750000
0.686794 0.484750 0.916699 -1.416058 0.428540 0.222756 -0.215148 0.564216 3.800000
0.000000 0.632422 0.931107 -1.421052 0.456194 0.212690 -0.212051 0.543727 3.850000
0.003920 0.698972 0.944995 -1.425800 0.484702 0.196507 -0.208928 0.590500 3.900000
0.287875 0.201825 0.958236 -1.430386 0.515557 0.180446 -0.205901 0.637554 3.950000
0.490540 -0.161305 0.970919 -1.434789 0.542416 0.168885 -0.202179 0.456643 4.000000
0.312292 -0.252153 0.983201 -1.438962 0.558470 0.162728 -0.197139 0.210922 4.050000
0.641653 -0.478348 0.995149 -1.442909 0.564266 0.157964 -0.191043 0.037475 4.100000
1.333686 -0.153393 1.006847 -1.446618 0.560796 0.158844 -0.184103 -0.157808 4.150000
1.702601 -0.540520 1.018536 -1.449970 0.553697 0.166969 -0.176975 -0.128932 4.200000
1.289711 -0.611979 1.030432 -1.452853 0.543206 0.178935 -0.169618 -0.275752 4.250000
1.898754 -0.749553 1.042544 -1.455302 0.526427 0.187904 -0.161618 -0.384019 4.300000
1.799371 -0.856255 1.054929 -1.457326 0.504091 0.203177 -0.152974 -0.496929 4.350000
2.721188 -0.732349 1.067707 -1.458911 0.476440 0.217729 -0.143594 -0.597655 4.400000
2.603456 -0.440320 1.081055 -1.460021 0.446558 0.240339 -0.133810 -0.597501 4.450000
2.303565 -0.691404 1.095127 -1.460632 0.419994 0.260009 -0.124515 -0.478404 4.500000
2.687633 -0.372080 1.109802 -1.460834 0.394907 0.275558 -0.115478 -0.520497 4.550000
2.624033 -0.215983 1.125080 -1.460669 0.371902 0.293452 -0.106886 -0.411755 4.600000
3.121905 0.006953 1.140998 -1.460142 0.354654 0.309001 -0.099551 -0.291030 4.650000
2.229652 0.412734 1.157609 -1.459237 0.344447 0.327488 -0.093861 -0.133162 4.700000
1.653270 0.860737 1.174775 -1.457984 0.344920 0.335567 -0.090796 0.127319 4.750000
2.032380 0.791996 1.192112 -1.456464 0.360432 0.336125 -0.091436 0.458652 4.800000
1.683868 1.096464 1.209521 -1.454638 0.387377 0.338699 -0.094815 0.603116 4.850000
1.459590 1.181211 1.226962 -1.452467 0.422987 0.336634 -0.100169 0.798357 4.900000
0.810738 1.047949 1.244266 -1.449966 0.466500 0.331164 -0.107121 0.926507 4.950000
0.030204 0.753475 1.261216 -1.447207 0.513062 0.319016 -0.114261 0.935065 5.000000
0.000000 0.608007 1.277518 -1.444360 0.556681 0.300163 -0.119991 0.823545 5.050000
0.332336 0.412617 1.293052 -1.441548 0.594745 0.282407 -0.123802 0.712259 5.100000
0.000000 0.772856 1.307928 -1.438754 0.626635 0.269326 -0.125850 0.578731 5.150000
0.297672 1.054957 1.322192 -1.435996 0.657756 0.253726 -0.127357 0.656769 5.200000
1.029583 0.806226 1.335849 -1.433278 0.694801 0.240392 -0.129537 0.806793 5.250000
1.836038 0.642533 1.349086 -1.430446 0.734377 0.233816 -0.131805 0.779506 5.300000
1.740660 0.344564 1.362179 -1.427266 0.771161 0.235383 -0.133456 0.701359 5.350000
2.569726 -0.114331 1.375252 -1.423629 0.801827 0.237053 -0.134059 0.543573 5.400000
3.489304 -0.531453 1.388441 -1.419416 0.821586 0.248338 -0.132886 0.275838 5.450000
4.299971 -0.671065 1.402054 -1.414345 0.826629 0.270393 -0.129256 -0.042864 5.500000
3.524859 -0.496836 1.416406 -1.408157 0.818006 0.301475 -0.123063 -0.278285 5.550000
3.748743 -0.545405 1.431527 -1.400914 0.802614 0.325146 -0.115424 -0.331742 5.600000
4.074701 -0.684233 1.447337 -1.392778 0.784691 0.350174 -0.107172 -0.380027 5.650000
4.752602 -0.283743 1.463936 -1.383726 0.763401 0.377490 -0.097991 -0.462717 5.700000
5.264590 -0.106724 1.481496 -1.373674 0.743633 0.409553 -0.089126 -0.341152 5.750000
5.490778 -0.184974 1.500185 -1.362499 0.730377 0.444115 -0.082080 -0.203276 5.800000
4.603648 0.121728 1.520078 -1.350143 0.721367 0.478810 -0.076333 -0.161303 5.850000
3.816062 -0.009576 1.541003 -1.336760 0.717505 0.503288 -0.072407 -0.007901 5.900000
3.376128 -0.109442 1.562601 -1.322634 0.717945 0.519031 -0.070112 0.022627 5.950000
3.370059 -0.330569 1.584621 -1.307973 0.718377 0.530050 -0.067891 -0.003014 6.000000
2.816105 -0.494420 1.606977 -1.292873 0.715227 0.540883 -0.064375 -0.112761 6.050000
3.091456 -0.798348 1.629587 -1.277465 0.705974 0.546619 -0.058595 -0.244716 6.100000
3.795238 -0.462501 1.652441 -1.261849 0.688215 0.555201 -0.049617 -0.445233 6.150000
3.854780 -0.528143 1.675756 -1.245948 0.666795 0.569945 -0.039347 -0.415726 6.200000
3.696454 -0.099450 1.699670 -1.229699 0.645590 0.584328 -0.029287 -0.431702 6.250000
3.086674 0.055459 1.724151 -1.213159 0.628582 0.596244 -0.021153 -0.266877 6.300000
3.742941 0.041791 1.749009 -1.196428 0.619394 0.601666 -0.016526 -0.116166 6.350000
4.400707 0.393140 1.774214 -1.179479 0.615680 0.612792 -0.014366 -0.039924 6.400000
3.787683 0.469296 1.799973 -1.162112 0.618966 0.629411 -0.015358 0.153110 6.450000
4.229550 0.137582 1.826226 -1.144280 0.630475 0.639443 -0.020058 0.293592 6.500000
5.109492 0.075071 1.852877 -1.125971 0.643486 0.653028 -0.025368 0.233703 6.550000
4.530072 0.475496 1.880148 -1.107012 0.653621 0.674226 -0.029298 0.177892 6.600000
4.362009 0.790390 1.908055 -1.087379 0.666369 0.688986 -0.034518 0.318380 6.650000
4.451914 0.899961 1.936376 -1.067141 0.688049 0.700962 -0.044115 0.527432 6.700000
5.329393 0.999386 1.964982 -1.046237 0.718775 0.712295 -0.058117 0.685313 6.750000
4.502479 0.652108 1.993922 -1.024457 0.756531 0.729994 -0.075576 0.812176 6.800000
4.409925 0.719310 2.023082 -1.001757 0.795228 0.738274 -0.093255 0.746256 6.850000
3.415431 0.345324 2.052233 -0.978289 0.832636 0.744625 -0.109856 0.751793 6.900000
2.700190 0.162133 2.081152 -0.954249 0.866330 0.741301 -0.123946 0.614042 6.950000
2.198791 0.242435 2.109591 -0.929971 0.893208 0.732131 -0.133824 0.477590 7.000000
1.461184 0.414873 2.137415 -0.905695 0.916153 0.719121 -0.141121 0.444500 7.050000
0.870378 0.268536 2.164469 -0.881651 0.939918 0.699441 -0.148317 0.500344 7.100000
1.521156 0.091288 2.190576 -0.858070 0.964100 0.674806 -0.155090 0.470422 7.150000
1.454916 -0.270027 2.215792 -0.834927 0.985190 0.657713 -0.159800 0.382770 7.200000
1.323906 -0.514687 2.240268 -0.812104 0.998902 0.642241 -0.160682 0.185686 7.250000
2.239398 -0.481237 2.264086 -0.789647 1.002325 0.628435 -0.156734 -0.029088 7.300000
2.094090 -0.965395 2.287454 -0.767402 0.997852 0.625351 -0.149373 -0.140118 7.350000
1.808414 -1.385876 2.310555 -0.745233 0.983453 0.622915 -0.137854 -0.409381 7.400000
0.953274 -0.927430 2.333459 -0.723262 0.954149 0.620240 -0.120156 -0.728366 7.450000
1.486011 -0.985052 2.356129 -0.701755 0.918251 0.609982 -0.100324 -0.711996 7.500000
1.397216 -0.550770 2.378548 -0.680790 0.882004 0.604191 -0.081224 -0.737125 7.550000
1.950552 -0.872567 2.400782 -0.660288 0.849463 0.596579 -0.064543 -0.584326 7.600000
1.788767 -1.270578 2.422879 -0.640157 0.818563 0.593586 -0.049243 -0.646236 7.650000
2.184624 -1.169553 2.444927 -0.620356 0.780772 0.588906 -0.031637 -0.843584 7.700000
1.394291 -1.599576 2.467018 -0.600910 0.736882 0.587324 -0.012159 -0.906298 7.750000
0.708323 -1.663122 2.489112 -0.581939 0.685809 0.577269 0.009461 -1.112145 7.800000
0.178005 -1.807867 2.510975 -0.563741 0.626681 0.559470 0.033103 -1.238212 7.850000
0.691543 -2.072887 2.532382 -0.546528 0.561439 0.535193 0.057438 -1.357019 7.900000
0.512925 -1.744344 2.553315 -0.530329 0.489124 0.513827 0.082531 -1.514758 7.950000
0.132548 -2.139920 2.573808 -0.515116 0.414844 0.489043 0.106277 -1.465458 8.000000
0.512564 -2.401928 2.593690 -0.500920 0.337808 0.458983 0.128684 -1.597595 8.050000
0.458096 -2.711407 2.612914 -0.487732 0.253543 0.429971 0.150991 -1.750498 8.100000
0.000000 -3.000000 2.631489 -0.475519 0.161005 0.397275 0.173113 -1.923970 8.150000
0.261290 -3.000000 2.649218 -0.464277 0.059918 0.356794 0.194347 -2.091713 8.200000
0.215995 -3.000000 2.665979 -0.453946 -0.046416 0.316165 0.213179 -2.151167 8.250000
1.203365 -2.935489 2.681765 -0.444407 -0.154536 0.273726 0.228578 -2.169576 8.300000
1.274642 -2.905409 2.696767 -0.435573 -0.262469 0.240195 0.240479 -2.150188 8.350000
1.336476 -3.000000 2.711213 -0.427393 -0.369386 0.207464 0.249251 -2.128991 8.400000
1.462653 -2.848502 2.725125 -0.419801 -0.476480 0.175447 0.255272 -2.149896 8.450000
1.519297 -3.000000 2.738542 -0.412749 -0.582532 0.145524 0.258596 -2.099449 8.500000
1.093016 -3.000000 2.751519 -0.406203 -0.688415 0.117024 0.259582 -2.129452 8.550000
0.887562 -2.684621 2.764002 -0.400056 -0.795075 0.085395 0.258316 -2.134555 8.600000
1.726826 -2.364090 2.775929 -0.394164 -0.898498 0.054542 0.254556 -2.020091 8.650000
1.986923 -2.244460 2.787459 -0.388626 -0.994881 0.035721 0.248872 -1.860379 8.700000
2.788912 -1.764752 2.798785 -0.383665 -1.084853 0.022965 0.242173 -1.754630 8.750000
3.633732 -1.907017 2.810028 -0.379527 -1.166339 0.021723 0.235120 -1.537777 8.800000
3.524754 -1.416759 2.821309 -0.376601 -1.242250 0.030888 0.228457 -1.504054 8.850000
4.327155 -0.968581 2.832609 -0.375061 -1.311863 0.041271 0.222379 -1.308948 8.900000
5.051851 -1.305262 2.843881 -0.375087 -1.370159 0.062631 0.216873 -1.057788 8.950000
5.255982 -0.967919 2.855105 -0.377035 -1.423651 0.091709 0.212378 -1.080031 9.000000
4.469428 -0.915970 2.866198 -0.381078 -1.474346 0.122666 0.208951 -0.964031 9.050000
3.480024 -0.509765 2.877033 -0.387033 -1.520571 0.146601 0.206213 -0.894625 9.100000
2.828097 -0.136960 2.887499 -0.394442 -1.559950 0.162496 0.203460 -0.704268 9.150000
3.347489 -0.073319 2.897548 -0.402907 -1.588427 0.174867 0.199888 -0.462710 9.200000
4.320729 -0.542604 2.907174 -0.412400 -1.607454 0.194264 0.195525 -0.314780 9.250000
4.183789 -0.471960 2.916360 -0.423249 -1.626485 0.222055 0.191663 -0.434519 9.300000
3.894970 -0.013324 2.925063 -0.435581 -1.649210 0.246631 0.188898 -0.471176 9.350000
4.870799 0.390394 2.933260 -0.449234 -1.668130 0.268621 0.185884 -0.304149 9.400000
5.346952 0.842580 2.940938 -0.464346 -1.676294 0.301578 0.181144 -0.048589 9.450000
5.047756 1.049936 2.948110 -0.481239 -1.669619 0.341280 0.173364 0.282338 9.500000
6.000000 0.551690 2.954871 -0.499941 -1.648269 0.379867 0.161907 0.542917 9.550000
6.000000 1.002192 2.961331 -0.520566 -1.623105 0.426201 0.149150 0.471281 9.600000
5.086910 0.695256 2.967574 -0.543255 -1.595472 0.470689 0.135196 0.617449 9.650000
4.854425 0.434092 2.973726 -0.567711 -1.565995 0.504679 0.120340 0.567858 9.700000
5.846942 -0.029779 2.979864 -0.593581 -1.541194 0.533846 0.107073 0.439187 9.750000
6.000000 -0.102367 2.986010 -0.620960 -1.526337 0.569266 0.097625 0.182116 9.800000
6.000000 -0.052289 2.992131 -0.650024 -1.521908 0.603159 0.092480 0.011463 9.850000
6.000000 -0.266241 2.998180 -0.680726 -1.523400 0.634891 0.090005 -0.064275 9.900000
6.000000 -0.634532 3.004111 -0.712991 -1.530308 0.664641 0.090167 -0.199344 9.950000
5.883282 -0.315688 3.009841 -0.746745 -1.546621 0.691941 0.095026 -0.430055 10.000000
5.332971 0.067581 3.015251 -0.781884 -1.567959 0.716202 0.102504 -0.425367 10.050000
4.404634 -0.344002 3.020295 -0.818190 -1.584906 0.734775 0.107759 -0.269998 10.100000
4.074069 -0.396495 3.024987 -0.855274 -1.600944 0.743972 0.112553 -0.362671 10.150000
3.937814 -0.699416 3.029285 -0.892803 -1.621122 0.748938 0.119463 -0.437451 10.200000
4.481230 -0.235429 3.033123 -0.930628 -1.647625 0.751134 0.129576 -0.605249 10.250000
4.866016 -0.304411 3.036417 -0.968806 -1.675156 0.757721 0.139950 -0.508567 10.300000
5.419679 -0.503738 3.039138 -1.007526 -1.700153 0.767731 0.148761 -0.494412 10.350000
5.340113 -0.012549 3.041230 -1.046967 -1.727088 0.781727 0.158565 -0.575650 10.400000
6.000000 -0.204847 3.042632 -1.087182 -1.751627 0.794584 0.166909 -0.424312 10.450000
5.584393 -0.162057 3.043331 -1.128272 -1.773021 0.813479 0.173463 -0.432182 10.500000
6.000000 -0.430580 3.043297 -1.170241 -1.794406 0.827521 0.180031 -0.425389 10.550000
6.000000 -0.205408 3.042494 -1.213027 -1.818788 0.843846 0.188407 -0.539134 10.600000
5.650014 -0.423928 3.040832 -1.256643 -1.844995 0.858696 0.197849 -0.514026 10.650000
6.000000 -0.568481 3.038294 -1.300941 -1.873009 0.868810 0.208322 -0.598941 10.700000
5.294177 -0.401463 3.034808 -1.345832 -1.905985 0.879835 0.221738 -0.709731 10.750000
5.443633 -0.558403 3.030328 -1.391136 -1.941368 0.882475 0.236339 -0.708265 10.800000
5.617257 -0.807617 3.024851 -1.436655 -1.978757 0.885006 0.251767 -0.781154 10.850000
6.000000 -0.382751 3.018283 -1.482358 -2.021828 0.886175 0.270299 -0.926688 10.900000
5.146110 -0.874476 3.010498 -1.528243 -2.065688 0.889472 0.288714 -0.841565 10.950000
5.336130 -1.230919 3.001526 -1.574130 -2.112358 0.882456 0.308226 -1.007005 11.000000
5.361718 -0.957520 2.991370 -1.619723 -2.169019 0.871785 0.333007 -1.232544 11.050000
4.934852 -1.166266 2.979932 -1.664876 -2.230808 0.857460 0.359532 -1.241145 11.100000
3.963150 -1.573807 2.967259 -1.709382 -2.295499 0.836126 0.386085 -1.335917 11.150000
3.148639 -1.764745 2.953565 -1.752842 -2.368003 0.800060 0.414923 -1.536652 11.200000
3.795849 -1.316845 2.939170 -1.794785 -2.449297 0.749983 0.445340 -1.691877 11.250000
3.670498 -1.298605 2.924171 -1.835090 -2.530952 0.704692 0.472063 -1.589648 11.300000
3.246662 -1.358277 2.908551 -1.873862 -2.609003 0.659860 0.493449 -1.538694 11.350000
3.547776 -1.662152 2.892487 -1.911064 -2.685816 0.611772 0.510916 -1.532382 11.400000
4.273281 -1.609935 2.876069 -1.946693 -2.765346 0.564872 0.526296 -1.631084 11.450000
4.549277 -1.866168 2.859155 -1.980825 -2.847228 0.523414 0.539516 -1.640080 11.500000
3.608384 -2.200220 2.841598 -2.013516 -2.931774 0.482898 0.550826 -1.725499 11.550000
4.016664 -1.721176 2.823653 -2.044700 -3.022164 0.429685 0.560795 -1.863603 11.600000
3.070027 -1.596137 2.805534 -2.074345 -3.111466 0.382272 0.566818 -1.725752 11.650000
3.271134 -1.384597 2.787364 -2.102528 3.088709 0.332365 0.567929 -1.607654 11.700000
2.930556 -1.107711 2.769275 -2.129326 3.012350 0.291516 0.564841 -1.463696 11.750000
2.203494 -1.266618 2.751227 -2.154815 2.944203 0.255855 0.558187 -1.283816 11.800000
3.200384 -1.302307 2.733388 -2.179094 2.880849 0.219141 0.549224 -1.250822 11.850000
4.107365 -0.975190 2.715660 -2.202181 2.818652 0.194786 0.539047 -1.236224 11.900000
4.371996 -0.646920 2.697597 -2.223960 2.760774 0.183814 0.527868 -1.096365 11.950000
4.424542 -0.422023 2.678903 -2.244321 2.711413 0.182648 0.515732 -0.902611 12.000000
4.599297 -0.901326 2.659464 -2.263202 2.671326 0.189234 0.502911 -0.723057 12.050000
4.333859 -0.721560 2.639226 -2.280556 2.632207 0.198515 0.490685 -0.829211 12.100000
4.136815 -0.789079 2.618285 -2.296389 2.591302 0.204425 0.479356 -0.809523 12.150000
3.879784 -0.365689 2.596792 -2.310747 2.550333 0.208845 0.468601 -0.827070 12.200000
4.666195 -0.153753 2.574879 -2.323682 2.513465 0.213875 0.457739 -0.666892 12.250000
4.794890 0.186303 2.552432 -2.335101 2.484654 0.231494 0.446287 -0.505065 12.300000
4.372174 -0.116830 2.529261 -2.344863 2.465444 0.255797 0.434006 -0.288033 12.350000
3.934327 0.260552 2.505403 -2.353015 2.450597 0.278065 0.421687 -0.305233 12.400000
3.642828 0.173895 2.481040 -2.359711 2.439333 0.297657 0.409280 -0.160811 12.450000
3.610408 0.140635 2.456292 -2.365086 2.432381 0.316309 0.396542 -0.121789 12.500000
2.810547 0.483691 2.431222 -2.369221 2.426434 0.334572 0.384122 -0.117096 12.550000
2.707484 0.443972 2.405979 -2.372281 2.424624 0.346901 0.371196 0.030654 12.600000
3.516453 0.436328 2.380686 -2.374434 2.427976 0.360356 0.357455 0.097074 12.650000
2.766833 0.706172 2.355189 -2.375606 2.433738 0.381862 0.343527 0.129793 12.700000
2.576501 1.034583 2.329462 -2.375836 2.443836 0.397410 0.328808 0.261036 12.750000
3.492415 1.403660 2.303620 -2.375314 2.462624 0.414115 0.311978 0.468614 12.800000
3.068347 1.705699 2.277440 -2.374000 2.493210 0.442989 0.291824 0.725202 12.850000
3.662359 2.016136 2.250733 -2.371925 2.536353 0.470590 0.267682 0.970581 12.900000
4.260364 2.096195 2.223365 -2.369215 2.591541 0.505172 0.239237 1.206448 12.950000
3.624667 1.894939 2.195024 -2.365913 2.655773 0.544349 0.206957 1.344984 13.000000
3.160003 2.299034 2.165703 -2.362239 2.722719 0.573845 0.173167 1.336539 13.050000
3.863181 2.599836 2.135665 -2.358502 2.794024 0.595584 0.137496 1.495827 13.100000
4.321095 2.261669 2.104877 -2.354903 2.874184 0.620730 0.098013 1.685742 13.150000
3.893661 2.260111 2.073137 -2.351600 2.957449 0.645046 0.057089 1.654149 13.200000
3.366615 2.626047 2.040560 -2.348782 3.040192 0.659777 0.016644 1.659509 13.250000
2.504109 2.619843 2.007497 -2.346648 3.127502 0.664377 -0.025169 1.813847 13.300000
3.167900 2.195288 1.974417 -2.345372 -3.062894 0.655442 -0.067998 1.890541 13.350000
2.585015 2.320927 1.941513 -2.345043 -2.971504 0.648011 -0.108160 1.786388 13.400000
2.382827 2.501725 1.908899 -2.345660 -2.881636 0.630966 -0.145454 1.808750 13.450000
1.573712 2.300940 1.876887 -2.347193 -2.788744 0.607635 -0.181504 1.896293 13.500000
1.600586 1.938981 1.845817 -2.349540 -2.694799 0.573135 -0.214819 1.868370 13.550000
0.997521 1.702081 1.815916 -2.352548 -2.605283 0.537795 -0.242872 1.734769 13.600000
0.181287 1.959135 1.787286 -2.356031 -2.522445 0.497573 -0.265064 1.599686 13.650000
1.102122 2.229042 1.760152 -2.359692 -2.441313 0.449787 -0.283302 1.638818 13.700000
1.251001 2.366287 1.734463 -2.363465 -2.356167 0.409011 -0.299569 1.749008 13.750000
1.827605 2.834320 1.710023 -2.367430 -2.266150 0.367459 -0.314110 1.836516 13.800000
0.842189 3.000000 1.686724 -2.371630 -2.168638 0.327970 -0.327402 2.030698 13.850000
1.824163 3.000000 1.664628 -2.375881 -2.063518 0.275839 -0.338661 2.151141 13.900000
1.205794 3.000000 1.643706 -2.380086 -1.954931 0.231911 -0.346551 2.184253 13.950000
0.277633 3.000000 1.623833 -2.384237 -1.845610 0.182719 -0.350659 2.185405 14.000000
0.000000 3.000000 1.605007 -2.387933 -1.736611 0.126659 -0.350481 2.173054 14.050000
0.077006 2.910911 1.587123 -2.390879 -1.628399 0.070881 -0.345909 2.154904 14.100000
0.141787 2.862301 1.570003 -2.393050 -1.522050 0.019757 -0.337319 2.104353 14.150000
0.000000 3.000000 1.553477 -2.394535 -1.418120 -0.026284 -0.325360 2.057895 14.200000
0.000000 3.000000 1.537396 -2.395393 -1.314527 -0.069888 -0.310518 2.079746 14.250000
0.155787 2.851026 1.521628 -2.395677 -1.210501 -0.109760 -0.293093 2.079426 14.300000
0.100050 3.000000 1.506085 -2.395528 -1.108202 -0.143411 -0.273716 2.020997 14.350000
0.667059 3.000000 1.490709 -2.395084 -1.006331 -0.173347 -0.252754 2.048427 14.400000
0.534268 2.779561 1.475520 -2.394550 -0.903667 -0.194146 -0.230585 2.056616 14.450000
0.232299 2.333820 1.460567 -2.394102 -0.803017 -0.211675 -0.208082 1.981930 14.500000
0.000000 2.003783 1.445815 -2.393748 -0.709305 -0.226463 -0.186293 1.796736 14.550000
0.000000 1.693334 1.431229 -2.393474 -0.624922 -0.237942 -0.165934 1.608219 14.600000
0.000000 1.438939 1.416831 -2.393299 -0.549899 -0.244770 -0.147345 1.421010 14.650000
0.000000 0.940200 1.402679 -2.393251 -0.483729 -0.247883 -0.130690 1.250582 14.700000
0.000000 0.735153 1.388827 -2.393338 -0.428638 -0.247644 -0.116501 0.988660 14.750000
0.972647 0.553372 1.375327 -2.393548 -0.384766 -0.244776 -0.104832 0.791496 14.800000
0.743027 0.282137 1.362425 -2.393943 -0.349791 -0.231156 -0.095328 0.627627 14.850000
0.015509 -0.187153 1.350296 -2.394549 -0.323674 -0.218703 -0.087896 0.438779 14.900000
0.000000 -0.497539 1.338736 -2.395252 -0.309773 -0.211859 -0.082774 0.147688 14.950000
0.912477 -0.962701 1.327598 -2.395961 -0.310369 -0.203756 -0.080050 -0.143634 15.000000
0.625957 -1.142875 1.317099 -2.396707 -0.327322 -0.185726 -0.079672 -0.496963 15.050000
1.527664 -1.510382 1.307385 -2.397507 -0.359233 -0.169415 -0.080997 -0.749848 15.100000
1.897378 -1.435574 1.298586 -2.398411 -0.404212 -0.143823 -0.083250 -1.015555 15.150000
2.558206 -1.607174 1.290953 -2.399553 -0.457575 -0.114685 -0.085326 -1.106551 15.200000
2.897754 -1.340876 1.284644 -2.401090 -0.515875 -0.079822 -0.086452 -1.210803 15.250000
2.822905 -1.518209 1.279779 -2.403201 -0.574772 -0.043022 -0.086087 -1.152423 15.300000
2.104226 -1.593627 1.276300 -2.405990 -0.633538 -0.008402 -0.084226 -1.192247 15.350000
1.892786 -1.395778 1.273945 -2.409410 -0.694417 0.018285 -0.081138 -1.236417 15.400000
2.464666 -1.083003 1.272443 -2.413376 -0.754608 0.041642 -0.077092 -1.178796 15.450000
2.957064 -1.089427 1.271764 -2.417979 -0.809398 0.068533 -0.072325 -1.032024 15.500000
2.046310 -1.304719 1.271981 -2.423416 -0.859170 0.098135 -0.066911 -0.966995 15.550000
2.683836 -1.677478 1.272934 -2.429622 -0.909026 0.117772 -0.060795 -1.020252 15.600000
3.412393 -1.298391 1.274484 -2.436569 -0.964784 0.142591 -0.053539 -1.187614 15.650000
3.021930 -1.752287 1.276712 -2.444537 -1.022137 0.172751 -0.045274 -1.116094 15.700000
3.006436 -1.871870 1.279538 -2.453593 -1.081981 0.197574 -0.035821 -1.258365 15.750000
3.548669 -1.960362 1.282779 -2.463660 -1.147954 0.220715 -0.024752 -1.365728 15.800000
2.952321 -1.707528 1.286339 -2.474849 -1.218512 0.247052 -0.012130 -1.445519 15.850000
2.408660 -1.546456 1.290069 -2.487124 -1.289084 0.265585 0.001182 -1.386503 15.900000
2.513381 -1.650540 1.293770 -2.500191 -1.356036 0.277130 0.014097 -1.303957 15.950000
3.345393 -1.325274 1.297332 -2.513911 -1.421417 0.288078 0.026801 -1.310989 16.000000
2.515430 -1.327316 1.300711 -2.528457 -1.483613 0.305362 0.039048 -1.193862 16.050000
3.034040 -1.245891 1.303842 -2.543779 -1.541951 0.313492 0.050595 -1.146757 16.100000
3.629981 -0.984218 1.306657 -2.559754 -1.597883 0.325409 0.061619 -1.097849 16.150000
4.262639 -0.875584 1.309099 -2.576597 -1.649371 0.341988 0.071770 -0.978173 16.200000
5.242940 -0.987668 1.311098 -2.594540 -1.695621 0.363651 0.080960 -0.884618 16.250000
4.460997 -0.724911 1.312549 -2.613890 -1.739958 0.393196 0.090176 -0.889368 16.300000
3.729018 -0.938274 1.313376 -2.634606 -1.781682 0.414092 0.099107 -0.792583 16.350000
3.594071 -0.679604 1.313592 -2.656264 -1.822486 0.426980 0.107973 -0.835260 16.400000
4.269966 -0.904828 1.313196 -2.678598 -1.862032 0.437809 0.116480 -0.757046 16.450000
4.752384 -1.076898 1.312119 -2.701677 -1.901434 0.454040 0.125045 -0.813274 16.500000
5.379293 -1.114545 1.310223 -2.725677 -1.944869 0.472885 0.135146 -0.912969 16.550000
5.305090 -1.465222 1.307339 -2.750730 -1.992378 0.495362 0.146944 -0.980446 16.600000
5.253231 -0.997399 1.303335 -2.776820 -2.046275 0.514061 0.161344 -1.154316 16.650000
5.170527 -0.899378 1.298136 -2.803764 -2.101270 0.530197 0.176285 -1.059984 16.700000
4.881400 -0.809174 1.291717 -2.831423 -2.152175 0.544860 0.189747 -0.987490 16.750000
4.977887 -0.888274 1.284103 -2.859633 -2.199788 0.556227 0.201921 -0.926479 16.800000
5.778863 -0.789534 1.275301 -2.888268 -2.246344 0.567549 0.213642 -0.936190 16.850000
5.762941 -0.800561 1.265159 -2.917394 -2.292360 0.585261 0.225210 -0.909746 16.900000
6.000000 -1.114840 1.253546 -2.947043 -2.337807 0.601552 0.236694 -0.910057 16.950000
6.000000 -0.725211 1.240408 -2.977118 -2.386968 0.617384 0.249930 -1.041627 17.000000
6.000000 -0.388729 1.225686 -3.007497 -2.436679 0.631481 0.263437 -0.959673 17.050000
6.000000 -0.827683 1.209384 -3.038081 -2.480087 0.646466 0.274100 -0.798739 17.100000
6.000000 -0.400931 1.191517 -3.068801 -2.522945 0.660407 0.284622 -0.904447 17.150000
5.792956 -0.266292 1.172094 -3.099534 -2.565029 0.673471 0.294782 -0.794489 17.200000
5.104446 -0.032128 1.151175 -3.130188 -2.601956 0.685637 0.302466 -0.696056 17.250000
4.538187 0.295589 1.128962 -3.160627 -2.632920 0.693052 0.307203 -0.559350 17.300000
5.170981 0.271363 1.105728 -3.190725 -2.655330 0.698347 0.307668 -0.359305 17.350000
4.979282 -0.027451 1.081474 -3.220549 -2.670713 0.712224 0.304750 -0.266149 17.400000
4.753430 0.118811 1.056132 -3.250165 -2.686117 0.723783 0.302108 -0.342380 17.450000
5.583991 0.390969 1.029820 -3.279483 -2.702704 0.732325 0.300271 -0.323322 17.500000
4.686856 0.091836 1.002431 -3.308555 -2.715494 0.749794 0.296633 -0.201266 17.550000
4.571907 -0.272297 0.974009 -3.337394 -2.727214 0.758692 0.292693 -0.261344 17.600000
3.930639 0.045822 0.944801 -3.365852 -2.745357 0.763640 0.292447 -0.445105 17.650000
4.002258 0.074249 0.914994 -3.393770 -2.766661 0.761171 0.293916 -0.410830 17.700000
3.161420 -0.094396 0.884721 -3.421086 -2.786388 0.760068 0.294454 -0.381452 17.750000
2.486210 0.068870 0.854160 -3.447738 -2.806945 0.750868 0.295352 -0.434685 17.800000
1.530206 0.443355 0.823648 -3.473595 -2.827534 0.735769 0.296050 -0.392663 17.850000
1.553423 0.088557 0.793532 -3.498585 -2.842161 0.714852 0.293377 -0.209900 17.900000
1.334810 0.326219 0.763982 -3.522735 -2.853883 0.696243 0.289139 -0.253031 17.950000
1.027972 -0.144812 0.735013 -3.546068 -2.864275 0.676983 0.284238 -0.169417 18.000000
1.844129 0.047244 0.706713 -3.568589 -2.876772 0.654945 0.280361 -0.314059 18.050000
1.772943 0.140185 0.678947 -3.590319 -2.892270 0.640324 0.277839 -0.305686 18.100000
1.933724 0.198150 0.651525 -3.611322 -2.906256 0.626280 0.274564 -0.257599 18.150000
2.418730 -0.008948 0.624403 -3.631645 -2.917646 0.615340 0.270132 -0.202513 18.200000
2.046869 0.076948 0.597412 -3.651355 -2.929247 0.609343 0.265885 -0.255394 18.250000
1.709939 -0.124758 0.570525 -3.670461 -2.941732 0.599895 0.262100 -0.244236 18.300000
2.393089 -0.590960 0.543896 -3.688937 -2.956011 0.587141 0.259111 -0.318314 18.350000
2.394966 -0.120641 0.517447 -3.706771 -2.978272 0.578479 0.259443 -0.546794 18.400000
1.451104 0.333007 0.491038 -3.723936 -3.003495 0.569131 0.260814 -0.470363 18.450000
0.989084 0.010904 0.464873 -3.740435 -3.020687 0.554246 0.258701 -0.240667 18.500000
1.681510 -0.297916 0.439233 -3.756309 -3.032940 0.537472 0.254556 -0.247503 18.550000
1.407776 -0.273688 0.414039 -3.771583 -3.048869 0.526608 0.251835 -0.375477 18.600000
1.417564 -0.708020 0.389195 -3.786248 -3.069154 0.512215 0.250673 -0.429333 18.650000
1.917937 -0.766836 0.364768 -3.800280 -3.096253 0.496187 0.251785 -0.631230 18.700000
2.756779 -0.578840 0.340659 -3.813641 -3.131232 0.482672 0.255320 -0.753146 18.750000
2.897680 -0.097798 0.316575 -3.826308 3.114754 0.476543 0.259238 -0.736848 18.800000
2.353767 -0.085489 0.292288 -3.838286 3.083521 0.473931 0.260869 -0.535802 18.850000
1.962092 0.165716 0.267867 -3.849622 3.059699 0.468970 0.259878 -0.428624 18.900000
1.939592 -0.107350 0.243502 -3.860373 3.042721 0.463034 0.256556 -0.266987 18.950000
1.135051 -0.440741 0.219256 -3.870590 3.028664 0.458219 0.252336 -0.292111 19.000000
0.215679 -0.880584 0.195322 -3.880299 3.009934 0.444613 0.249677 -0.440397 19.050000
0.846472 -1.201042 0.172127 -3.889522 2.980896 0.419573 0.250021 -0.691317 19.100000
1.173789 -1.284019 0.149771 -3.898231 2.939407 0.397083 0.253487 -0.937156 19.150000
1.367845 -1.468497 0.128074 -3.906361 2.888482 0.375020 0.258767 -1.080515 19.200000
2.229501 -1.381398 0.106951 -3.913881 2.830686 0.352815 0.264840 -1.212755 19.250000
2.899941 -1.346598 0.086198 -3.920721 2.769399 0.337760 0.270790 -1.235274 19.300000
2.030355 -1.513534 0.065504 -3.926764 2.707758 0.328931 0.276093 -1.230860 19.350000
1.637745 -1.201052 0.044947 -3.932032 2.644497 0.311341 0.281000 -1.290625 19.400000
2.007985 -1.468537 0.024818 -3.936667 2.582675 0.290989 0.284562 -1.194666 19.450000
2.364547 -1.882580 0.005113 -3.940687 2.521304 0.274794 0.287110 -1.251621 19.500000
1.465024 -2.299552 -0.014280 -3.944011 2.453631 0.259855 0.290096 -1.429323 19.550000
1.491728 -2.742068 -0.033193 -3.946744 2.375707 0.232787 0.293757 -1.652907 19.600000
1.097331 -2.812309 -0.051407 -3.949064 2.286004 0.201915 0.297502 -1.895344 19.650000
0.604831 -2.648817 -0.068832 -3.951105 2.188020 0.164841 0.300015 -2.004220 19.700000
0.805324 -2.424533 -0.085371 -3.953101 2.088516 0.123841 0.299863 -1.977973 19.750000
0.000000 -2.580188 -0.101076 -3.955151 1.992403 0.087863 0.296732 -1.880403 19.800000
0.000000 -2.749333 -0.116000 -3.957406 1.898013 0.047022 0.290998 -1.891188 19.850000
0.000000 -2.676659 -0.130185 -3.960057 1.801779 0.007889 0.282811 -1.946998 19.900000
0.891717 -3.000000 -0.143752 -3.963110 1.704755 -0.028861 0.272306 -1.934196 19.950000
0.891277 -2.594896 -0.156844 -3.966342 1.604981 -0.055429 0.259904 -2.038322 20.000000
0.692932 -2.893547 -0.169556 -3.969525 1.506225 -0.078888 0.246204 -1.929014 20.050000
0.191551 -2.670619 -0.181941 -3.972658 1.407932 -0.101251 0.231405 -1.991670 20.100000
0.151711 -3.000000 -0.194069 -3.975861 1.310041 -0.125263 0.215530 -1.932969 20.150000
0.668486 -3.000000 -0.206016 -3.979192 1.210669 -0.146963 0.198472 -2.026145 20.200000
0.000000 -2.734927 -0.217790 -3.982486 1.108393 -0.161411 0.180410 -2.059347 20.250000
0.166840 -2.871729 -0.229435 -3.985707 1.007798 -0.178606 0.162025 -1.978015 20.300000
0.000000 -3.000000 -0.241004 -3.988884 0.908337 -0.190832 0.143373 -1.997473 20.350000
0.764020 -2.554332 -0.252501 -3.991944 0.806908 -0.201952 0.124262 -2.051188 20.400000
0.949371 -2.697662 -0.263808 -3.994727 0.708318 -0.202520 0.105798 -1.915437 20.450000
1.037513 -2.344642 -0.274712 -3.997056 0.612459 -0.198600 0.088483 -1.919029 20.500000
0.887651 -2.426332 -0.285108 -3.998900 0.520068 -0.191484 0.072619 -1.796853 20.550000
1.138756 -1.954096 -0.294952 -4.000299 0.430661 -0.183881 0.058186 -1.782335 20.600000
0.487942 -1.840263 -0.304177 -4.001282 0.346599 -0.172225 0.045535 -1.607601 20.650000
1.295391 -1.586906 -0.312831 -4.001935 0.269374 -0.165362 0.034695 -1.498140 20.700000
1.489248 -1.357172 -0.320849 -4.002306 0.198411 -0.149962 0.025541 -1.360652 20.750000
1.049250 -1.118497 -0.327990 -4.002404 0.134467 -0.132355 0.018239 -1.217384 20.800000
1.159551 -1.013742 -0.334315 -4.002310 0.077933 -0.118795 0.012558 -1.064683 20.850000
0.434767 -0.968219 -0.339910 -4.002093 0.027767 -0.104253 0.008144 -0.956155 20.900000
1.361425 -0.558951 -0.344935 -4.001801 -0.018143 -0.096691 0.004580 -0.888845 20.950000
1.802206 -0.721286 -0.349356 -4.001475 -0.057163 -0.080583 0.001955 -0.695551 21.000000
0.906628 -0.237651 -0.352876 -4.001165 -0.091143 -0.060864 0.000177 -0.667023 21.050000
1.297583 0.198709 -0.355637 -4.000895 -0.118655 -0.050149 -0.000922 -0.457244 21.100000
0.951261 0.612412 -0.357783 -4.000681 -0.133535 -0.036194 -0.001359 -0.168070 21.150000
0.649688 0.388495 -0.359331 -4.000540 -0.132770 -0.026004 -0.001305 0.166746 21.200000
0.470004 0.407934 -0.360454 -4.000456 -0.121929 -0.019015 -0.001089 0.257703 21.250000
0.000000 0.863012 -0.361278 -4.000410 -0.107467 -0.013957 -0.000883 0.314868 21.300000
0.000000 0.993171 -0.361964 -4.000382 -0.085680 -0.013460 -0.000641 0.532871 21.350000
0.000000 0.910174 -0.362625 -4.000359 -0.054482 -0.012979 -0.000325 0.696117 21.400000
0.000000 0.979665 -0.363262 -4.000344 -0.018366 -0.012504 0.000014 0.742948 21.450000
0.460842 0.830629 -0.363875 -4.000335 0.020191 -0.012029 0.000351 0.793213 21.500000
0.639881 0.829562 -0.364357 -4.000329 0.058867 -0.007272 0.000605 0.758098 21.550000
0.061010 0.960932 -0.364566 -4.000311 0.096287 -0.001021 0.000694 0.740783 21.600000
0.000000 0.964678 -0.364604 -4.000280 0.134558 -0.000380 0.000690 0.784729 21.650000
0.000000 1.255012 -0.364627 -4.000249 0.174426 -0.000329 0.000676 0.807255 21.700000
0.790048 1.624539 -0.364649 -4.000219 0.218309 -0.000277 0.000663 0.932413 21.750000
0.863123 1.586648 -0.364489 -4.000147 0.270622 0.007120 0.000507 1.133692 21.800000
0.883120 1.870284 -0.363967 -3.999968 0.329435 0.014900 0.000024 1.208645 21.850000
0.512258 2.079408 -0.363084 -3.999652 0.393858 0.022519 -0.000842 1.348659 21.900000
0.511394 2.531813 -0.361944 -3.999208 0.465219 0.026302 -0.002059 1.485895 21.950000
0.089376 2.201977 -0.360648 -3.998651 0.545916 0.029766 -0.003607 1.708266 22.000000
0.000000 1.856137 -0.359303 -3.998021 0.630388 0.028978 -0.005255 1.675675 22.050000
0.763787 1.994310 -0.358015 -3.997382 0.710160 0.027252 -0.006676 1.536293 22.100000
1.560929 1.641175 -0.356669 -3.996631 0.786831 0.032571 -0.008088 1.531285 22.150000
2.321176 1.672089 -0.355025 -3.995507 0.859584 0.044985 -0.009825 1.398322 22.200000
3.045007 1.387911 -0.352897 -3.993721 0.928257 0.063860 -0.012161 1.354854 22.250000
2.173598 1.056568 -0.350158 -3.990980 0.992428 0.088583 -0.015234 1.229642 22.300000
2.591826 0.572713 -0.346921 -3.987308 1.048785 0.104171 -0.018586 1.048994 22.350000
1.742918 0.604649 -0.343323 -3.982795 1.093624 0.123123 -0.021575 0.778768 22.400000
2.311303 0.353556 -0.339456 -3.977545 1.129329 0.133581 -0.024109 0.663295 22.450000
1.931146 0.369442 -0.335388 -3.971631 1.158095 0.149044 -0.026183 0.505476 22.500000
1.516281 0.523715 -0.331124 -3.965031 1.181336 0.160513 -0.027859 0.432347 22.550000
1.621935 0.243327 -0.326760 -3.957935 1.203674 0.167671 -0.029531 0.458408 22.600000
2.162980 -0.099610 -0.322345 -3.950422 1.223781 0.175580 -0.030988 0.356889 22.650000
1.955619 -0.394845 -0.317832 -3.942363 1.236213 0.188507 -0.031542 0.160571 22.700000
1.947368 0.089689 -0.313186 -3.933707 1.237847 0.199467 -0.030688 -0.073008 22.750000
2.011576 0.542671 -0.308411 -3.924524 1.236255 0.210059 -0.029421 0.002251 22.800000
1.826706 0.856775 -0.303516 -3.914822 1.242827 0.220512 -0.029447 0.237648 22.850000
0.867252 0.961569 -0.298552 -3.904642 1.261848 0.228320 -0.031507 0.495735 22.900000
1.314063 1.345560 -0.293656 -3.894247 1.291516 0.226359 -0.035252 0.671044 22.950000
2.000922 1.546654 -0.288910 -3.883754 1.331782 0.227897 -0.040587 0.910519 23.000000
2.620668 1.176816 -0.284302 -3.872913 1.382700 0.234782 -0.047623 1.101675 23.050000
2.951821 1.361783 -0.279836 -3.861446 1.436218 0.246473 -0.055189 1.046721 23.100000
2.945543 1.568676 -0.275539 -3.849165 1.489921 0.260211 -0.063025 1.095486 23.150000
3.209078 2.038821 -0.271481 -3.836037 1.547615 0.272385 -0.071851 1.198877 23.200000
3.385854 1.542164 -0.267761 -3.822060 1.613970 0.284860 -0.082617 1.424241 23.250000
3.552302 1.493266 -0.264491 -3.807204 1.682642 0.297214 -0.094055 1.336050 23.300000
3.556080 1.937244 -0.261760 -3.791459 1.747932 0.310045 -0.104988 1.283787 23.350000
3.438552 1.745311 -0.259651 -3.774865 1.816338 0.320931 -0.116818 1.432150 23.400000
3.636028 1.542443 -0.258251 -3.757549 1.887748 0.328669 -0.129375 1.426071 23.450000
3.303215 1.252697 -0.257634 -3.739588 1.956896 0.337163 -0.141370 1.351493 23.500000
2.887737 0.967489 -0.257832 -3.721087 2.020538 0.342268 -0.151945 1.214158 23.550000
3.689538 1.386576 -0.258790 -3.702259 2.076521 0.344112 -0.160436 1.048026 23.600000
4.005149 1.648260 -0.260567 -3.683067 2.131460 0.352927 -0.168610 1.138305 23.650000
3.829422 1.216541 -0.263333 -3.663382 2.192426 0.362240 -0.178398 1.281584 23.700000
4.608902 1.401650 -0.267145 -3.643298 2.253689 0.368670 -0.188241 1.183352 23.750000
4.391913 1.250106 -0.272119 -3.622795 2.313738 0.381591 -0.197854 1.215365 23.800000
4.997561 1.225831 -0.278359 -3.601887 2.373362 0.391317 -0.207491 1.176031 23.850000
5.640461 1.394629 -0.285949 -3.580621 2.431517 0.405929 -0.216894 1.154368 23.900000
5.707310 1.749188 -0.295121 -3.558929 2.490926 0.424778 -0.227047 1.215235 23.950000
4.797677 1.681949 -0.306009 -3.536886 2.556412 0.440664 -0.239471 1.382356 24.000000
5.434669 2.058698 -0.318444 -3.514809 2.626959 0.444609 -0.253497 1.433471 24.050000
4.726138 2.540095 -0.332354 -3.492927 2.703375 0.450816 -0.269179 1.600031 24.100000
4.659355 2.587738 -0.347669 -3.471456 2.790476 0.444401 -0.287716 1.846666 24.150000
4.984826 2.818643 -0.364140 -3.450696 2.886114 0.431923 -0.307661 1.961181 24.200000
4.588599 2.917360 -0.381720 -3.430812 2.987851 0.417753 -0.327841 2.087899 24.250000
3.889945 3.000000 -0.400265 -3.411964 3.094620 0.395440 -0.347431 2.169098 24.300000
4.391561 3.000000 -0.419381 -3.394283 -3.078465 0.363232 -0.365140 2.224480 24.350000
4.043608 3.000000 -0.438898 -3.377833 -2.966760 0.333722 -0.380190 2.239954 24.400000
5.026220 2.724258 -0.458741 -3.362641 -2.854722 0.299929 -0.392252 2.239890 24.450000
5.077252 2.895794 -0.478961 -3.348771 -2.745658 0.276627 -0.400981 2.138806 24.500000
4.516843 2.595035 -0.499704 -3.336334 -2.638118 0.254433 -0.407357 2.158170 24.550000
5.484462 2.858947 -0.520758 -3.325312 -2.533215 0.228620 -0.411193 2.053806 24.600000
5.445398 2.861235 -0.542116 -3.315801 -2.429036 0.212792 -0.413245 2.103815 24.650000
6.000000 2.452939 -0.563819 -3.307960 -2.323403 0.196186 -0.414225 2.117912 24.700000
6.000000 2.904383 -0.585808 -3.301920 -2.221630 0.187514 -0.413668 1.976005 24.750000
5.584560 2.617390 -0.608031 -3.297825 -2.119742 0.179224 -0.412573 2.081288 24.800000
5.508378 2.519124 -0.630249 -3.295601 -2.017587 0.167442 -0.410792 2.015040 24.850000
5.663142 2.605051 -0.652260 -3.295164 -1.918624 0.157498 -0.407917 1.952868 24.900000
5.975457 2.792401 -0.673929 -3.296534 -1.820822 0.150437 -0.404429 1.957810 24.950000
5.248081 3.000000 -0.695127 -3.299789 -1.720993 0.145911 -0.400888 2.023967 25.000000
4.688737 3.000000 -0.715669 -3.304767 -1.617027 0.133044 -0.397265 2.117830 25.050000
3.785854 2.578806 -0.735381 -3.311088 -1.510266 0.114539 -0.392844 2.146307 25.100000
4.498061 3.000000 -0.754181 -3.318358 -1.407105 0.091009 -0.386697 2.002477 25.150000
5.300746 3.000000 -0.772004 -3.326520 -1.304296 0.076116 -0.379368 2.093489 25.200000
5.807393 2.996796 -0.788691 -3.335844 -1.198749 0.068909 -0.371629 2.122817 25.250000
4.892562 2.828563 -0.804031 -3.346521 -1.092373 0.067379 -0.363878 2.130701 25.300000
5.344054 2.530479 -0.817951 -3.358349 -0.987511 0.059266 -0.355957 2.072912 25.350000
4.705632 2.374429 -0.830382 -3.371132 -0.887565 0.059142 -0.347798 1.945861 25.400000
5.117448 2.829810 -0.841253 -3.384743 -0.793260 0.056815 -0.339614 1.842784 25.450000
4.997021 2.368428 -0.850512 -3.399028 -0.697525 0.058775 -0.331800 1.966545 25.500000
4.422037 1.901573 -0.858062 -3.413883 -0.602636 0.060908 -0.324335 1.848234 25.550000
3.491823 2.128361 -0.863965 -3.429090 -0.516387 0.062323 -0.316865 1.634967 25.600000
2.911357 2.328270 -0.868468 -3.444379 -0.434671 0.057828 -0.309396 1.633527 25.650000
2.598382 2.357325 -0.871877 -3.459508 -0.350949 0.048105 -0.301857 1.703899 25.700000
2.792003 2.255696 -0.874403 -3.474338 -0.264718 0.035697 -0.293995 1.739122 25.750000
2.980556 2.425180 -0.876081 -3.488817 -0.178490 0.026498 -0.285743 1.713455 25.800000
2.027594 2.359825 -0.876829 -3.502919 -0.091370 0.020028 -0.277323 1.763197 25.850000
2.184336 2.593686 -0.876845 -3.516584 -0.003389 0.005634 -0.268552 1.756394 25.900000
1.811010 2.666659 -0.876325 -3.529771 0.086738 -0.006458 -0.259264 1.835533 25.950000
1.558360 2.833471 -0.875336 -3.542473 0.180085 -0.021511 -0.249395 1.889084 26.000000
1.697191 2.353006 -0.874035 -3.554705 0.276787 -0.038164 -0.238745 1.965780 26.050000
1.180656 2.388765 -0.872443 -3.566470 0.370879 -0.050644 -0.227538 1.820844 26.100000
2.037982 2.696055 -0.870612 -3.577787 0.460669 -0.064720 -0.216016 1.777229 26.150000
1.791758 2.722573 -0.868457 -3.588602 0.552229 -0.069381 -0.204222 1.870305 26.200000
2.694432 2.952427 -0.865863 -3.598836 0.647030 -0.075556 -0.192314 1.914513 26.250000
1.967775 2.742672 -0.862736 -3.608361 0.745615 -0.072539 -0.180522 2.012958 26.300000
1.543488 2.360063 -0.859087 -3.617120 0.845166 -0.075071 -0.169094 1.975343 26.350000
2.456560 2.232395 -0.855141 -3.625256 0.939580 -0.078807 -0.158118 1.825519 26.400000
2.099032 1.984235 -0.850860 -3.632621 1.027904 -0.071301 -0.147980 1.723760 26.450000
1.161659 1.913309 -0.846220 -3.639063 1.110376 -0.065121 -0.138907 1.595117 26.500000
0.381287 1.605031 -0.841420 -3.644817 1.187927 -0.066018 -0.130536 1.518449 26.550000
1.194426 2.059394 -0.836648 -3.650227 1.259677 -0.072284 -0.122542 1.372710 26.600000
0.654636 2.352486 -0.831911 -3.655264 1.331442 -0.069991 -0.114728 1.482140 26.650000
0.858172 2.749990 -0.827196 -3.659874 1.409952 -0.073049 -0.106816 1.635312 26.700000
1.848873 2.795184 -0.822530 -3.664142 1.497641 -0.074517 -0.098568 1.840251 26.750000
1.917117 2.764403 -0.817906 -3.667795 1.592393 -0.066648 -0.090450 1.934767 26.800000
1.213425 2.954964 -0.813369 -3.670598 1.689853 -0.057765 -0.083053 1.959754 26.850000
2.099180 2.602389 -0.808974 -3.672715 1.790086 -0.055118 -0.076197 2.036900 26.900000
2.782223 3.000000 -0.804802 -3.674123 1.889134 -0.043340 -0.070128 1.941057 26.950000
3.031115 2.640063 -0.801042 -3.674504 1.989284 -0.025023 -0.065320 2.047559 27.000000
2.216508 2.362903 -0.797882 -3.673733 2.089110 -0.004502 -0.062052 1.960190 27.050000
2.266778 2.099018 -0.795366 -3.672018 2.183336 0.008493 -0.060076 1.830028 27.100000
2.560536 2.538836 -0.793484 -3.669600 2.270673 0.022219 -0.058990 1.686119 27.150000
2.502153 3.000000 -0.792348 -3.666498 2.357991 0.038235 -0.058884 1.790447 27.200000
1.630706 2.712913 -0.792042 -3.662780 2.453472 0.052392 -0.059992 1.995685 27.250000
0.810222 2.931730 -0.792435 -3.658700 2.552507 0.057430 -0.061836 1.970019 27.300000
0.227997 2.819593 -0.793220 -3.654571 2.652991 0.054273 -0.063740 2.038047 27.350000
0.631437 2.582094 -0.794110 -3.650590 2.754456 0.045506 -0.065183 2.022964 27.400000
0.353260 2.173400 -0.795059 -3.646779 2.852993 0.040927 -0.066003 1.933243 27.450000
0.000000 2.549299 -0.796092 -3.643115 2.944447 0.034498 -0.066218 1.753494 27.500000
0.000000 2.373037 -0.797063 -3.639620 3.034053 0.025199 -0.065873 1.820107 27.550000
0.369288 2.847258 -0.797891 -3.636286 3.123946 0.016298 -0.064963 1.781609 27.600000
0.000000 2.726337 -0.798665 -3.633089 -3.065656 0.010977 -0.063667 1.936686 27.650000
0.000000 3.000000 -0.799382 -3.630009 -2.968404 0.002298 -0.061962 1.950978 27.700000
0.000000 3.000000 -0.799962 -3.627017 -2.867891 -0.006067 -0.059720 2.052606 27.750000
0.375262 2.898217 -0.800416 -3.624087 -2.764197 -0.014030 -0.056945 2.088941 27.800000
0.000000 2.511302 -0.800843 -3.621235 -2.660417 -0.017798 -0.053832 2.066063 27.850000
0.000000 2.720205 -0.801257 -3.618450 -2.561335 -0.024132 -0.050521 1.921120 27.900000
0.000000 2.508017 -0.801602 -3.615685 -2.464675 -0.029608 -0.046952 1.941849 27.950000
0.358967 2.843559 -0.801897 -3.612934 -2.369557 -0.034305 -0.043190 1.873886 28.000000
0.853398 2.403573 -0.802220 -3.610257 -2.273123 -0.035070 -0.039340 1.968119 28.050000
1.471141 1.949683 -0.802704 -3.607811 -2.178250 -0.030646 -0.035782 1.846535 28.100000
1.194704 1.649675 -0.803476 -3.605828 -2.091982 -0.019837 -0.033012 1.636935 28.150000
0.766771 1.499161 -0.804528 -3.604397 -2.015678 -0.011296 -0.031043 1.443996 28.200000
0.951599 1.460614 -0.805736 -3.603384 -1.947353 -0.006547 -0.029556 1.308398 28.250000
1.472455 1.929496 -0.807042 -3.602742 -1.883985 0.000059 -0.028409 1.236412 28.300000
1.315742 2.229765 -0.808463 -3.602629 -1.817987 0.011240 -0.027722 1.382898 28.350000
1.794765 2.521734 -0.809976 -3.603113 -1.743877 0.020279 -0.027626 1.556068 28.400000
1.315154 2.619186 -0.811530 -3.604256 -1.660980 0.033075 -0.028281 1.732830 28.450000
1.350023 2.320948 -0.813056 -3.606031 -1.571330 0.040552 -0.029685 1.836758 28.500000
0.395174 2.278182 -0.814481 -3.608309 -1.481449 0.047867 -0.031514 1.769234 28.550000
0.000000 2.229869 -0.815779 -3.610849 -1.394180 0.045919 -0.033365 1.728004 28.600000
0.236618 2.079831 -0.816978 -3.613323 -1.308747 0.040258 -0.034858 1.694473 28.650000
0.245369 1.908758 -0.818092 -3.615695 -1.225980 0.036987 -0.035956 1.626625 28.700000
0.038724 2.371993 -0.819113 -3.618021 -1.147229 0.034013 -0.036731 1.536876 28.750000
0.000000 2.559955 -0.820065 -3.620261 -1.066525 0.029060 -0.037300 1.670933 28.800000
0.295711 2.063620 -0.820983 -3.622361 -0.979490 0.023559 -0.037667 1.791577 28.850000
0.997370 1.571037 -0.821842 -3.624376 -0.893761 0.021054 -0.037753 1.658284 28.900000
1.781251 1.693634 -0.822499 -3.626493 -0.817561 0.025650 -0.037738 1.424497 28.950000
1.243740 2.167667 -0.822707 -3.628949 -0.747773 0.037675 -0.038037 1.374330 29.000000
2.216623 2.072763 -0.822411 -3.631738 -0.674585 0.044021 -0.038888 1.530408 29.050000
1.360416 2.020818 -0.821512 -3.634855 -0.597240 0.058834 -0.040414 1.559220 29.100000
0.657915 2.080057 -0.819983 -3.638249 -0.519487 0.064918 -0.042477 1.552057 29.150000
0.252733 2.309891 -0.818131 -3.641670 -0.441335 0.063997 -0.044630 1.571153 29.200000
0.908958 2.575968 -0.816192 -3.644974 -0.360131 0.058932 -0.046676 1.663038 29.250000
0.285547 2.365535 -0.814119 -3.648164 -0.273146 0.059558 -0.048773 1.795663 29.300000
0.000000 2.107251 -0.811919 -3.651233 -0.184086 0.053986 -0.050723 1.770656 29.350000
0.000000 2.192793 -0.809807 -3.654132 -0.098537 0.046016 -0.052051 1.667270 29.400000
0.000000 1.937329 -0.807851 -3.656873 -0.015446 0.038400 -0.052784 1.657766 29.450000
0.933597 1.906938 -0.806048 -3.659477 0.064636 0.031234 -0.052980 1.560214 29.500000
1.105110 1.955669 -0.804172 -3.661943 0.141198 0.033261 -0.052943 1.509785 29.550000
1.552244 1.506103 -0.801975 -3.664236 0.216619 0.036885 -0.053035 1.507469 29.600000
2.379236 1.928345 -0.799334 -3.666296 0.287181 0.044863 -0.053288 1.339367 29.650000
2.607310 1.765785 -0.795992 -3.668003 0.356674 0.060255 -0.054096 1.427830 29.700000
3.575596 1.384686 -0.791773 -3.669220 0.427398 0.076982 -0.055725 1.404653 29.750000
2.683972 1.097187 -0.786497 -3.669764 0.493290 0.102260 -0.058038 1.252765 29.800000
3.374929 0.932918 -0.780231 -3.669571 0.550980 0.118732 -0.060606 1.078653 29.850000
3.512134 0.630734 -0.773092 -3.668614 0.600940 0.141443 -0.063175 0.938267 29.900000
3.843286 0.740733 -0.764990 -3.666757 0.642718 0.165103 -0.065583 0.755757 29.950000
3.312843 1.017123 -0.755908 -3.663916 0.679321 0.191262 -0.068007 0.713817 30.000000
2.419342 0.696491 -0.745964 -3.660105 0.717567 0.211191 -0.071196 0.805316 30.050000
1.452520 0.368375 -0.735495 -3.655529 0.755523 0.221907 -0.074635 0.723160 30.100000
1.484876 0.370494 -0.724865 -3.650481 0.786907 0.223752 -0.077079 0.552162 30.150000
1.503761 0.604909 -0.714233 -3.645122 0.812162 0.226387 -0.078509 0.467585 30.200000
0.523822 0.781090 -0.703594 -3.639449 0.837012 0.229091 -0.079879 0.520624 30.250000
1.324831 0.409512 -0.693119 -3.633630 0.865789 0.222105 -0.081793 0.619168 30.300000
0.658834 0.251113 -0.682848 -3.627690 0.893932 0.222831 -0.083473 0.518113 30.350000
1.094928 0.547334 -0.672749 -3.621612 0.916616 0.217916 -0.084198 0.401959 30.400000
0.516160 0.573200 -0.662842 -3.615439 0.938423 0.217323 -0.084720 0.463599 30.450000
1.233457 0.684511 -0.653153 -3.609200 0.962775 0.211064 -0.085559 0.505765 30.500000
0.684154 0.408689 -0.643669 -3.602863 0.989920 0.211351 -0.086740 0.572532 30.550000
0.000000 0.597001 -0.634375 -3.596400 1.016366 0.206568 -0.087729 0.494079 30.600000
0.000000 0.236589 -0.625416 -3.590056 1.042088 0.195672 -0.088432 0.530571 30.650000
0.036955 0.273102 -0.616859 -3.583963 1.065026 0.185515 -0.088542 0.401049 30.700000
0.000000 -0.173087 -0.608668 -3.578106 1.083617 0.176621 -0.087930 0.348052 30.750000
0.063971 -0.025919 -0.600813 -3.572476 1.095092 0.168591 -0.086353 0.132673 30.800000
0.375674 -0.074243 -0.593254 -3.567057 1.100170 0.162231 -0.084017 0.075768 30.850000
0.858833 0.388812 -0.585930 -3.561759 1.102505 0.159334 -0.081429 0.022555 30.900000
0.428812 0.238696 -0.578746 -3.556413 1.108211 0.160677 -0.079317 0.189412 30.950000
1.055591 0.085116 -0.571709 -3.551011 1.118460 0.157505 -0.077785 0.217629 31.000000
0.247083 0.044651 -0.564800 -3.545513 1.127981 0.160375 -0.076220 0.168175 31.050000
0.591444 0.092187 -0.558030 -3.539960 1.135169 0.155884 -0.074441 0.123596 31.100000
0.000000 0.196857 -0.551436 -3.534447 1.141215 0.154894 -0.072583 0.118652 31.150000
0.497956 0.609417 -0.545037 -3.529027 1.148280 0.148365 -0.070882 0.159776 31.200000
0.390491 0.865546 -0.538842 -3.523714 1.161651 0.146123 -0.069881 0.354938 31.250000
0.818102 1.152110 -0.532829 -3.518425 1.185168 0.142018 -0.069926 0.562780 31.300000
1.730160 0.944615 -0.526991 -3.513093 1.219449 0.140997 -0.071014 0.782535 31.350000
2.503851 1.010768 -0.521245 -3.507431 1.259245 0.147890 -0.072703 0.806520 31.400000
3.215095 0.695281 -0.515497 -3.501077 1.300644 0.161444 -0.074804 0.844944 31.450000
4.099903 1.150523 -0.509701 -3.493715 1.339925 0.181182 -0.077055 0.739487 31.500000
5.018999 1.614453 -0.503830 -3.485012 1.380591 0.208089 -0.080100 0.871465 31.550000
4.500165 1.570778 -0.497909 -3.474603 1.431074 0.241162 -0.085503 1.116738 31.600000
4.754000 1.197686 -0.492077 -3.462468 1.489616 0.266707 -0.093213 1.212694 31.650000
3.821935 1.460505 -0.486494 -3.448740 1.547474 0.293064 -0.101582 1.115687 31.700000
4.532834 1.408714 -0.481279 -3.433651 1.604983 0.309104 -0.110479 1.177162 31.750000
3.725460 1.367527 -0.476551 -3.417329 1.664129 0.330133 -0.120200 1.188208 31.800000
3.557457 1.600663 -0.472402 -3.399879 1.723320 0.342033 -0.130287 1.181276 31.850000
2.632360 1.727448 -0.468891 -3.381610 1.784905 0.350626 -0.141058 1.270711 31.900000
2.543549 1.918538 -0.466044 -3.362861 1.850975 0.348464 -0.152711 1.360155 31.950000
2.495938 2.411694 -0.463861 -3.343946 1.922164 0.343391 -0.165055 1.471859 32.000000
2.531950 2.326154 -0.462378 -3.324985 2.002352 0.334726 -0.178804 1.701508 32.050000
2.300815 2.556346 -0.461632 -3.306090 2.089181 0.323550 -0.193057 1.762584 32.100000
3.057868 3.000000 -0.461613 -3.287393 2.180422 0.307820 -0.206974 1.870154 32.150000
3.069447 2.716116 -0.462390 -3.268897 2.279711 0.295671 -0.221244 2.068927 32.200000
2.456416 2.899360 -0.464065 -3.250582 2.382363 0.281207 -0.234745 2.041809 32.250000
3.317744 2.717029 -0.466513 -3.232637 2.486039 0.259517 -0.246650 2.095769 32.300000
4.123240 3.000000 -0.469752 -3.215107 2.589498 0.245211 -0.256763 2.050089 32.350000
4.751776 2.837573 -0.474077 -3.197855 2.694415 0.237083 -0.265960 2.132643 32.400000
4.195857 2.604046 -0.479752 -3.180862 2.800253 0.233516 -0.274540 2.105651 32.450000
4.603845 3.000000 -0.486757 -3.164256 2.902866 0.225001 -0.281825 2.014089 32.500000
5.127849 2.661204 -0.495023 -3.148181 3.006664 0.219178 -0.288542 2.119992 32.550000
4.811599 2.701389 -0.504694 -3.132750 3.110305 0.217611 -0.294700 2.039371 32.600000
4.322316 2.768160 -0.515752 -3.118095 -3.071338 0.213200 -0.300105 2.024703 32.650000
5.259584 2.537535 -0.527923 -3.104339 -2.969587 0.203630 -0.304846 2.042096 32.700000
4.982003 2.184299 -0.541221 -3.091620 -2.869682 0.203313 -0.308784 1.966721 32.750000
4.496430 2.032787 -0.555710 -3.080076 -2.775797 0.202496 -0.311660 1.813446 32.800000
5.243405 2.241881 -0.571148 -3.069746 -2.688388 0.199645 -0.313389 1.700515 32.850000
4.798321 2.477837 -0.587503 -3.060746 -2.602425 0.204266 -0.314926 1.733258 32.900000
4.970718 2.837172 -0.604703 -3.053179 -2.512914 0.202843 -0.317027 1.831602 32.950000
4.411772 2.740620 -0.622524 -3.047074 -2.416531 0.199813 -0.319907 1.996748 33.000000
3.969055 2.789521 -0.640721 -3.042409 -2.315949 0.189504 -0.322786 2.021870 33.050000
4.315119 2.757620 -0.658989 -3.039041 -2.214144 0.174608 -0.324816 2.045557 33.100000
4.553230 3.000000 -0.677198 -3.036961 -2.112009 0.163146 -0.325855 2.040101 33.150000
5.127158 3.000000 -0.695307 -3.036281 -2.007629 0.153242 -0.326343 2.120882 33.200000
6.000000 2.863340 -0.713255 -3.037156 -1.900786 0.147919 -0.326509 2.147935 33.250000
5.812707 3.000000 -0.730991 -3.039885 -1.794512 0.151155 -0.326522 2.109725 33.300000
5.583650 2.844408 -0.748365 -3.044593 -1.688012 0.152408 -0.326740 2.144418 33.350000
5.202151 2.491922 -0.765153 -3.051127 -1.582020 0.151682 -0.326902 2.102391 33.400000
5.951034 2.199096 -0.781170 -3.059288 -1.480961 0.149642 -0.326410 1.963032 33.450000
6.000000 2.167231 -0.796252 -3.069119 -1.387313 0.158017 -0.325351 1.808288 33.500000
5.281066 2.443650 -0.810219 -3.080743 -1.298879 0.168946 -0.324380 1.740376 33.550000
5.782892 2.361100 -0.822961 -3.093898 -1.209687 0.172518 -0.324013 1.815620 33.600000
6.000000 2.674516 -0.834352 -3.108393 -1.118909 0.179933 -0.324198 1.815910 33.650000
6.000000 2.635316 -0.844206 -3.124226 -1.024811 0.187540 -0.325316 1.930081 33.700000
5.895811 3.000000 -0.852379 -3.141246 -0.927441 0.193213 -0.327269 1.960214 33.750000
5.596426 2.753946 -0.858785 -3.159223 -0.825326 0.195273 -0.330095 2.101084 33.800000
5.805443 3.000000 -0.863413 -3.177865 -0.721307 0.193217 -0.333053 2.065606 33.850000
4.882585 3.000000 -0.866218 -3.196958 -0.615877 0.192128 -0.336002 2.139167 33.900000
4.616534 3.000000 -0.867315 -3.216201 -0.508180 0.181066 -0.338678 2.163906 33.950000
5.160764 3.000000 -0.866938 -3.235279 -0.399790 0.167319 -0.340388 2.169872 34.000000
4.861442 2.721536 -0.865039 -3.254070 -0.291292 0.158928 -0.341196 2.169586 34.050000
4.044886 2.660970 -0.861586 -3.272459 -0.185705 0.149380 -0.340948 2.070142 34.100000
3.409310 2.730758 -0.856849 -3.290269 -0.083925 0.134488 -0.339408 2.010120 34.150000
3.122120 3.000000 -0.851189 -3.307375 0.016569 0.115146 -0.336572 2.008610 34.200000
3.868194 3.000000 -0.844862 -3.323719 0.119633 0.093171 -0.332553 2.097598 34.250000
3.878727 3.000000 -0.837812 -3.339243 0.225336 0.078423 -0.327488 2.124920 34.300000
4.487177 3.000000 -0.829917 -3.353865 0.331784 0.064789 -0.321569 2.131074 34.350000
5.066831 3.000000 -0.821099 -3.367461 0.438342 0.058174 -0.315100 2.130828 34.400000
4.836982 2.863293 -0.811187 -3.379831 0.544857 0.058153 -0.308609 2.129867 34.450000
4.526886 2.966759 -0.800217 -3.390830 0.649936 0.057515 -0.302258 2.081378 34.500000
3.627080 3.000000 -0.788417 -3.400430 0.754546 0.055102 -0.296006 2.099746 34.550000
4.284989 3.000000 -0.776118 -3.408751 0.860031 0.044966 -0.289534 2.116245 34.600000
5.065939 3.000000 -0.763474 -3.415780 0.965978 0.042092 -0.282819 2.120695 34.650000
5.286732 3.000000 -0.750407 -3.421202 1.072059 0.047479 -0.276443 2.122458 34.700000
4.574877 3.000000 -0.736967 -3.424775 1.178225 0.055548 -0.270805 2.124224 34.750000
4.683726 2.571859 -0.723388 -3.426581 1.284472 0.057431 -0.265742 2.125489 34.800000
5.414548 2.772459 -0.709898 -3.426741 1.386384 0.062513 -0.260919 1.976119 34.850000
5.437034 2.870615 -0.696623 -3.425057 1.485707 0.075720 -0.256828 1.994383 34.900000
5.751669 3.000000 -0.683735 -3.421396 1.586680 0.088538 -0.253903 2.037849 34.950000
5.918528 3.000000 -0.671451 -3.415759 1.690409 0.103164 -0.252261 2.101317 35.000000
6.000000 2.585251 -0.660000 -3.408146 1.796194 0.118223 -0.251931 2.126502 35.050000
6.000000 2.282723 -0.649612 -3.398629 1.898597 0.134605 -0.252468 1.992765 35.100000
6.000000 2.366395 -0.640494 -3.387316 1.993764 0.152728 -0.253502 1.839613 35.150000
5.511850 2.837200 -0.632819 -3.374350 2.085026 0.171315 -0.255314 1.815633 35.200000
5.681615 3.000000 -0.626677 -3.360013 2.180504 0.182867 -0.258602 1.977832 35.250000
4.824469 3.000000 -0.622147 -3.344595 2.282861 0.192600 -0.263413 2.097127 35.300000
5.584987 2.982329 -0.619212 -3.328445 2.389000 0.191915 -0.268887 2.141105 35.350000
4.613375 2.741741 -0.617924 -3.311794 2.496355 0.197082 -0.274504 2.151742 35.400000
5.292530 3.000000 -0.618277 -3.294859 2.601615 0.193021 -0.279659 2.072130 35.450000
5.488755 3.000000 -0.620241 -3.277862 2.707045 0.194647 -0.284585 2.134727 35.500000
6.000000 2.819742 -0.623987 -3.260903 2.814453 0.196547 -0.289741 2.157911 35.550000
6.000000 2.738584 -0.629648 -3.244143 2.920782 0.202806 -0.294863 2.104813 35.600000
5.060019 2.942487 -0.637302 -3.227765 3.024686 0.209066 -0.299923 2.059515 35.650000
4.327501 2.639977 -0.646666 -3.212007 3.129302 0.205341 -0.305014 2.115628 35.700000
4.071661 2.871490 -0.657263 -3.197057 -3.050633 0.194865 -0.309179 2.028567 35.750000
3.883399 2.932471 -0.668794 -3.183011 -2.947787 0.182076 -0.312301 2.076582 35.800000
3.426576 2.656088 -0.681071 -3.169933 -2.842893 0.166789 -0.314534 2.112341 35.850000
4.184157 2.940764 -0.693869 -3.157840 -2.739813 0.148411 -0.315212 2.024525 35.900000
3.539408 2.569541 -0.707196 -3.146811 -2.636661 0.137730 -0.314825 2.089963 35.950000
2.762288 2.341848 -0.720997 -3.136891 -2.535353 0.122381 -0.313304 1.979793 36.000000
3.124848 1.950854 -0.734949 -3.127941 -2.439978 0.103221 -0.310113 1.854399 36.050000
3.696661 2.065823 -0.748964 -3.119933 -2.352787 0.092080 -0.305434 1.662555 36.100000
3.770561 2.128631 -0.763189 -3.113058 -2.270652 0.089335 -0.300178 1.627912 36.150000
3.863486 2.555520 -0.777663 -3.107453 -2.189006 0.088159 -0.294967 1.636459 36.200000
3.260494 2.397347 -0.792310 -3.103163 -2.102615 0.086564 -0.290171 1.794404 36.250000
2.266224 2.076535 -0.806957 -3.100075 -2.012820 0.078656 -0.285433 1.796588 36.300000
2.123203 2.003989 -0.821364 -3.097855 -1.926378 0.063707 -0.279950 1.678632 36.350000
2.038811 2.403583 -0.835406 -3.096274 -1.844609 0.050436 -0.273606 1.602937 36.400000
2.698966 1.945790 -0.849058 -3.095288 -1.761180 0.037000 -0.266769 1.716096 36.450000
3.363291 1.827431 -0.862321 -3.095013 -1.678957 0.031429 -0.259565 1.591567 36.500000
4.150097 1.856519 -0.875198 -3.095769 -1.602067 0.034890 -0.252431 1.498081 36.550000
4.864684 1.919680 -0.887634 -3.097889 -1.527916 0.047170 -0.245908 1.472276 36.600000
4.817294 1.612685 -0.899514 -3.101684 -1.453874 0.066268 -0.240446 1.487898 36.650000
4.715862 1.442560 -0.910698 -3.107241 -1.382496 0.085559 -0.236027 1.383210 36.700000
5.676829 1.058254 -0.921064 -3.114461 -1.316339 0.105220 -0.232400 1.278661 36.750000
6.000000 0.929814 -0.930446 -3.123470 -1.257747 0.135721 -0.229420 1.091652 36.800000
6.000000 0.932570 -0.938652 -3.134481 -1.206802 0.170630 -0.227083 0.964192 36.850000
6.000000 1.272728 -0.945562 -3.147462 -1.160075 0.205619 -0.225543 0.912821 36.900000
6.000000 1.628578 -0.951094 -3.162289 -1.111225 0.238655 -0.225553 1.027771 36.950000
6.000000 1.375716 -0.955162 -3.178794 -1.054352 0.267860 -0.228107 1.222318 37.000000
6.000000 1.776086 -0.957673 -3.196785 -0.993431 0.294397 -0.232480 1.216651 37.050000
5.596676 1.503261 -0.958546 -3.216086 -0.928222 0.318084 -0.238752 1.371359 37.100000
5.815464 1.481428 -0.957760 -3.236419 -0.860593 0.335689 -0.246296 1.339578 37.150000
6.000000 1.308816 -0.955284 -3.257583 -0.794113 0.354311 -0.254169 1.323287 37.200000
6.000000 1.408064 -0.951011 -3.279484 -0.729874 0.373978 -0.262082 1.257006 37.250000
6.000000 1.639783 -0.944881 -3.301995 -0.666627 0.392515 -0.270333 1.272265 37.300000
6.000000 1.287795 -0.936876 -3.324934 -0.600195 0.408358 -0.279990 1.372357 37.350000
6.000000 1.651945 -0.926996 -3.348107 -0.534010 0.422782 -0.289921 1.288437 37.400000
6.000000 1.476932 -0.915247 -3.371348 -0.466551 0.435196 -0.300553 1.396123 37.450000
6.000000 1.007007 -0.901657 -3.394464 -0.397191 0.445319 -0.311928 1.381857 37.500000
5.267587 0.595113 -0.886256 -3.417299 -0.333183 0.456336 -0.321675 1.204697 37.550000
4.633722 0.887927 -0.869219 -3.439715 -0.279501 0.463945 -0.328110 0.974119 37.600000
4.481588 0.815951 -0.850865 -3.461578 -0.230456 0.467021 -0.333016 0.986671 37.650000
4.542918 0.817431 -0.831406 -3.482775 -0.181699 0.468372 -0.337725 0.966672 37.700000
4.246301 0.409164 -0.810900 -3.503242 -0.133561 0.470223 -0.342116 0.960154 37.750000
5.236008 0.112872 -0.789433 -3.522928 -0.090107 0.471191 -0.344811 0.798506 37.800000
5.748328 0.155356 -0.766839 -3.541848 -0.055595 0.485395 -0.344592 0.605721 37.850000
5.697508 -0.036388 -0.742769 -3.560035 -0.027393 0.506753 -0.342603 0.531931 37.900000
5.244892 -0.116904 -0.717144 -3.577480 -0.003899 0.529033 -0.339382 0.421152 37.950000
5.955184 -0.366501 -0.690114 -3.594181 0.014743 0.548534 -0.334766 0.334504 38.000000
6.000000 -0.728353 -0.661642 -3.610151 0.027418 0.576631 -0.328229 0.188515 38.050000
5.162145 -0.416919 -0.631564 -3.625435 0.030535 0.608294 -0.318145 -0.041093 38.100000
4.592107 -0.808390 -0.600078 -3.640120 0.028620 0.633034 -0.306294 -0.035929 38.150000
5.590871 -0.935128 -0.567551 -3.654267 0.022320 0.653197 -0.292801 -0.200505 38.200000
5.263834 -0.467866 -0.533888 -3.667968 0.008310 0.684603 -0.275992 -0.345390 38.250000
4.815754 -0.227704 -0.498962 -3.681315 -0.005787 0.711367 -0.259479 -0.231110 38.300000
5.478259 -0.259665 -0.463036 -3.694317 -0.012940 0.730195 -0.246889 -0.071500 38.350000
5.942099 0.181730 -0.426135 -3.706938 -0.014501 0.752432 -0.237580 0.001875 38.400000
6.000000 0.404061 -0.388064 -3.719140 -0.008121 0.775483 -0.232920 0.231267 38.450000
6.000000 0.848259 -0.348798 -3.730814 0.009503 0.794548 -0.234808 0.451491 38.500000
6.000000 0.720170 -0.308429 -3.741802 0.040407 0.808362 -0.244432 0.751987 38.550000
5.975337 0.286542 -0.267079 -3.751916 0.080904 0.817805 -0.259503 0.857675 38.600000
5.496577 0.322759 -0.224847 -3.761041 0.120640 0.826086 -0.273820 0.747765 38.650000
5.623466 0.200286 -0.181902 -3.769165 0.157175 0.830074 -0.285930 0.719125 38.700000
6.000000 0.176296 -0.138371 -3.776278 0.191563 0.835351 -0.296456 0.664738 38.750000
6.000000 -0.018224 -0.094178 -3.782341 0.223968 0.844239 -0.305600 0.636650 38.800000
5.521309 0.015368 -0.049281 -3.787323 0.253398 0.853626 -0.312825 0.551959 38.850000
4.908226 0.205923 -0.003820 -3.791253 0.280331 0.858978 -0.318434 0.529138 38.900000
4.624898 0.180501 0.041917 -3.794187 0.308724 0.857566 -0.324785 0.599492 38.950000
4.505415 -0.130988 0.087670 -3.796148 0.339481 0.852277 -0.332277 0.628318 39.000000
5.234165 -0.294141 0.133319 -3.797152 0.367860 0.846915 -0.337932 0.519773 39.050000
6.000000 -0.786146 0.179020 -3.797176 0.390521 0.851008 -0.339912 0.400334 39.100000
5.038670 -0.296246 0.225142 -3.796147 0.403216 0.866595 -0.335859 0.134945 39.150000
4.663852 0.183150 0.271702 -3.794171 0.411647 0.874594 -0.329462 0.195754 39.200000
4.210068 0.523499 0.318363 -3.791363 0.427829 0.875377 -0.328168 0.427125 39.250000
4.369479 0.312692 0.364819 -3.787720 0.456395 0.866330 -0.334552 0.686451 39.300000
3.425262 0.605896 0.410876 -3.783178 0.492008 0.855604 -0.344809 0.733453 39.350000
2.733520 0.602384 0.456299 -3.777786 0.532655 0.833661 -0.357320 0.875527 39.400000
2.226544 0.734652 0.500680 -3.771701 0.578308 0.803061 -0.371532 0.942257 39.450000
3.217000 0.241405 0.543746 -3.765069 0.627732 0.766259 -0.386246 1.023733 39.500000
3.729026 0.531401 0.585590 -3.757834 0.674518 0.740734 -0.397907 0.867376 39.550000
3.161317 0.078232 0.626549 -3.749816 0.719021 0.721619 -0.407234 0.907545 39.600000
3.333749 0.201282 0.666623 -3.741042 0.759867 0.699609 -0.413706 0.745380 39.650000
3.961478 -0.256922 0.705811 -3.731593 0.796246 0.682357 -0.417187 0.712817 39.700000
4.414182 -0.431585 0.744294 -3.721347 0.826227 0.675176 -0.417118 0.509289 39.750000
4.564713 -0.099640 0.782344 -3.710134 0.846791 0.677864 -0.412468 0.332042 39.800000
4.019113 -0.296764 0.820123 -3.697865 0.864588 0.683502 -0.406731 0.375016 39.850000
4.512978 0.078953 0.857560 -3.684630 0.881662 0.684381 -0.400877 0.313717 39.900000
4.532032 0.537929 0.894642 -3.670451 0.900708 0.688858 -0.396251 0.434899 39.950000
4.543140 0.814487 0.931354 -3.655250 0.929381 0.688224 -0.396552 0.683661 40.000000
4.459312 1.027606 0.967535 -3.639037 0.970080 0.681109 -0.402625 0.916030 40.050000
4.142052 1.083713 1.002999 -3.621846 1.021306 0.667259 -0.413224 1.108232 40.100000
4.930317 0.621078 1.037541 -3.603791 1.079776 0.646128 -0.426180 1.215913 40.150000
4.201839 0.560349 1.071126 -3.584807 1.136899 0.633033 -0.437316 1.086689 40.200000
4.900210 0.296844 1.103765 -3.564899 1.188932 0.616031 -0.445181 1.004874 40.250000
4.233322 0.728915 1.135463 -3.544077 1.235197 0.609264 -0.449798 0.863632 40.300000
3.506715 1.040131 1.166235 -3.522343 1.281274 0.596433 -0.453872 0.965866 40.350000
2.556195 0.891394 1.195911 -3.500060 1.334220 0.572834 -0.460062 1.129131 40.400000
2.127521 0.653557 1.224327 -3.477671 1.390957 0.538573 -0.466420 1.137001 40.450000
2.712152 0.873577 1.251439 -3.455510 1.445082 0.503013 -0.470162 1.038364 40.500000
3.237758 0.782340 1.277312 -3.433523 1.497918 0.474941 -0.472104 1.068820 40.550000
3.448225 0.879801 1.301997 -3.411459 1.550554 0.452918 -0.472962 1.038723 40.600000
3.109328 1.267875 1.325517 -3.389154 1.603009 0.433826 -0.472967 1.055563 40.650000
3.205476 1.456982 1.347867 -3.366677 1.660062 0.409393 -0.473548 1.204440 40.700000
3.706694 1.499680 1.369025 -3.344162 1.723976 0.382357 -0.474994 1.332025 40.750000
3.961432 1.187277 1.388954 -3.321548 1.792383 0.358043 -0.476399 1.393435 40.800000
3.019794 1.604209 1.407617 -3.298711 1.859264 0.337989 -0.476278 1.294115 40.850000
2.547823 1.976550 1.425064 -3.275823 1.927058 0.309449 -0.475231 1.399990 40.900000
3.212807 2.058065 1.441411 -3.253265 2.002030 0.273138 -0.474146 1.570491 40.950000
3.628294 1.568321 1.456667 -3.231069 2.083111 0.240661 -0.472377 1.656738 41.000000
3.297913 1.656680 1.470742 -3.209044 2.161521 0.215322 -0.468549 1.500738 41.050000
3.059774 1.441894 1.483632 -3.187150 2.235476 0.191208 -0.462846 1.461002 41.100000
2.737876 0.947898 1.495413 -3.165484 2.305562 0.168864 -0.455626 1.355540 41.150000
2.154286 1.161462 1.506159 -3.144109 2.366565 0.150704 -0.446617 1.115798 41.200000
2.449250 1.645846 1.515992 -3.123114 2.421529 0.132209 -0.436545 1.085087 41.250000
2.093168 1.418521 1.524966 -3.102535 2.480516 0.115558 -0.426517 1.250342 41.300000
3.016457 1.541754 1.533132 -3.082408 2.542461 0.095355 -0.416284 1.228682 41.350000
2.400137 1.543572 1.540390 -3.062660 2.604833 0.085129 -0.405782 1.260805 41.400000
1.990553 1.824013 1.546696 -3.043264 2.668185 0.069923 -0.395143 1.270624 41.450000
1.938262 2.184754 1.552278 -3.024350 2.734729 0.050721 -0.384250 1.374894 41.500000
1.435285 2.574164 1.557272 -3.005976 2.808436 0.029081 -0.372983 1.546581 41.550000
0.906660 2.130801 1.561861 -2.988188 2.891708 -0.000013 -0.360880 1.750942 41.600000
0.990132 1.672670 1.566318 -2.971019 2.976722 -0.032328 -0.347355 1.661440 41.650000
0.025197 1.938305 1.570707 -2.954427 3.053782 -0.057377 -0.332829 1.450912 41.700000
0.606507 2.106839 1.575163 -2.938366 3.126559 -0.087016 -0.317545 1.457642 41.750000
1.069473 1.965917 1.579739 -2.922783 -3.081988 -0.109358 -0.301326 1.518005 41.800000
1.065543 1.918190 1.584165 -2.907631 -3.006948 -0.125045 -0.284637 1.487610 41.850000
1.754437 2.323856 1.588299 -2.892894 -2.933465 -0.137893 -0.267921 1.456076 41.900000
1.379466 2.212178 1.591961 -2.878599 -2.856723 -0.143321 -0.250998 1.593349 41.950000
0.951466 2.330136 1.595085 -2.864756 -2.776639 -0.151357 -0.233941 1.607899 42.000000
1.534782 2.506486 1.597840 -2.851308 -2.694827 -0.161735 -0.216763 1.657160 42.050000
0.547365 2.035709 1.600178 -2.838280 -2.609538 -0.165359 -0.199376 1.741664 42.100000
0.842303 1.777626 1.602167 -2.825629 -2.526421 -0.175479 -0.182432 1.604306 42.150000
1.702198 1.759361 1.603912 -2.813308 -2.450482 -0.178931 -0.166584 1.455728 42.200000
1.155804 2.107414 1.605182 -2.801533 -2.379585 -0.171614 -0.152025 1.390288 42.250000
0.754768 2.505927 1.605934 -2.790380 -2.307076 -0.168603 -0.138041 1.495279 42.300000
1.467605 2.506921 1.606341 -2.779698 -2.226820 -0.169414 -0.123660 1.686456 42.350000
1.045291 2.253936 1.606370 -2.769550 -2.140275 -0.162992 -0.109191 1.763883 42.400000
0.162563 2.534848 1.605998 -2.760012 -2.053816 -0.159083 -0.095541 1.704240 42.450000
0.000000 2.949081 1.605395 -2.750847 -1.966294 -0.162083 -0.082265 1.784438 42.500000
0.695873 3.000000 1.604655 -2.741854 -1.871846 -0.165578 -0.068430 1.964717 42.550000
0.000000 3.000000 1.603717 -2.733171 -1.771113 -0.161208 -0.054367 2.050783 42.600000
0.832456 3.000000 1.602569 -2.724824 -1.667630 -0.161755 -0.040600 2.083475 42.650000
0.557917 2.884478 1.601228 -2.716886 -1.563077 -0.152710 -0.027499 2.096802 42.700000
1.293257 2.555950 1.599718 -2.709519 -1.459246 -0.144772 -0.015552 2.062557 42.750000
0.669713 2.228428 1.598117 -2.702848 -1.359825 -0.128683 -0.005329 1.935549 42.800000
0.007389 2.032236 1.596499 -2.696899 -1.267785 -0.117752 0.002941 1.772360 42.850000
0.994697 2.235126 1.594852 -2.691371 -1.183010 -0.112518 0.009802 1.639357 42.900000
0.670957 2.231986 1.593253 -2.686324 -1.100402 -0.097613 0.015656 1.661637 42.950000
0.802004 2.094377 1.591804 -2.681882 -1.017095 -0.085665 0.020567 1.669476 43.000000
0.034978 2.123921 1.590528 -2.677971 -0.934978 -0.072489 0.024499 1.622401 43.050000
0.201836 2.592853 1.589372 -2.674440 -0.854083 -0.066590 0.027680 1.614611 43.100000
0.772292 2.809910 1.588272 -2.671159 -0.768510 -0.058845 0.030568 1.782274 43.150000
0.000000 2.405186 1.587371 -2.668237 -0.675278 -0.045449 0.032992 1.924172 43.200000
0.000000 2.503618 1.586652 -2.665617 -0.581727 -0.039462 0.034705 1.832576 43.250000
0.134082 2.683319 1.585985 -2.663164 -0.490077 -0.033606 0.035916 1.833269 43.300000
0.000000 2.785203 1.585408 -2.660876 -0.396543 -0.026506 0.036701 1.897712 43.350000
0.000000 3.000000 1.584931 -2.658736 -0.299908 -0.020690 0.037082 1.957830 43.400000
0.801434 2.799037 1.584529 -2.656717 -0.199164 -0.014859 0.037101 2.055657 43.450000
0.306046 2.795336 1.584394 -2.654829 -0.097418 -0.001784 0.036442 2.020037 43.500000
0.796566 3.000000 1.584586 -2.653044 0.003164 0.005997 0.035053 2.005571 43.550000
1.747765 2.566125 1.585093 -2.651305 0.105387 0.017891 0.032988 2.072168 43.600000
2.081891 2.893209 1.586227 -2.649523 0.205232 0.037728 0.029887 1.942922 43.650000
2.346414 3.000000 1.588231 -2.647557 0.304366 0.059390 0.025427 2.011132 43.700000
1.901232 3.000000 1.591160 -2.645259 0.406739 0.082090 0.019385 2.073361 43.750000
1.575164 2.762307 1.594871 -2.642538 0.511062 0.098901 0.011984 2.095832 43.800000
1.056174 2.664371 1.599100 -2.639394 0.613662 0.110929 0.003896 2.020866 43.850000
0.868101 2.265603 1.603590 -2.635894 0.712920 0.116545 -0.004291 1.959718 43.900000
0.698385 1.872177 1.608147 -2.632126 0.806139 0.119199 -0.011982 1.795600 43.950000
0.184392 1.885376 1.612671 -2.628155 0.890007 0.119459 -0.018712 1.590834 44.000000
0.916844 1.409951 1.617041 -2.624120 0.967362 0.114412 -0.024529 1.514823 44.050000
1.441675 1.331074 1.621280 -2.619988 1.037159 0.116080 -0.029431 1.307087 44.100000
1.593527 1.144201 1.625535 -2.615519 1.099166 0.122463 -0.033706 1.189603 44.150000
2.165398 1.615418 1.629851 -2.610581 1.155173 0.129960 -0.037601 1.067210 44.200000
3.065184 1.534210 1.634257 -2.605027 1.212141 0.142124 -0.041864 1.194573 44.250000
2.904414 1.875621 1.638803 -2.598549 1.272598 0.161612 -0.047000 1.220470 44.300000
2.985222 2.139523 1.643448 -2.591005 1.337655 0.178079 -0.053302 1.362224 44.350000
3.416799 2.015845 1.648066 -2.582448 1.410327 0.193451 -0.061139 1.521820 44.400000
2.688573 1.793917 1.652547 -2.572802 1.487018 0.211055 -0.070133 1.543184 44.450000
2.147412 1.505067 1.656772 -2.562194 1.562118 0.220431 -0.079303 1.471861 44.500000
1.795273 1.283162 1.660651 -2.550971 1.631831 0.224134 -0.087651 1.336546 44.550000
1.715976 1.118031 1.664153 -2.539379 1.694673 0.224543 -0.094716 1.196838 44.600000
0.721447 0.991650 1.667275 -2.527543 1.751020 0.224513 -0.100508 1.073788 44.650000
0.975013 1.212810 1.670062 -2.515723 1.801781 0.215628 -0.105047 0.970179 44.700000
1.699016 1.509768 1.672553 -2.504090 1.851387 0.209320 -0.108984 1.009060 44.750000
0.992600 1.523903 1.674684 -2.492437 1.905597 0.209010 -0.113361 1.141882 44.800000
0.041928 1.911888 1.676442 -2.480794 1.964523 0.201076 -0.118113 1.206408 44.850000
0.000000 1.714537 1.677967 -2.469550 2.029821 0.183191 -0.123026 1.380749 44.900000
0.782949 1.397425 1.679370 -2.458925 2.098821 0.164569 -0.127379 1.379183 44.950000
1.237188 1.856739 1.680594 -2.448748 2.164336 0.154200 -0.130474 1.258307 45.000000
1.601089 1.782470 1.681504 -2.438760 2.230716 0.148037 -0.133176 1.379659 45.050000
1.154687 1.396131 1.681988 -2.428832 2.300358 0.144654 -0.135898 1.402680 45.100000
1.165170 1.218587 1.682063 -2.419001 2.366619 0.137656 -0.137922 1.266872 45.150000
2.064574 1.379738 1.681802 -2.409342 2.426375 0.132106 -0.138954 1.140536 45.200000
2.645655 1.587587 1.681041 -2.399714 2.483578 0.135535 -0.139669 1.146824 45.250000
1.735015 1.799700 1.679511 -2.389940 2.543269 0.143686 -0.140850 1.229750 45.300000
2.642146 2.070467 1.677283 -2.380127 2.608080 0.141962 -0.142645 1.346325 45.350000
3.222579 2.147691 1.674362 -2.370354 2.679708 0.147217 -0.145170 1.497121 45.400000
2.560103 2.584965 1.670456 -2.360547 2.757178 0.156215 -0.148603 1.588380 45.450000
3.328003 2.352749 1.665609 -2.350818 2.842271 0.156743 -0.153033 1.785037 45.500000
4.043916 2.407508 1.659829 -2.341284 2.931311 0.163019 -0.157955 1.777992 45.550000
3.936910 2.559264 1.652812 -2.331978 3.020741 0.175003 -0.163338 1.796751 45.600000
3.364783 2.423408 1.644472 -2.323014 3.112410 0.184328 -0.169505 1.860373 45.650000
2.401760 2.916846 1.635040 -2.314541 -3.078436 0.187038 -0.175928 1.837188 45.700000
3.358697 2.616736 1.624949 -2.306649 -2.981702 0.178812 -0.182529 2.004812 45.750000
2.643708 2.251175 1.614283 -2.299426 -2.882757 0.178396 -0.188873 1.960466 45.800000
3.314449 1.804405 1.603051 -2.292931 -2.788985 0.171917 -0.194097 1.813990 45.850000
3.665689 2.220196 1.591308 -2.287216 -2.704562 0.173835 -0.197828 1.596671 45.900000
3.502648 1.811742 1.578880 -2.282420 -2.622792 0.179245 -0.201344 1.664177 45.950000
4.191014 1.645822 1.565821 -2.278617 -2.543094 0.183120 -0.204720 1.542386 46.000000
4.969824 1.229124 1.552110 -2.275932 -2.469111 0.194497 -0.207645 1.433481 46.050000
4.607485 1.661620 1.537560 -2.274623 -2.403128 0.214660 -0.210120 1.234793 46.100000
4.753373 1.338361 1.522199 -2.274799 -2.339067 0.230980 -0.213097 1.316911 46.150000
4.471247 1.415032 1.506205 -2.276460 -2.275632 0.247923 -0.216601 1.233023 46.200000
4.053244 1.732127 1.489720 -2.279605 -2.214109 0.261837 -0.220343 1.229176 46.250000
3.202007 2.137024 1.472973 -2.284114 -2.149215 0.269956 -0.225089 1.350162 46.300000
4.144717 2.560872 1.456271 -2.289728 -2.075887 0.266760 -0.231396 1.553404 46.350000
4.468231 2.219799 1.439760 -2.296443 -1.991362 0.268161 -0.239583 1.791317 46.400000
3.550045 1.907084 1.423473 -2.304483 -1.902659 0.270165 -0.248357 1.761946 46.450000
2.753624 2.348300 1.407580 -2.313680 -1.818136 0.264009 -0.255885 1.638212 46.500000
3.286140 2.680188 1.392268 -2.323618 -1.732997 0.249660 -0.262660 1.749709 46.550000
2.880576 2.758733 1.377633 -2.334176 -1.640836 0.237498 -0.269618 1.910679 46.600000
2.515548 2.661996 1.363739 -2.345300 -1.542785 0.219015 -0.276274 1.996622 46.650000
3.418248 2.608522 1.350634 -2.356737 -1.443104 0.196456 -0.281492 1.990653 46.700000
2.475764 2.704429 1.338356 -2.368566 -1.344254 0.182882 -0.285132 1.966693 46.750000
2.610883 3.000000 1.326914 -2.380728 -1.245258 0.160619 -0.287399 1.988479 46.800000
2.874735 2.590303 1.316272 -2.392988 -1.142660 0.138843 -0.288422 2.096260 46.850000
2.181661 2.577137 1.306467 -2.405380 -1.041011 0.120694 -0.287847 1.986952 46.900000
1.365203 2.704565 1.297450 -2.417805 -0.943053 0.098424 -0.285543 1.938152 46.950000
0.963829 2.823969 1.289015 -2.429964 -0.845472 0.069972 -0.281528 1.959978 47.000000
0.960648 3.000000 1.280948 -2.441658 -0.746148 0.038857 -0.275649 2.004056 47.050000
1.185785 2.803742 1.273141 -2.452860 -0.643808 0.008688 -0.267859 2.075978 47.100000
0.719698 2.488677 1.265602 -2.463655 -0.541389 -0.017085 -0.258301 2.027631 47.150000
0.315434 2.480446 1.258277 -2.474083 -0.443869 -0.043125 -0.247292 1.893948 47.200000
0.410874 2.168437 1.251008 -2.484122 -0.350794 -0.068958 -0.235047 1.837132 47.250000
1.392209 2.544287 1.243758 -2.493818 -0.262890 -0.089734 -0.221980 1.699910 47.300000
0.996166 3.000000 1.236805 -2.503295 -0.175527 -0.098863 -0.208478 1.781687 47.350000
1.927328 3.000000 1.230287 -2.512607 -0.080814 -0.111690 -0.194211 1.975342 47.400000
2.137011 3.000000 1.224326 -2.521766 0.020029 -0.115056 -0.179399 2.046693 47.450000
1.261659 3.000000 1.219195 -2.530755 0.123137 -0.114864 -0.164801 2.073463 47.500000
1.783673 2.837477 1.214749 -2.539543 0.227110 -0.120981 -0.150413 2.083843 47.550000
1.851817 3.000000 1.210921 -2.548090 0.329765 -0.119761 -0.136456 2.031485 47.600000
1.902300 2.804700 1.207850 -2.556305 0.432488 -0.116073 -0.123160 2.071166 47.650000
2.706592 3.000000 1.205549 -2.564108 0.534493 -0.110154 -0.110729 2.018240 47.700000
2.312887 3.000000 1.204157 -2.571318 0.636891 -0.095402 -0.099458 2.069605 47.750000
2.719423 3.000000 1.203692 -2.577803 0.740948 -0.083607 -0.089434 2.089649 47.800000
3.324609 3.000000 1.204064 -2.583468 0.845672 -0.067238 -0.080764 2.098235 47.850000
3.562696 2.757919 1.205326 -2.588056 0.950706 -0.044785 -0.073831 2.102762 47.900000
3.955631 2.752166 1.207445 -2.591330 1.053444 -0.019901 -0.068955 2.020839 47.950000
4.532556 2.701863 1.210314 -2.593096 1.153594 0.008472 -0.066213 1.990526 48.000000
3.767471 2.516754 1.213820 -2.593104 1.252312 0.041496 -0.065734 1.963117 48.050000
3.740181 2.283783 1.217726 -2.591385 1.348294 0.066345 -0.067196 1.888595 48.100000
2.795732 2.449803 1.221775 -2.588130 1.439525 0.090164 -0.070005 1.778527 48.150000
2.352118 2.528555 1.225768 -2.583598 1.528996 0.104062 -0.073831 1.797571 48.200000
2.013818 2.720923 1.229547 -2.578163 1.619926 0.112651 -0.078356 1.834034 48.250000
2.248060 2.320190 1.233017 -2.572060 1.714042 0.116831 -0.083401 1.917333 48.300000
2.302926 2.122400 1.236104 -2.565372 1.806673 0.122558 -0.088469 1.805956 48.350000
3.236562 2.241413 1.238733 -2.558081 1.893698 0.128649 -0.093251 1.692956 48.400000
3.501323 2.345807 1.240770 -2.550029 1.978353 0.142915 -0.098280 1.693529 48.450000
2.589771 2.568914 1.242036 -2.541045 2.064167 0.158312 -0.104162 1.733305 48.500000
3.554008 2.228962 1.242526 -2.531381 2.153642 0.163381 -0.110887 1.830616 48.550000
3.598328 1.786410 1.242158 -2.521148 2.242737 0.176445 -0.117902 1.746896 48.600000
4.465030 2.056389 1.240746 -2.510262 2.324548 0.189789 -0.124552 1.555304 48.650000
4.249269 1.993867 1.238095 -2.498683 2.403027 0.210495 -0.131514 1.580764 48.700000
3.521347 1.941394 1.234060 -2.486456 2.481764 0.227561 -0.139328 1.570948 48.750000
3.467169 1.849393 1.228787 -2.473878 2.559703 0.236507 -0.147466 1.550306 48.800000
3.719615 1.931194 1.222417 -2.461183 2.636056 0.244073 -0.155508 1.510329 48.850000
4.694926 1.450729 1.214915 -2.448463 2.712029 0.252935 -0.163657 1.526785 48.900000
4.526781 1.409273 1.206032 -2.435714 2.783517 0.270713 -0.171386 1.358128 48.950000
5.313927 1.223566 1.195612 -2.422977 2.849044 0.286923 -0.178539 1.275484 49.000000
5.625095 1.420987 1.183541 -2.410332 2.909897 0.310336 -0.185371 1.173801 49.050000
5.291570 1.873728 1.169611 -2.397843 2.969581 0.335427 -0.192769 1.209954 49.100000
5.415762 1.892637 1.153899 -2.385674 3.035529 0.354066 -0.202400 1.402138 49.150000
4.503170 2.141719 1.136551 -2.374028 3.108262 0.370248 -0.214252 1.495043 49.200000
4.450765 2.341287 1.117863 -2.363089 -3.096327 0.374310 -0.227771 1.629675 49.250000
4.079548 2.621585 1.098183 -2.353014 -3.011112 0.374106 -0.242689 1.759804 49.300000
3.473328 2.776139 1.077749 -2.343923 -2.918672 0.366227 -0.258745 1.913851 49.350000
3.001967 3.000000 1.056935 -2.335869 -2.819671 0.348638 -0.275060 2.027631 49.400000
3.548407 3.000000 1.036122 -2.328831 -2.714796 0.322980 -0.290676 2.146870 49.450000
2.770186 2.853847 1.015421 -2.322831 -2.606254 0.299835 -0.304725 2.187380 49.500000
2.081885 2.696833 0.994971 -2.317814 -2.498026 0.268638 -0.316100 2.147393 49.550000
2.685281 2.848545 0.975094 -2.313547 -2.392799 0.232165 -0.323922 2.072563 49.600000
2.851652 2.813129 0.955810 -2.309972 -2.288545 0.202246 -0.328833 2.092633 49.650000
3.158791 2.948111 0.937004 -2.307173 -2.184205 0.174464 -0.331436 2.081275 49.700000
2.602865 3.000000 0.918635 -2.305208 -2.079011 0.149994 -0.332107 2.118672 49.750000
3.071771 3.000000 0.900764 -2.303990 -1.972301 0.120652 -0.330879 2.143667 49.800000
2.602316 2.604258 0.883426 -2.303476 -1.865004 0.096846 -0.327719 2.146269 49.850000
1.933666 2.863243 0.866625 -2.303652 -1.761844 0.072006 -0.322552 2.002653 49.900000
2.233910 2.809035 0.850414 -2.304266 -1.660704 0.043610 -0.315538 2.035723 49.950000
