-0.313706 0.282767 -0.264128 -0.188974 -2.722012 -0.165978 0.000000 -0.091948 0.000000
0.043565 0.672298 -0.256625 -0.185629 -2.722208 -0.162623 -0.000022 0.068965 0.050000
0.420052 1.124430 -0.249353 -0.182376 -2.711756 -0.156069 0.001165 0.323511 0.100000
1.012009 0.914605 -0.242470 -0.179259 -2.686673 -0.146192 0.003823 0.644185 0.150000
2.008467 0.788768 -0.236173 -0.176355 -2.652345 -0.131024 0.007082 0.720044 0.200000
1.189594 0.462925 -0.230764 -0.173843 -2.616712 -0.107020 0.009863 0.706879 0.250000
1.913204 0.113819 -0.226232 -0.171756 -2.585202 -0.091486 0.011762 0.569476 0.300000
1.839729 -0.064765 -0.222503 -0.170105 -2.562607 -0.069903 0.012674 0.357534 0.350000
0.987782 -0.405631 -0.219655 -0.168983 -2.549861 -0.049972 0.012799 0.171371 0.400000
1.809438 -0.328929 -0.217462 -0.168266 -2.548070 -0.038895 0.012430 -0.076260 0.450000
1.354031 -0.507858 -0.215888 -0.167942 -2.554804 -0.020739 0.011873 -0.182717 0.500000
0.559581 -0.399644 -0.214981 -0.168039 -2.567618 -0.007583 0.011348 -0.316181 0.550000
0.899701 -0.271261 -0.214474 -0.168376 -2.584154 -0.002349 0.010907 -0.342511 0.600000
0.056054 -0.100160 -0.214270 -0.168879 -2.600193 0.005868 0.010558 -0.303183 0.650000
0.000000 0.150550 -0.214260 -0.169478 -2.612804 0.005993 0.010254 -0.210707 0.700000
0.000000 0.122069 -0.214259 -0.170061 -2.619046 0.005685 0.009934 -0.054256 0.750000
0.384078 -0.116556 -0.214257 -0.170623 -2.619688 0.005465 0.009601 0.021456 0.800000
0.674538 -0.503309 -0.214332 -0.171211 -2.620236 0.008825 0.009280 -0.037839 0.850000
0.531592 -0.899121 -0.214617 -0.171899 -2.627555 0.014675 0.009031 -0.235489 0.900000
0.000000 -1.065854 -0.215134 -0.172698 -2.646831 0.018835 0.008961 -0.506515 0.950000
0.828918 -0.986548 -0.215738 -0.173520 -2.677900 0.017754 0.009063 -0.712400 1.000000
0.000000 -1.339287 -0.216491 -0.174387 -2.715453 0.024330 0.009323 -0.781412 1.050000
0.000000 -0.872410 -0.217388 -0.175290 -2.759365 0.022857 0.009746 -0.953543 1.100000
0.000000 -0.898826 -0.218248 -0.176145 -2.804146 0.021403 0.010123 -0.850643 1.150000
0.000000 -0.710247 -0.219073 -0.176955 -2.845612 0.020030 0.010393 -0.812681 1.200000
0.000000 -0.280150 -0.219861 -0.177724 -2.883640 0.018744 0.010568 -0.719677 1.250000
0.000000 0.206063 -0.220616 -0.178456 -2.913530 0.017618 0.010598 -0.501084 1.300000
0.167874 0.244192 -0.221339 -0.179157 -2.929945 0.016728 0.010441 -0.188416 1.350000
0.261740 0.282905 -0.222072 -0.179838 -2.934257 0.017606 0.010140 -0.002025 1.400000
0.301537 0.387044 -0.222874 -0.180517 -2.931026 0.019426 0.009754 0.119656 1.450000
1.280184 0.499152 -0.223776 -0.181201 -2.921975 0.021622 0.009291 0.231258 1.500000
2.261610 0.866910 -0.225004 -0.181947 -2.907452 0.032890 0.008690 0.338520 1.550000
1.398860 1.023958 -0.226988 -0.182868 -2.884759 0.052933 0.007687 0.546393 1.600000
1.037845 1.482074 -0.229718 -0.183992 -2.852738 0.064253 0.006082 0.714862 1.650000
1.764771 1.497263 -0.232883 -0.185267 -2.809601 0.071781 0.003776 0.977864 1.700000
1.085826 1.825371 -0.236531 -0.186756 -2.757114 0.085652 0.000693 1.104970 1.750000
0.554698 1.514985 -0.240633 -0.188496 -2.696691 0.092429 -0.003175 1.287066 1.800000
0.275267 1.075330 -0.244888 -0.190399 -2.633443 0.093668 -0.007264 1.248319 1.850000
0.764776 1.312687 -0.249109 -0.192385 -2.576262 0.092011 -0.010803 1.063850 1.900000
1.577202 1.787752 -0.253331 -0.194478 -2.522800 0.094768 -0.013999 1.073443 1.950000
1.153226 2.236995 -0.257784 -0.196859 -2.463828 0.104602 -0.017728 1.260134 2.000000
2.021043 2.225280 -0.262493 -0.199601 -2.393696 0.109480 -0.022491 1.509369 2.050000
1.161320 2.372278 -0.267465 -0.202804 -2.315409 0.121463 -0.028187 1.607542 2.100000
2.140035 2.483276 -0.272634 -0.206478 -2.232342 0.124159 -0.034513 1.700967 2.150000
1.539138 2.433326 -0.277932 -0.210665 -2.145062 0.134889 -0.041416 1.778390 2.200000
2.259920 2.714741 -0.283332 -0.215434 -2.055783 0.138662 -0.048725 1.790982 2.250000
2.236596 2.315804 -0.288755 -0.220808 -1.963144 0.147838 -0.056549 1.897769 2.300000
3.104718 2.132914 -0.294174 -0.226921 -1.871207 0.155510 -0.064573 1.796253 2.350000
3.189121 1.851095 -0.299551 -0.233939 -1.784392 0.170441 -0.072469 1.692917 2.400000
2.999865 1.943234 -0.304836 -0.242049 -1.703835 0.185309 -0.080219 1.551316 2.450000
3.281638 2.269493 -0.309919 -0.251183 -1.626882 0.197409 -0.087996 1.530363 2.500000
2.583340 2.128667 -0.314693 -0.261310 -1.547110 0.210453 -0.096619 1.643938 2.550000
3.501355 2.391948 -0.319051 -0.272262 -1.465053 0.215231 -0.105787 1.639446 2.600000
2.686700 2.089293 -0.322886 -0.284018 -1.380317 0.226901 -0.115556 1.735747 2.650000
1.728891 2.128745 -0.326111 -0.296512 -1.295571 0.229423 -0.125402 1.665459 2.700000
1.211638 1.982272 -0.328772 -0.309268 -1.212646 0.222184 -0.134474 1.653576 2.750000
2.200656 2.323086 -0.330962 -0.321911 -1.131635 0.209827 -0.142355 1.595665 2.800000
3.077671 2.749516 -0.332634 -0.334508 -1.048914 0.205964 -0.149760 1.697710 2.850000
3.771304 2.551899 -0.333561 -0.347374 -0.958399 0.207900 -0.158015 1.892370 2.900000
3.007096 3.000000 -0.333502 -0.360692 -0.863665 0.214233 -0.166874 1.896794 2.950000
3.156516 2.950585 -0.332437 -0.374315 -0.764113 0.210927 -0.176267 2.058795 3.000000
3.037336 2.891432 -0.330442 -0.387993 -0.659950 0.206738 -0.185745 2.100860 3.050000
3.572738 3.000000 -0.327517 -0.401610 -0.555060 0.200126 -0.194593 2.095737 3.100000
3.625833 3.000000 -0.323587 -0.415104 -0.449203 0.197267 -0.202921 2.132470 3.150000
3.102079 3.000000 -0.318556 -0.428415 -0.342185 0.193521 -0.210869 2.146098 3.200000
2.175096 2.982169 -0.312562 -0.441384 -0.234738 0.183830 -0.218080 2.150839 3.250000
2.925381 3.000000 -0.305978 -0.453833 -0.127358 0.164965 -0.223932 2.144808 3.300000
2.825459 3.000000 -0.298882 -0.465700 -0.020039 0.153071 -0.228399 2.147167 3.350000
3.442596 3.000000 -0.291171 -0.476956 0.087308 0.140128 -0.231760 2.146408 3.400000
2.571597 3.000000 -0.282776 -0.487532 0.194590 0.133015 -0.234233 2.144878 3.450000
3.367862 2.616073 -0.273813 -0.497388 0.301782 0.117814 -0.235754 2.142575 3.500000
2.585710 2.483564 -0.264352 -0.506469 0.404921 0.111761 -0.236069 2.005693 3.550000
2.848363 2.879113 -0.254423 -0.514741 0.502361 0.100515 -0.235309 1.907493 3.600000
3.466933 2.402379 -0.244178 -0.522215 0.600729 0.091981 -0.233969 2.010006 3.650000
2.619677 1.968872 -0.233511 -0.528745 0.697382 0.090273 -0.232187 1.877619 3.700000
3.398570 1.671337 -0.222512 -0.534328 0.785293 0.083769 -0.229639 1.670965 3.750000
2.519114 1.755544 -0.211232 -0.538917 0.863365 0.088127 -0.226511 1.480601 3.800000
2.516650 1.476608 -0.199722 -0.542499 0.936073 0.086115 -0.223238 1.434345 3.850000
2.811752 1.810933 -0.188162 -0.545214 1.004249 0.085847 -0.219737 1.310335 3.900000
2.929034 1.904025 -0.176556 -0.546990 1.071863 0.088813 -0.216405 1.383821 3.950000
3.652404 1.699806 -0.164923 -0.547750 1.142936 0.092034 -0.213560 1.449640 4.000000
4.367672 2.025843 -0.153265 -0.547323 1.214036 0.102101 -0.211146 1.401678 4.050000
4.781652 2.252132 -0.141556 -0.545405 1.287073 0.118070 -0.209646 1.505239 4.100000
4.920128 2.308743 -0.129863 -0.541778 1.366001 0.135684 -0.209612 1.633290 4.150000
4.801294 2.524684 -0.118329 -0.536371 1.449785 0.152457 -0.211038 1.707373 4.200000
5.179173 2.493370 -0.107138 -0.529245 1.538304 0.165881 -0.213857 1.816774 4.250000
5.476041 2.831905 -0.096475 -0.520428 1.630082 0.180940 -0.217870 1.849795 4.300000
4.882522 2.394418 -0.086532 -0.509865 1.726508 0.196199 -0.223377 1.985890 4.350000
5.043054 2.665015 -0.077485 -0.497760 1.822805 0.204637 -0.229451 1.883307 4.400000
4.873898 2.589496 -0.069471 -0.484333 1.918718 0.213546 -0.235872 1.943975 4.450000
5.087485 2.845845 -0.062620 -0.469731 2.015840 0.219283 -0.242745 1.941775 4.500000
6.000000 2.803330 -0.057059 -0.454103 2.115597 0.224962 -0.250204 2.033832 4.550000
6.000000 2.618461 -0.053031 -0.437410 2.217888 0.236970 -0.258441 2.055148 4.600000
6.000000 2.609508 -0.050762 -0.419690 2.319049 0.247748 -0.267011 2.001205 4.650000
5.050017 2.437985 -0.050344 -0.401161 2.418524 0.257543 -0.275722 1.981879 4.700000
5.946999 2.096410 -0.051673 -0.382188 2.515701 0.257850 -0.284052 1.916331 4.750000
6.000000 1.612658 -0.054783 -0.362966 2.607320 0.267616 -0.291385 1.772300 4.800000
6.000000 1.761045 -0.059889 -0.343528 2.689348 0.280490 -0.297310 1.544600 4.850000
5.730556 1.533722 -0.067021 -0.324021 2.765625 0.294563 -0.302666 1.512359 4.900000
4.808032 1.326417 -0.076109 -0.304637 2.838540 0.306427 -0.307808 1.418863 4.950000
5.726448 1.016263 -0.086867 -0.285600 2.906223 0.310985 -0.312040 1.305162 5.000000
4.945481 0.552545 -0.099280 -0.267019 2.966824 0.326567 -0.314991 1.142328 5.050000
5.380998 0.327610 -0.113367 -0.248953 3.016923 0.338600 -0.315936 0.894564 5.100000
4.388235 -0.103438 -0.129052 -0.231456 3.056005 0.358903 -0.314691 0.694212 5.150000
4.584098 -0.449417 -0.146205 -0.214549 3.083220 0.374333 -0.310885 0.425447 5.200000
4.040498 -0.000034 -0.164663 -0.198217 3.096750 0.396846 -0.303820 0.145419 5.250000
4.877418 -0.492433 -0.184353 -0.182415 3.105103 0.415645 -0.295743 0.185182 5.300000
3.912727 -0.756677 -0.205310 -0.167129 3.109297 0.443188 -0.286789 0.001053 5.350000
2.956790 -0.734040 -0.227495 -0.152301 3.103471 0.464527 -0.274986 -0.213129 5.400000
2.901091 -0.595683 -0.250455 -0.137861 3.089835 0.478855 -0.260912 -0.321674 5.450000
3.528525 -0.425566 -0.273946 -0.123751 3.073684 0.492679 -0.246335 -0.324712 5.500000
3.527836 -0.313274 -0.298072 -0.109924 3.059302 0.510881 -0.232723 -0.257939 5.550000
4.429827 -0.527263 -0.322931 -0.096357 3.048645 0.526943 -0.220791 -0.176974 5.600000
3.657345 -0.054948 -0.348688 -0.083021 3.038499 0.550398 -0.209308 -0.224315 5.650000
4.596019 0.209487 -0.375325 -0.069893 3.032013 0.564565 -0.199567 -0.052426 5.700000
4.443256 -0.281482 -0.402822 -0.057008 3.035105 0.584241 -0.194016 0.156314 5.750000
3.486566 -0.397402 -0.431305 -0.044402 3.040416 0.601134 -0.189600 0.065077 5.800000
3.911865 -0.241943 -0.460483 -0.032081 3.040899 0.609707 -0.183304 -0.036632 5.850000
4.255626 0.026036 -0.490218 -0.020016 3.039267 0.622383 -0.176312 -0.029669 5.900000
3.996293 -0.206189 -0.520663 -0.008184 3.041001 0.636915 -0.171069 0.087823 5.950000
4.507230 0.129199 -0.551798 0.003390 3.044480 0.648050 -0.166807 0.054368 6.000000
4.463228 0.277216 -0.583654 0.014705 3.050588 0.662884 -0.163970 0.178009 6.050000
5.336207 0.445896 -0.616296 0.025719 3.063092 0.675279 -0.164341 0.309161 6.100000
4.732397 0.453998 -0.649872 0.036370 3.082483 0.693665 -0.168202 0.452219 6.150000
4.890361 -0.014754 -0.684386 0.046570 3.107350 0.704271 -0.174846 0.534525 6.200000
5.032735 -0.042908 -0.719686 0.056253 3.130041 0.716214 -0.180331 0.390067 6.250000
4.446627 0.234036 -0.755821 0.065438 -3.135950 0.730192 -0.183008 0.307272 6.300000
4.889264 0.435316 -0.792658 0.074135 -3.118550 0.738027 -0.185853 0.381525 6.350000
5.268957 0.089115 -0.830120 0.082291 -3.096018 0.748226 -0.191436 0.507136 6.400000
6.000000 -0.311328 -0.868349 0.089833 -3.072681 0.761123 -0.197419 0.435544 6.450000
5.106319 0.145829 -0.907577 0.096748 -3.056389 0.782005 -0.199579 0.237958 6.500000
4.591087 0.048817 -0.947741 0.103083 -3.042062 0.794201 -0.200795 0.326610 6.550000
3.787742 -0.326388 -0.988464 0.108837 -3.025477 0.800448 -0.203334 0.336339 6.600000
3.835376 0.119100 -1.029416 0.114039 -3.012793 0.800023 -0.203580 0.186403 6.650000
3.862199 0.061424 -1.070428 0.118750 -3.000569 0.800179 -0.203577 0.291837 6.700000
4.768195 0.306334 -1.111499 0.122935 -2.985066 0.799658 -0.205435 0.325058 6.750000
3.769027 0.204953 -1.152817 0.126526 -2.965473 0.806345 -0.209614 0.446507 6.800000
3.422467 0.572520 -1.194312 0.129470 -2.942472 0.802374 -0.215607 0.471523 6.850000
4.153443 0.825032 -1.235639 0.131784 -2.914300 0.793599 -0.224237 0.637424 6.900000
5.115212 0.523567 -1.276826 0.133362 -2.877182 0.788770 -0.237479 0.826344 6.950000
4.415866 0.107984 -1.318176 0.134014 -2.836486 0.791181 -0.252218 0.806232 7.000000
4.018558 0.278772 -1.359705 0.133708 -2.800890 0.788069 -0.263543 0.639040 7.050000
3.573319 0.350413 -1.401171 0.132558 -2.769194 0.782338 -0.272194 0.630744 7.100000
3.730669 0.216378 -1.442374 0.130631 -2.736885 0.772130 -0.280702 0.659030 7.150000
4.666129 0.313155 -1.483230 0.127943 -2.704982 0.763619 -0.288466 0.622036 7.200000
3.688670 0.538809 -1.523962 0.124384 -2.673225 0.763875 -0.295791 0.646464 7.250000
3.912044 0.905858 -1.564516 0.119946 -2.637953 0.753287 -0.304645 0.752485 7.300000
2.916169 1.049976 -1.604651 0.114668 -2.594740 0.741379 -0.317141 0.952194 7.350000
3.802075 1.292312 -1.644095 0.108593 -2.542858 0.716107 -0.333110 1.103876 7.400000
4.669625 1.151108 -1.682715 0.101700 -2.483033 0.695238 -0.351659 1.267824 7.450000
5.013440 0.666859 -1.720726 0.093731 -2.419033 0.679737 -0.370806 1.290411 7.500000
5.628571 0.929073 -1.758275 0.084515 -2.359347 0.668782 -0.386569 1.121319 7.550000
5.262966 0.587560 -1.795495 0.073911 -2.302425 0.664276 -0.400154 1.152678 7.600000
4.914433 0.874330 -1.832350 0.061888 -2.248011 0.656977 -0.411812 1.039763 7.650000
5.276283 0.796016 -1.868682 0.048586 -2.194259 0.646305 -0.422417 1.102477 7.700000
5.295809 0.851636 -1.904400 0.034017 -2.139148 0.637888 -0.432889 1.102533 7.750000
4.858891 0.543072 -1.939472 0.018130 -2.083367 0.628843 -0.442947 1.126033 7.800000
5.296266 0.556483 -1.973779 0.001033 -2.030114 0.616968 -0.451085 1.018252 7.850000
4.842635 0.319740 -2.007297 -0.017263 -1.980427 0.611325 -0.457047 0.975029 7.900000
5.249784 0.068352 -2.040003 -0.036738 -1.934842 0.603928 -0.460778 0.862400 7.950000
4.604512 -0.114474 -2.071901 -0.057384 -1.896007 0.604687 -0.461357 0.709677 8.000000
3.652909 0.172516 -2.103006 -0.079156 -1.864656 0.604133 -0.458699 0.561269 8.050000
3.258024 0.618019 -2.133240 -0.101703 -1.835481 0.596248 -0.455134 0.600193 8.100000
3.512595 0.336192 -2.162487 -0.124691 -1.800044 0.581271 -0.454098 0.792986 8.150000
4.312464 0.284906 -2.190674 -0.148038 -1.761054 0.567123 -0.454165 0.768438 8.200000
4.618686 0.554654 -2.217845 -0.171974 -1.723619 0.561953 -0.453336 0.732734 8.250000
4.462314 0.598563 -2.244031 -0.196735 -1.684495 0.558827 -0.453117 0.821173 8.300000
5.455443 0.353183 -2.269180 -0.222298 -1.641803 0.552171 -0.454175 0.878904 8.350000
6.000000 0.264662 -2.293257 -0.248813 -1.599823 0.555392 -0.454847 0.809258 8.400000
5.597738 0.606873 -2.316252 -0.276613 -1.561222 0.565601 -0.454348 0.743566 8.450000
6.000000 0.276689 -2.338127 -0.305685 -1.521052 0.570694 -0.454738 0.850602 8.500000
6.000000 0.173252 -2.358809 -0.335948 -1.480704 0.579175 -0.455352 0.773519 8.550000
6.000000 -0.290570 -2.378259 -0.367454 -1.444142 0.589632 -0.454642 0.698743 8.600000
5.931517 0.209272 -2.396466 -0.400185 -1.415363 0.604526 -0.450955 0.478447 8.650000
5.311211 0.542275 -2.413451 -0.434127 -1.388795 0.619651 -0.446796 0.574281 8.700000
6.000000 0.498003 -2.429194 -0.469026 -1.354941 0.624085 -0.446208 0.758490 8.750000
5.690476 0.739914 -2.443610 -0.504763 -1.314960 0.630984 -0.448502 0.832512 8.800000
5.932012 1.003316 -2.456611 -0.541306 -1.269604 0.631260 -0.453239 0.965540 8.850000
5.132313 0.818725 -2.468121 -0.578493 -1.216651 0.628685 -0.461181 1.131433 8.900000
5.791694 0.927654 -2.478114 -0.616049 -1.159959 0.615846 -0.470174 1.135593 8.950000
6.000000 0.871840 -2.486558 -0.653842 -1.101934 0.608119 -0.479015 1.179776 9.000000
6.000000 0.758164 -2.493333 -0.691952 -1.042969 0.601350 -0.487633 1.179242 9.050000
5.802167 1.083671 -2.498389 -0.730324 -0.985219 0.595029 -0.495138 1.136745 9.100000
6.000000 1.158621 -2.501731 -0.768825 -0.925367 0.585117 -0.502942 1.242781 9.150000
5.412439 1.194150 -2.503336 -0.807305 -0.861121 0.573766 -0.511817 1.316610 9.200000
5.492643 0.982774 -2.503261 -0.845549 -0.794055 0.554692 -0.520798 1.359113 9.250000
4.873929 1.185968 -2.501587 -0.883361 -0.727943 0.537085 -0.528188 1.293678 9.300000
4.196492 1.091806 -2.498422 -0.920594 -0.661982 0.513965 -0.534306 1.336968 9.350000
3.486379 0.811830 -2.494025 -0.956986 -0.595808 0.484869 -0.539039 1.311177 9.400000
2.587717 0.732361 -2.488681 -0.992338 -0.533832 0.453146 -0.540754 1.182631 9.450000
2.992411 1.003524 -2.482712 -1.026513 -0.477460 0.418451 -0.539206 1.082144 9.500000
2.969289 0.814646 -2.476214 -1.059513 -0.421971 0.389723 -0.536201 1.128170 9.550000
3.223463 1.287074 -2.469127 -1.091398 -0.367325 0.362812 -0.531973 1.063341 9.600000
2.484514 1.696571 -2.461414 -1.122208 -0.310088 0.337793 -0.527553 1.204396 9.650000
3.068736 1.781309 -2.453253 -1.151877 -0.243996 0.300913 -0.524043 1.406912 9.700000
4.046204 1.450805 -2.444766 -1.180360 -0.170659 0.266113 -0.520432 1.508187 9.750000
4.572498 1.669299 -2.435644 -1.207725 -0.097859 0.242569 -0.515316 1.414932 9.800000
4.609028 1.918695 -2.425545 -1.234016 -0.026078 0.226089 -0.509197 1.449471 9.850000
5.490848 1.545326 -2.414388 -1.259197 0.049292 0.208729 -0.502999 1.548763 9.900000
5.499634 1.655645 -2.402024 -1.283195 0.123788 0.201489 -0.496214 1.445421 9.950000
4.529823 1.586038 -2.388280 -1.305924 0.195949 0.196870 -0.489047 1.440953 10.000000
4.510513 1.152636 -2.373435 -1.327354 0.267110 0.184789 -0.481570 1.408823 10.050000
3.803566 1.356728 -2.357749 -1.347483 0.332411 0.177548 -0.473102 1.227788 10.100000
3.662682 0.972407 -2.341377 -1.366325 0.393701 0.167331 -0.464064 1.223261 10.150000
3.622441 0.955131 -2.324523 -1.383925 0.450536 0.159740 -0.454433 1.069884 10.200000
3.330880 0.518337 -2.307214 -1.400274 0.501831 0.156193 -0.444310 0.991539 10.250000
2.340580 0.379497 -2.289508 -1.415389 0.545531 0.155305 -0.433620 0.782276 10.300000
1.990250 0.582063 -2.271622 -1.429400 0.580251 0.151098 -0.422266 0.624589 10.350000
2.153469 0.905318 -2.253784 -1.442467 0.611530 0.146269 -0.410854 0.625739 10.400000
1.636473 0.988165 -2.236037 -1.454628 0.646400 0.141640 -0.400123 0.753293 10.450000
0.964977 0.933715 -2.218488 -1.465959 0.686632 0.130008 -0.390089 0.843819 10.500000
0.395163 1.324197 -2.201375 -1.476663 0.729300 0.111855 -0.380192 0.859440 10.550000
0.601611 1.681913 -2.184911 -1.486957 0.776635 0.087296 -0.370330 1.012521 10.600000
0.597974 1.797079 -2.169159 -1.496945 0.832964 0.061769 -0.360454 1.212035 10.650000
1.147498 1.898867 -2.154081 -1.506653 0.897113 0.034179 -0.350128 1.334846 10.700000
0.418049 1.931439 -2.139573 -1.516029 0.966276 0.011319 -0.339099 1.418205 10.750000
0.302423 1.889377 -2.125620 -1.525146 1.038377 -0.017722 -0.327172 1.458242 10.800000
0.811722 1.667370 -2.112273 -1.534191 1.111160 -0.045833 -0.314184 1.452339 10.850000
1.802916 1.320316 -2.099420 -1.543078 1.181217 -0.065707 -0.300522 1.361995 10.900000
1.016509 0.988909 -2.086871 -1.551451 1.244444 -0.071616 -0.287033 1.190793 10.950000
0.519375 0.619614 -2.074585 -1.559222 1.298240 -0.079906 -0.274213 0.987688 11.000000
0.568975 0.435813 -2.062638 -1.566622 1.340914 -0.087564 -0.262206 0.748831 11.050000
0.602470 0.260033 -2.051042 -1.573694 1.373080 -0.090158 -0.251133 0.559923 11.100000
1.354394 0.672070 -2.039781 -1.580375 1.396461 -0.088958 -0.240995 0.393842 11.150000
1.766158 0.424463 -2.028819 -1.586463 1.418509 -0.080080 -0.231383 0.479269 11.200000
1.625657 0.073544 -2.018113 -1.591712 1.440933 -0.067547 -0.222250 0.424374 11.250000
1.895444 -0.278778 -2.007664 -1.596072 1.457408 -0.054771 -0.213892 0.253259 11.300000
2.096641 -0.182232 -1.997476 -1.599507 1.463519 -0.036846 -0.206340 0.015169 11.350000
1.278863 -0.089276 -1.987536 -1.601901 1.461822 -0.015520 -0.199288 -0.073826 11.400000
1.622912 -0.119751 -1.977851 -1.603418 1.457913 -0.002021 -0.192480 -0.081299 11.450000
2.436255 -0.388844 -1.968420 -1.604198 1.453431 0.014285 -0.185864 -0.095994 11.500000
2.574683 -0.228652 -1.959197 -1.603993 1.445343 0.038394 -0.179338 -0.214979 11.550000
3.266323 -0.275729 -1.950135 -1.602613 1.434736 0.063414 -0.172814 -0.209132 11.600000
2.633005 -0.412979 -1.941185 -1.599911 1.423902 0.093877 -0.166291 -0.222039 11.650000
1.953878 -0.782427 -1.932324 -1.595925 1.411097 0.117640 -0.159634 -0.283331 11.700000
2.802651 -0.292044 -1.923567 -1.591002 1.391835 0.135434 -0.152429 -0.467110 11.750000
3.669225 -0.457780 -1.914867 -1.585129 1.371464 0.160466 -0.145080 -0.358921 11.800000
4.355265 -0.245872 -1.906120 -1.577966 1.353241 0.191975 -0.137835 -0.368403 11.850000
3.934201 0.116154 -1.897221 -1.569226 1.337172 0.228072 -0.130734 -0.282721 11.900000
4.218175 -0.111734 -1.888146 -1.558930 1.328539 0.257431 -0.124802 -0.082135 11.950000
3.571881 -0.291712 -1.878918 -1.547186 1.324872 0.287396 -0.119837 -0.065683 12.000000
2.618079 -0.682340 -1.869561 -1.534139 1.319774 0.310387 -0.114661 -0.131622 12.050000
2.851530 -0.687960 -1.860144 -1.520198 1.307674 0.324629 -0.108003 -0.332060 12.100000
2.402398 -0.402026 -1.850656 -1.505560 1.288045 0.341408 -0.099657 -0.441564 12.150000
3.178370 -0.472096 -1.841070 -1.490309 1.267623 0.353231 -0.091213 -0.382046 12.200000
2.317618 -0.191365 -1.831346 -1.474409 1.248552 0.371401 -0.083185 -0.381148 12.250000
1.424551 0.149134 -1.821482 -1.457920 1.232695 0.380316 -0.076117 -0.265608 12.300000
0.619469 0.186897 -1.811632 -1.441258 1.225030 0.379645 -0.071463 -0.061494 12.350000
1.343874 -0.282163 -1.801968 -1.424800 1.225494 0.370721 -0.069162 0.067663 12.400000
1.850613 -0.439603 -1.792513 -1.408551 1.225365 0.368932 -0.066776 -0.060951 12.450000
2.500964 -0.627562 -1.783139 -1.392237 1.218477 0.372509 -0.062684 -0.201043 12.500000
1.616236 -0.131908 -1.773707 -1.375614 1.204123 0.382534 -0.056683 -0.357274 12.550000
1.154285 -0.586676 -1.764205 -1.358760 1.189619 0.383842 -0.050804 -0.235884 12.600000
0.534445 -0.669674 -1.754748 -1.341978 1.174342 0.380746 -0.044916 -0.362438 12.650000
0.000000 -0.386136 -1.745404 -1.325508 1.153376 0.372202 -0.037767 -0.465588 12.700000
0.000000 -0.033973 -1.736256 -1.309594 1.131790 0.358868 -0.030864 -0.405009 12.750000
0.000000 -0.062465 -1.727365 -1.294325 1.116401 0.345656 -0.025955 -0.229286 12.800000
0.037637 -0.077212 -1.718758 -1.279664 1.107185 0.332681 -0.022849 -0.147769 12.850000
0.532029 -0.422794 -1.710441 -1.265573 1.100835 0.320453 -0.020598 -0.110070 12.900000
0.633750 0.023054 -1.702350 -1.251917 1.091872 0.313344 -0.017876 -0.236095 12.950000
0.089346 -0.446224 -1.694403 -1.238562 1.083318 0.307419 -0.015380 -0.117982 13.000000
0.424879 -0.573496 -1.686648 -1.225586 1.073742 0.296663 -0.012799 -0.251822 13.050000
0.257106 -0.537855 -1.679084 -1.213025 1.057673 0.289500 -0.009009 -0.377942 13.100000
0.540950 -0.243611 -1.671665 -1.200840 1.037324 0.281010 -0.004567 -0.430585 13.150000
1.013516 -0.530415 -1.664367 -1.188998 1.018373 0.275369 -0.000655 -0.337607 13.200000
0.847431 -0.831540 -1.657099 -1.177337 0.999542 0.274240 0.003058 -0.408294 13.250000
0.219071 -0.792547 -1.649810 -1.165801 0.974661 0.271460 0.007798 -0.569273 13.300000
0.000000 -0.930934 -1.642580 -1.154561 0.944351 0.262704 0.013305 -0.635716 13.350000
0.000000 -1.149386 -1.635513 -1.143780 0.910070 0.251936 0.019142 -0.725211 13.400000
0.000000 -1.464154 -1.628627 -1.133494 0.870135 0.241133 0.025512 -0.856404 13.450000
0.000000 -1.695814 -1.621913 -1.123704 0.822077 0.230064 0.032719 -1.042339 13.500000
0.000000 -1.506765 -1.615362 -1.114415 0.765026 0.218481 0.040731 -1.216498 13.550000
0.593461 -1.793848 -1.608977 -1.105632 0.704061 0.206500 0.048585 -1.221612 13.600000
0.085975 -1.528480 -1.602664 -1.097255 0.639799 0.199621 0.056242 -1.333454 13.650000
0.000000 -1.231998 -1.596422 -1.089272 0.574606 0.187577 0.063331 -1.281676 13.700000
0.000000 -1.272482 -1.590383 -1.081743 0.514349 0.175082 0.068969 -1.147068 13.750000
0.087307 -1.304640 -1.584576 -1.074643 0.458232 0.163057 0.073389 -1.103443 13.800000
0.000000 -1.370838 -1.578989 -1.067931 0.403262 0.152114 0.077070 -1.096270 13.850000
0.092133 -1.115679 -1.573629 -1.061586 0.347823 0.140475 0.080231 -1.118263 13.900000
0.000000 -0.803596 -1.568498 -1.055584 0.294425 0.130153 0.082653 -1.029328 13.950000
0.000000 -0.751747 -1.563591 -1.049894 0.247536 0.119967 0.084023 -0.866792 14.000000
0.238152 -0.948948 -1.558922 -1.044488 0.206922 0.110825 0.084507 -0.769591 14.050000
0.000000 -0.909861 -1.554424 -1.039330 0.167560 0.104370 0.084653 -0.800980 14.100000
0.570671 -0.709754 -1.550097 -1.034406 0.127536 0.095867 0.084631 -0.799960 14.150000
1.358478 -1.154377 -1.545856 -1.029695 0.089790 0.093260 0.084297 -0.719552 14.200000
0.448900 -0.802761 -1.541383 -1.025161 0.049939 0.097844 0.084152 -0.857660 14.250000
0.873024 -0.601129 -1.536722 -1.020816 0.009118 0.093698 0.084078 -0.784170 14.300000
1.562193 -0.455622 -1.531988 -1.016666 -0.026852 0.094216 0.083627 -0.668438 14.350000
2.129846 -0.459458 -1.526918 -1.012715 -0.057057 0.101795 0.082891 -0.553181 14.400000
2.442159 -0.089705 -1.521225 -1.008983 -0.083162 0.114850 0.082088 -0.497440 14.450000
2.874990 -0.289793 -1.514725 -1.005498 -0.103052 0.131029 0.081031 -0.317741 14.500000
2.548001 0.152101 -1.507267 -1.002284 -0.118642 0.151108 0.079846 -0.307218 14.550000
2.480742 0.643285 -1.498861 -0.999349 -0.128774 0.167995 0.078274 -0.117368 14.600000
2.161375 0.809812 -1.489621 -0.996666 -0.126035 0.184975 0.075249 0.196711 14.650000
1.232761 0.669819 -1.479641 -0.994182 -0.109545 0.199675 0.070418 0.437581 14.700000
1.185039 0.664170 -1.469224 -0.991812 -0.085773 0.205727 0.064590 0.505888 14.750000
1.189519 0.658676 -1.458605 -0.989500 -0.059559 0.211113 0.058502 0.539128 14.800000
2.116790 1.123093 -1.447804 -0.987222 -0.032179 0.216203 0.052346 0.554516 14.850000
1.405811 1.219071 -1.436613 -0.984955 0.001009 0.229846 0.045282 0.750227 14.900000
1.022825 1.396290 -1.424999 -0.982651 0.042267 0.236456 0.036883 0.883927 14.950000
1.959884 1.567090 -1.413241 -0.980260 0.090216 0.239047 0.027502 1.017343 15.000000
2.212560 1.940309 -1.401229 -0.977720 0.144705 0.249795 0.017066 1.145617 15.050000
2.279197 1.614870 -1.388728 -0.974933 0.207680 0.261766 0.004987 1.346063 15.100000
2.120051 1.347669 -1.375725 -0.971809 0.273976 0.272822 -0.007820 1.311330 15.150000
2.200466 1.356917 -1.362308 -0.968304 0.336299 0.280928 -0.019858 1.197964 15.200000
2.836492 1.473508 -1.348551 -0.964399 0.394956 0.288609 -0.031096 1.154790 15.250000
2.803365 1.630044 -1.334357 -0.959999 0.453483 0.301009 -0.042352 1.183165 15.300000
3.598226 1.462202 -1.319673 -0.955006 0.514757 0.311515 -0.054307 1.258206 15.350000
4.284132 1.864700 -1.304438 -0.949282 0.576854 0.327915 -0.066623 1.230421 15.400000
5.122537 2.152845 -1.288465 -0.942597 0.642465 0.348599 -0.080208 1.374839 15.450000
4.808187 1.767639 -1.271631 -0.934670 0.716134 0.373958 -0.096493 1.548013 15.500000
5.697871 2.140269 -1.254043 -0.925357 0.791611 0.393454 -0.113858 1.482413 15.550000
4.874026 2.454380 -1.235806 -0.914513 0.869078 0.418263 -0.132424 1.600572 15.600000
4.382750 2.257372 -1.217142 -0.902100 0.953946 0.430911 -0.153626 1.769926 15.650000
5.025690 1.793237 -1.198485 -0.888350 1.042450 0.435196 -0.175706 1.771832 15.700000
5.245914 1.515122 -1.180001 -0.873252 1.126371 0.443898 -0.195971 1.611661 15.750000
6.000000 1.979985 -1.161725 -0.856662 1.202354 0.454345 -0.213560 1.453044 15.800000
6.000000 2.065569 -1.143712 -0.838409 1.278270 0.469576 -0.231250 1.568595 15.850000
5.540533 1.918968 -1.126120 -0.818396 1.359135 0.480670 -0.250705 1.655067 15.900000
4.985595 2.154878 -1.109190 -0.796819 1.441516 0.484375 -0.270407 1.643845 15.950000
5.000746 1.868154 -1.093130 -0.774015 1.526217 0.479699 -0.290194 1.732043 16.000000
5.443522 2.097132 -1.078098 -0.750221 1.610929 0.473147 -0.308926 1.667702 16.050000
5.644462 1.732043 -1.064203 -0.725434 1.696107 0.468674 -0.326837 1.730905 16.100000
5.015970 1.373816 -1.051568 -0.699628 1.779643 0.465017 -0.343293 1.627597 16.150000
5.472164 1.787119 -1.040246 -0.672993 1.856140 0.457331 -0.356504 1.458158 16.200000
4.947366 1.483166 -1.030284 -0.645641 1.931525 0.453427 -0.368603 1.545133 16.250000
4.602718 1.230317 -1.021737 -0.617711 2.006617 0.443774 -0.379787 1.469903 16.300000
4.194618 1.554728 -1.014562 -0.589469 2.076539 0.432994 -0.388403 1.344912 16.350000
5.137041 1.680096 -1.008694 -0.561125 2.145744 0.418478 -0.395885 1.413045 16.400000
5.072867 1.418847 -1.004223 -0.532676 2.218522 0.410653 -0.403608 1.487268 16.450000
4.601710 1.568569 -1.001283 -0.504071 2.290971 0.402011 -0.410511 1.420318 16.500000
3.815338 1.302463 -0.999807 -0.475497 2.362764 0.389079 -0.416436 1.446984 16.550000
2.895003 1.652534 -0.999589 -0.447247 2.432510 0.370028 -0.420761 1.354922 16.600000
2.526284 1.416754 -1.000320 -0.419623 2.502768 0.342544 -0.423918 1.441028 16.650000
3.367664 1.065749 -1.001733 -0.392842 2.573132 0.312440 -0.425534 1.380092 16.700000
4.320323 1.435631 -1.003912 -0.366820 2.637462 0.294781 -0.424582 1.214816 16.750000
4.978332 1.418069 -1.007228 -0.341329 2.700079 0.287763 -0.422770 1.280157 16.800000
5.331257 1.803093 -1.011994 -0.316266 2.764655 0.286157 -0.421228 1.299890 16.850000
6.000000 1.359393 -1.018389 -0.291646 2.834009 0.285262 -0.420676 1.452298 16.900000
5.338486 1.744824 -1.026584 -0.267532 2.903704 0.290467 -0.420283 1.350535 16.950000
6.000000 1.439434 -1.036543 -0.244037 2.974158 0.288912 -0.420181 1.452728 17.000000
6.000000 1.174593 -1.048205 -0.221301 3.044752 0.293491 -0.420163 1.381675 17.050000
5.743752 0.836949 -1.061683 -0.199414 3.110182 0.300861 -0.419344 1.254028 17.100000
6.000000 0.387137 -1.076895 -0.178470 -3.115472 0.310159 -0.417217 1.072379 17.150000
5.561077 0.876071 -1.093843 -0.158535 -3.069016 0.327924 -0.413193 0.819216 17.200000
5.173005 1.348812 -1.112476 -0.139650 -3.025868 0.343000 -0.409120 0.897788 17.250000
4.719745 1.656824 -1.132499 -0.121878 -2.974682 0.349602 -0.407526 1.120970 17.300000
4.512983 1.400612 -1.153560 -0.105287 -2.912463 0.345658 -0.408764 1.337586 17.350000
4.306844 1.695553 -1.175363 -0.089930 -2.845735 0.337320 -0.410752 1.331819 17.400000
4.497627 1.705971 -1.197725 -0.075831 -2.776107 0.325595 -0.412889 1.437377 17.450000
3.769137 2.094746 -1.220537 -0.063034 -2.702944 0.313919 -0.415166 1.481877 17.500000
2.906123 2.262221 -1.243583 -0.051512 -2.624302 0.292613 -0.417693 1.638748 17.550000
2.328049 2.617021 -1.266417 -0.041093 -2.538983 0.260091 -0.419924 1.753763 17.600000
2.902550 2.650252 -1.288679 -0.031561 -2.446555 0.219227 -0.421054 1.914496 17.650000
2.134262 2.216654 -1.310315 -0.022860 -2.349010 0.182352 -0.420312 1.974596 17.700000
2.318921 2.007047 -1.331302 -0.014901 -2.254389 0.141715 -0.416550 1.830340 17.750000
1.737017 1.941513 -1.351616 -0.007573 -2.166899 0.109013 -0.409818 1.688819 17.800000
2.519588 2.431197 -1.371282 -0.000804 -2.084970 0.076124 -0.400923 1.599385 17.850000
1.911071 2.777308 -1.390365 0.005364 -2.001063 0.051747 -0.390783 1.734230 17.900000
1.100999 2.394737 -1.408896 0.010943 -1.909417 0.019806 -0.379514 1.902437 17.950000
0.295419 1.989670 -1.426778 0.016285 -1.816650 -0.017524 -0.366373 1.819065 18.000000
0.767223 2.471203 -1.443996 0.021723 -1.731068 -0.055691 -0.351397 1.631001 18.050000
0.000000 2.792039 -1.460627 0.027269 -1.646760 -0.085625 -0.334950 1.725145 18.100000
0.000000 2.308847 -1.476763 0.032983 -1.556253 -0.122308 -0.316619 1.870238 18.150000
0.839028 2.582263 -1.492498 0.039014 -1.466322 -0.155014 -0.296759 1.745467 18.200000
0.000000 2.739136 -1.507893 0.045085 -1.377654 -0.175709 -0.276044 1.793246 18.250000
0.000000 2.746805 -1.523020 0.051137 -1.285874 -0.201966 -0.254153 1.865850 18.300000
0.784750 2.909782 -1.537982 0.057296 -1.191740 -0.225187 -0.231053 1.894743 18.350000
1.456842 3.000000 -1.552759 0.063310 -1.094988 -0.237993 -0.207126 1.964463 18.400000
2.443088 3.000000 -1.567217 0.068809 -0.995027 -0.241751 -0.182917 2.024909 18.450000
2.604396 3.000000 -1.581115 0.073433 -0.893045 -0.233435 -0.159374 2.051253 18.500000
3.105019 3.000000 -1.594212 0.076986 -0.790094 -0.220988 -0.137245 2.065634 18.550000
2.232515 2.634337 -1.606297 0.079419 -0.686553 -0.201519 -0.116965 2.075598 18.600000
2.209147 2.987773 -1.617336 0.080878 -0.586329 -0.187757 -0.099061 1.954371 18.650000
1.957169 3.000000 -1.627399 0.081588 -0.486183 -0.172421 -0.082835 2.038339 18.700000
1.346124 2.924681 -1.636485 0.081668 -0.383191 -0.158195 -0.067881 2.075723 18.750000
0.421092 2.736825 -1.644728 0.081287 -0.279735 -0.148244 -0.054270 2.064832 18.800000
0.000000 3.000000 -1.652428 0.080620 -0.178499 -0.145308 -0.041828 1.996379 18.850000
0.000000 2.789090 -1.659857 0.079769 -0.076669 -0.144756 -0.029874 2.065604 18.900000
0.534445 2.293002 -1.667078 0.078751 0.025203 -0.142615 -0.018419 2.017598 18.950000
0.218750 2.435894 -1.673932 0.077585 0.120481 -0.133988 -0.008396 1.825064 19.000000
0.943709 2.455329 -1.680349 0.076312 0.211144 -0.127393 0.000338 1.804868 19.050000
1.666976 2.921251 -1.686228 0.074999 0.301385 -0.113304 0.008069 1.804906 19.100000
2.389785 3.000000 -1.691255 0.073795 0.396481 -0.092069 0.014746 1.971981 19.150000
2.512700 2.982395 -1.695156 0.072908 0.497685 -0.064014 0.019864 2.061281 19.200000
2.384453 2.894903 -1.697839 0.072542 0.601503 -0.035243 0.022854 2.087029 19.250000
1.429833 2.513449 -1.699423 0.072819 0.705219 -0.008478 0.023687 2.065167 19.300000
1.923481 2.240015 -1.700229 0.073674 0.804319 0.008262 0.022891 1.922326 19.350000
1.841067 1.997067 -1.700451 0.075101 0.896057 0.028562 0.020912 1.771259 19.400000
2.099666 1.915469 -1.700126 0.077206 0.980399 0.046832 0.017937 1.624975 19.450000
1.407723 1.882480 -1.699334 0.080046 1.059120 0.066311 0.014152 1.537068 19.500000
1.252666 1.391085 -1.698222 0.083539 1.134606 0.078135 0.009783 1.489451 19.550000
1.152751 1.441435 -1.696954 0.087505 1.203278 0.087554 0.005399 1.286556 19.600000
1.695449 1.718463 -1.695602 0.091877 1.265698 0.095259 0.001148 1.219592 19.650000
1.790729 2.110174 -1.694182 0.096743 1.328855 0.107340 -0.003460 1.296117 19.700000
2.372970 2.028016 -1.692715 0.102231 1.398803 0.119357 -0.009010 1.476055 19.750000
1.498118 1.733232 -1.691259 0.108474 1.473872 0.135671 -0.015541 1.520342 19.800000
1.263054 1.526628 -1.689899 0.115366 1.547291 0.142599 -0.022300 1.429870 19.850000
1.843278 1.611041 -1.688707 0.122612 1.615521 0.146608 -0.028579 1.315818 19.900000
1.187251 1.681891 -1.687718 0.130266 1.680862 0.155410 -0.034649 1.300231 19.950000
0.325724 1.760001 -1.686965 0.138274 1.746466 0.157225 -0.040790 1.321162 20.000000
0.292511 1.525885 -1.686417 0.146252 1.813630 0.150335 -0.046771 1.360027 20.050000
0.000000 1.487831 -1.686033 0.153982 1.879595 0.142967 -0.052082 1.288709 20.100000
0.445039 1.617175 -1.685772 0.161391 1.942758 0.132935 -0.056526 1.244027 20.150000
0.000000 1.154446 -1.685632 0.168520 2.005810 0.127072 -0.060452 1.273929 20.200000
0.000000 1.309797 -1.685595 0.175371 2.064868 0.117334 -0.063544 1.110615 20.250000
0.000000 1.173962 -1.685596 0.181870 2.120041 0.108093 -0.065820 1.097930 20.300000
0.000000 1.505871 -1.685619 0.188032 2.173288 0.099228 -0.067519 1.039560 20.350000
0.992514 1.230726 -1.685653 0.193875 2.228142 0.090439 -0.068933 1.141034 20.400000
1.496665 1.096107 -1.685831 0.199589 2.283472 0.091063 -0.070171 1.080303 20.450000
2.489677 0.870443 -1.686377 0.205437 2.335251 0.096602 -0.071251 1.001296 20.500000
1.584210 1.240444 -1.687540 0.211649 2.381831 0.111590 -0.072283 0.877820 20.550000
1.880737 1.626243 -1.689336 0.218199 2.428208 0.117540 -0.073621 0.966160 20.600000
2.199835 1.649316 -1.691664 0.224934 2.481901 0.125169 -0.075778 1.156550 20.650000
2.162559 1.546213 -1.694643 0.231880 2.542386 0.134574 -0.078812 1.250200 20.700000
1.584000 2.039409 -1.698325 0.239003 2.604955 0.142779 -0.082323 1.252448 20.750000
0.918067 2.095903 -1.702585 0.246162 2.672927 0.144352 -0.086492 1.439876 20.800000
1.087949 2.061279 -1.707152 0.253154 2.747758 0.138447 -0.091096 1.538793 20.850000
1.264578 1.632144 -1.711906 0.259895 2.825485 0.133524 -0.095533 1.566188 20.900000
1.355733 2.004334 -1.716909 0.266394 2.899561 0.130484 -0.099249 1.418602 20.950000
2.090990 1.711431 -1.722211 0.272655 2.972723 0.128176 -0.102620 1.496536 21.000000
1.516397 1.524080 -1.727984 0.278680 3.045356 0.132537 -0.105875 1.420111 21.050000
1.035463 1.988871 -1.734245 0.284443 3.113461 0.131752 -0.108682 1.318609 21.100000
0.350000 1.864272 -1.740727 0.289904 -3.100030 0.126035 -0.111387 1.450196 21.150000
0.000000 1.916848 -1.747133 0.295057 -3.027299 0.113462 -0.113798 1.457736 21.200000
0.421014 1.493443 -1.753216 0.299935 -2.953786 0.097793 -0.115452 1.479322 21.250000
1.318879 1.769506 -1.759000 0.304565 -2.884107 0.087118 -0.116106 1.329205 21.300000
2.072125 1.518963 -1.764801 0.308891 -2.816498 0.085479 -0.116310 1.369421 21.350000
1.402157 1.056193 -1.770974 0.312791 -2.750229 0.091095 -0.116515 1.292372 21.400000
0.425828 0.731917 -1.777515 0.316240 -2.691546 0.091465 -0.116355 1.083371 21.450000
0.598731 0.766282 -1.784070 0.319390 -2.643577 0.084472 -0.115395 0.863411 21.500000
0.000000 0.468295 -1.790491 0.322325 -2.602927 0.080567 -0.113852 0.773540 21.550000
0.800117 0.886915 -1.796712 0.325104 -2.568803 0.072340 -0.111833 0.610491 21.600000
0.094452 1.361785 -1.802793 0.327702 -2.535828 0.072125 -0.109723 0.698205 21.650000
0.304220 1.145738 -1.808747 0.330115 -2.494437 0.064207 -0.107997 0.928797 21.700000
0.000000 1.394595 -1.814466 0.332420 -2.447361 0.057806 -0.106366 0.951239 21.750000
0.000000 1.294892 -1.819941 0.334641 -2.396789 0.048425 -0.104657 1.057623 21.800000
0.051472 1.172459 -1.825126 0.336836 -2.343657 0.039161 -0.102751 1.066316 21.850000
0.677313 0.752349 -1.830047 0.339005 -2.291587 0.031016 -0.100554 1.022120 21.900000
1.532379 0.383566 -1.834830 0.341029 -2.245679 0.029985 -0.098126 0.837538 21.950000
2.376112 -0.026893 -1.839708 0.342633 -2.210354 0.038480 -0.095641 0.603489 22.000000
2.172293 -0.504060 -1.844915 0.343488 -2.188050 0.056279 -0.093125 0.320002 22.050000
1.882211 -0.481615 -1.850530 0.343475 -2.181680 0.073572 -0.090232 -0.030636 22.100000
2.659081 -0.816367 -1.856490 0.342700 -2.188309 0.089100 -0.086770 -0.216143 22.150000
2.627121 -0.786002 -1.862875 0.341096 -2.205727 0.112460 -0.082550 -0.455043 22.200000
2.742232 -0.293834 -1.869810 0.338567 -2.231546 0.135434 -0.077453 -0.565174 22.250000
1.807803 -0.223070 -1.877320 0.335156 -2.255762 0.158259 -0.072296 -0.419429 22.300000
2.542506 -0.155599 -1.885276 0.331070 -2.273824 0.170788 -0.067728 -0.314222 22.350000
3.374988 0.130012 -1.893636 0.326384 -2.287212 0.189139 -0.063716 -0.229898 22.400000
2.491810 0.559879 -1.902621 0.320855 -2.294127 0.213906 -0.060576 -0.062898 22.450000
2.403666 0.495759 -1.912179 0.314523 -2.289670 0.228569 -0.059243 0.214545 22.500000
2.748299 0.823674 -1.922100 0.307572 -2.275485 0.241067 -0.059616 0.340014 22.550000
1.925763 1.017186 -1.932369 0.299958 -2.252884 0.255565 -0.061611 0.542125 22.600000
0.932144 1.240118 -1.942848 0.291767 -2.220720 0.260949 -0.065452 0.723571 22.650000
1.213143 1.551050 -1.953212 0.283329 -2.179564 0.255866 -0.070816 0.900988 22.700000
1.176750 1.195383 -1.963312 0.274771 -2.128738 0.252280 -0.077623 1.105713 22.750000
1.151106 1.555613 -1.973140 0.266046 -2.074703 0.247671 -0.084614 1.061753 22.800000
1.818659 1.949544 -1.982669 0.257176 -2.018221 0.242201 -0.091603 1.181656 22.850000
1.509228 1.533119 -1.991926 0.248036 -1.953365 0.241484 -0.099680 1.384497 22.900000
0.923438 1.129232 -2.000890 0.238569 -1.886129 0.236879 -0.107749 1.315086 22.950000
0.578255 1.502849 -2.009477 0.228993 -1.825557 0.227359 -0.114096 1.132871 23.000000
0.786745 1.649544 -2.017646 0.219524 -1.767120 0.214861 -0.119418 1.195995 23.050000
0.864234 1.192212 -2.025391 0.210205 -1.704955 0.203752 -0.124622 1.279074 23.100000
1.145656 0.924558 -2.032729 0.200982 -1.644930 0.193764 -0.128872 1.140782 23.150000
1.543641 0.492515 -2.039690 0.191768 -1.592546 0.187841 -0.131595 0.976150 23.200000
2.181752 0.413524 -2.046303 0.182390 -1.550638 0.187580 -0.132704 0.730621 23.250000
2.217780 0.331138 -2.052579 0.172593 -1.518291 0.194944 -0.132578 0.580928 23.300000
2.909208 0.824393 -2.058518 0.162221 -1.492240 0.203505 -0.131750 0.473354 23.350000
2.263399 0.823603 -2.064095 0.151121 -1.464479 0.217871 -0.131438 0.620718 23.400000
1.483905 1.184765 -2.069279 0.139330 -1.431377 0.224722 -0.132181 0.694871 23.450000
0.807713 1.438985 -2.074077 0.127226 -1.391579 0.222804 -0.134026 0.875070 23.500000
1.284402 1.680506 -2.078516 0.115187 -1.342642 0.212873 -0.137054 1.058652 23.550000
1.516671 1.319627 -2.082582 0.103293 -1.284740 0.205836 -0.141021 1.233720 23.600000
1.592070 1.754266 -2.086220 0.091416 -1.224790 0.200528 -0.144886 1.172638 23.650000
2.348966 1.278403 -2.089402 0.079509 -1.162210 0.195287 -0.148771 1.311342 23.700000
1.609838 1.440065 -2.092037 0.067430 -1.100072 0.197056 -0.152371 1.191024 23.750000
0.900702 1.241158 -2.094120 0.055201 -1.040246 0.192089 -0.155462 1.200642 23.800000
0.828656 1.491061 -2.095813 0.043142 -0.982264 0.180896 -0.157852 1.128202 23.850000
0.279243 1.559706 -2.097221 0.031406 -0.924068 0.169251 -0.159717 1.190894 23.900000
0.000000 1.303889 -2.098445 0.020113 -0.863034 0.152199 -0.161244 1.242845 23.950000
0.042997 1.765728 -2.099628 0.009397 -0.803066 0.133352 -0.161829 1.165876 24.000000
0.000000 1.425628 -2.100828 -0.000737 -0.740775 0.115091 -0.161806 1.305834 24.050000
0.608788 1.847182 -2.102069 -0.010316 -0.677489 0.096942 -0.161051 1.234919 24.100000
0.769029 1.591752 -2.103263 -0.019460 -0.612108 0.084771 -0.159777 1.362032 24.150000
0.426874 1.507725 -2.104284 -0.028289 -0.545246 0.074362 -0.158102 1.318323 24.200000
0.866900 1.798737 -2.105175 -0.036799 -0.480796 0.061856 -0.155822 1.266546 24.250000
0.458674 1.301700 -2.105917 -0.045016 -0.414996 0.053843 -0.153209 1.353029 24.300000
1.085320 1.078119 -2.106512 -0.052957 -0.351672 0.043098 -0.150157 1.200795 24.350000
1.534835 1.459999 -2.106899 -0.060654 -0.295963 0.040390 -0.146679 1.047938 24.400000
1.993567 1.486067 -2.106827 -0.068191 -0.241332 0.042433 -0.143286 1.126813 24.450000
2.363851 1.524674 -2.106104 -0.075595 -0.183709 0.048326 -0.140261 1.172147 24.500000
1.878318 1.834143 -2.104560 -0.082862 -0.124102 0.057283 -0.137721 1.207486 24.550000
2.489635 2.179292 -2.102250 -0.089938 -0.059935 0.060730 -0.135728 1.340639 24.600000
1.577967 1.948066 -2.099182 -0.096762 0.012407 0.068377 -0.134440 1.526202 24.650000
1.219117 1.789197 -2.095473 -0.103281 0.088443 0.066700 -0.133512 1.516614 24.700000
0.240361 1.454955 -2.091447 -0.109473 0.162466 0.062221 -0.132354 1.453456 24.750000
1.025805 1.397302 -2.087416 -0.115376 0.230801 0.049971 -0.130566 1.301383 24.800000
0.557259 0.976181 -2.083409 -0.121001 0.293389 0.046680 -0.128265 1.214138 24.850000
0.596097 0.854473 -2.079339 -0.126337 0.348430 0.040664 -0.125600 1.014022 24.900000
1.289681 0.823200 -2.075283 -0.131415 0.395223 0.036830 -0.122606 0.875257 24.950000
0.410135 0.465558 -2.071067 -0.136169 0.436813 0.040630 -0.119573 0.797971 25.000000
0.995909 0.538432 -2.066729 -0.140618 0.471684 0.037358 -0.116465 0.618117 25.050000
1.153544 0.706665 -2.062321 -0.144783 0.500931 0.040675 -0.113309 0.558613 25.100000
0.481609 0.366406 -2.057692 -0.148585 0.529936 0.045489 -0.110342 0.597259 25.150000
0.307907 0.105138 -2.052957 -0.152085 0.556496 0.044355 -0.107434 0.478463 25.200000
0.056481 0.179665 -2.048280 -0.155386 0.575748 0.042803 -0.104373 0.309658 25.250000
0.000000 0.395101 -2.043729 -0.158542 0.589614 0.039802 -0.101228 0.250956 25.300000
0.000000 0.690326 -2.039352 -0.161595 0.603767 0.036407 -0.098168 0.309071 25.350000
0.000000 0.601656 -2.035159 -0.164559 0.623448 0.032473 -0.095311 0.461706 25.400000
0.527192 0.541873 -2.031151 -0.167440 0.647706 0.028179 -0.092593 0.503847 25.450000
0.000000 0.416729 -2.027225 -0.170168 0.672813 0.028928 -0.089955 0.500770 25.500000
0.000000 0.869668 -2.023378 -0.172750 0.696383 0.025023 -0.087350 0.447803 25.550000
0.000000 0.934236 -2.019701 -0.175266 0.723153 0.020973 -0.084819 0.605205 25.600000
0.000000 1.137416 -2.016193 -0.177725 0.756326 0.016439 -0.082378 0.709411 25.650000
0.000000 1.547254 -2.012851 -0.180133 0.795477 0.011527 -0.079968 0.840591 25.700000
0.811514 1.929157 -2.009674 -0.182503 0.843768 0.005952 -0.077550 1.062503 25.750000
1.065215 1.680281 -2.006538 -0.184704 0.903878 0.007062 -0.075200 1.308257 25.800000
0.680924 1.423944 -2.003300 -0.186553 0.969623 0.010108 -0.073049 1.319953 25.850000
0.177484 1.307264 -1.999999 -0.188075 1.033004 0.009885 -0.071018 1.228066 25.900000
0.568096 0.930693 -1.996755 -0.189443 1.092010 0.005580 -0.068930 1.143637 25.950000
0.519911 1.115450 -1.993580 -0.190671 1.144023 0.005877 -0.066800 0.960832 26.000000
0.000000 1.062762 -1.990437 -0.191682 1.191742 0.006245 -0.064738 0.949424 26.050000
0.456217 0.927136 -1.987379 -0.192600 1.238483 0.001984 -0.062678 0.923440 26.100000
0.400354 0.891034 -1.984411 -0.193436 1.282815 0.002454 -0.060620 0.858048 26.150000
1.329819 1.032573 -1.981502 -0.194100 1.324453 0.002725 -0.058640 0.813060 26.200000
2.034761 0.926907 -1.978610 -0.194392 1.366083 0.011732 -0.056868 0.847931 26.250000
1.072165 0.470456 -1.975675 -0.193950 1.407782 0.027038 -0.055517 0.823234 26.300000
0.873963 0.838202 -1.972740 -0.192854 1.443537 0.033337 -0.054399 0.630070 26.350000
0.000000 1.219935 -1.969866 -0.191383 1.476530 0.037811 -0.053393 0.683415 26.400000
0.773192 1.074851 -1.967090 -0.189801 1.515693 0.033592 -0.052579 0.861429 26.450000
0.272356 1.333482 -1.964422 -0.188138 1.559525 0.036428 -0.051891 0.888464 26.500000
0.000000 1.461315 -1.961863 -0.186339 1.607157 0.034274 -0.051333 1.002252 26.550000
0.502483 1.911406 -1.959413 -0.184592 1.660134 0.029334 -0.050793 1.103448 26.600000
0.000000 1.600457 -1.957077 -0.182848 1.721467 0.028714 -0.050343 1.320042 26.650000
0.000000 1.644740 -1.954849 -0.181116 1.786766 0.023217 -0.049843 1.295328 26.700000
0.641143 1.262736 -1.952702 -0.179510 1.851704 0.018003 -0.049106 1.301309 26.750000
1.129455 1.089446 -1.950671 -0.177878 1.912717 0.019274 -0.048250 1.158847 26.800000
0.836187 1.204023 -1.948846 -0.175971 1.967001 0.025540 -0.047479 1.029717 26.850000
1.350382 0.809420 -1.947255 -0.173760 2.018101 0.029099 -0.046866 1.016083 26.900000
1.602133 0.347296 -1.945937 -0.171217 2.064394 0.037645 -0.046375 0.856038 26.950000
1.898486 0.103633 -1.944988 -0.168203 2.099942 0.048912 -0.045890 0.596855 27.000000
1.797621 -0.049167 -1.944482 -0.164626 2.123450 0.063279 -0.045265 0.368753 27.050000
1.962001 -0.033431 -1.944443 -0.160468 2.136845 0.076804 -0.044392 0.185980 27.100000
2.199476 0.040946 -1.944871 -0.155736 2.143600 0.091757 -0.043289 0.093420 27.150000
1.372432 -0.078435 -1.945804 -0.150371 2.147737 0.108513 -0.042117 0.074004 27.200000
2.203595 -0.467560 -1.947148 -0.144514 2.149751 0.117074 -0.040850 0.012420 27.250000
2.046122 -0.026253 -1.948890 -0.138174 2.144872 0.133408 -0.039019 -0.188136 27.300000
1.126630 0.159897 -1.951087 -0.131229 2.137548 0.147769 -0.036967 -0.112225 27.350000
1.516392 0.164433 -1.953585 -0.123914 2.135270 0.152774 -0.035475 0.009545 27.400000
2.043288 -0.240588 -1.956312 -0.116352 2.137689 0.160982 -0.034547 0.080518 27.450000
2.003721 -0.059135 -1.959378 -0.108378 2.138076 0.173866 -0.033417 -0.052504 27.500000
1.327738 -0.320564 -1.962824 -0.099906 2.135516 0.186018 -0.031957 -0.050071 27.550000
2.281122 -0.139122 -1.966542 -0.091091 2.129999 0.191542 -0.030129 -0.159974 27.600000
1.514004 -0.429148 -1.970545 -0.081882 2.122436 0.205774 -0.028039 -0.144111 27.650000
1.444395 -0.022092 -1.974835 -0.072254 2.112105 0.212407 -0.025546 -0.257770 27.700000
1.800913 -0.013377 -1.979287 -0.062379 2.102216 0.218089 -0.023168 -0.148808 27.750000
1.179328 0.324351 -1.983931 -0.052211 2.096518 0.226707 -0.021484 -0.085311 27.800000
1.321461 0.448602 -1.988734 -0.041825 2.097175 0.229028 -0.020869 0.094602 27.850000
1.861806 0.930386 -1.993656 -0.031339 2.106113 0.232340 -0.021639 0.247705 27.900000
0.884487 0.935662 -1.998800 -0.020640 2.126314 0.240171 -0.024324 0.530064 27.950000
1.715897 0.914229 -2.004144 -0.009859 2.156902 0.238151 -0.028719 0.676719 28.000000
2.445047 0.769818 -2.009695 0.000943 2.192536 0.243520 -0.033869 0.741226 28.050000
1.808939 1.159167 -2.015679 0.012035 2.228887 0.255163 -0.039185 0.716146 28.100000
1.619633 0.661884 -2.022114 0.023391 2.268728 0.259968 -0.045181 0.860206 28.150000
1.958309 0.745307 -2.028896 0.034813 2.308167 0.262535 -0.050991 0.733153 28.200000
2.178584 0.734616 -2.036044 0.046306 2.344071 0.268113 -0.056053 0.706500 28.250000
2.298695 0.823679 -2.043648 0.057941 2.378943 0.275359 -0.060908 0.690605 28.300000
2.824439 1.194912 -2.051766 0.069739 2.414286 0.283165 -0.065880 0.719952 28.350000
2.677250 0.843566 -2.060515 0.081748 2.454857 0.294793 -0.072017 0.883337 28.400000
3.568855 1.113854 -2.069970 0.093954 2.497347 0.304051 -0.078639 0.824100 28.450000
3.330330 0.772067 -2.080271 0.106399 2.540815 0.320723 -0.085658 0.905193 28.500000
4.219023 0.577073 -2.091536 0.119093 2.583424 0.334213 -0.092687 0.811464 28.550000
4.966830 0.628001 -2.103883 0.132054 2.620643 0.355741 -0.098677 0.692366 28.600000
4.420903 0.940404 -2.117625 0.145419 2.654290 0.383553 -0.104185 0.658416 28.650000
4.046462 0.650366 -2.132773 0.159124 2.690331 0.404564 -0.110779 0.770709 28.700000
3.144800 0.740781 -2.149113 0.172964 2.727236 0.420791 -0.117858 0.713287 28.750000
3.670606 0.903097 -2.166344 0.186749 2.763209 0.427801 -0.124724 0.724928 28.800000
2.901102 0.589414 -2.184368 0.200381 2.801498 0.438655 -0.132304 0.798584 28.850000
2.184410 0.900275 -2.203105 0.213779 2.838998 0.441692 -0.139550 0.712476 28.900000
2.007121 0.902391 -2.222205 0.226803 2.876982 0.437497 -0.146691 0.797120 28.950000
2.813367 0.469134 -2.241450 0.239357 2.918041 0.430819 -0.154388 0.840345 29.000000
2.130462 0.338673 -2.260975 0.251452 2.955862 0.432194 -0.160733 0.691090 29.050000
2.575833 0.421674 -2.280799 0.263113 2.986957 0.428391 -0.164767 0.567264 29.100000
2.953465 -0.074872 -2.300868 0.274349 3.014554 0.429516 -0.167567 0.539977 29.150000
3.650447 -0.508352 -2.321370 0.285197 3.035553 0.435533 -0.168293 0.323679 29.200000
4.416555 -0.491187 -2.342562 0.295734 3.043593 0.450728 -0.165048 0.027482 29.250000
4.017575 -0.362495 -2.364787 0.306075 3.040642 0.474870 -0.158412 -0.130338 29.300000
3.949407 -0.748355 -2.388104 0.316287 3.033210 0.495234 -0.150425 -0.163781 29.350000
4.073766 -0.950902 -2.412366 0.326405 3.020032 0.515175 -0.140523 -0.345124 29.400000
3.810771 -0.922781 -2.437555 0.336520 2.997754 0.536892 -0.127353 -0.526901 29.450000
3.114764 -1.045373 -2.463598 0.346728 2.969060 0.555881 -0.111825 -0.612271 29.500000
3.463995 -1.404452 -2.490220 0.357079 2.935754 0.567641 -0.094671 -0.710041 29.550000
4.185780 -1.293895 -2.517291 0.367651 2.894758 0.582195 -0.074630 -0.907444 29.600000
4.358382 -1.677286 -2.544988 0.378618 2.847808 0.602175 -0.052263 -0.965404 29.650000
4.940473 -1.679948 -2.573416 0.390144 2.794360 0.621768 -0.027144 -1.150755 29.700000
5.318471 -1.450199 -2.602610 0.402420 2.734190 0.644139 0.000951 -1.246193 29.750000
5.018913 -1.186375 -2.632623 0.415644 2.672874 0.666751 0.029580 -1.214371 29.800000
5.474732 -1.568930 -2.663321 0.429881 2.615083 0.683545 0.056392 -1.114284 29.850000
5.970035 -1.351108 -2.694595 0.445193 2.556138 0.701641 0.083609 -1.231342 29.900000
5.059254 -1.408085 -2.726456 0.461770 2.495119 0.721089 0.111717 -1.215633 29.950000
4.781363 -1.237702 -2.758655 0.479594 2.433546 0.728862 0.139741 -1.246892 30.000000
3.968271 -1.264720 -2.790817 0.498516 2.372302 0.731505 0.166845 -1.211472 30.050000
4.628595 -1.627791 -2.822641 0.518356 2.311550 0.724430 0.192661 -1.220599 30.100000
4.478339 -1.392051 -2.853979 0.539091 2.246189 0.720324 0.219728 -1.375530 30.150000
3.758042 -1.688928 -2.884755 0.560803 2.177760 0.711631 0.247097 -1.366188 30.200000
4.674871 -2.140195 -2.914726 0.583297 2.106119 0.692964 0.274456 -1.484885 30.250000
5.307140 -2.477315 -2.943757 0.606573 2.025454 0.677284 0.304400 -1.710455 30.300000
5.507459 -2.389464 -2.971799 0.630880 1.933602 0.659829 0.337670 -1.931438 30.350000
6.000000 -2.754079 -2.998690 0.656278 1.835291 0.637712 0.371425 -1.993372 30.400000
5.364032 -3.000000 -3.024282 0.682780 1.731015 0.613484 0.405028 -2.152925 30.450000
5.117515 -2.590068 -3.048376 0.710160 1.619091 0.575284 0.438334 -2.299245 30.500000
5.076321 -2.435254 -3.070823 0.738012 1.506799 0.531452 0.467275 -2.207679 30.550000
4.301673 -2.751687 -3.091615 0.766142 1.399024 0.488047 0.490033 -2.117109 30.600000
3.908417 -2.286937 -3.110802 0.794256 1.291079 0.436111 0.508374 -2.185713 30.650000
4.266682 -2.580962 -3.128487 0.821992 1.186147 0.382462 0.521081 -2.033225 30.700000
4.179433 -2.305505 -3.144740 0.849328 1.083421 0.334396 0.528981 -2.066187 30.750000
3.610514 -2.728638 -3.159591 0.876288 0.982963 0.288258 0.532627 -1.964677 30.800000
2.815619 -2.249337 -3.173170 0.902732 0.881845 0.237911 0.532829 -2.059351 30.850000
3.117998 -2.043905 -3.185734 0.928400 0.783263 0.184222 0.528873 -1.904118 30.900000
3.736343 -1.627700 -3.197386 0.953294 0.692296 0.141634 0.520803 -1.754098 30.950000
3.974879 -1.615318 -3.207948 0.977652 0.610956 0.114311 0.509884 -1.530704 31.000000
3.870413 -1.170121 -3.217210 1.001656 0.537345 0.096797 0.497501 -1.427087 31.050000
4.800073 -1.053020 -3.225098 1.025336 0.472138 0.085835 0.484267 -1.210482 31.100000
4.692306 -1.488301 -3.231374 1.048783 0.415598 0.090704 0.470838 -1.070199 31.150000
4.129041 -1.767709 -3.235839 1.072037 0.359085 0.095402 0.458119 -1.176248 31.200000
4.514658 -1.631774 -3.238689 1.094946 0.295940 0.091567 0.446321 -1.327914 31.250000
4.275693 -1.834638 -3.240024 1.117398 0.229204 0.090305 0.435051 -1.339602 31.300000
4.573078 -2.123781 -3.239849 1.139324 0.159941 0.086399 0.424230 -1.419010 31.350000
5.411929 -2.324744 -3.238205 1.160635 0.085007 0.083175 0.413974 -1.557517 31.400000
5.471827 -1.901189 -3.234909 1.181254 0.003423 0.085191 0.404456 -1.686234 31.450000
5.552487 -1.577354 -3.229828 1.201065 -0.077895 0.088859 0.395395 -1.582419 31.500000
5.502534 -1.078648 -3.222960 1.219939 -0.152415 0.097719 0.386563 -1.422437 31.550000
6.000000 -1.389080 -3.214313 1.237753 -0.216347 0.112136 0.377862 -1.170886 31.600000
5.662759 -1.008622 -3.203803 1.254377 -0.275259 0.133885 0.369899 -1.184998 31.650000
5.180562 -1.033688 -3.191478 1.269700 -0.330661 0.154012 0.362716 -1.050288 31.700000
4.937070 -0.702050 -3.177591 1.283695 -0.381841 0.171458 0.356054 -1.003924 31.750000
5.904755 -1.150285 -3.162371 1.296355 -0.427878 0.188879 0.349593 -0.857089 31.800000
6.000000 -1.490434 -3.145726 1.307554 -0.473874 0.215005 0.344109 -0.969935 31.850000
6.000000 -1.323000 -3.127577 1.317132 -0.527692 0.237652 0.340894 -1.159049 31.900000
5.507780 -1.096238 -3.108085 1.325017 -0.586316 0.257380 0.339426 -1.183729 31.950000
6.000000 -0.630166 -3.087494 1.331211 -0.643443 0.272548 0.338440 -1.111940 32.000000
5.278364 -0.750615 -3.065906 1.335656 -0.693136 0.295191 0.336732 -0.904041 32.050000
4.405476 -0.684209 -3.043428 1.338352 -0.737074 0.312980 0.334581 -0.859979 32.100000
3.944336 -0.348341 -3.020421 1.339529 -0.778827 0.323076 0.332447 -0.816068 32.150000
4.365879 -0.573096 -2.997166 1.339394 -0.815340 0.330981 0.329425 -0.663087 32.200000
3.473391 -0.352143 -2.973691 1.337950 -0.848969 0.343918 0.326106 -0.680612 32.250000
4.064925 -0.288650 -2.950115 1.335288 -0.880794 0.349003 0.322666 -0.601632 32.300000
3.160327 -0.339267 -2.926506 1.331466 -0.909087 0.361067 0.318650 -0.537835 32.350000
3.064246 -0.079913 -2.902928 1.326555 -0.935679 0.365137 0.314503 -0.527023 32.400000
3.013825 -0.485282 -2.879538 1.320752 -0.958929 0.369724 0.309703 -0.415221 32.450000
3.185208 -0.097764 -2.856354 1.314095 -0.982700 0.373587 0.305299 -0.523555 32.500000
3.678785 -0.107304 -2.833394 1.306577 -1.006012 0.379216 0.300990 -0.420323 32.550000
4.150673 -0.234633 -2.810569 1.298078 -1.025670 0.390821 0.295979 -0.371513 32.600000
4.875770 -0.013568 -2.787773 1.288420 -1.045032 0.406586 0.291261 -0.400409 32.650000
5.800695 -0.152718 -2.764895 1.277389 -1.063007 0.429114 0.286549 -0.327214 32.700000
5.814093 -0.151227 -2.741777 1.264679 -1.079997 0.459805 0.282045 -0.351084 32.750000
5.795630 -0.070848 -2.718370 1.250144 -1.098003 0.489086 0.278406 -0.368510 32.800000
6.000000 0.141671 -2.694740 1.233834 -1.115877 0.517135 0.275210 -0.349616 32.850000
5.206266 0.332772 -2.670914 1.215754 -1.130755 0.547122 0.271348 -0.256360 32.900000
5.339509 0.115691 -2.646961 1.196076 -1.140071 0.570626 0.265686 -0.129516 32.950000
6.000000 0.183410 -2.622935 1.174983 -1.147206 0.595241 0.259499 -0.154001 33.000000
6.000000 0.069132 -2.598783 1.152355 -1.154554 0.624942 0.253755 -0.141898 33.050000
5.487518 -0.001560 -2.574472 1.128105 -1.162866 0.653129 0.248813 -0.186864 33.100000
6.000000 0.476363 -2.550100 1.102400 -1.173770 0.674566 0.245416 -0.244050 33.150000
5.139995 0.282937 -2.525706 1.075288 -1.181357 0.701001 0.240666 -0.076540 33.200000
5.135793 0.543513 -2.501290 1.046890 -1.184912 0.719694 0.234187 -0.066585 33.250000
4.506467 0.857291 -2.476912 1.017439 -1.185027 0.738660 0.226182 0.051201 33.300000
4.184247 0.460233 -2.452564 0.987115 -1.176935 0.753425 0.214087 0.253536 33.350000
4.933279 0.858876 -2.428241 0.956165 -1.165681 0.765316 0.200654 0.203163 33.400000
4.873701 0.542180 -2.403872 0.924539 -1.151539 0.784182 0.185948 0.348921 33.450000
4.821449 0.231113 -2.379326 0.892141 -1.135426 0.801871 0.170479 0.302169 33.500000
3.870245 0.446989 -2.354615 0.859047 -1.124435 0.816878 0.158324 0.153861 33.550000
3.275762 0.073858 -2.329885 0.825502 -1.116335 0.821664 0.148183 0.169924 33.600000
2.734740 -0.272048 -2.305303 0.791852 -1.111796 0.819943 0.140479 0.026675 33.650000
2.615189 0.031955 -2.281051 0.758323 -1.116621 0.811491 0.138503 -0.197547 33.700000
2.052850 0.321069 -2.257281 0.725023 -1.126348 0.801382 0.139366 -0.191959 33.750000
2.665058 0.015046 -2.234050 0.692080 -1.132479 0.787174 0.138074 -0.065060 33.800000
2.637325 -0.066719 -2.211299 0.659471 -1.137300 0.779503 0.136057 -0.121821 33.850000
2.024857 -0.538979 -2.188971 0.627054 -1.145168 0.771353 0.135767 -0.186294 33.900000
1.102790 -0.392981 -2.167169 0.594944 -1.160887 0.756395 0.139701 -0.418402 33.950000
1.280208 -0.851399 -2.146116 0.563437 -1.183541 0.732069 0.146948 -0.481225 34.000000
2.215600 -0.505116 -2.125917 0.532658 -1.213726 0.708601 0.157428 -0.701579 34.050000
3.064293 -0.657183 -2.106529 0.502337 -1.248049 0.693434 0.169192 -0.675484 34.100000
3.461734 -1.021178 -2.087819 0.472072 -1.283277 0.686021 0.180723 -0.728556 34.150000
3.246166 -1.399031 -2.069747 0.441592 -1.324606 0.680452 0.194673 -0.904520 34.200000
3.622484 -1.484074 -2.052414 0.410885 -1.376459 0.669320 0.212957 -1.140574 34.250000
2.624695 -1.066971 -2.035952 0.379965 -1.437574 0.657949 0.234562 -1.286175 34.300000
3.244982 -0.786895 -2.020466 0.349039 -1.499343 0.635853 0.254963 -1.198183 34.350000
3.825961 -0.842416 -2.005956 0.318220 -1.555240 0.620998 0.271199 -1.057691 34.400000
3.904281 -1.120638 -1.992379 0.287238 -1.607055 0.612566 0.284615 -1.020812 34.450000
4.695151 -1.336892 -1.979751 0.255973 -1.660766 0.603523 0.298070 -1.116067 34.500000
4.831276 -1.441815 -1.968161 0.224298 -1.720231 0.598776 0.313258 -1.246202 34.550000
5.140487 -0.964652 -1.957726 0.192108 -1.785406 0.591721 0.330076 -1.347941 34.600000
5.680529 -0.897886 -1.948542 0.159408 -1.849033 0.587127 0.345346 -1.216800 34.650000
6.000000 -1.287281 -1.940690 0.126064 -1.907666 0.588909 0.357924 -1.140372 34.700000
5.712010 -1.529135 -1.934276 0.091969 -1.968098 0.591679 0.370937 -1.261871 34.750000
5.590304 -1.341813 -1.929383 0.057278 -2.035421 0.586976 0.386338 -1.411184 34.800000
6.000000 -1.739770 -1.926044 0.022259 -2.105876 0.578254 0.402141 -1.408459 34.850000
6.000000 -1.610110 -1.924340 -0.012994 -2.180607 0.569780 0.418719 -1.559609 34.900000
6.000000 -1.817204 -1.924362 -0.048368 -2.259059 0.557818 0.435630 -1.576741 34.950000
5.764383 -1.871465 -1.926130 -0.083688 -2.340339 0.542873 0.452296 -1.661959 35.000000
5.299156 -1.850916 -1.929608 -0.118730 -2.424993 0.522447 0.468609 -1.715725 35.050000
6.000000 -1.720773 -1.934652 -0.153221 -2.511123 0.495809 0.483438 -1.726802 35.100000
5.809552 -1.643266 -1.941281 -0.187072 -2.596148 0.475911 0.495910 -1.680673 35.150000
4.940022 -1.970061 -1.949563 -0.220251 -2.678771 0.455391 0.505908 -1.630832 35.200000
5.055718 -2.057391 -1.959238 -0.252544 -2.763050 0.425443 0.514591 -1.723871 35.250000
5.831453 -2.043274 -1.970077 -0.283768 -2.851002 0.394274 0.522191 -1.782570 35.300000
6.000000 -1.569618 -1.982203 -0.313893 -2.940439 0.369699 0.528166 -1.791516 35.350000
6.000000 -1.088424 -1.995781 -0.342892 -3.024991 0.350627 0.531251 -1.616049 35.400000
5.382073 -1.256118 -2.010861 -0.370724 -3.098563 0.340060 0.530622 -1.362941 35.450000
4.609467 -1.472749 -2.027327 -0.397345 3.117788 0.329162 0.527882 -1.315859 35.500000
5.414242 -1.356903 -2.044821 -0.422701 3.050376 0.311375 0.524703 -1.370906 35.550000
6.000000 -1.244314 -2.063285 -0.446727 2.982555 0.301788 0.521065 -1.344541 35.600000
6.000000 -1.575782 -2.082990 -0.469326 2.916930 0.299922 0.516809 -1.288025 35.650000
6.000000 -1.296157 -2.104001 -0.490400 2.849686 0.297359 0.512975 -1.387200 35.700000
5.388654 -1.581566 -2.126199 -0.509871 2.782176 0.295061 0.509194 -1.322035 35.750000
4.870691 -2.070249 -2.149361 -0.527719 2.713854 0.286958 0.505489 -1.398920 35.800000
4.924284 -2.034723 -2.173113 -0.544002 2.637902 0.269453 0.502820 -1.606562 35.850000
5.278920 -1.751310 -2.197196 -0.558739 2.555727 0.249173 0.500355 -1.668944 35.900000
4.595118 -1.797396 -2.221587 -0.571859 2.474718 0.234107 0.496726 -1.582925 35.950000
4.243159 -1.304002 -2.246169 -0.583381 2.396224 0.215421 0.491861 -1.558607 36.000000
3.717917 -0.906593 -2.270715 -0.593437 2.323988 0.198938 0.485247 -1.358305 36.050000
3.039807 -0.636879 -2.295106 -0.602131 2.262901 0.186213 0.476595 -1.116977 36.100000
2.244036 -0.731954 -2.319210 -0.609621 2.213152 0.175691 0.466299 -0.899887 36.150000
1.880301 -0.234855 -2.342868 -0.616141 2.170058 0.163047 0.455177 -0.831022 36.200000
1.456011 -0.312367 -2.365966 -0.621889 2.135096 0.153124 0.443190 -0.594407 36.250000
1.495851 -0.135318 -2.388473 -0.626979 2.107873 0.144792 0.430597 -0.503732 36.300000
1.162132 0.068720 -2.410392 -0.631464 2.086066 0.140724 0.417786 -0.381246 36.350000
0.540920 0.313355 -2.431741 -0.635381 2.071177 0.137939 0.404698 -0.229551 36.400000
1.115578 0.246774 -2.452470 -0.638893 2.064853 0.134366 0.391217 -0.041225 36.450000
0.410707 0.537407 -2.472638 -0.641976 2.064938 0.139715 0.377599 0.037248 36.500000
0.000000 0.697124 -2.492278 -0.644642 2.071416 0.141514 0.363828 0.205615 36.550000
0.000000 0.931770 -2.511322 -0.647099 2.086095 0.143263 0.349710 0.365254 36.600000
0.000000 1.179994 -2.529788 -0.649400 2.109378 0.148644 0.335163 0.546199 36.650000
0.000000 1.538985 -2.547740 -0.651522 2.142033 0.157502 0.319991 0.737497 36.700000
0.468268 1.924536 -2.565248 -0.653447 2.185480 0.169881 0.303849 0.971045 36.750000
0.401194 1.845889 -2.582453 -0.655078 2.241252 0.190059 0.286187 1.225334 36.800000
0.485216 2.191667 -2.599492 -0.656366 2.304787 0.210357 0.267237 1.304658 36.850000
0.932238 1.754828 -2.616417 -0.657367 2.374669 0.231175 0.247021 1.467067 36.900000
0.775268 1.857964 -2.633359 -0.658068 2.445276 0.253633 0.226314 1.371045 36.950000
0.025239 1.534274 -2.650360 -0.658516 2.513797 0.271175 0.205716 1.370218 37.000000
0.835941 1.342676 -2.667235 -0.658913 2.578868 0.278279 0.185912 1.250264 37.050000
1.046927 1.241851 -2.683964 -0.659305 2.637901 0.289515 0.167597 1.128275 37.100000
1.636575 1.368130 -2.700712 -0.659608 2.691745 0.299742 0.150557 1.038039 37.150000
1.602491 1.024468 -2.717622 -0.659787 2.743936 0.313503 0.134003 1.048778 37.200000
1.331518 1.460648 -2.734788 -0.659843 2.792801 0.324700 0.118318 0.922747 37.250000
1.769869 1.469084 -2.752115 -0.659849 2.842172 0.331982 0.102725 1.038004 37.300000
0.953121 1.516024 -2.769635 -0.659858 2.895718 0.342511 0.086350 1.096895 37.350000
1.641684 1.267443 -2.787244 -0.659953 2.951906 0.344121 0.069660 1.145198 37.400000
2.311260 0.884482 -2.804894 -0.660191 3.007160 0.350739 0.053609 1.075223 37.450000
1.790013 0.797434 -2.822862 -0.660551 3.055920 0.361773 0.039414 0.898769 37.500000
1.183764 0.829302 -2.841140 -0.661037 3.097666 0.366347 0.027248 0.785823 37.550000
0.318803 0.994719 -2.859432 -0.661672 3.135876 0.364357 0.016375 0.747891 37.600000
0.000000 1.367203 -2.877379 -0.662469 -3.108513 0.353874 0.005889 0.798564 37.650000
0.834382 1.060019 -2.894708 -0.663434 -3.063710 0.340279 -0.005394 0.972409 37.700000
1.599801 1.178681 -2.911542 -0.664595 -3.016136 0.334245 -0.016651 0.935901 37.750000
1.331330 0.721231 -2.928252 -0.665991 -2.968445 0.334844 -0.027465 0.968258 37.800000
2.182755 0.442920 -2.944931 -0.667646 -2.924598 0.332441 -0.036960 0.806458 37.850000
1.484332 0.700510 -2.961706 -0.669575 -2.889486 0.338024 -0.044090 0.620595 37.900000
1.789150 0.400550 -2.978600 -0.671766 -2.858073 0.336825 -0.050153 0.634679 37.950000
1.907159 -0.079728 -2.995513 -0.674201 -2.829489 0.338468 -0.055329 0.521883 38.000000
2.300339 0.021255 -3.012540 -0.676892 -2.810426 0.341718 -0.058062 0.268023 38.050000
2.279903 -0.157910 -3.029806 -0.679842 -2.799576 0.349093 -0.058759 0.175483 38.100000
2.780224 -0.233628 -3.047393 -0.683055 -2.794269 0.356423 -0.058093 0.049079 38.150000
3.477071 -0.469068 -3.065408 -0.686541 -2.794647 0.368553 -0.056018 -0.054493 38.200000
2.675855 -0.864580 -3.084110 -0.690358 -2.801718 0.387155 -0.052199 -0.212869 38.250000
2.767056 -1.200147 -3.103472 -0.694437 -2.819308 0.398221 -0.045487 -0.464496 38.300000
2.422149 -0.957756 -3.123348 -0.698629 -2.849985 0.410197 -0.035085 -0.732357 38.350000
1.652998 -0.488931 -3.143689 -0.702818 -2.887638 0.418292 -0.022773 -0.770110 38.400000
1.872954 -0.175629 -3.164224 -0.706884 -2.921499 0.418246 -0.011912 -0.604688 38.450000
1.682152 -0.462695 -3.184808 -0.710810 -2.945968 0.419717 -0.004209 -0.397680 38.500000
1.257216 -0.715988 -3.205430 -0.714624 -2.966214 0.419123 0.001987 -0.411178 38.550000
0.406799 -1.153556 -3.225945 -0.718291 -2.989900 0.414403 0.008961 -0.524324 38.600000
0.000000 -1.493321 -3.246065 -0.721725 -3.022703 0.401552 0.018199 -0.760782 38.650000
0.837366 -1.212893 -3.265510 -0.724833 -3.067782 0.384565 0.030212 -1.011600 38.700000
0.464574 -1.613773 -3.284391 -0.727584 -3.118616 0.374991 0.042952 -1.021311 38.750000
0.372659 -1.364095 -3.302809 -0.729982 3.108925 0.361125 0.056097 -1.183552 38.800000
1.361970 -0.891946 -3.320643 -0.732015 3.050360 0.345734 0.068949 -1.162580 38.850000
1.948967 -1.319556 -3.338100 -0.733689 2.997581 0.339796 0.079498 -0.974006 38.900000
1.618073 -1.128882 -3.355542 -0.734984 2.946552 0.339023 0.089148 -1.056931 38.950000
1.208432 -0.801608 -3.373000 -0.735874 2.894680 0.334444 0.098567 -1.022930 39.000000
1.393450 -1.228838 -3.390286 -0.736396 2.847526 0.326296 0.106312 -0.881576 39.050000
1.397614 -1.479182 -3.407349 -0.736578 2.800551 0.319738 0.113511 -0.984608 39.100000
1.289396 -1.447283 -3.424204 -0.736392 2.747217 0.311979 0.121656 -1.129867 39.150000
1.700743 -1.807763 -3.440791 -0.735829 2.689212 0.302123 0.130205 -1.183351 39.200000
1.349024 -1.835003 -3.457141 -0.734850 2.625457 0.294733 0.139332 -1.344671 39.250000
1.414619 -1.834699 -3.473213 -0.733441 2.555956 0.282442 0.148873 -1.424146 39.300000
1.031461 -2.334091 -3.488909 -0.731641 2.483793 0.269814 0.157990 -1.457591 39.350000
1.773204 -2.551597 -3.504137 -0.729509 2.405218 0.251814 0.167198 -1.655596 39.400000
1.166866 -2.840319 -3.518906 -0.727006 2.317905 0.238378 0.176738 -1.812387 39.450000
1.771228 -2.942853 -3.533187 -0.724148 2.222570 0.216738 0.186150 -1.974410 39.500000
0.999074 -2.935076 -3.546927 -0.720970 2.121087 0.198805 0.194803 -2.068882 39.550000
1.736152 -2.633173 -3.560090 -0.717561 2.016773 0.172544 0.201923 -2.098047 39.600000
2.089058 -2.384037 -3.572670 -0.713966 1.914716 0.153922 0.206860 -2.000043 39.650000
1.821999 -2.435441 -3.584783 -0.709971 1.818367 0.140361 0.209855 -1.874023 39.700000
2.064175 -2.136918 -3.596437 -0.705566 1.725540 0.125542 0.211442 -1.843452 39.750000
2.251341 -2.221882 -3.607616 -0.700771 1.636855 0.114608 0.211763 -1.722555 39.800000
1.745849 -1.863217 -3.618318 -0.695488 1.551218 0.106715 0.211245 -1.705292 39.850000
1.644953 -1.699791 -3.628525 -0.689808 1.469954 0.095781 0.209847 -1.566043 39.900000
1.318788 -1.490488 -3.638234 -0.683867 1.395026 0.086320 0.207499 -1.448089 39.950000
2.316508 -1.303619 -3.647459 -0.677752 1.326286 0.076189 0.204351 -1.319478 40.000000
1.351403 -0.921957 -3.656155 -0.671296 1.263901 0.077770 0.200756 -1.193440 40.050000
0.892579 -0.854324 -3.664311 -0.664487 1.209953 0.072911 0.196760 -0.991059 40.100000
1.681481 -0.911489 -3.672027 -0.657621 1.163765 0.066322 0.192302 -0.871356 40.150000
1.286980 -0.630987 -3.679269 -0.650611 1.121152 0.068513 0.187758 -0.837421 40.200000
1.343921 -0.376636 -3.685997 -0.643374 1.082854 0.068301 0.183188 -0.709889 40.250000
1.217327 -0.860801 -3.692240 -0.635974 1.051950 0.070676 0.178440 -0.545338 40.300000
0.920022 -0.974788 -3.698004 -0.628418 1.021509 0.072089 0.173884 -0.659154 40.350000
1.474683 -0.511616 -3.703346 -0.620815 0.985713 0.069620 0.169744 -0.760477 40.400000
0.773493 -0.184396 -3.708237 -0.613132 0.951498 0.072957 0.165670 -0.624247 40.450000
1.224893 0.092808 -3.712696 -0.605387 0.925866 0.071746 0.161322 -0.423421 40.500000
1.354755 -0.314228 -3.716751 -0.597606 0.910749 0.077193 0.156603 -0.204220 40.550000
0.462977 -0.732893 -3.720318 -0.589663 0.899077 0.084454 0.151926 -0.257407 40.600000
0.000000 -1.081070 -3.723523 -0.581714 0.880607 0.081846 0.147833 -0.459702 40.650000
0.630243 -1.478551 -3.726582 -0.574031 0.850802 0.072887 0.144426 -0.704133 40.700000
0.000000 -1.835209 -3.729483 -0.566607 0.807849 0.067703 0.141651 -0.979555 40.750000
0.059080 -1.978104 -3.732253 -0.559463 0.751418 0.054444 0.139268 -1.242115 40.800000
1.016223 -2.234814 -3.735011 -0.552702 0.684561 0.040471 0.136772 -1.408245 40.850000
1.446429 -2.520646 -3.737598 -0.546166 0.609456 0.034641 0.134117 -1.571663 40.900000
1.330988 -2.263847 -3.739769 -0.539675 0.525981 0.031791 0.131522 -1.741186 40.950000
0.568902 -2.084007 -3.741476 -0.533220 0.439715 0.027779 0.128863 -1.713637 41.000000
0.556015 -1.726881 -3.742903 -0.526909 0.356246 0.017647 0.125814 -1.636712 41.050000
0.728421 -1.883906 -3.744209 -0.520807 0.279080 0.009206 0.122256 -1.474009 41.100000
0.277539 -2.138186 -3.745344 -0.514889 0.205623 0.003673 0.118423 -1.465391 41.150000
0.356003 -2.263289 -3.746373 -0.509158 0.129766 -0.005831 0.114325 -1.555356 41.200000
1.208250 -2.453975 -3.747384 -0.503619 0.049650 -0.014457 0.109847 -1.636786 41.250000
1.361115 -2.037393 -3.748163 -0.498250 -0.035114 -0.015019 0.105217 -1.738112 41.300000
1.567889 -2.413104 -3.748481 -0.493063 -0.118790 -0.013466 0.100780 -1.626202 41.350000
0.689455 -2.479005 -3.748263 -0.488103 -0.202789 -0.009608 0.096664 -1.719482 41.400000
0.000000 -2.839080 -3.747685 -0.483368 -0.290501 -0.014075 0.092632 -1.779521 41.450000
0.330521 -3.000000 -3.747114 -0.478773 -0.383879 -0.024977 0.088175 -1.931071 41.500000
0.082691 -2.929025 -3.746622 -0.474278 -0.483717 -0.032546 0.083125 -2.043706 41.550000
0.000000 -2.957297 -3.746174 -0.469869 -0.586355 -0.041724 0.077575 -2.059144 41.600000
0.111003 -3.000000 -3.745810 -0.465492 -0.689757 -0.050598 0.071529 -2.074305 41.650000
0.000000 -2.780376 -3.745494 -0.461146 -0.794064 -0.057315 0.065080 -2.094548 41.700000
0.000000 -3.000000 -3.745194 -0.456826 -0.896751 -0.063751 0.058432 -2.024668 41.750000
0.819410 -2.750398 -3.744898 -0.452520 -0.999506 -0.069011 0.051580 -2.076796 41.800000
0.555248 -2.741310 -3.744482 -0.448401 -1.101338 -0.065454 0.044946 -2.008096 41.850000
0.000000 -2.476812 -3.743887 -0.444601 -1.200932 -0.063483 0.038842 -1.980324 41.900000
0.000000 -2.445383 -3.743205 -0.440962 -1.296927 -0.065776 0.033098 -1.876441 41.950000
0.000000 -2.053305 -3.742477 -0.437379 -1.389302 -0.067105 0.027598 -1.826591 42.000000
0.027151 -1.555432 -3.741701 -0.433869 -1.475996 -0.067528 0.022501 -1.666289 42.050000
0.000000 -1.656939 -3.740879 -0.430455 -1.552245 -0.066839 0.018086 -1.420294 42.100000
0.957454 -1.500384 -3.740019 -0.427149 -1.621452 -0.065846 0.014200 -1.357116 42.150000
1.161386 -1.105646 -3.739147 -0.424176 -1.686873 -0.055591 0.010888 -1.271786 42.200000
1.856334 -1.543182 -3.738315 -0.421795 -1.745152 -0.043478 0.008458 -1.084809 42.250000
2.616421 -1.195367 -3.737604 -0.420191 -1.801817 -0.025183 0.006794 -1.170317 42.300000
2.657284 -1.351269 -3.737140 -0.419656 -1.857624 -0.000406 0.006054 -1.074783 42.350000
2.178554 -1.102419 -3.737038 -0.420310 -1.911861 0.023859 0.006310 -1.092375 42.400000
1.593484 -1.545926 -3.737325 -0.421987 -1.963985 0.042738 0.007333 -1.004211 42.450000
1.276272 -1.709408 -3.737958 -0.424393 -2.017926 0.055358 0.008981 -1.136004 42.500000
2.260938 -1.534848 -3.738887 -0.427284 -2.078161 0.064326 0.011254 -1.256886 42.550000
1.881758 -1.751801 -3.740225 -0.430746 -2.140614 0.081860 0.014133 -1.243204 42.600000
1.750054 -1.578472 -3.742077 -0.434839 -2.204955 0.094893 0.017718 -1.319813 42.650000
1.426544 -1.457067 -3.744411 -0.439393 -2.270021 0.105857 0.021778 -1.287495 42.700000
2.083246 -1.510318 -3.747180 -0.444266 -2.332704 0.113113 0.025935 -1.228159 42.750000
2.608132 -1.011075 -3.750454 -0.449461 -2.393971 0.125888 0.030281 -1.223341 42.800000
3.592822 -1.071100 -3.754447 -0.455107 -2.449675 0.142940 0.034585 -1.030800 42.850000
4.253441 -1.451699 -3.759436 -0.461364 -2.499446 0.168456 0.038939 -0.968445 42.900000
4.901153 -1.135407 -3.765733 -0.468366 -2.551274 0.198682 0.044424 -1.089268 42.950000
4.664245 -1.515141 -3.773598 -0.476148 -2.603864 0.233285 0.051017 -1.023561 43.000000
5.015157 -1.502261 -3.783106 -0.484613 -2.658414 0.263678 0.058974 -1.143191 43.050000
5.772082 -1.011273 -3.794277 -0.493600 -2.717007 0.295141 0.068661 -1.194459 43.100000
6.000000 -1.411692 -3.807325 -0.503046 -2.772121 0.331963 0.078635 -1.032760 43.150000
6.000000 -1.350283 -3.822429 -0.512881 -2.826192 0.368784 0.089492 -1.119821 43.200000
5.422279 -1.064512 -3.839590 -0.522928 -2.882741 0.402962 0.102018 -1.140813 43.250000
4.768421 -1.478052 -3.858619 -0.532971 -2.937073 0.429769 0.114665 -1.046497 43.300000
3.940616 -1.581566 -3.879170 -0.542804 -2.992855 0.448225 0.128236 -1.169832 43.350000
3.963758 -1.735796 -3.900829 -0.552219 -3.054149 0.456147 0.143633 -1.269653 43.400000
4.956956 -1.525503 -3.923335 -0.561055 -3.120654 0.461554 0.160495 -1.376949 43.450000
5.923691 -1.749506 -3.946843 -0.569197 3.094490 0.474080 0.177699 -1.350368 43.500000
5.547783 -2.133488 -3.971715 -0.576513 3.024706 0.493010 0.195688 -1.431574 43.550000
5.654973 -2.389480 -3.997945 -0.582831 2.947876 0.503896 0.216309 -1.616426 43.600000
5.737050 -2.657542 -4.025283 -0.587973 2.862029 0.510253 0.239942 -1.792544 43.650000
6.000000 -3.000000 -4.053549 -0.591754 2.767443 0.511227 0.266154 -1.965475 43.700000
6.000000 -3.000000 -4.082560 -0.593992 2.663579 0.507580 0.294730 -2.159040 43.750000
6.000000 -2.789514 -4.112079 -0.594542 2.553422 0.497386 0.324018 -2.236037 43.800000
6.000000 -2.354060 -4.141837 -0.593340 2.442812 0.483181 0.351445 -2.196754 43.850000
6.000000 -2.163428 -4.171624 -0.590366 2.337702 0.468461 0.374867 -2.035935 43.900000
6.000000 -2.102919 -4.201291 -0.585621 2.239480 0.454894 0.394128 -1.913686 43.950000
5.879693 -1.647242 -4.230702 -0.579111 2.145691 0.441933 0.410363 -1.848725 44.000000
5.148997 -1.854285 -4.259712 -0.570871 2.058696 0.430379 0.423062 -1.660620 44.050000
5.202892 -1.615634 -4.288134 -0.561088 1.975619 0.413427 0.433271 -1.661740 44.100000
4.248518 -1.760073 -4.315798 -0.549933 1.895087 0.398135 0.441409 -1.572471 44.150000
4.999562 -2.093841 -4.342567 -0.537641 1.816051 0.374706 0.447741 -1.585532 44.200000
5.675854 -2.465769 -4.368343 -0.524309 1.733221 0.356219 0.453669 -1.707768 44.250000
5.746172 -2.105919 -4.393075 -0.509709 1.642666 0.339270 0.460263 -1.885263 44.300000
6.000000 -1.840325 -4.416648 -0.493790 1.550296 0.321765 0.465895 -1.819002 44.350000
6.000000 -2.226118 -4.438964 -0.476539 1.462936 0.309923 0.469223 -1.694130 44.400000
5.670509 -1.782102 -4.459926 -0.457960 1.375656 0.298253 0.471716 -1.782393 44.450000
5.867021 -1.612847 -4.479443 -0.438236 1.290290 0.284990 0.472910 -1.651485 44.500000
5.548006 -1.248151 -4.497441 -0.417452 1.211062 0.277971 0.472217 -1.534594 44.550000
6.000000 -1.666353 -4.513860 -0.395674 1.139624 0.273399 0.469684 -1.349308 44.600000
5.562580 -1.687764 -4.528618 -0.372919 1.069912 0.274554 0.466863 -1.427842 44.650000
5.993331 -1.616622 -4.541658 -0.349310 0.997382 0.270065 0.464599 -1.467122 44.700000
5.245539 -1.317431 -4.552924 -0.324983 0.924353 0.269661 0.462379 -1.455603 44.750000
6.000000 -1.123746 -4.562414 -0.300102 0.854937 0.264837 0.459400 -1.337464 44.800000
6.000000 -1.055298 -4.570073 -0.274737 0.791584 0.271287 0.455412 -1.214181 44.850000
6.000000 -1.251781 -4.575738 -0.248827 0.733093 0.280823 0.450981 -1.136581 44.900000
5.345882 -0.959597 -4.579379 -0.222474 0.675041 0.290580 0.447043 -1.180196 44.950000
6.000000 -0.722876 -4.581107 -0.195898 0.618627 0.295173 0.443181 -1.088797 45.000000
5.147939 -0.796434 -4.580899 -0.169183 0.567887 0.309363 0.438608 -0.958671 45.050000
5.975403 -0.474879 -4.578786 -0.142416 0.520760 0.317532 0.433813 -0.930387 45.100000
5.368106 -0.381484 -4.574768 -0.115676 0.478098 0.335983 0.428583 -0.794191 45.150000
5.713758 -0.114622 -4.568801 -0.088986 0.441150 0.351672 0.422668 -0.696362 45.200000
5.522095 -0.085250 -4.560942 -0.062414 0.410563 0.373869 0.415813 -0.545768 45.250000
5.416840 0.196479 -4.551165 -0.035964 0.385593 0.396826 0.408165 -0.463422 45.300000
6.000000 0.484411 -4.539553 -0.009679 0.366694 0.421475 0.399436 -0.310136 45.350000
6.000000 0.057028 -4.526016 0.016497 0.356620 0.455489 0.388649 -0.114155 45.400000
6.000000 -0.406520 -4.510459 0.042639 0.348750 0.489410 0.377796 -0.194190 45.450000
6.000000 0.064386 -4.492966 0.068690 0.332359 0.517737 0.370588 -0.437225 45.500000
5.824270 -0.364827 -4.473633 0.094535 0.312225 0.543187 0.365317 -0.375952 45.550000
6.000000 -0.596087 -4.452557 0.120103 0.289303 0.564710 0.361704 -0.525586 45.600000
6.000000 -1.084136 -4.429816 0.145279 0.258187 0.583023 0.361899 -0.700099 45.650000
5.505408 -0.644036 -4.405463 0.169915 0.215241 0.594631 0.367399 -0.983850 45.700000
5.349880 -0.834716 -4.379712 0.193802 0.167062 0.598168 0.375104 -0.948869 45.750000
5.985839 -0.617847 -4.352772 0.216815 0.117879 0.599090 0.383052 -1.011353 45.800000
5.941203 -0.897962 -4.324593 0.238878 0.068782 0.605399 0.390789 -0.960385 45.850000
5.628604 -0.769874 -4.295098 0.259929 0.018225 0.609718 0.399089 -1.051355 45.900000
4.865927 -0.766058 -4.264460 0.279860 -0.034211 0.609350 0.407962 -1.047542 45.950000
4.566599 -1.042836 -4.233004 0.298605 -0.086562 0.601360 0.416322 -1.046896 46.000000
4.417799 -0.858811 -4.201048 0.316123 -0.141938 0.588592 0.425288 -1.153860 46.050000
3.891306 -1.010407 -4.168778 0.332372 -0.198961 0.573356 0.434045 -1.130020 46.100000
3.282439 -1.337006 -4.136404 0.347358 -0.256764 0.552757 0.442076 -1.175145 46.150000
2.843320 -1.013902 -4.104254 0.361124 -0.319512 0.523723 0.450696 -1.313980 46.200000
1.914014 -1.228681 -4.072633 0.373737 -0.383259 0.490522 0.457956 -1.243604 46.250000
2.716761 -0.889379 -4.041836 0.385352 -0.446665 0.449724 0.463164 -1.284009 46.300000
2.453198 -1.225121 -4.011879 0.396017 -0.507441 0.419351 0.465754 -1.161463 46.350000
2.940187 -1.426090 -3.982603 0.405721 -0.567408 0.388116 0.466698 -1.225772 46.400000
2.846629 -0.970071 -3.953983 0.414462 -0.631429 0.360023 0.467425 -1.319596 46.450000
2.306587 -1.297163 -3.925962 0.422219 -0.693414 0.333485 0.466359 -1.177163 46.500000
1.643390 -1.386308 -3.898619 0.429103 -0.753829 0.304123 0.463755 -1.229577 46.550000
0.758036 -1.800769 -3.872159 0.435335 -0.816648 0.268503 0.460333 -1.273810 46.600000
1.092832 -1.516551 -3.846821 0.441224 -0.885007 0.222939 0.456187 -1.433648 46.650000
1.360402 -1.579385 -3.822660 0.446926 -0.955201 0.181593 0.450335 -1.378430 46.700000
1.638373 -1.713335 -3.799505 0.452358 -1.023823 0.145923 0.442589 -1.365162 46.750000
0.770835 -2.108814 -3.777218 0.457433 -1.093086 0.114600 0.433548 -1.397920 46.800000
0.374987 -2.296096 -3.755815 0.462312 -1.167318 0.074422 0.423401 -1.546180 46.850000
0.000000 -2.472382 -3.735365 0.467317 -1.248018 0.029524 0.411604 -1.660872 46.900000
0.000000 -2.225808 -3.715831 0.472664 -1.333895 -0.018605 0.397573 -1.755822 46.950000
0.927636 -2.553687 -3.697106 0.478449 -1.419865 -0.063217 0.381206 -1.690141 47.000000
1.409227 -2.994061 -3.679026 0.484420 -1.506846 -0.096021 0.363002 -1.774007 47.050000
1.397787 -3.000000 -3.661463 0.490241 -1.600906 -0.124241 0.343006 -1.957423 47.100000
0.537586 -2.760926 -3.644348 0.495803 -1.700698 -0.151412 0.321294 -2.022399 47.150000
0.222753 -2.831302 -3.627599 0.501269 -1.799950 -0.182295 0.298348 -1.957380 47.200000
0.303932 -2.526779 -3.611115 0.506819 -1.897776 -0.211205 0.274300 -1.955351 47.250000
0.000000 -2.766759 -3.594834 0.512405 -1.992338 -0.233870 0.249822 -1.844906 47.300000
0.961452 -2.972886 -3.578712 0.517970 -2.085878 -0.254991 0.224909 -1.889698 47.350000
0.637652 -3.000000 -3.562807 0.523295 -2.183028 -0.264184 0.199194 -1.982044 47.400000
0.435631 -2.818362 -3.547190 0.528187 -2.283474 -0.273452 0.173100 -2.029018 47.450000
0.537861 -2.701111 -3.531813 0.532682 -2.383645 -0.280654 0.147376 -1.986015 47.500000
0.311724 -2.819775 -3.516714 0.536744 -2.481381 -0.282764 0.122701 -1.933298 47.550000
0.000000 -2.567632 -3.501930 0.540353 -2.578813 -0.283640 0.098834 -1.960737 47.600000
0.000000 -2.604399 -3.487410 0.543548 -2.674644 -0.284116 0.076065 -1.885874 47.650000
0.000000 -2.217829 -3.473155 0.546344 -2.768612 -0.281539 0.054523 -1.875625 47.700000
0.168205 -2.359618 -3.459226 0.548732 -2.858359 -0.276189 0.034823 -1.737224 47.750000
0.248882 -2.687132 -3.445718 0.550714 -2.945255 -0.267100 0.016810 -1.739250 47.800000
0.000000 -2.784181 -3.432732 0.552294 -3.035739 -0.255573 -0.000622 -1.861560 47.850000
0.325885 -2.776837 -3.420266 0.553488 -3.131232 -0.244637 -0.017636 -1.945321 47.900000
0.110609 -2.612593 -3.408378 0.554323 3.053801 -0.228877 -0.033611 -1.976306 47.950000
0.000000 -2.341449 -3.397130 0.554845 2.956301 -0.213760 -0.047860 -1.931492 48.000000
0.268763 -2.194080 -3.386465 0.555105 2.862983 -0.198828 -0.059963 -1.819548 48.050000
0.000000 -1.968704 -3.376424 0.555181 2.774750 -0.181035 -0.069875 -1.724802 48.100000
0.249148 -2.074680 -3.366994 0.555132 2.691927 -0.165907 -0.077743 -1.606330 48.150000
0.092426 -1.883882 -3.358149 0.555012 2.611844 -0.148551 -0.084074 -1.598147 48.200000
0.000000 -1.951681 -3.349885 0.554876 2.534057 -0.132976 -0.089019 -1.524275 48.250000
0.000000 -1.758561 -3.342123 0.554729 2.457993 -0.118607 -0.092810 -1.518909 48.300000
0.158266 -1.471496 -3.334818 0.554589 2.384178 -0.104738 -0.095526 -1.444447 48.350000
0.000000 -1.025367 -3.327963 0.554507 2.315924 -0.090441 -0.097021 -1.305378 48.400000
0.833851 -0.775302 -3.321513 0.554497 2.257183 -0.079327 -0.097272 -1.075363 48.450000
0.242265 -1.174076 -3.315517 0.554689 2.209085 -0.062305 -0.096392 -0.874071 48.500000
0.700956 -0.971967 -3.309962 0.555124 2.163630 -0.051839 -0.094960 -0.936102 48.550000
0.761889 -0.813666 -3.304795 0.555786 2.118265 -0.037614 -0.093174 -0.884703 48.600000
1.363314 -0.864148 -3.300042 0.556774 2.076484 -0.023926 -0.090921 -0.797118 48.650000
2.012824 -1.252220 -3.295734 0.558219 2.037262 -0.005608 -0.088240 -0.774255 48.700000
1.379414 -0.829906 -3.291957 0.560377 1.994576 0.018315 -0.085034 -0.915283 48.750000
1.008752 -0.703742 -3.288653 0.563245 1.951654 0.035284 -0.081325 -0.813964 48.800000
1.360304 -0.923262 -3.285671 0.566589 1.913729 0.047415 -0.077444 -0.714880 48.850000
1.738363 -0.710219 -3.282969 0.570389 1.876887 0.062044 -0.073372 -0.753923 48.900000
1.237423 -0.933018 -3.280556 0.574795 1.841059 0.079329 -0.069076 -0.687034 48.950000
0.544851 -0.813199 -3.278384 0.579758 1.805136 0.091101 -0.064545 -0.743094 49.000000
0.362292 -0.783220 -3.276347 0.584992 1.768562 0.095825 -0.059918 -0.722371 49.050000
0.000000 -1.046861 -3.274379 0.590286 1.733057 0.098364 -0.055427 -0.700512 49.100000
0.000000 -1.330099 -3.272449 0.595510 1.695375 0.097381 -0.050919 -0.795395 49.150000
0.493622 -1.358134 -3.270534 0.600584 1.651184 0.096626 -0.046137 -0.952643 49.200000
0.000000 -1.139493 -3.268630 0.605628 1.601185 0.100533 -0.041057 -1.036509 49.250000
0.000000 -0.959331 -3.266729 0.610638 1.550672 0.099392 -0.036066 -0.990138 49.300000
0.578413 -0.852190 -3.264826 0.615491 1.503737 0.097805 -0.031546 -0.898995 49.350000
0.022906 -0.544019 -3.262917 0.620319 1.461160 0.101207 -0.027458 -0.814621 49.400000
0.555974 -0.466990 -3.261005 0.625118 1.424982 0.098877 -0.023949 -0.651996 49.450000
0.000000 -0.519751 -3.259094 0.629877 1.395473 0.101228 -0.021035 -0.541136 49.500000
0.991462 -0.514570 -3.257191 0.634588 1.369367 0.098125 -0.018469 -0.506993 49.550000
0.270200 -0.712191 -3.255273 0.639350 1.344555 0.104233 -0.016054 -0.487674 49.600000
0.000000 -0.832561 -3.253324 0.644217 1.318200 0.103357 -0.013561 -0.558591 49.650000
0.000000 -1.112460 -3.251391 0.648957 1.287913 0.099976 -0.010908 -0.643221 49.700000
0.624108 -1.016129 -3.249484 0.653514 1.251443 0.096688 -0.007983 -0.797205 49.750000
0.000000 -0.620035 -3.247548 0.658025 1.210577 0.099213 -0.004858 -0.833079 49.800000
0.000000 -0.946912 -3.245585 0.662488 1.172846 0.095665 -0.002073 -0.693095 49.850000
0.993129 -0.811844 -3.243651 0.666766 1.136429 0.092115 0.000434 -0.756089 49.900000
0.211688 -0.707305 -3.241647 0.671072 1.099276 0.097802 0.002935 -0.732888 49.950000
