0.426335 -0.215729 0.338003 -0.555183 2.338163 -0.052414 0.000000 -0.771681 0.000000
0.000000 -0.646627 0.339711 -0.556969 2.307139 -0.046470 -0.001096 -0.500693 0.050000
0.804951 -0.834757 0.341276 -0.558627 2.281017 -0.044681 -0.001908 -0.539810 0.100000
1.177025 -1.321993 0.342648 -0.560089 2.251351 -0.035440 -0.002687 -0.635807 0.150000
1.408184 -1.062825 0.343668 -0.561145 2.212783 -0.023019 -0.003390 -0.877589 0.200000
1.349081 -0.822959 0.344279 -0.561685 2.168557 -0.008857 -0.003775 -0.889901 0.250000
1.239429 -0.871488 0.344501 -0.561676 2.126557 0.004226 -0.003718 -0.801084 0.300000
0.903192 -0.708814 0.344399 -0.561153 2.087149 0.015777 -0.003310 -0.778069 0.350000
1.028678 -0.219293 0.344060 -0.560212 2.050369 0.023734 -0.002681 -0.702201 0.400000
1.663182 -0.525836 0.343535 -0.558900 2.021800 0.032501 -0.002023 -0.467384 0.450000
2.218805 -0.781238 0.342768 -0.557067 1.998264 0.046798 -0.001288 -0.473377 0.500000
1.706086 -1.214025 0.341671 -0.554474 1.971613 0.065696 -0.000167 -0.580622 0.550000
1.244840 -1.073653 0.340284 -0.551128 1.936221 0.079056 0.001678 -0.808028 0.600000
1.231228 -1.158867 0.338743 -0.547255 1.894315 0.087497 0.004113 -0.861612 0.650000
1.823240 -1.098121 0.337126 -0.542970 1.849578 0.095324 0.006893 -0.920514 0.700000
2.190448 -1.030927 0.335433 -0.538151 1.803445 0.108161 0.010010 -0.924397 0.750000
2.659740 -0.562587 0.333656 -0.532599 1.757908 0.123728 0.013438 -0.900264 0.800000
2.654320 -0.295621 0.331807 -0.526145 1.718395 0.142978 0.016730 -0.704322 0.850000
3.135442 0.083675 0.329910 -0.518715 1.688826 0.161525 0.019361 -0.501822 0.900000
3.237704 0.342915 0.327974 -0.510232 1.670906 0.184063 0.020894 -0.242642 0.950000
2.808226 0.676253 0.325986 -0.500600 1.665608 0.207021 0.020904 0.006468 1.000000
2.801088 0.990249 0.323930 -0.489935 1.673645 0.225468 0.018936 0.287251 1.050000
3.697899 1.482223 0.321767 -0.478381 1.695773 0.243417 0.014575 0.567424 1.100000
4.432154 1.616282 0.319391 -0.465774 1.733619 0.269049 0.007130 0.905887 1.150000
3.892212 2.074226 0.316629 -0.451807 1.784901 0.300066 -0.003549 1.118240 1.200000
4.407046 1.631456 0.313339 -0.436541 1.848517 0.323813 -0.017616 1.389498 1.250000
4.149228 1.190905 0.309371 -0.420110 1.916614 0.349964 -0.033383 1.342226 1.300000
4.531856 1.308116 0.304615 -0.402582 1.978514 0.371618 -0.048163 1.160096 1.350000
5.252590 1.747220 0.299003 -0.384039 2.035641 0.395112 -0.062148 1.130257 1.400000
5.073744 1.836939 0.292351 -0.364377 2.096670 0.422839 -0.077866 1.290426 1.450000
4.361996 1.697352 0.284499 -0.343661 2.164267 0.445614 -0.096171 1.399735 1.500000
4.641491 1.889293 0.275476 -0.322254 2.234239 0.458804 -0.115464 1.400861 1.550000
3.698888 1.682635 0.265286 -0.300406 2.306520 0.471801 -0.135522 1.480769 1.600000
3.867153 1.531982 0.254003 -0.278395 2.379475 0.473435 -0.155477 1.444514 1.650000
4.743006 1.501730 0.241748 -0.256476 2.449821 0.475252 -0.173944 1.380277 1.700000
3.808429 1.042577 0.228342 -0.234588 2.517902 0.483984 -0.191265 1.349194 1.750000
4.044518 0.821905 0.213818 -0.212837 2.580191 0.483762 -0.206175 1.168729 1.800000
3.772859 0.831854 0.198327 -0.191359 2.634099 0.487029 -0.217734 1.009814 1.850000
3.165754 0.375444 0.181897 -0.170181 2.682764 0.488453 -0.227167 0.945913 1.900000
2.919209 0.221607 0.164727 -0.149419 2.724249 0.485898 -0.233745 0.739464 1.950000
3.882906 0.178977 0.147006 -0.129126 2.756751 0.483743 -0.236926 0.579511 2.000000
3.201717 0.646566 0.128576 -0.109206 2.783052 0.492514 -0.237918 0.483745 2.050000
4.164688 1.013332 0.109394 -0.089636 2.811216 0.493956 -0.239647 0.626800 2.100000
3.734454 0.883637 0.089424 -0.070477 2.848690 0.501097 -0.244716 0.846514 2.150000
4.332928 0.947376 0.068596 -0.051802 2.892586 0.501490 -0.251981 0.902925 2.200000
4.024124 0.520759 0.046908 -0.033688 2.939253 0.506005 -0.260064 0.957754 2.250000
4.039165 0.495985 0.024334 -0.016184 2.983230 0.507957 -0.266978 0.819431 2.300000
4.313363 0.896955 0.000960 0.000684 3.022155 0.511457 -0.271906 0.747009 2.350000
4.104742 0.570291 -0.023256 0.016894 3.063062 0.516342 -0.277525 0.874382 2.400000
4.317415 0.097901 -0.048274 0.032380 3.104922 0.518416 -0.283377 0.808794 2.450000
4.750834 -0.392529 -0.074074 0.047120 3.139275 0.525020 -0.286344 0.591653 2.500000
5.505379 -0.733260 -0.100822 0.061158 -3.122845 0.540471 -0.284420 0.284923 2.550000
4.705991 -0.823859 -0.128833 0.074574 -3.116982 0.568181 -0.276877 -0.020012 2.600000
4.226416 -0.662308 -0.158120 0.087482 -3.123694 0.592005 -0.264529 -0.228215 2.650000
4.750260 -0.238055 -0.188379 0.099994 -3.136406 0.612353 -0.249955 -0.276052 2.700000
4.072316 0.127140 -0.219587 0.112164 3.137106 0.635475 -0.237070 -0.126312 2.750000
4.417299 0.582762 -0.251632 0.123965 3.137285 0.648109 -0.229026 0.110624 2.800000
4.481871 0.085019 -0.284350 0.135304 -3.131488 0.659024 -0.227905 0.432837 2.850000
4.350658 -0.103080 -0.317757 0.146064 -3.110787 0.668131 -0.229860 0.399464 2.900000
3.397264 -0.538861 -0.351804 0.156227 -3.093394 0.676634 -0.230284 0.306490 2.950000
2.706004 -0.102706 -0.386234 0.165841 -3.084459 0.678587 -0.226664 0.073753 3.000000
2.174618 0.272183 -0.420688 0.175004 -3.079291 0.675239 -0.221373 0.127005 3.050000
2.664530 0.018626 -0.454873 0.183723 -3.067863 0.665269 -0.219238 0.310807 3.100000
2.614444 0.407650 -0.488763 0.191950 -3.052563 0.659136 -0.218928 0.301860 3.150000
2.288597 0.327226 -0.522455 0.199659 -3.033166 0.651566 -0.220478 0.457233 3.200000
1.879267 0.280720 -0.555840 0.206814 -3.008995 0.639793 -0.224028 0.504345 3.250000
2.704002 0.023714 -0.588741 0.213418 -2.983648 0.624240 -0.227746 0.508796 3.300000
2.288275 0.292066 -0.621270 0.219464 -2.961076 0.617743 -0.229901 0.405385 3.350000
1.769054 0.707595 -0.653545 0.224964 -2.939246 0.607833 -0.231534 0.461477 3.400000
1.516890 0.862913 -0.685337 0.229940 -2.910689 0.591308 -0.235782 0.658156 3.450000
2.034935 1.278297 -0.716432 0.234381 -2.873346 0.570065 -0.243128 0.816395 3.500000
2.141081 1.531476 -0.746847 0.238225 -2.825818 0.550631 -0.253749 1.054503 3.550000
3.061297 1.390367 -0.776648 0.241378 -2.767262 0.528312 -0.267527 1.260141 3.600000
3.305515 1.012016 -0.805981 0.243723 -2.703201 0.512285 -0.282056 1.297645 3.650000
4.119500 0.807646 -0.835048 0.245151 -2.641896 0.499094 -0.294400 1.172303 3.700000
5.110244 1.259341 -0.864061 0.245560 -2.587012 0.495697 -0.303667 1.041167 3.750000
5.587071 1.002453 -0.893348 0.244732 -2.531603 0.500726 -0.312858 1.160410 3.800000
6.000000 1.427936 -0.923076 0.242443 -2.474764 0.508659 -0.322472 1.119962 3.850000
6.000000 1.045172 -0.953284 0.238539 -2.414517 0.517799 -0.333368 1.270844 3.900000
5.540494 0.949306 -0.983869 0.232924 -2.353107 0.525133 -0.344626 1.197249 3.950000
5.099750 0.717827 -1.014636 0.225659 -2.295068 0.528621 -0.354455 1.134061 4.000000
5.464452 0.443808 -1.045354 0.216895 -2.241587 0.529391 -0.362297 1.020947 4.050000
4.526711 0.101547 -1.075968 0.206643 -2.194917 0.536404 -0.367416 0.866466 4.100000
4.221980 0.217148 -1.106392 0.195018 -2.157371 0.538757 -0.369010 0.660558 4.150000
4.592794 0.042139 -1.136487 0.182261 -2.125834 0.541154 -0.368318 0.607209 4.200000
4.214559 -0.214723 -1.166259 0.168365 -2.098170 0.548873 -0.366256 0.510608 4.250000
4.109567 -0.473839 -1.195725 0.153343 -2.076907 0.556032 -0.361891 0.356702 4.300000
3.330908 -0.887939 -1.224878 0.137299 -2.064289 0.566275 -0.354354 0.167284 4.350000
3.774188 -0.886094 -1.253709 0.120420 -2.063645 0.574671 -0.342299 -0.115395 4.400000
3.249060 -0.993164 -1.282314 0.102780 -2.073791 0.591710 -0.326206 -0.275086 4.450000
2.963873 -1.255896 -1.310785 0.084424 -2.091238 0.606054 -0.307459 -0.409764 4.500000
2.429367 -1.331885 -1.339129 0.065560 -2.116799 0.619927 -0.285654 -0.593861 4.550000
1.767193 -1.350180 -1.367358 0.046404 -2.150113 0.630321 -0.260949 -0.725561 4.600000
2.290090 -1.042266 -1.395412 0.027247 -2.188636 0.634732 -0.234594 -0.808239 4.650000
1.990674 -1.111822 -1.423326 0.008170 -2.226999 0.642409 -0.209075 -0.737557 4.700000
1.067987 -1.081671 -1.451130 -0.010825 -2.263960 0.645332 -0.184942 -0.742983 4.750000
1.020191 -1.051864 -1.478652 -0.029477 -2.301122 0.638439 -0.161610 -0.746103 4.800000
0.713550 -0.874965 -1.505755 -0.047594 -2.338417 0.630271 -0.139225 -0.748294 4.850000
1.318532 -1.122081 -1.532385 -0.065111 -2.374152 0.618247 -0.118576 -0.690658 4.900000
1.219745 -1.311889 -1.558591 -0.082081 -2.410906 0.611501 -0.098426 -0.772175 4.950000
0.654453 -1.076704 -1.584489 -0.098563 -2.452958 0.603709 -0.076861 -0.896992 5.000000
1.059719 -1.224772 -1.609988 -0.114422 -2.497099 0.589965 -0.055472 -0.874055 5.050000
0.831671 -0.907867 -1.635061 -0.129629 -2.542365 0.579363 -0.034723 -0.931672 5.100000
1.360498 -0.650954 -1.659739 -0.144203 -2.586416 0.565824 -0.015568 -0.843516 5.150000
1.892888 -1.147188 -1.684063 -0.158208 -2.624748 0.556652 0.000292 -0.707834 5.200000
1.918679 -0.796390 -1.708230 -0.171790 -2.663994 0.551975 0.015798 -0.846691 5.250000
1.898779 -1.246598 -1.732362 -0.184977 -2.704439 0.546875 0.031103 -0.780745 5.300000
2.109077 -1.019325 -1.756454 -0.197745 -2.747737 0.540802 0.046844 -0.933643 5.350000
2.022623 -1.368389 -1.780547 -0.210060 -2.794067 0.535770 0.063035 -0.922543 5.400000
1.059071 -1.518404 -1.804658 -0.221894 -2.844035 0.528758 0.079862 -1.059954 5.450000
1.671696 -1.434456 -1.828535 -0.233113 -2.900565 0.511118 0.098102 -1.185821 5.500000
1.794511 -1.689161 -1.852083 -0.243648 -2.960652 0.497975 0.116375 -1.215076 5.550000
1.175158 -1.608409 -1.875442 -0.253515 -3.024646 0.484353 0.134818 -1.329985 5.600000
1.929260 -1.780302 -1.898457 -0.262668 -3.091783 0.463348 0.152891 -1.353240 5.650000
2.265333 -1.998344 -1.921123 -0.271098 3.121528 0.447983 0.170363 -1.431484 5.700000
2.784371 -1.503327 -1.943646 -0.278788 3.046615 0.433476 0.188072 -1.548700 5.750000
3.041713 -1.934680 -1.966164 -0.285696 2.972985 0.423009 0.204092 -1.416743 5.800000
3.875041 -2.116164 -1.988809 -0.291789 2.899031 0.413713 0.219150 -1.526151 5.850000
4.387587 -2.514266 -2.011741 -0.296963 2.819447 0.409254 0.234976 -1.640908 5.900000
3.475546 -2.909820 -2.035129 -0.301053 2.731823 0.405296 0.252356 -1.834788 5.950000
3.955578 -3.000000 -2.058708 -0.304027 2.633780 0.387177 0.271373 -2.051855 6.000000
3.771509 -3.000000 -2.082199 -0.305879 2.527930 0.368742 0.290539 -2.163546 6.050000
2.894292 -3.000000 -2.105501 -0.306575 2.418588 0.345273 0.308327 -2.203189 6.100000
2.718257 -3.000000 -2.128303 -0.306307 2.308070 0.311645 0.323526 -2.214520 6.150000
2.666189 -2.909426 -2.150363 -0.305308 2.197338 0.275586 0.335482 -2.213415 6.200000
1.855936 -2.664668 -2.171630 -0.303685 2.087744 0.239456 0.343952 -2.175077 6.250000
1.270573 -3.000000 -2.192022 -0.301672 1.982066 0.198079 0.348476 -2.067817 6.300000
1.500504 -3.000000 -2.211461 -0.299604 1.876588 0.152556 0.349547 -2.136722 6.350000
0.963244 -3.000000 -2.229994 -0.297609 1.769284 0.110130 0.347443 -2.150359 6.400000
1.728782 -2.877247 -2.247705 -0.295787 1.661872 0.064817 0.342063 -2.144204 6.450000
0.932516 -2.657595 -2.264696 -0.294079 1.556205 0.030130 0.333755 -2.089523 6.500000
1.523346 -2.163766 -2.281062 -0.292459 1.454748 -0.007424 0.322988 -1.984044 6.550000
1.701587 -2.628275 -2.296865 -0.290908 1.361945 -0.032766 0.310454 -1.762283 6.600000
0.863850 -3.000000 -2.312110 -0.289175 1.271531 -0.052883 0.296950 -1.840795 6.650000
1.005342 -2.760917 -2.326872 -0.287394 1.174880 -0.080742 0.282075 -1.998270 6.700000
0.407988 -2.464880 -2.341250 -0.285698 1.075847 -0.105074 0.265764 -1.967205 6.750000
0.334720 -2.896379 -2.355322 -0.284113 0.980958 -0.130350 0.248625 -1.847016 6.800000
0.825879 -3.000000 -2.369181 -0.282690 0.885497 -0.153258 0.230403 -1.953621 6.850000
0.000000 -3.000000 -2.382793 -0.281286 0.785631 -0.169605 0.210978 -2.028513 6.900000
0.484314 -3.000000 -2.396231 -0.279884 0.683423 -0.190946 0.190583 -2.055245 6.950000
0.339401 -2.892012 -2.409539 -0.278466 0.580372 -0.204299 0.169518 -2.065439 7.000000
0.000000 -2.852467 -2.422626 -0.276910 0.478065 -0.215380 0.148397 -2.032768 7.050000
0.675527 -2.995105 -2.435544 -0.275217 0.377131 -0.226018 0.127432 -2.009113 7.100000
1.515341 -3.000000 -2.448167 -0.273316 0.275398 -0.227239 0.106639 -2.053639 7.150000
1.820594 -3.000000 -2.460103 -0.271090 0.172118 -0.218000 0.086609 -2.074967 7.200000
2.342654 -2.877403 -2.471042 -0.268531 0.068063 -0.203665 0.068020 -2.086245 7.250000
2.323059 -2.999788 -2.480753 -0.265722 -0.035187 -0.182496 0.051494 -2.050580 7.300000
1.675812 -3.000000 -2.489104 -0.262791 -0.138661 -0.160181 0.037110 -2.083455 7.350000
2.355111 -3.000000 -2.496260 -0.259853 -0.243226 -0.142901 0.024555 -2.097276 7.400000
1.363958 -3.000000 -2.502237 -0.257047 -0.348269 -0.118340 0.013945 -2.103679 7.450000
0.518154 -3.000000 -2.507144 -0.254463 -0.453543 -0.102558 0.005184 -2.106934 7.500000
0.769744 -3.000000 -2.511417 -0.252022 -0.558938 -0.094079 -0.002381 -2.108713 7.550000
0.000000 -3.000000 -2.515203 -0.249724 -0.664402 -0.082574 -0.008943 -2.109777 7.600000
0.780618 -2.556979 -2.518618 -0.247535 -0.769909 -0.077785 -0.014674 -2.110461 7.650000
1.739744 -2.224588 -2.521686 -0.245504 -0.870902 -0.065281 -0.019330 -1.955126 7.700000
1.809747 -2.368448 -2.524183 -0.243977 -0.963556 -0.044046 -0.022289 -1.779201 7.750000
2.199712 -2.011782 -2.526056 -0.243185 -1.052076 -0.022819 -0.023639 -1.763902 7.800000
2.759411 -2.240887 -2.527362 -0.243255 -1.136356 0.001176 -0.023489 -1.628169 7.850000
3.187107 -2.160570 -2.528128 -0.244404 -1.218629 0.029313 -0.021787 -1.658044 7.900000
4.057169 -2.636423 -2.528415 -0.246852 -1.301016 0.060094 -0.018413 -1.640096 7.950000
4.324821 -2.438291 -2.528313 -0.250878 -1.387806 0.097402 -0.012883 -1.805680 8.000000
3.428066 -2.708614 -2.527977 -0.256710 -1.477864 0.135033 -0.004967 -1.797957 8.050000
2.578729 -2.769730 -2.527645 -0.264134 -1.570506 0.161800 0.005030 -1.892807 8.100000
3.382550 -2.529430 -2.527522 -0.272661 -1.666839 0.178241 0.016556 -1.951342 8.150000
3.764881 -2.227459 -2.527769 -0.282191 -1.762590 0.199981 0.028918 -1.889330 8.200000
3.973006 -1.810960 -2.528557 -0.292893 -1.853297 0.223050 0.041621 -1.760146 8.250000
3.096522 -1.435900 -2.530040 -0.304778 -1.935562 0.246164 0.053963 -1.561567 8.300000
2.570745 -1.532022 -2.532244 -0.317588 -2.007432 0.259766 0.065083 -1.345364 8.350000
3.001917 -1.534387 -2.535085 -0.330933 -2.073205 0.267497 0.075237 -1.293449 8.400000
2.281046 -1.785089 -2.538591 -0.344719 -2.137329 0.278216 0.085158 -1.274787 8.450000
1.880461 -1.298179 -2.542751 -0.358807 -2.203596 0.280680 0.095472 -1.363888 8.500000
0.961032 -1.187444 -2.547436 -0.372907 -2.267681 0.278735 0.104997 -1.220083 8.550000
1.551084 -1.337519 -2.552444 -0.386753 -2.325747 0.268467 0.112743 -1.116742 8.600000
2.140962 -1.430682 -2.557714 -0.400284 -2.381942 0.263803 0.119563 -1.129558 8.650000
3.099020 -1.716187 -2.563438 -0.413672 -2.439619 0.264036 0.126342 -1.172134 8.700000
2.115456 -1.764179 -2.569891 -0.427098 -2.501887 0.271790 0.133939 -1.301262 8.750000
1.936813 -1.472811 -2.577059 -0.440473 -2.569082 0.268512 0.142313 -1.376237 8.800000
2.831169 -1.557611 -2.584711 -0.453571 -2.635697 0.263085 0.150071 -1.299458 8.850000
3.329442 -1.496449 -2.592981 -0.466436 -2.700681 0.265847 0.157196 -1.300231 8.900000
4.122372 -1.025520 -2.602145 -0.479157 -2.765088 0.272634 0.164184 -1.279479 8.950000
4.356452 -0.922154 -2.612467 -0.491773 -2.823773 0.287245 0.170262 -1.093953 9.000000
5.322847 -1.169227 -2.624156 -0.504300 -2.875080 0.304740 0.175250 -0.974713 9.050000
6.000000 -0.902168 -2.637456 -0.516729 -2.925087 0.330472 0.180584 -1.020749 9.100000
5.596109 -0.597690 -2.652690 -0.529026 -2.973904 0.361390 0.186431 -0.943352 9.150000
4.695273 -0.564127 -2.669865 -0.541094 -3.016830 0.388472 0.191497 -0.793624 9.200000
4.410817 -1.063369 -2.688626 -0.552815 -3.054249 0.407284 0.195539 -0.713752 9.250000
5.326758 -1.043914 -2.708644 -0.564092 -3.094514 0.421703 0.200751 -0.877684 9.300000
5.099609 -0.623438 -2.729993 -0.574825 -3.140460 0.442134 0.208025 -0.952081 9.350000
4.523561 -0.493649 -2.752758 -0.584919 3.098665 0.459728 0.215032 -0.827256 9.400000
4.457426 -0.760666 -2.776697 -0.594330 3.060294 0.472570 0.220386 -0.721387 9.450000
3.827808 -1.080434 -2.801614 -0.603033 3.022583 0.484198 0.225682 -0.780855 9.500000
4.277102 -1.288292 -2.827278 -0.610982 2.979109 0.487402 0.232994 -0.939147 9.550000
3.868414 -1.651670 -2.853553 -0.618093 2.927713 0.491591 0.242932 -1.097140 9.600000
4.015220 -1.680522 -2.880337 -0.624275 2.866812 0.487817 0.255848 -1.310583 9.650000
3.358237 -1.542297 -2.907438 -0.629447 2.798276 0.481699 0.270723 -1.416720 9.700000
4.162427 -1.451858 -2.934632 -0.633594 2.727575 0.467556 0.285298 -1.412462 9.750000
4.708969 -1.654350 -2.961872 -0.636675 2.657912 0.460537 0.298481 -1.379548 9.800000
4.056240 -1.942459 -2.989361 -0.638530 2.587088 0.457170 0.311333 -1.444872 9.850000
4.710165 -1.870692 -3.016951 -0.639143 2.510947 0.444322 0.325032 -1.580946 9.900000
5.060543 -1.924804 -3.044492 -0.638485 2.431044 0.434963 0.338812 -1.611153 9.950000
4.192220 -2.323515 -3.072036 -0.636398 2.349521 0.427016 0.352108 -1.645134 10.000000
4.803634 -2.697537 -3.099349 -0.632972 2.262676 0.407259 0.365716 -1.803647 10.050000
3.960826 -2.588429 -3.126211 -0.628272 2.166882 0.387809 0.380169 -1.996517 10.100000
3.895348 -2.915589 -3.152425 -0.622407 2.066182 0.356933 0.393662 -2.025411 10.150000
4.610303 -2.902519 -3.177775 -0.615624 1.961382 0.322747 0.405337 -2.144659 10.200000
4.901394 -3.000000 -3.202230 -0.607867 1.853198 0.293171 0.414948 -2.175686 10.250000
4.998025 -2.806457 -3.225784 -0.598992 1.743252 0.265223 0.422347 -2.213799 10.300000
5.291854 -2.481332 -3.248366 -0.588984 1.634297 0.238932 0.427164 -2.153021 10.350000
4.783718 -2.611631 -3.269910 -0.577798 1.530742 0.219030 0.429123 -2.011516 10.400000
5.016040 -2.472536 -3.290346 -0.565516 1.430454 0.196949 0.428997 -2.000133 10.450000
5.189067 -2.184847 -3.309601 -0.552259 1.332143 0.179160 0.427180 -1.940615 10.500000
4.405659 -2.140728 -3.327582 -0.537983 1.238845 0.166902 0.423752 -1.811094 10.550000
3.616051 -2.529787 -3.344262 -0.522859 1.150277 0.151049 0.418985 -1.741253 10.600000
3.778231 -2.379510 -3.359732 -0.507283 1.060067 0.128161 0.413347 -1.848274 10.650000
4.433599 -2.424616 -3.374035 -0.491457 0.968203 0.107491 0.406639 -1.827852 10.700000
5.138284 -2.863043 -3.387043 -0.475271 0.876689 0.094779 0.399060 -1.831095 10.750000
4.623597 -2.813417 -3.398528 -0.458560 0.780626 0.087608 0.391423 -1.985645 10.800000
4.771497 -2.700374 -3.408441 -0.441428 0.680276 0.074680 0.383599 -2.021376 10.850000
4.430083 -2.330134 -3.416812 -0.424055 0.580073 0.064791 0.375226 -1.990983 10.900000
4.039783 -2.208069 -3.423637 -0.406565 0.484739 0.055723 0.366253 -1.845307 10.950000
3.948911 -1.797770 -3.429014 -0.389120 0.395392 0.047485 0.356801 -1.743966 11.000000
3.858853 -1.524695 -3.433001 -0.371837 0.313677 0.043510 0.347043 -1.553383 11.050000
4.818013 -1.153165 -3.435588 -0.354793 0.241125 0.044170 0.337254 -1.374771 11.100000
4.414084 -1.483743 -3.436532 -0.338005 0.178483 0.059124 0.327848 -1.161365 11.150000
4.264262 -1.458822 -3.435690 -0.321529 0.119394 0.072075 0.319265 -1.197885 11.200000
4.492806 -1.537886 -3.433230 -0.305484 0.059261 0.083351 0.311550 -1.206786 11.250000
4.463750 -1.805655 -3.429179 -0.289964 -0.002098 0.096406 0.304713 -1.243194 11.300000
4.539131 -2.200447 -3.423559 -0.275067 -0.067645 0.107508 0.298959 -1.362394 11.350000
4.959392 -2.228630 -3.416452 -0.260901 -0.141455 0.116022 0.294534 -1.561196 11.400000
4.572465 -2.226282 -3.407861 -0.247598 -0.222158 0.125769 0.291329 -1.653388 11.450000
3.928813 -2.049591 -3.397890 -0.235274 -0.305881 0.130668 0.288923 -1.690107 11.500000
4.631006 -2.010514 -3.386872 -0.223965 -0.388950 0.129918 0.286654 -1.640208 11.550000
4.892607 -2.509185 -3.374872 -0.213766 -0.469990 0.136758 0.284456 -1.606772 11.600000
4.933931 -2.051840 -3.361790 -0.204853 -0.555224 0.144345 0.283200 -1.776656 11.650000
5.407687 -2.105964 -3.347715 -0.197343 -0.641202 0.151857 0.282490 -1.678148 11.700000
5.882464 -2.407987 -3.332679 -0.191393 -0.724614 0.164524 0.282146 -1.661545 11.750000
5.984176 -2.713792 -3.316676 -0.187220 -0.810740 0.180050 0.283006 -1.767789 11.800000
6.000000 -2.760395 -3.299828 -0.184979 -0.903567 0.193142 0.285614 -1.921414 11.850000
5.576693 -2.818217 -3.282371 -0.184733 -1.001845 0.203337 0.289657 -1.997836 11.900000
5.084263 -2.782100 -3.264604 -0.186424 -1.103192 0.207399 0.294499 -2.048095 11.950000
5.841420 -2.844201 -3.246853 -0.189864 -1.205778 0.205560 0.299423 -2.054361 12.000000
6.000000 -3.000000 -3.229300 -0.195094 -1.309219 0.209793 0.304393 -2.079504 12.050000
6.000000 -2.903452 -3.212092 -0.202273 -1.415088 0.213597 0.309856 -2.144620 12.100000
6.000000 -3.000000 -3.195451 -0.211364 -1.522041 0.215998 0.315514 -2.135437 12.150000
6.000000 -3.000000 -3.179596 -0.222275 -1.629732 0.217165 0.321227 -2.167073 12.200000
6.000000 -3.000000 -3.164730 -0.234892 -1.738433 0.217012 0.326928 -2.179121 12.250000
5.605325 -3.000000 -3.151042 -0.249080 -1.847529 0.215865 0.332436 -2.184009 12.300000
4.930523 -3.000000 -3.138673 -0.264600 -1.956780 0.210242 0.337505 -2.185625 12.350000
5.192034 -3.000000 -3.127663 -0.281069 -2.066047 0.197873 0.341692 -2.184597 12.400000
5.622143 -3.000000 -3.118068 -0.298258 -2.175217 0.187917 0.344848 -2.182125 12.450000
5.430293 -3.000000 -3.110051 -0.316159 -2.284262 0.181991 0.347259 -2.179795 12.500000
5.869311 -2.808438 -3.103714 -0.334653 -2.393197 0.174254 0.349039 -2.177549 12.550000
6.000000 -2.733784 -3.099165 -0.353607 -2.500073 0.171663 0.350091 -2.109031 12.600000
6.000000 -2.250390 -3.096560 -0.372931 -2.604045 0.171647 0.350655 -2.058378 12.650000
5.566784 -2.213279 -3.095971 -0.392459 -2.701463 0.174715 0.350482 -1.869495 12.700000
5.216942 -2.211238 -3.097350 -0.411987 -2.792521 0.176713 0.349712 -1.786213 12.750000
5.020203 -2.390625 -3.100535 -0.431287 -2.880896 0.176759 0.348705 -1.753838 12.800000
5.140355 -2.726704 -3.105382 -0.450174 -2.970095 0.174701 0.347785 -1.805764 12.850000
4.750272 -2.339678 -3.111815 -0.468489 -3.064432 0.171502 0.347377 -1.945028 12.900000
5.453879 -2.199676 -3.119692 -0.486080 3.124033 0.164694 0.346660 -1.857470 12.950000
5.256155 -2.632879 -3.129043 -0.502817 3.033588 0.166821 0.345308 -1.773747 13.000000
4.873647 -3.000000 -3.139918 -0.518570 2.941306 0.166315 0.344303 -1.897619 13.050000
5.082927 -2.666246 -3.152053 -0.533227 2.841314 0.158764 0.343965 -2.072620 13.100000
4.299701 -2.528129 -3.165267 -0.546681 2.739304 0.152577 0.343343 -2.016733 13.150000
4.620903 -2.710489 -3.179339 -0.558892 2.640530 0.140999 0.341756 -1.945211 13.200000
5.517776 -2.403316 -3.194085 -0.569825 2.542209 0.133315 0.339517 -1.981199 13.250000
4.823143 -2.875518 -3.209635 -0.579257 2.445959 0.135531 0.336954 -1.884597 13.300000
4.743847 -3.000000 -3.225904 -0.587091 2.347896 0.130700 0.334592 -2.016011 13.350000
5.125631 -2.841688 -3.242587 -0.593405 2.244461 0.123195 0.332363 -2.105802 13.400000
4.184458 -2.573285 -3.259571 -0.598115 2.139890 0.119349 0.329879 -2.080948 13.450000
3.614397 -2.844361 -3.276648 -0.601303 2.038899 0.108894 0.326647 -1.975522 13.500000
2.964483 -3.000000 -3.293545 -0.603256 1.938519 0.094301 0.322600 -2.029738 13.550000
2.480978 -3.000000 -3.310066 -0.604253 1.834960 0.073453 0.317616 -2.099600 13.600000
2.059460 -2.863930 -3.326086 -0.604576 1.729372 0.048831 0.311212 -2.119104 13.650000
2.363079 -2.411136 -3.341556 -0.604444 1.624737 0.022650 0.303094 -2.072616 13.700000
1.660669 -2.757474 -3.356480 -0.603864 1.526363 0.004058 0.293529 -1.891157 13.750000
2.148798 -2.463596 -3.370871 -0.602895 1.430265 -0.018142 0.282897 -1.943129 13.800000
1.876026 -2.668232 -3.384729 -0.601576 1.335674 -0.032966 0.271395 -1.854203 13.850000
2.374660 -2.191469 -3.398043 -0.599838 1.241865 -0.047981 0.259322 -1.891515 13.900000
1.873952 -2.415495 -3.410772 -0.597623 1.151879 -0.054939 0.247071 -1.732873 13.950000
1.389677 -2.832889 -3.422885 -0.594915 1.064672 -0.063897 0.234868 -1.752112 14.000000
0.710896 -2.592061 -3.434468 -0.591929 0.972530 -0.077076 0.222159 -1.908245 14.050000
0.153732 -2.847764 -3.445676 -0.588895 0.877955 -0.095147 0.208709 -1.878971 14.100000
0.000000 -2.731603 -3.456694 -0.586001 0.781720 -0.116380 0.194277 -1.957202 14.150000
0.000000 -2.681348 -3.467653 -0.583306 0.684257 -0.136598 0.178814 -1.943267 14.200000
0.000000 -2.636404 -3.478580 -0.580753 0.587782 -0.153730 0.162695 -1.919490 14.250000
0.000000 -2.658799 -3.489461 -0.578268 0.492530 -0.167822 0.146201 -1.894696 14.300000
0.000000 -3.000000 -3.500271 -0.575786 0.397818 -0.179130 0.129483 -1.894157 14.350000
0.000000 -2.924939 -3.510983 -0.573252 0.299561 -0.188403 0.112182 -2.016401 14.400000
0.000000 -2.722713 -3.521570 -0.570612 0.198177 -0.195427 0.094476 -2.036182 14.450000
0.000000 -3.000000 -3.531986 -0.567828 0.098192 -0.199616 0.077171 -1.974056 14.500000
0.817697 -2.622430 -3.542176 -0.564883 -0.002756 -0.201408 0.060107 -2.051585 14.550000
1.532249 -2.314331 -3.551901 -0.561772 -0.102329 -0.193172 0.044053 -1.948947 14.600000
1.055138 -1.922977 -3.560769 -0.558575 -0.195542 -0.176286 0.030277 -1.803556 14.650000
1.785780 -1.607745 -3.568719 -0.555388 -0.280070 -0.162622 0.019034 -1.608194 14.700000
2.183028 -1.377463 -3.575715 -0.552330 -0.354945 -0.141362 0.010270 -1.415554 14.750000
2.467740 -0.917432 -3.581550 -0.549576 -0.420997 -0.116373 0.003850 -1.250091 14.800000
1.761706 -0.694743 -3.586144 -0.547278 -0.476497 -0.089193 -0.000359 -1.003004 14.850000
1.934975 -0.718984 -3.589665 -0.545459 -0.521037 -0.069378 -0.002871 -0.803699 14.900000
1.456181 -0.529068 -3.592288 -0.544104 -0.558844 -0.048613 -0.004366 -0.718847 14.950000
1.561857 -0.594056 -3.594131 -0.543198 -0.591506 -0.033053 -0.005172 -0.601368 15.000000
0.616023 -0.118978 -3.595313 -0.542708 -0.620680 -0.017093 -0.005518 -0.569239 15.050000
0.637356 -0.124132 -3.596034 -0.542524 -0.643303 -0.010561 -0.005557 -0.358792 15.100000
0.000000 0.083423 -3.596493 -0.542521 -0.658255 -0.004133 -0.005450 -0.250541 15.150000
0.000000 0.028328 -3.596817 -0.542609 -0.666774 -0.003917 -0.005290 -0.104690 15.200000
0.000000 -0.244000 -3.597128 -0.542695 -0.670431 -0.003746 -0.005121 -0.047132 15.250000
0.756432 -0.020028 -3.597428 -0.542778 -0.675082 -0.003575 -0.004960 -0.130840 15.300000
1.338868 0.096091 -3.597580 -0.542970 -0.680295 0.003623 -0.004794 -0.082340 15.350000
0.814920 0.053314 -3.597346 -0.543462 -0.682310 0.015945 -0.004620 -0.005513 15.400000
1.120505 -0.104609 -3.596735 -0.544252 -0.681893 0.022923 -0.004471 0.019816 15.450000
1.225011 0.110977 -3.595796 -0.545296 -0.682360 0.032485 -0.004309 -0.033487 15.500000
2.037137 0.500680 -3.594471 -0.546646 -0.682334 0.042657 -0.004166 0.028687 15.550000
2.850027 0.250040 -3.592605 -0.548423 -0.675390 0.059956 -0.004291 0.229415 15.600000
3.333027 0.386840 -3.589916 -0.550837 -0.663796 0.084126 -0.004743 0.233931 15.650000
2.660379 0.224451 -3.586189 -0.554034 -0.650450 0.111849 -0.005523 0.293768 15.700000
3.559914 -0.169883 -3.581484 -0.557937 -0.636743 0.132250 -0.006527 0.258255 15.750000
3.346807 0.159380 -3.575784 -0.562537 -0.628916 0.160269 -0.007106 0.073149 15.800000
2.559926 0.037930 -3.568996 -0.567899 -0.624237 0.185260 -0.007446 0.110478 15.850000
3.208773 -0.343534 -3.561347 -0.573851 -0.619553 0.201978 -0.007839 0.079867 15.900000
3.827459 -0.414481 -3.552895 -0.580351 -0.620491 0.224133 -0.007416 -0.100362 15.950000
4.072754 -0.403003 -3.543444 -0.587571 -0.629100 0.251240 -0.005692 -0.231072 16.000000
4.033666 -0.596480 -3.532892 -0.595629 -0.642485 0.279570 -0.002958 -0.297610 16.050000
4.552465 -0.487838 -3.521271 -0.604556 -0.660581 0.306372 0.000936 -0.414051 16.100000
5.501694 -0.563160 -3.508573 -0.614431 -0.681753 0.336814 0.005764 -0.431270 16.150000
5.436655 -0.796770 -3.494613 -0.625476 -0.704456 0.374693 0.011337 -0.472739 16.200000
4.724786 -0.981534 -3.479340 -0.637829 -0.731382 0.410177 0.018509 -0.591510 16.250000
4.162110 -0.515455 -3.463019 -0.651392 -0.764762 0.437123 0.027986 -0.728469 16.300000
4.615553 -0.176323 -3.445989 -0.665984 -0.797925 0.457340 0.037604 -0.612581 16.350000
5.069635 -0.194237 -3.428334 -0.681574 -0.823200 0.481009 0.044763 -0.420669 16.400000
5.200397 -0.224957 -3.409943 -0.698280 -0.841765 0.508148 0.049782 -0.332083 16.450000
5.215953 0.002007 -3.390769 -0.716169 -0.857496 0.535474 0.053944 -0.301061 16.500000
5.351200 -0.213330 -3.370837 -0.735232 -0.869541 0.562023 0.056813 -0.192356 16.550000
5.877458 -0.240864 -3.350162 -0.755456 -0.880077 0.588806 0.059214 -0.226250 16.600000
6.000000 -0.034239 -3.328705 -0.776932 -0.892275 0.619182 0.062464 -0.259034 16.650000
5.793393 0.421629 -3.306438 -0.799748 -0.903402 0.649469 0.065367 -0.193372 16.700000
5.682014 0.206750 -3.283400 -0.823835 -0.906836 0.677231 0.064739 0.034002 16.750000
6.000000 -0.144479 -3.259616 -0.849048 -0.904138 0.703322 0.061209 0.070571 16.800000
5.153382 -0.197588 -3.235070 -0.875370 -0.904143 0.731027 0.059156 -0.058676 16.850000
4.613916 -0.277235 -3.209914 -0.902681 -0.909710 0.749260 0.060099 -0.154965 16.900000
5.386225 -0.353349 -3.184426 -0.930722 -0.919887 0.761315 0.063551 -0.243838 16.950000
5.251532 -0.710057 -3.158645 -0.959543 -0.934362 0.779563 0.069356 -0.327519 17.000000
5.815236 -0.797830 -3.132576 -0.989276 -0.956166 0.794891 0.079265 -0.524834 17.050000
4.874618 -0.523919 -3.106307 -1.020032 -0.986392 0.813439 0.093922 -0.669991 17.100000
4.914061 -0.802305 -3.080022 -1.051751 -1.019070 0.821512 0.109767 -0.642847 17.150000
5.755393 -0.811484 -3.053925 -1.084248 -1.054209 0.828486 0.126707 -0.752447 17.200000
6.000000 -0.567842 -3.028031 -1.117703 -1.093703 0.841297 0.145901 -0.822129 17.250000
6.000000 -0.794312 -3.002340 -1.152325 -1.133354 0.854770 0.164879 -0.773241 17.300000
6.000000 -0.661156 -2.976925 -1.188136 -1.174200 0.866349 0.184306 -0.854117 17.350000
6.000000 -0.330827 -2.951915 -1.225105 -1.216842 0.875863 0.204468 -0.855044 17.400000
6.000000 0.076665 -2.927405 -1.263192 -1.256269 0.884802 0.222173 -0.739383 17.450000
5.474653 -0.341388 -2.903405 -1.302359 -1.287385 0.895120 0.234244 -0.531744 17.500000
5.949358 -0.322056 -2.879928 -1.342454 -1.316002 0.900457 0.244509 -0.606388 17.550000
6.000000 0.104614 -2.857049 -1.383432 -1.347349 0.908609 0.256306 -0.645336 17.600000
5.502662 0.311016 -2.834802 -1.425377 -1.375570 0.917527 0.265819 -0.501860 17.650000
6.000000 0.342178 -2.813177 -1.468165 -1.396446 0.923838 0.270332 -0.350641 17.700000
6.000000 0.411504 -2.792115 -1.511782 -1.411513 0.936524 0.270987 -0.262032 17.750000
5.201674 -0.048122 -2.771555 -1.556326 -1.422559 0.950130 0.269058 -0.187672 17.800000
5.451000 0.392522 -2.751515 -1.601580 -1.436158 0.954827 0.269033 -0.340750 17.850000
4.653662 0.048711 -2.732076 -1.647384 -1.450430 0.961382 0.269489 -0.240870 17.900000
4.539652 -0.110097 -2.713245 -1.693594 -1.464972 0.960150 0.270164 -0.331475 17.950000
4.397913 0.286778 -2.695098 -1.739973 -1.484716 0.955959 0.274341 -0.446488 18.000000
4.587629 0.728194 -2.677697 -1.786443 -1.504227 0.950625 0.278121 -0.345211 18.050000
4.377127 0.418870 -2.660982 -1.833031 -1.514936 0.950554 0.275754 -0.106769 18.100000
4.951591 0.650055 -2.644834 -1.879767 -1.520185 0.950601 0.269800 -0.102567 18.150000
4.115769 1.001602 -2.629203 -1.926742 -1.522450 0.957086 0.262027 0.003050 18.200000
3.919476 1.104200 -2.614003 -1.973909 -1.516402 0.958440 0.248853 0.220035 18.250000
3.304502 1.489321 -2.599094 -2.021056 -1.500684 0.960899 0.229526 0.393852 18.300000
4.166368 1.447855 -2.584323 -2.068019 -1.473715 0.960349 0.203159 0.659688 18.350000
4.310384 1.417324 -2.569486 -2.114869 -1.437025 0.969187 0.170951 0.796918 18.400000
4.301201 1.386331 -2.554406 -2.161806 -1.395129 0.978381 0.136015 0.875295 18.450000
4.903945 1.237081 -2.538961 -2.208797 -1.350082 0.985573 0.099837 0.926529 18.500000
5.563442 1.369228 -2.523032 -2.255897 -1.304124 0.995942 0.063978 0.919153 18.550000
5.355755 1.317185 -2.506471 -2.303299 -1.256199 1.009838 0.027526 0.994825 18.600000
5.958709 1.806899 -2.489148 -2.350983 -1.205409 1.018829 -0.010147 1.038200 18.650000
5.482353 2.135161 -2.470910 -2.398892 -1.146922 1.029931 -0.052564 1.277015 18.700000
5.897776 2.578865 -2.451556 -2.446834 -1.075819 1.031128 -0.103067 1.538866 18.750000
5.894709 2.621730 -2.430889 -2.494497 -0.990223 1.028241 -0.162451 1.848214 18.800000
6.000000 2.552573 -2.408707 -2.541590 -0.892938 1.015166 -0.227795 2.025945 18.850000
5.165411 2.423473 -2.384961 -2.587757 -0.789455 0.992827 -0.294048 2.110333 18.900000
4.701442 2.000180 -2.359845 -2.632556 -0.683494 0.953608 -0.357392 2.133196 18.950000
5.475954 2.215825 -2.333736 -2.675583 -0.580261 0.904724 -0.413318 2.020993 19.000000
5.042556 2.535482 -2.306743 -2.716788 -0.477725 0.858198 -0.463305 2.075605 19.050000
5.264164 2.471824 -2.278980 -2.756081 -0.369826 0.799393 -0.510808 2.217965 19.100000
4.478062 2.497502 -2.250694 -2.793300 -0.258031 0.735769 -0.553986 2.248348 19.150000
5.177120 2.186843 -2.222220 -2.828378 -0.145179 0.660723 -0.590572 2.260389 19.200000
5.833371 2.059819 -2.193738 -2.861351 -0.035514 0.593011 -0.618631 2.142260 19.250000
5.977043 1.983911 -2.165019 -2.892337 0.068697 0.535297 -0.638562 2.038975 19.300000
6.000000 1.986503 -2.135935 -2.921390 0.168363 0.482911 -0.652024 1.956368 19.350000
5.749156 2.352341 -2.106498 -2.948529 0.264883 0.434201 -0.660377 1.907271 19.400000
5.491898 2.612303 -2.076834 -2.973774 0.363023 0.382797 -0.665469 1.997580 19.450000
6.000000 2.904589 -2.047183 -2.997176 0.465986 0.326216 -0.667813 2.097398 19.500000
6.000000 2.409077 -2.017623 -3.018737 0.574297 0.271649 -0.667135 2.209162 19.550000
5.247272 2.412080 -1.988143 -3.038431 0.680277 0.221752 -0.662002 2.050669 19.600000
4.852927 2.558083 -1.958874 -3.056360 0.780640 0.172845 -0.652559 1.970831 19.650000
5.498031 2.522588 -1.930006 -3.072699 0.879305 0.125146 -0.639848 1.969903 19.700000
6.000000 2.377392 -1.901515 -3.087404 0.976954 0.088006 -0.624552 1.936866 19.750000
6.000000 2.653134 -1.873268 -3.100240 1.071590 0.061597 -0.607450 1.858112 19.800000
6.000000 2.892379 -1.845266 -3.111073 1.166244 0.038423 -0.589335 1.915964 19.850000
6.000000 3.000000 -1.817620 -3.119914 1.264908 0.015343 -0.570411 2.012191 19.900000
5.760328 2.540369 -1.790451 -3.126797 1.367429 -0.007215 -0.550584 2.075699 19.950000
5.174098 2.628490 -1.763888 -3.131784 1.466971 -0.026172 -0.529974 1.928511 20.000000
5.345843 2.644776 -1.738057 -3.135020 1.562586 -0.044302 -0.508922 1.899254 20.050000
5.529905 2.912356 -1.713067 -3.136593 1.657288 -0.056800 -0.487634 1.889491 20.100000
5.103423 3.000000 -1.689026 -3.136440 1.754362 -0.065915 -0.466302 1.978363 20.150000
4.858881 3.000000 -1.666034 -3.134683 1.855074 -0.078083 -0.444814 2.039289 20.200000
5.010415 3.000000 -1.644157 -3.131532 1.957621 -0.090199 -0.423115 2.058702 20.250000
4.809755 2.915285 -1.623495 -3.127058 2.060723 -0.097745 -0.401441 2.064250 20.300000
5.139388 3.000000 -1.604152 -3.121328 2.163114 -0.103495 -0.380106 2.036107 20.350000
5.676035 3.000000 -1.586264 -3.114388 2.265511 -0.103047 -0.359350 2.056733 20.400000
6.000000 3.000000 -1.570071 -3.106187 2.368619 -0.095155 -0.339590 2.066788 20.450000
5.888764 3.000000 -1.555836 -3.096729 2.472149 -0.082082 -0.321281 2.074228 20.500000
6.000000 3.000000 -1.543714 -3.086172 2.576030 -0.068236 -0.304595 2.080920 20.550000
6.000000 3.000000 -1.533804 -3.074730 2.680236 -0.051782 -0.289610 2.087320 20.600000
6.000000 2.676558 -1.526205 -3.062625 2.784759 -0.034082 -0.276414 2.093576 20.650000
5.725327 2.702997 -1.520972 -3.050103 2.886276 -0.014211 -0.265118 1.986040 20.700000
6.000000 2.560608 -1.518077 -3.037428 2.984796 0.004844 -0.255651 1.959983 20.750000
6.000000 2.717681 -1.517516 -3.024847 3.081130 0.027631 -0.247958 1.903610 20.800000
5.500467 2.444305 -1.519316 -3.012593 -3.105768 0.050463 -0.242116 1.942525 20.850000
4.970034 2.571881 -1.523282 -3.000902 -3.010975 0.068936 -0.237813 1.862871 20.900000
5.255480 2.372585 -1.529093 -2.989957 -2.917313 0.082617 -0.234699 1.881191 20.950000
4.951127 2.349153 -1.536588 -2.979928 -2.825070 0.099213 -0.232603 1.819132 21.000000
4.958406 2.453678 -1.545653 -2.970968 -2.734983 0.113229 -0.231427 1.789617 21.050000
5.625829 2.028332 -1.556096 -2.963194 -2.644687 0.126800 -0.231204 1.818247 21.100000
4.904350 2.459827 -1.567912 -2.956806 -2.557837 0.147118 -0.231719 1.678472 21.150000
5.598734 2.654211 -1.580943 -2.951907 -2.470890 0.159797 -0.233282 1.783593 21.200000
5.659301 2.262535 -1.594989 -2.948593 -2.378460 0.176429 -0.236361 1.896366 21.250000
6.000000 2.267553 -1.609971 -2.947058 -2.286407 0.192665 -0.240333 1.801743 21.300000
6.000000 2.461582 -1.625750 -2.947448 -2.197225 0.211848 -0.244925 1.771336 21.350000
6.000000 2.131663 -1.642153 -2.949873 -2.106880 0.229270 -0.250717 1.833630 21.400000
6.000000 1.781426 -1.658939 -2.954358 -2.017860 0.245723 -0.257146 1.742597 21.450000
5.097310 1.931120 -1.675899 -2.960917 -1.935325 0.263063 -0.263234 1.584188 21.500000
5.323718 1.754342 -1.692778 -2.969345 -1.856260 0.271912 -0.269238 1.579803 21.550000
5.686359 1.532962 -1.709356 -2.979465 -1.779121 0.282588 -0.275192 1.516080 21.600000
6.000000 1.866744 -1.725517 -2.991372 -1.706330 0.297248 -0.280728 1.411844 21.650000
6.000000 2.175433 -1.741141 -3.005171 -1.633308 0.313574 -0.286954 1.497720 21.700000
5.919032 1.817860 -1.756049 -3.020834 -1.554039 0.326085 -0.295145 1.651075 21.750000
6.000000 1.576514 -1.770048 -3.038213 -1.473400 0.335884 -0.303963 1.585503 21.800000
5.667845 1.620074 -1.782989 -3.057208 -1.397336 0.347036 -0.311950 1.474668 21.850000
5.578253 1.343065 -1.794760 -3.077668 -1.324340 0.355174 -0.319422 1.449758 21.900000
6.000000 1.500243 -1.805275 -3.099394 -1.255022 0.363065 -0.326092 1.339715 21.950000
5.546149 1.823122 -1.814421 -3.122363 -1.187576 0.374775 -0.332537 1.356812 22.000000
6.000000 2.037595 -1.822112 -3.146432 -1.115985 0.379270 -0.340271 1.488549 22.050000
5.919095 2.167262 -1.828251 -3.171413 -1.037656 0.383822 -0.349796 1.625089 22.100000
5.736151 2.500683 -1.832714 -3.197177 -0.953397 0.383508 -0.360715 1.729855 22.150000
5.231177 2.573597 -1.835469 -3.223454 -0.862198 0.376747 -0.372918 1.892589 22.200000
5.712589 2.087233 -1.836583 -3.249890 -0.765034 0.360977 -0.385505 1.979505 22.250000
5.006148 2.249350 -1.836042 -3.276296 -0.670171 0.350005 -0.396100 1.837847 22.300000
5.408524 2.370155 -1.833886 -3.302528 -0.578168 0.333225 -0.404699 1.841079 22.350000
6.000000 2.139287 -1.830181 -3.328404 -0.484881 0.319133 -0.412283 1.883052 22.400000
5.399264 1.945995 -1.824751 -3.353896 -0.392710 0.310846 -0.418585 1.814495 22.450000
4.587524 1.894530 -1.817617 -3.378879 -0.304796 0.299058 -0.423071 1.716748 22.500000
3.637509 1.903239 -1.809110 -3.403144 -0.220672 0.281947 -0.425710 1.656335 22.550000
4.493818 1.630980 -1.799653 -3.426526 -0.138581 0.257653 -0.426625 1.629523 22.600000
4.333979 1.518932 -1.789287 -3.448975 -0.060423 0.244534 -0.425702 1.513192 22.650000
3.904883 1.219258 -1.777855 -3.470479 0.012600 0.233569 -0.423272 1.420332 22.700000
4.117840 1.264017 -1.765497 -3.490996 0.079214 0.223012 -0.419322 1.265243 22.750000
3.162166 1.571015 -1.752256 -3.510500 0.140999 0.217966 -0.414398 1.212818 22.800000
4.120858 1.597636 -1.738334 -3.528983 0.204232 0.203841 -0.409458 1.302723 22.850000
5.068064 1.786152 -1.723791 -3.546404 0.270659 0.197825 -0.404699 1.347398 22.900000
5.745855 2.018391 -1.708268 -3.562610 0.340555 0.199356 -0.400504 1.435670 22.950000
4.946304 2.051332 -1.691521 -3.577414 0.415866 0.204546 -0.397415 1.558835 23.000000
5.258731 1.569486 -1.673723 -3.590752 0.495579 0.200023 -0.395074 1.620031 23.050000
4.960130 1.318598 -1.655099 -3.602598 0.572161 0.200528 -0.392228 1.466102 23.100000
4.784633 1.816307 -1.635703 -3.612886 0.640977 0.202683 -0.388442 1.309060 23.150000
4.359340 1.320870 -1.615694 -3.621625 0.709884 0.203413 -0.384913 1.429846 23.200000
3.947205 1.798024 -1.595292 -3.628877 0.777496 0.201173 -0.381254 1.293709 23.250000
3.904926 1.579130 -1.574709 -3.634749 0.845630 0.195253 -0.377631 1.413955 23.300000
4.412394 1.966855 -1.554113 -3.639318 0.915370 0.188686 -0.374037 1.379966 23.350000
4.118546 1.791896 -1.533516 -3.642496 0.988066 0.185922 -0.370754 1.508773 23.400000
4.780390 2.105765 -1.512997 -3.644259 1.063118 0.179672 -0.367644 1.494835 23.450000
5.142229 2.570336 -1.492617 -3.644538 1.140996 0.178712 -0.364831 1.603808 23.500000
6.000000 2.468706 -1.472408 -3.643156 1.227307 0.177236 -0.363135 1.815504 23.550000
5.105181 2.280523 -1.452452 -3.639906 1.319369 0.181115 -0.362287 1.860078 23.600000
5.134800 2.262898 -1.432919 -3.634843 1.410901 0.176898 -0.361373 1.809041 23.650000
6.000000 2.123629 -1.414001 -3.628200 1.500584 0.174161 -0.360038 1.782303 23.700000
6.000000 1.801955 -1.395817 -3.619809 1.587953 0.180865 -0.358582 1.722258 23.750000
6.000000 1.360762 -1.378510 -3.609518 1.670055 0.190042 -0.356964 1.583572 23.800000
6.000000 1.010676 -1.362224 -3.597372 1.743017 0.203477 -0.354772 1.367335 23.850000
6.000000 1.208436 -1.347081 -3.583401 1.805117 0.221832 -0.351840 1.148124 23.900000
5.656592 1.167390 -1.333185 -3.567651 1.862059 0.242158 -0.349049 1.132837 23.950000
4.664818 1.251740 -1.320607 -3.550295 1.918165 0.259083 -0.346963 1.114798 24.000000
4.927276 1.125529 -1.309323 -3.531732 1.974663 0.266085 -0.345506 1.141873 24.050000
5.650871 0.989167 -1.299334 -3.512220 2.030765 0.275537 -0.344348 1.107351 24.100000
6.000000 1.189149 -1.290793 -3.491631 2.084279 0.292626 -0.343235 1.042800 24.150000
5.386541 1.634132 -1.283870 -3.469841 2.137890 0.312291 -0.342902 1.095848 24.200000
5.487845 1.673266 -1.278584 -3.447053 2.198282 0.322278 -0.344698 1.293488 24.250000
6.000000 2.122289 -1.274916 -3.423557 2.265859 0.329219 -0.348448 1.395696 24.300000
6.000000 1.783526 -1.272997 -3.399432 2.341715 0.336263 -0.354384 1.607911 24.350000
6.000000 1.851711 -1.272939 -3.374810 2.421051 0.340691 -0.361217 1.571711 24.400000
5.357065 2.010623 -1.274773 -3.349868 2.500004 0.344404 -0.367950 1.585071 24.450000
5.319705 2.387539 -1.278388 -3.324871 2.581128 0.340174 -0.374963 1.650157 24.500000
5.809563 2.757646 -1.283634 -3.300093 2.668334 0.331830 -0.382830 1.812584 24.550000
5.569355 3.000000 -1.290554 -3.275693 2.764587 0.322620 -0.391987 2.005971 24.600000
6.000000 3.000000 -1.299115 -3.251865 2.869399 0.305709 -0.401826 2.159847 24.650000
5.029944 2.726275 -1.309262 -3.228806 2.978922 0.289524 -0.411060 2.211464 24.700000
4.330363 2.694602 -1.320778 -3.206691 3.087143 0.264491 -0.418073 2.129794 24.750000
3.989678 2.657931 -1.333215 -3.185648 -3.090876 0.234861 -0.422184 2.082751 24.800000
4.921232 2.984890 -1.346279 -3.165721 -2.987796 0.204026 -0.423556 2.044495 24.850000
5.444603 2.946080 -1.360055 -3.146968 -2.882799 0.181872 -0.423216 2.137868 24.900000
5.618091 2.599767 -1.374775 -3.129522 -2.775472 0.164240 -0.421679 2.151466 24.950000
5.213847 2.883011 -1.390497 -3.113521 -2.671410 0.151091 -0.418634 2.030354 25.000000
5.824273 2.806641 -1.407089 -3.099031 -2.568356 0.135757 -0.414565 2.081882 25.050000
5.306605 2.919068 -1.424465 -3.086158 -2.464596 0.126907 -0.409814 2.069744 25.100000
4.810803 3.000000 -1.442511 -3.074983 -2.360164 0.113917 -0.404489 2.101153 25.150000
5.364144 3.000000 -1.460914 -3.065396 -2.254059 0.096713 -0.398354 2.135799 25.200000
5.517450 3.000000 -1.479550 -3.057446 -2.147011 0.085741 -0.391435 2.143825 25.250000
6.000000 2.670802 -1.498378 -3.051299 -2.039807 0.077566 -0.384043 2.143679 25.300000
6.000000 2.603439 -1.517310 -3.047123 -1.936029 0.077045 -0.376379 2.026938 25.350000
6.000000 2.306114 -1.536224 -3.045063 -1.836607 0.079808 -0.368840 1.960949 25.400000
5.380643 2.641028 -1.554934 -3.045141 -1.742325 0.086004 -0.361575 1.831538 25.450000
4.958097 2.874418 -1.573235 -3.047210 -1.648662 0.087400 -0.354817 1.903385 25.500000
4.292185 2.467173 -1.590928 -3.050969 -1.550319 0.083414 -0.348499 2.012134 25.550000
4.109992 2.503316 -1.607872 -3.056092 -1.452797 0.074633 -0.341884 1.905553 25.600000
3.307508 2.915582 -1.623976 -3.062352 -1.358346 0.066802 -0.334782 1.876581 25.650000
3.254457 2.869727 -1.639209 -3.069474 -1.260632 0.051272 -0.327295 2.009217 25.700000
3.368000 2.801331 -1.653571 -3.077194 -1.159322 0.035298 -0.319077 2.037474 25.750000
3.428953 2.350404 -1.667017 -3.085483 -1.057933 0.022126 -0.310098 2.020160 25.800000
3.102328 2.621373 -1.679477 -3.094344 -0.961819 0.013466 -0.300569 1.851386 25.850000
3.648449 2.837517 -1.690928 -3.103704 -0.868310 0.004391 -0.290772 1.883323 25.900000
3.987294 2.469998 -1.701292 -3.113539 -0.771591 0.000736 -0.280910 1.970939 25.950000
3.575069 2.099533 -1.710385 -3.123917 -0.675909 0.002032 -0.271297 1.872412 26.000000
3.789027 1.636372 -1.718158 -3.134744 -0.587212 0.003186 -0.262088 1.702343 26.050000
3.318916 1.556350 -1.724575 -3.145916 -0.508866 0.010971 -0.253429 1.467178 26.100000
3.776000 1.512509 -1.729628 -3.157331 -0.439080 0.017866 -0.245409 1.342510 26.150000
4.687043 1.748990 -1.733286 -3.168907 -0.373885 0.030979 -0.238095 1.275303 26.200000
4.840668 1.879543 -1.735244 -3.180665 -0.308325 0.052550 -0.231871 1.339008 26.250000
3.952020 2.342705 -1.735292 -3.192554 -0.239126 0.074099 -0.227040 1.418402 26.300000
2.993501 2.288856 -1.733646 -3.204378 -0.162277 0.084629 -0.223610 1.625152 26.350000
2.478550 2.660768 -1.730795 -3.215916 -0.079197 0.084295 -0.220933 1.688317 26.400000
1.553834 2.897722 -1.727130 -3.227036 0.009809 0.077710 -0.218490 1.846647 26.450000
2.502066 3.000000 -1.723045 -3.237680 0.106290 0.060890 -0.215749 1.988744 26.500000
1.669598 3.000000 -1.718577 -3.247812 0.208247 0.052328 -0.212455 2.074812 26.550000
1.891280 2.626269 -1.713735 -3.257419 0.312846 0.036097 -0.208450 2.103620 26.600000
2.006210 2.997182 -1.708676 -3.266515 0.414446 0.024011 -0.203458 1.980446 26.650000
2.338269 3.000000 -1.703326 -3.275058 0.515944 0.014203 -0.197858 2.064989 26.700000
3.116011 2.770937 -1.697623 -3.282977 0.620083 0.007948 -0.191892 2.095241 26.750000
3.590741 2.879149 -1.691398 -3.290087 0.722806 0.010360 -0.185977 2.025452 26.800000
2.625612 2.935696 -1.684494 -3.296142 0.824469 0.018144 -0.180640 2.039061 26.850000
2.622101 2.632979 -1.677093 -3.301172 0.927155 0.017117 -0.175744 2.064134 26.900000
3.342688 2.772397 -1.669433 -3.305308 1.027514 0.017316 -0.170950 1.966398 26.950000
3.370707 2.516262 -1.661509 -3.308371 1.126241 0.025203 -0.166599 1.980573 27.000000
4.290058 2.395073 -1.653348 -3.310183 1.222797 0.034075 -0.162934 1.895774 27.050000
4.800972 2.436276 -1.645007 -3.310515 1.315445 0.052436 -0.160216 1.822424 27.100000
4.029575 2.120064 -1.636555 -3.309044 1.406243 0.075508 -0.158886 1.811855 27.150000
5.002469 1.886281 -1.628185 -3.305859 1.493468 0.091401 -0.158636 1.695779 27.200000
4.726632 2.378870 -1.620070 -3.300941 1.574547 0.117036 -0.159228 1.567630 27.250000
5.509880 2.026884 -1.612365 -3.294189 1.656725 0.138745 -0.161301 1.699954 27.300000
4.601368 2.164496 -1.605267 -3.285584 1.739593 0.166442 -0.164799 1.626907 27.350000
3.717385 2.160411 -1.598934 -3.275264 1.821631 0.184363 -0.169431 1.651566 27.400000
2.996877 1.721631 -1.593417 -3.263758 1.904499 0.192632 -0.174774 1.661999 27.450000
3.300034 1.312306 -1.588695 -3.251523 1.983121 0.194333 -0.179623 1.506479 27.500000
4.045202 1.687633 -1.584789 -3.238702 2.052292 0.200658 -0.183193 1.291554 27.550000
3.363772 1.222760 -1.581849 -3.225125 2.118357 0.214106 -0.186694 1.344215 27.600000
2.655756 0.815005 -1.579926 -3.210867 2.181247 0.221207 -0.190043 1.192801 27.650000
3.535051 1.013678 -1.578868 -3.196250 2.234599 0.223695 -0.191974 0.970798 27.700000
3.566627 1.383791 -1.578720 -3.181268 2.282502 0.235556 -0.193235 0.948630 27.750000
4.023954 1.124035 -1.579630 -3.165818 2.333757 0.246256 -0.195428 1.084357 27.800000
4.491313 1.269192 -1.581692 -3.149918 2.386917 0.260104 -0.198320 1.047557 27.850000
4.188350 0.812314 -1.585077 -3.133512 2.440481 0.277413 -0.201789 1.090161 27.900000
4.010940 0.509654 -1.589821 -3.116679 2.490602 0.291934 -0.205023 0.935477 27.950000
4.135067 0.202504 -1.595844 -3.099551 2.532081 0.306473 -0.206817 0.747542 28.000000
4.829005 -0.224625 -1.603133 -3.082166 2.563548 0.324340 -0.206773 0.536367 28.050000
4.051534 -0.042186 -1.611843 -3.064419 2.582617 0.351440 -0.204237 0.257206 28.100000
3.147877 -0.344749 -1.621931 -3.046309 2.593548 0.372555 -0.200045 0.187578 28.150000
3.681895 -0.463919 -1.633028 -3.028039 2.598396 0.386134 -0.194484 0.022414 28.200000
3.542888 -0.914687 -1.645031 -3.009623 2.595587 0.406141 -0.187011 -0.121005 28.250000
3.201881 -1.294872 -1.657982 -2.990961 2.582137 0.426635 -0.176589 -0.389501 28.300000
3.763023 -1.096280 -1.671729 -2.972019 2.554408 0.446174 -0.161894 -0.686576 28.350000
4.127275 -0.848486 -1.686238 -2.952663 2.518136 0.471295 -0.144489 -0.756676 28.400000
4.222235 -0.935593 -1.701592 -2.932713 2.482041 0.497889 -0.127092 -0.695378 28.450000
5.217772 -1.232755 -1.717781 -2.912091 2.447039 0.523264 -0.110015 -0.704644 28.500000
5.631885 -1.467240 -1.734893 -2.890602 2.408257 0.556503 -0.091321 -0.832393 28.550000
5.378881 -1.667054 -1.753027 -2.867966 2.362201 0.591935 -0.069331 -0.991496 28.600000
5.775598 -2.108317 -1.772014 -2.844083 2.308180 0.622671 -0.043557 -1.150825 28.650000
5.073964 -1.749902 -1.791644 -2.818849 2.243599 0.654135 -0.012634 -1.400898 28.700000
4.739762 -1.278446 -1.811604 -2.792260 2.174029 0.674938 0.020771 -1.387910 28.750000
4.786609 -0.837440 -1.831552 -2.764527 2.109476 0.689003 0.051445 -1.221481 28.800000
5.188479 -0.635592 -1.851353 -2.735770 2.054899 0.701338 0.076727 -0.995117 28.850000
4.254517 -0.279465 -1.871019 -2.705959 2.009974 0.716340 0.096803 -0.826066 28.900000
4.022009 -0.771800 -1.890482 -2.675266 1.974643 0.722343 0.111604 -0.614433 28.950000
3.424828 -0.778107 -1.909633 -2.643979 1.941112 0.725548 0.125116 -0.716676 29.000000
3.236385 -0.806181 -1.928326 -2.612293 1.903630 0.721725 0.140187 -0.777229 29.050000
4.210937 -1.058751 -1.946428 -2.580394 1.863458 0.714999 0.155973 -0.825652 29.100000
3.863131 -0.780788 -1.963923 -2.548120 1.818537 0.715631 0.173558 -0.957009 29.150000
3.651411 -0.871215 -1.980759 -2.515363 1.771813 0.711495 0.191376 -0.918991 29.200000
4.545381 -0.807910 -1.996857 -2.482284 1.725166 0.704494 0.208356 -0.945494 29.250000
5.010413 -1.262764 -2.012193 -2.448759 1.678050 0.704887 0.224867 -0.941789 29.300000
5.110459 -1.082066 -2.026731 -2.414523 1.625801 0.706833 0.243448 -1.126463 29.350000
4.835843 -0.976403 -2.040347 -2.379527 1.568866 0.706649 0.263750 -1.150362 29.400000
5.270042 -1.133476 -2.052947 -2.343897 1.511965 0.702412 0.283224 -1.130664 29.450000
5.605963 -0.655445 -2.064458 -2.307669 1.453755 0.700371 0.302550 -1.191848 29.500000
6.000000 -0.269398 -2.074793 -2.270749 1.398375 0.701291 0.319726 -1.045197 29.550000
5.991737 -0.617168 -2.083912 -2.233009 1.352022 0.708701 0.331913 -0.837348 29.600000
6.000000 -0.307577 -2.091801 -2.194387 1.308857 0.716462 0.342339 -0.885171 29.650000
5.413294 -0.286480 -2.098412 -2.154963 1.267222 0.724109 0.351823 -0.793311 29.700000
6.000000 -0.253266 -2.103766 -2.114917 1.228876 0.727091 0.359434 -0.747349 29.750000
6.000000 -0.319043 -2.107844 -2.074297 1.192372 0.735921 0.365978 -0.717796 29.800000
5.763204 -0.504097 -2.110576 -2.033035 1.156009 0.744124 0.372442 -0.736009 29.850000
5.001929 -0.072310 -2.111950 -1.991272 1.116765 0.747965 0.380373 -0.824354 29.900000
5.049580 0.196104 -2.112031 -1.949310 1.079064 0.744998 0.387180 -0.699510 29.950000
5.585656 0.051349 -2.110910 -1.907296 1.048744 0.746231 0.389796 -0.532915 30.000000
5.619331 0.041819 -2.108550 -1.865079 1.022742 0.754591 0.390133 -0.510363 30.050000
5.024933 -0.449981 -2.104890 -1.822569 0.997372 0.763229 0.390276 -0.505625 30.100000
5.379415 -0.823288 -2.099996 -1.779947 0.966551 0.763046 0.393479 -0.704669 30.150000
5.597652 -0.360757 -2.093853 -1.737415 0.924371 0.759793 0.402698 -0.952842 30.200000
6.000000 0.079716 -2.086338 -1.695038 0.878458 0.756082 0.413453 -0.892554 30.250000
6.000000 0.298311 -2.077360 -1.652746 0.839395 0.759577 0.420100 -0.695208 30.300000
5.007531 0.190408 -2.066879 -1.610431 0.809673 0.768014 0.421595 -0.515198 30.350000
5.706711 0.003980 -2.055082 -1.568221 0.785175 0.769853 0.420306 -0.469744 30.400000
6.000000 0.011796 -2.042030 -1.526178 0.760199 0.777856 0.419427 -0.523779 30.450000
5.313450 -0.107425 -2.027566 -1.484204 0.733274 0.787139 0.419816 -0.550925 30.500000
6.000000 0.273285 -2.011769 -1.442438 0.703944 0.788255 0.421644 -0.615266 30.550000
6.000000 0.224400 -1.994648 -1.400945 0.676525 0.796727 0.422401 -0.495780 30.600000
6.000000 0.439100 -1.976097 -1.359620 0.652802 0.806944 0.421215 -0.457954 30.650000
6.000000 0.319706 -1.956139 -1.318467 0.632837 0.818920 0.418073 -0.352459 30.700000
5.166755 0.038630 -1.934799 -1.277476 0.615340 0.831862 0.413787 -0.348224 30.750000
4.714627 -0.229562 -1.912265 -1.236798 0.594765 0.834884 0.411596 -0.462347 30.800000
4.174948 -0.644437 -1.888802 -1.196706 0.566986 0.829575 0.413741 -0.629749 30.850000
5.014391 -0.891692 -1.864622 -1.157466 0.528543 0.813287 0.421837 -0.877919 30.900000
4.484816 -1.279981 -1.839683 -1.119229 0.478597 0.798250 0.435817 -1.092985 30.950000
3.490509 -1.459671 -1.813969 -1.082145 0.416933 0.770778 0.455081 -1.340044 31.000000
3.063248 -1.681641 -1.787881 -1.046549 0.345007 0.727062 0.477541 -1.511407 31.050000
3.710447 -1.599944 -1.761828 -1.012671 0.265184 0.673808 0.500634 -1.657587 31.100000
4.051812 -1.449346 -1.735861 -0.980535 0.181676 0.623880 0.521648 -1.677480 31.150000
4.631994 -1.542321 -1.709832 -0.950064 0.099376 0.577937 0.538519 -1.620595 31.200000
4.348770 -1.418935 -1.683577 -0.921195 0.018248 0.538470 0.551811 -1.621728 31.250000
5.089434 -1.823829 -1.657082 -0.893905 -0.061289 0.497927 0.561710 -1.565089 31.300000
4.530847 -2.078509 -1.630292 -0.868196 -0.142896 0.463360 0.569851 -1.678959 31.350000
4.046492 -1.963567 -1.603279 -0.844089 -0.230500 0.419498 0.577293 -1.801872 31.400000
4.748916 -1.586994 -1.576397 -0.821541 -0.320362 0.370406 0.582178 -1.789663 31.450000
4.901525 -1.755967 -1.549625 -0.800539 -0.405370 0.333289 0.582894 -1.631268 31.500000
3.979431 -1.263379 -1.522752 -0.781133 -0.486590 0.302128 0.580682 -1.616343 31.550000
4.635670 -1.001301 -1.495945 -0.763237 -0.561688 0.268833 0.575422 -1.413698 31.600000
4.281424 -0.776373 -1.469194 -0.746840 -0.626879 0.251281 0.567166 -1.219115 31.650000
4.672068 -0.520892 -1.442373 -0.732008 -0.682815 0.238976 0.556912 -1.040503 31.700000
4.215249 -0.493797 -1.415428 -0.718785 -0.729645 0.238392 0.545232 -0.855697 31.750000
4.800631 -0.276288 -1.388333 -0.707193 -0.769649 0.239324 0.532838 -0.756184 31.800000
4.507473 -0.276986 -1.361059 -0.697276 -0.803682 0.250587 0.520025 -0.621571 31.850000
3.963294 -0.218283 -1.333554 -0.689092 -0.832964 0.262577 0.507105 -0.557591 31.900000
3.225495 -0.582856 -1.305965 -0.682494 -0.859321 0.271534 0.494319 -0.503026 31.950000
4.100660 -0.721068 -1.278513 -0.677238 -0.887822 0.272310 0.482520 -0.622816 32.000000
4.084608 -1.204342 -1.251245 -0.673311 -0.922147 0.277846 0.472358 -0.736703 32.050000
4.720868 -1.101678 -1.224129 -0.670821 -0.965879 0.277476 0.464500 -0.981535 32.100000
4.502668 -0.864412 -1.197211 -0.669827 -1.016982 0.278846 0.458385 -1.053045 32.150000
4.915733 -0.371734 -1.170526 -0.670382 -1.067924 0.278652 0.452463 -0.992240 32.200000
5.023848 -0.035786 -1.144093 -0.672531 -1.111312 0.287335 0.445367 -0.771252 32.250000
5.255277 0.205056 -1.117849 -0.676419 -1.143208 0.303998 0.436497 -0.533224 32.300000
6.000000 0.165573 -1.091736 -0.682151 -1.163904 0.329098 0.425899 -0.319209 32.350000
6.000000 -0.093732 -1.065639 -0.689942 -1.177367 0.364532 0.414359 -0.230447 32.400000
5.293209 -0.586211 -1.039504 -0.699911 -1.190757 0.398795 0.403574 -0.299872 32.450000
5.245462 -0.165448 -1.013467 -0.711816 -1.212555 0.420750 0.395922 -0.546237 32.500000
5.614635 -0.535365 -0.987705 -0.725401 -1.238690 0.439278 0.390146 -0.504732 32.550000
5.790135 -0.368975 -0.962260 -0.740686 -1.267622 0.459192 0.385856 -0.638359 32.600000
5.269229 -0.452254 -0.937188 -0.757726 -1.299628 0.478470 0.383130 -0.642526 32.650000
6.000000 -0.205381 -0.912589 -0.776386 -1.332841 0.491607 0.381292 -0.682095 32.700000
5.602295 -0.233698 -0.888523 -0.796668 -1.364811 0.511709 0.379452 -0.606748 32.750000
4.922126 -0.670963 -0.865014 -0.818608 -1.394533 0.528535 0.377274 -0.585522 32.800000
5.695641 -0.293876 -0.842169 -0.841904 -1.428505 0.536241 0.377070 -0.754040 32.850000
4.854030 0.007827 -0.820080 -0.866506 -1.464358 0.549837 0.377827 -0.688875 32.900000
5.779604 -0.281234 -0.798780 -0.892361 -1.494595 0.557941 0.376607 -0.538384 32.950000
5.106749 -0.667722 -0.778273 -0.919477 -1.522747 0.575409 0.374893 -0.583607 33.000000
4.762342 -0.789050 -0.758610 -0.947844 -1.556985 0.582838 0.376017 -0.765116 33.050000
4.403341 -0.768205 -0.739906 -0.977120 -1.599098 0.582615 0.380449 -0.902818 33.100000
5.144017 -1.160111 -0.722251 -1.007048 -1.645856 0.576366 0.386530 -0.960378 33.150000
4.247446 -1.097349 -0.705727 -1.037633 -1.698958 0.573441 0.394857 -1.140623 33.200000
3.983454 -1.194581 -0.690417 -1.068722 -1.757611 0.558669 0.404769 -1.197703 33.250000
3.817227 -1.439586 -0.676331 -1.099958 -1.819237 0.539621 0.414779 -1.258497 33.300000
3.209326 -1.846597 -0.663481 -1.131158 -1.885491 0.516333 0.425245 -1.374510 33.350000
3.774076 -1.952506 -0.651839 -1.162041 -1.959848 0.482644 0.436874 -1.569450 33.400000
4.371835 -1.458299 -0.641415 -1.192471 -2.041552 0.449988 0.448762 -1.680204 33.450000
5.196787 -1.214033 -0.632312 -1.222612 -2.121475 0.424139 0.457936 -1.536943 33.500000
5.254769 -1.344669 -0.624688 -1.252742 -2.193966 0.410829 0.463454 -1.384274 33.550000
4.462668 -1.145000 -0.618669 -1.283012 -2.262704 0.400504 0.467097 -1.367102 33.600000
4.846025 -1.302111 -0.614156 -1.313223 -2.328627 0.384757 0.469173 -1.280808 33.650000
5.046028 -1.392567 -0.611100 -1.343253 -2.393217 0.373906 0.470203 -1.299298 33.700000
5.924683 -1.248977 -0.609594 -1.373121 -2.459304 0.364307 0.471123 -1.337967 33.750000
6.000000 -1.101131 -0.609829 -1.402888 -2.525085 0.363380 0.471673 -1.298758 33.800000
6.000000 -1.492444 -0.611988 -1.432593 -2.587955 0.365031 0.471460 -1.226255 33.850000
5.497004 -1.792838 -0.616083 -1.462136 -2.652614 0.365467 0.471798 -1.343706 33.900000
5.867572 -1.773843 -0.621965 -1.491295 -2.724409 0.356553 0.473764 -1.504105 33.950000
5.999793 -1.787214 -0.629544 -1.519880 -2.801238 0.347974 0.476461 -1.560136 34.000000
6.000000 -1.751184 -0.638872 -1.547787 -2.879982 0.339453 0.479056 -1.585259 34.050000
6.000000 -2.140279 -0.649926 -1.574891 -2.959098 0.330782 0.481157 -1.579596 34.100000
5.758462 -2.591138 -0.662637 -1.601058 -3.042053 0.319707 0.483539 -1.716742 34.150000
5.787624 -2.458718 -0.676825 -1.626123 -3.134036 0.300574 0.486942 -1.927382 34.200000
6.000000 -2.472597 -0.692290 -1.649937 3.052014 0.278667 0.489910 -1.952170 34.250000
6.000000 -2.955573 -0.708980 -1.672387 2.954151 0.258814 0.491462 -1.959430 34.300000
5.004105 -3.000000 -0.726824 -1.693365 2.851291 0.236244 0.492384 -2.125209 34.350000
5.187222 -2.921738 -0.745436 -1.712850 2.743073 0.201690 0.491991 -2.189381 34.400000
6.000000 -3.000000 -0.764517 -1.730855 2.634007 0.169852 0.489153 -2.173089 34.450000
5.177000 -3.000000 -0.784190 -1.747231 2.524944 0.147366 0.484317 -2.185177 34.500000
4.612675 -3.000000 -0.804354 -1.761941 2.415769 0.118863 0.477680 -2.180060 34.550000
4.973857 -3.000000 -0.824665 -1.775151 2.307057 0.087634 0.468924 -2.167656 34.600000
4.361549 -2.566939 -0.845021 -1.786865 2.199025 0.062803 0.458280 -2.153764 34.650000
3.415663 -2.746994 -0.865336 -1.797102 2.096103 0.038029 0.445913 -1.988621 34.700000
2.788240 -2.352241 -0.885390 -1.806120 1.996758 0.009343 0.431990 -1.983655 34.750000
2.569463 -1.898731 -0.905007 -1.814223 1.901912 -0.019544 0.416539 -1.832432 34.800000
3.081383 -2.382944 -0.924140 -1.821531 1.816857 -0.041925 0.400127 -1.603672 34.850000
2.171274 -1.899224 -0.942819 -1.827911 1.734270 -0.055488 0.383328 -1.686331 34.900000
2.033720 -1.581041 -0.961020 -1.833447 1.654197 -0.073834 0.366291 -1.537989 34.950000
1.996016 -1.336293 -0.978703 -1.838329 1.582477 -0.086886 0.349448 -1.356584 35.000000
1.314762 -1.469615 -0.995856 -1.842531 1.519491 -0.094157 0.333254 -1.186347 35.050000
1.571492 -1.277257 -1.012473 -1.846174 1.460851 -0.104214 0.317562 -1.162245 35.100000
1.216123 -1.242181 -1.028556 -1.849337 1.405147 -0.109046 0.302337 -1.077285 35.150000
0.406672 -1.402167 -1.044102 -1.852021 1.352740 -0.114557 0.287711 -1.025777 35.200000
0.000000 -1.829210 -1.059170 -1.854481 1.300369 -0.126337 0.273282 -1.063783 35.250000
0.000000 -1.335640 -1.073853 -1.856987 1.242077 -0.142533 0.258270 -1.243151 35.300000
0.699380 -1.698012 -1.088225 -1.859620 1.183075 -0.157159 0.243069 -1.131848 35.350000
0.209243 -1.333867 -1.102241 -1.862185 1.123939 -0.163559 0.227947 -1.221557 35.400000
0.000000 -1.624094 -1.115901 -1.864616 1.065685 -0.172806 0.213128 -1.122170 35.450000
0.661353 -1.771597 -1.129282 -1.867028 1.007654 -0.182419 0.198463 -1.190004 35.500000
1.242997 -1.851350 -1.142344 -1.869309 0.945691 -0.185371 0.183537 -1.276886 35.550000
2.154711 -1.407169 -1.154933 -1.871209 0.879880 -0.182471 0.168626 -1.346351 35.600000
1.975412 -1.486632 -1.166816 -1.872469 0.816436 -0.169419 0.154894 -1.211116 35.650000
1.482701 -1.939286 -1.177838 -1.872995 0.756611 -0.156694 0.142649 -1.186020 35.700000
0.961802 -1.738705 -1.188085 -1.872947 0.692669 -0.148823 0.130824 -1.349394 35.750000
1.211379 -1.973865 -1.197737 -1.872519 0.625331 -0.145657 0.119293 -1.345109 35.800000
1.084264 -2.368599 -1.206827 -1.871774 0.555571 -0.139632 0.108136 -1.433075 35.850000
0.953865 -2.305917 -1.215329 -1.870720 0.478642 -0.134956 0.096929 -1.617054 35.900000
1.430200 -2.637553 -1.223295 -1.869408 0.396303 -0.131178 0.085819 -1.668903 35.950000
1.615647 -2.224776 -1.230635 -1.867835 0.308763 -0.122459 0.074992 -1.810853 36.000000
1.427195 -2.703332 -1.237192 -1.865993 0.220921 -0.111152 0.065126 -1.717777 36.050000
1.392546 -2.997055 -1.242948 -1.863947 0.131039 -0.101072 0.056121 -1.855934 36.100000
0.927213 -3.000000 -1.247954 -1.861770 0.033666 -0.091152 0.047551 -2.013455 36.150000
1.542158 -3.000000 -1.252328 -1.859523 -0.068730 -0.085135 0.039503 -2.072677 36.200000
0.859089 -3.000000 -1.256032 -1.857277 -0.173000 -0.072661 0.032301 -2.094632 36.250000
0.744462 -3.000000 -1.259092 -1.855086 -0.277974 -0.066087 0.026014 -2.103008 36.300000
1.640582 -2.792064 -1.261702 -1.852969 -0.383220 -0.059991 0.020402 -2.106373 36.350000
2.413821 -3.000000 -1.263707 -1.851052 -0.486454 -0.045017 0.015848 -2.035022 36.400000
1.802872 -3.000000 -1.264806 -1.849582 -0.589596 -0.022882 0.012826 -2.082755 36.450000
1.446119 -2.878110 -1.265049 -1.848663 -0.694238 -0.006966 0.011286 -2.100041 36.500000
1.125022 -3.000000 -1.264711 -1.848235 -0.798176 0.005190 0.010842 -2.063612 36.550000
1.319162 -2.816485 -1.263986 -1.848236 -0.902226 0.013909 0.011189 -2.093397 36.600000
2.140298 -3.000000 -1.262965 -1.848677 -1.005329 0.024028 0.012209 -2.039751 36.650000
2.469575 -2.565127 -1.261598 -1.849782 -1.108639 0.041190 0.014210 -2.085090 36.700000
2.724955 -2.739626 -1.259868 -1.851805 -1.208911 0.060474 0.017365 -1.948521 36.750000
2.064129 -3.000000 -1.257861 -1.854878 -1.306691 0.080960 0.021720 -1.960812 36.800000
2.594670 -3.000000 -1.255744 -1.858895 -1.407557 0.093769 0.027283 -2.057842 36.850000
1.814015 -3.000000 -1.253669 -1.863798 -1.511485 0.110065 0.033927 -2.093512 36.900000
1.562075 -3.000000 -1.251754 -1.869479 -1.616551 0.117438 0.041309 -2.107052 36.950000
2.269342 -2.570606 -1.250100 -1.875641 -1.722062 0.121096 0.048889 -2.112635 37.000000
2.434496 -2.871302 -1.248793 -1.882332 -1.823371 0.130418 0.056315 -1.964628 37.050000
2.669369 -2.933331 -1.247943 -1.889687 -1.923154 0.140006 0.064036 -2.018137 37.100000
3.566113 -3.000000 -1.247662 -1.897700 -2.025292 0.150104 0.072439 -2.060653 37.150000
2.858916 -3.000000 -1.248149 -1.906498 -2.129491 0.166711 0.081764 -2.100988 37.200000
2.097966 -2.709768 -1.249504 -1.915979 -2.235002 0.174583 0.091833 -2.117160 37.250000
2.908226 -2.430620 -1.251579 -1.925730 -2.338090 0.173986 0.101519 -2.022554 37.300000
3.107607 -2.344799 -1.254412 -1.935658 -2.435373 0.180485 0.110353 -1.890760 37.350000
3.887274 -2.228792 -1.258190 -1.945832 -2.527634 0.188233 0.118720 -1.812633 37.400000
3.729955 -2.583094 -1.263113 -1.956268 -2.616244 0.202495 0.127016 -1.743291 37.450000
3.042850 -2.703414 -1.269306 -1.966902 -2.706392 0.213428 0.136067 -1.846853 37.500000
2.423232 -3.000000 -1.276574 -1.977485 -2.801166 0.215517 0.145925 -1.930915 37.550000
1.527977 -3.000000 -1.284594 -1.987766 -2.901704 0.209297 0.156176 -2.068111 37.600000
0.850370 -3.000000 -1.292969 -1.997560 -3.006558 0.192699 0.165861 -2.117556 37.650000
1.824098 -2.500340 -1.301282 -2.006780 -3.112925 0.168839 0.173887 -2.133844 37.700000
2.557170 -2.616004 -1.309572 -2.015443 3.068550 0.155075 0.179666 -1.962850 37.750000
1.843834 -2.609598 -1.318222 -2.023547 2.971047 0.148988 0.184078 -1.940800 37.800000
2.528491 -2.905974 -1.327198 -2.031075 2.874327 0.136178 0.187598 -1.929485 37.850000
2.168214 -2.624588 -1.336448 -2.037993 2.774939 0.129114 0.190573 -2.029380 37.900000
1.950894 -2.289841 -1.345987 -2.044258 2.675327 0.118562 0.192827 -1.965371 37.950000
2.378276 -2.718567 -1.355656 -2.049906 2.581235 0.107620 0.193790 -1.821199 38.000000
2.556294 -2.645046 -1.365474 -2.054895 2.487319 0.101030 0.194135 -1.919390 38.050000
2.699469 -2.666745 -1.375499 -2.059130 2.391067 0.095704 0.194227 -1.928955 38.100000
3.238927 -3.000000 -1.385721 -2.062543 2.294306 0.091784 0.194033 -1.939579 38.150000
3.196351 -2.674616 -1.396168 -2.064996 2.193784 0.092057 0.193979 -2.061154 38.200000
2.890695 -2.388925 -1.406804 -2.066386 2.092786 0.091805 0.193941 -1.990526 38.250000
3.475748 -2.377167 -1.417493 -2.066764 1.996963 0.090112 0.193494 -1.863050 38.300000
4.196837 -2.394681 -1.428174 -2.066051 1.905313 0.095081 0.192907 -1.811368 38.350000
4.220338 -1.986365 -1.438847 -2.063958 1.815105 0.106984 0.192795 -1.799292 38.400000
4.076875 -2.109461 -1.449422 -2.060332 1.729504 0.119845 0.193094 -1.648615 38.450000
3.506502 -1.617919 -1.459757 -2.055220 1.647439 0.131747 0.193836 -1.636305 38.500000
2.704162 -1.524586 -1.469712 -2.048824 1.570928 0.139271 0.194567 -1.451897 38.550000
1.802427 -1.321796 -1.479195 -2.041491 1.501478 0.140860 0.194823 -1.341939 38.600000
1.299441 -1.029376 -1.488179 -2.033638 1.437892 0.135560 0.194400 -1.218541 38.650000
2.012133 -0.697550 -1.496684 -2.025592 1.381683 0.127800 0.193004 -1.051850 38.700000
2.460944 -0.447480 -1.504701 -2.017285 1.334871 0.129540 0.190671 -0.846790 38.750000
2.704247 -0.210633 -1.512167 -2.008433 1.298012 0.138100 0.187641 -0.651258 38.800000
2.425499 -0.676804 -1.519033 -1.998874 1.270774 0.151176 0.184009 -0.460240 38.850000
1.759857 -1.001132 -1.525295 -1.988626 1.245141 0.161687 0.180572 -0.554780 38.900000
2.721386 -1.350229 -1.531014 -1.977946 1.212408 0.163989 0.178197 -0.733616 38.950000
3.550432 -1.098327 -1.536143 -1.966830 1.169404 0.172739 0.177276 -0.958786 39.000000
3.387941 -1.109702 -1.540495 -1.954964 1.121257 0.187646 0.177394 -0.966566 39.050000
2.917839 -1.323116 -1.543970 -1.942280 1.072659 0.200335 0.178045 -0.976526 39.100000
1.961198 -1.453019 -1.546607 -1.928982 1.021327 0.207438 0.179417 -1.065438 39.150000
2.370094 -1.193573 -1.548551 -1.915434 0.965492 0.204163 0.181468 -1.155828 39.200000
2.989781 -1.282730 -1.549855 -1.901800 0.909387 0.204595 0.183423 -1.096434 39.250000
3.806631 -1.487933 -1.550364 -1.887923 0.854325 0.210882 0.185296 -1.105163 39.300000
4.055711 -1.334881 -1.549846 -1.873613 0.796686 0.223696 0.187887 -1.189543 39.350000
3.752865 -0.924487 -1.548112 -1.858788 0.737764 0.237771 0.191142 -1.170552 39.400000
3.182203 -0.906527 -1.545156 -1.843549 0.683888 0.249557 0.193934 -1.006763 39.450000
2.434157 -0.545799 -1.541124 -1.828089 0.635800 0.256934 0.195961 -0.927308 39.500000
2.066818 -0.423257 -1.536262 -1.812635 0.594441 0.258769 0.196832 -0.749152 39.550000
1.254366 -0.807051 -1.530782 -1.797335 0.560746 0.259149 0.196295 -0.614490 39.600000
0.950063 -0.568431 -1.524920 -1.782333 0.527574 0.252134 0.195611 -0.701838 39.650000
1.568732 -0.204888 -1.518908 -1.767774 0.493992 0.242492 0.194822 -0.647449 39.700000
2.298245 -0.040848 -1.512676 -1.753602 0.466496 0.240630 0.192871 -0.472134 39.750000
1.730260 -0.123227 -1.505935 -1.739638 0.447251 0.247845 0.189602 -0.314630 39.800000
1.745099 0.121621 -1.498652 -1.725841 0.432871 0.250831 0.185659 -0.265582 39.850000
1.203135 -0.097634 -1.490951 -1.712255 0.423156 0.255078 0.181046 -0.135950 39.900000
0.294331 -0.324159 -1.482947 -1.698907 0.415784 0.254755 0.176188 -0.156654 39.950000
1.027149 -0.140429 -1.474960 -1.685935 0.405049 0.245257 0.172071 -0.261654 40.000000
0.814959 -0.075855 -1.467027 -1.673358 0.392560 0.242589 0.168354 -0.239878 40.050000
0.082199 0.341096 -1.459032 -1.661114 0.381664 0.238476 0.164463 -0.199728 40.100000
0.000000 0.415687 -1.451176 -1.649263 0.377165 0.229186 0.159589 0.000934 40.150000
0.666262 0.721929 -1.443611 -1.637827 0.381231 0.221338 0.153482 0.148057 40.200000
1.302058 0.601566 -1.436189 -1.626707 0.394450 0.221799 0.146148 0.359302 40.250000
0.862770 0.560300 -1.428614 -1.615740 0.414155 0.229253 0.137988 0.422291 40.300000
1.391770 0.347178 -1.420855 -1.604884 0.435727 0.232456 0.129729 0.439032 40.350000
0.851999 0.548200 -1.412908 -1.594114 0.455510 0.239910 0.121977 0.360853 40.400000
0.000000 0.243010 -1.404796 -1.583429 0.474741 0.241770 0.114518 0.404061 40.450000
0.000000 0.115359 -1.396819 -1.572969 0.492114 0.235180 0.107665 0.302085 40.500000
0.833474 0.459290 -1.389153 -1.562832 0.504290 0.227963 0.101990 0.196169 40.550000
0.970335 0.000001 -1.381615 -1.552926 0.516524 0.228683 0.096527 0.284378 40.600000
0.571872 -0.087542 -1.374009 -1.543129 0.526772 0.230308 0.091570 0.140245 40.650000
0.000000 -0.090237 -1.366392 -1.533484 0.530603 0.227331 0.087834 0.024320 40.700000
0.000000 0.021727 -1.358960 -1.524119 0.530018 0.218626 0.084941 -0.041318 40.750000
0.697996 0.040970 -1.351819 -1.515100 0.528270 0.210129 0.082321 -0.029488 40.800000
0.565160 -0.221273 -1.344817 -1.506331 0.527223 0.208527 0.079680 -0.013728 40.850000
0.680856 -0.613182 -1.337834 -1.497739 0.523726 0.205496 0.077491 -0.116245 40.900000
0.000000 -0.925685 -1.330872 -1.489337 0.511818 0.202787 0.076595 -0.337501 40.950000
0.000000 -0.665277 -1.324044 -1.481217 0.488138 0.192636 0.077329 -0.582527 41.000000
0.910869 -0.888315 -1.317483 -1.473472 0.458512 0.182216 0.078659 -0.600357 41.050000
1.567037 -0.561174 -1.310992 -1.466004 0.425743 0.180262 0.080222 -0.698919 41.100000
2.249249 -0.449605 -1.304239 -1.458661 0.393108 0.184426 0.081736 -0.616262 41.150000
2.339711 -0.160148 -1.296942 -1.451332 0.364682 0.195177 0.082801 -0.530722 41.200000
2.112103 -0.438177 -1.288943 -1.443961 0.342619 0.207041 0.083141 -0.369616 41.250000
1.423894 -0.927575 -1.280291 -1.436568 0.323266 0.216629 0.083240 -0.401256 41.300000
1.667830 -1.321679 -1.271206 -1.429251 0.297169 0.218672 0.084469 -0.618342 41.350000
2.644373 -1.251282 -1.261806 -1.422091 0.258811 0.221396 0.087626 -0.884024 41.400000
1.782867 -1.188237 -1.251832 -1.415078 0.211837 0.231836 0.092245 -0.982721 41.450000
0.903039 -1.536111 -1.241288 -1.408259 0.162085 0.233203 0.097356 -1.004753 41.500000
0.000000 -1.607369 -1.230601 -1.401750 0.107741 0.225362 0.102928 -1.149835 41.550000
0.000000 -2.106742 -1.220206 -1.395625 0.047655 0.208198 0.108705 -1.241047 41.600000
0.135797 -2.212823 -1.210327 -1.389895 -0.020879 0.189940 0.114724 -1.467735 41.650000
0.529528 -1.863664 -1.200951 -1.384545 -0.098059 0.171710 0.120760 -1.599602 41.700000
1.038579 -2.166431 -1.191965 -1.379556 -0.175852 0.157163 0.125758 -1.523351 41.750000
1.051087 -1.847523 -1.183163 -1.374929 -0.254330 0.147301 0.129986 -1.603605 41.800000
0.568757 -2.041874 -1.174440 -1.370680 -0.332050 0.137660 0.133441 -1.517906 41.850000
0.000000 -1.958373 -1.165908 -1.366759 -0.408994 0.123728 0.136053 -1.554150 41.900000
0.030213 -2.151757 -1.157795 -1.363052 -0.486205 0.104770 0.137692 -1.536477 41.950000
0.000000 -1.654097 -1.150197 -1.359471 -0.564831 0.086428 0.138344 -1.598764 42.000000
0.000000 -1.966413 -1.143082 -1.355978 -0.640176 0.069110 0.137793 -1.438316 42.050000
0.656735 -2.408330 -1.136410 -1.352540 -0.713496 0.052926 0.136274 -1.486935 42.100000
1.130104 -2.697611 -1.130041 -1.349232 -0.793063 0.042482 0.134328 -1.668140 42.150000
1.729139 -3.000000 -1.123787 -1.346215 -0.881537 0.035444 0.132204 -1.843124 42.200000
1.757775 -3.000000 -1.117510 -1.343666 -0.978735 0.032946 0.130069 -2.016388 42.250000
1.219541 -3.000000 -1.111170 -1.341696 -1.081389 0.030136 0.127941 -2.079207 42.300000
1.426714 -3.000000 -1.104872 -1.340199 -1.185996 0.022405 0.125532 -2.101157 42.350000
2.199311 -2.955445 -1.098683 -1.339105 -1.291268 0.017147 0.122732 -2.108382 42.400000
2.248647 -3.000000 -1.092571 -1.338636 -1.396303 0.019711 0.119926 -2.095268 42.450000
1.625167 -3.000000 -1.086557 -1.338973 -1.501390 0.023006 0.117439 -2.106405 42.500000
0.794288 -2.557978 -1.080728 -1.339964 -1.606827 0.020669 0.115076 -2.110330 42.550000
1.201696 -2.451668 -1.075130 -1.341257 -1.707842 0.011737 0.112313 -1.955792 42.600000
1.287370 -2.030608 -1.069779 -1.342759 -1.802872 0.008231 0.109157 -1.860752 42.650000
1.624719 -2.249670 -1.064710 -1.344589 -1.890481 0.007145 0.105912 -1.673015 42.700000
1.791308 -1.826225 -1.059985 -1.346836 -1.974327 0.010143 0.102823 -1.679827 42.750000
2.268293 -2.103728 -1.055682 -1.349586 -2.053941 0.015493 0.100044 -1.527792 42.800000
2.221939 -2.420301 -1.051913 -1.352939 -2.131527 0.025621 0.097782 -1.569584 42.850000
2.279020 -1.929114 -1.048772 -1.356921 -2.213843 0.034518 0.096230 -1.702838 42.900000
3.219426 -1.773934 -1.046305 -1.361458 -2.295343 0.043860 0.095228 -1.576558 42.950000
2.294138 -2.132233 -1.044713 -1.366655 -2.371097 0.062409 0.094854 -1.469752 43.000000
1.360994 -2.523294 -1.044031 -1.372426 -2.447166 0.071615 0.095271 -1.559834 43.050000
1.598258 -3.000000 -1.043951 -1.378393 -2.530332 0.070805 0.096258 -1.739277 43.100000
1.906646 -3.000000 -1.044348 -1.384383 -2.624270 0.070679 0.097732 -1.979523 43.150000
1.197346 -2.703685 -1.045322 -1.390394 -2.725826 0.072196 0.099585 -2.068045 43.200000
1.641359 -2.884705 -1.046775 -1.396325 -2.827118 0.066857 0.101213 -1.995610 43.250000
2.269249 -2.520215 -1.048645 -1.402107 -2.927990 0.065704 0.102536 -2.033056 43.300000
2.434805 -2.707046 -1.051163 -1.407748 -3.026291 0.070615 0.103818 -1.918010 43.350000
2.469383 -2.589775 -1.054495 -1.413207 -3.122900 0.076931 0.105370 -1.942496 43.400000
3.328235 -2.887355 -1.058652 -1.418397 3.064097 0.083164 0.107273 -1.910417 43.450000
2.662859 -3.000000 -1.063797 -1.423205 2.965827 0.096544 0.109931 -2.005133 43.500000
2.311230 -3.000000 -1.069897 -1.427522 2.863385 0.102187 0.113454 -2.080178 43.550000
3.012295 -3.000000 -1.076633 -1.431305 2.758577 0.103468 0.117276 -2.107577 43.600000
3.344700 -3.000000 -1.084001 -1.434447 2.652900 0.110519 0.121347 -2.117998 43.650000
2.690295 -3.000000 -1.092118 -1.436766 2.546869 0.119715 0.125919 -2.122743 43.700000
3.622341 -3.000000 -1.100804 -1.438235 2.440662 0.121769 0.130771 -2.125259 43.750000
4.057861 -2.833948 -1.109983 -1.438747 2.334351 0.131673 0.135922 -2.127196 43.800000
3.150522 -2.658107 -1.119744 -1.438029 2.229633 0.144768 0.141605 -2.071436 43.850000
3.781415 -2.375879 -1.129863 -1.436128 2.128416 0.148799 0.147359 -1.990910 43.900000
3.653059 -2.681031 -1.140159 -1.433069 2.032610 0.158872 0.152825 -1.862619 43.950000
4.033644 -2.655391 -1.150560 -1.428744 1.937668 0.166816 0.158636 -1.925327 44.000000
3.175664 -2.234948 -1.160929 -1.423112 1.840951 0.176816 0.165067 -1.941247 44.050000
3.706026 -2.213797 -1.171092 -1.416313 1.748039 0.178503 0.171178 -1.798430 44.100000
3.202566 -1.789733 -1.180914 -1.408447 1.659879 0.185437 0.176754 -1.737882 44.150000
2.831872 -2.122759 -1.190307 -1.399545 1.578084 0.188349 0.181587 -1.561149 44.200000
3.681381 -1.922225 -1.199186 -1.389848 1.498514 0.187742 0.186038 -1.613862 44.250000
3.237401 -2.102247 -1.207466 -1.379296 1.419311 0.194670 0.190457 -1.562395 44.300000
3.379720 -2.249937 -1.215065 -1.367858 1.339851 0.196656 0.195017 -1.609174 44.350000
2.795196 -2.605156 -1.221917 -1.355684 1.257279 0.198544 0.199970 -1.682709 44.400000
3.351642 -2.584225 -1.227987 -1.342969 1.168583 0.192661 0.205489 -1.840307 44.450000
3.561073 -3.000000 -1.233216 -1.329824 1.075049 0.190140 0.211205 -1.892725 44.500000
2.876978 -2.774000 -1.237479 -1.316198 0.975541 0.187177 0.217354 -2.060054 44.550000
2.774398 -3.000000 -1.240799 -1.302309 0.873096 0.176291 0.223156 -2.040735 44.600000
2.884810 -2.946119 -1.243269 -1.288397 0.768971 0.163611 0.228104 -2.111898 44.650000
2.498798 -3.000000 -1.244887 -1.274547 0.663220 0.151307 0.232129 -2.116902 44.700000
2.175016 -3.000000 -1.245713 -1.260867 0.556816 0.135186 0.235007 -2.135482 44.750000
1.600706 -3.000000 -1.245902 -1.247504 0.449910 0.116196 0.236494 -2.139319 44.800000
2.337017 -3.000000 -1.245665 -1.234578 0.342982 0.092489 0.236301 -2.137126 44.850000
2.772570 -3.000000 -1.244980 -1.222083 0.236224 0.076721 0.234603 -2.133143 44.900000
2.535454 -2.686621 -1.243601 -1.209964 0.129661 0.065976 0.231948 -2.129517 44.950000
2.302407 -2.475558 -1.241494 -1.198253 0.026473 0.054932 0.228405 -2.016481 45.000000
3.119407 -2.345372 -1.238767 -1.186999 -0.070940 0.044462 0.223991 -1.898822 45.050000
3.718011 -2.648086 -1.235281 -1.176257 -0.163236 0.044125 0.219199 -1.807572 45.100000
3.566419 -2.323605 -1.230730 -1.166141 -0.255770 0.049872 0.214779 -1.882051 45.150000
3.892629 -1.855307 -1.225079 -1.156765 -0.347329 0.054800 0.210812 -1.794439 45.200000
3.330913 -2.303645 -1.218346 -1.148244 -0.431202 0.065223 0.207145 -1.592059 45.250000
4.054192 -2.700802 -1.210643 -1.140643 -0.513256 0.070919 0.204027 -1.677263 45.300000
3.603224 -2.635751 -1.202043 -1.134059 -0.602264 0.081508 0.201886 -1.855343 45.350000
4.195301 -2.350319 -1.192622 -1.128586 -0.696333 0.086331 0.200594 -1.900341 45.400000
4.465916 -1.958168 -1.182486 -1.124319 -0.788900 0.097020 0.199757 -1.816194 45.450000
4.815342 -2.307157 -1.171609 -1.121465 -0.874726 0.111721 0.199276 -1.644160 45.500000
5.525746 -2.010563 -1.160032 -1.120194 -0.958717 0.129609 0.199680 -1.706509 45.550000
5.485821 -2.034961 -1.147788 -1.120751 -1.041699 0.153582 0.201204 -1.626070 45.600000
5.201709 -2.301091 -1.134984 -1.123296 -1.122428 0.176648 0.203810 -1.606929 45.650000
5.934413 -2.360523 -1.121864 -1.127770 -1.205440 0.195188 0.207839 -1.700093 45.700000
5.285092 -2.170763 -1.108614 -1.134252 -1.292203 0.218207 0.213510 -1.761888 45.750000
4.825098 -1.916452 -1.095450 -1.142716 -1.379091 0.233538 0.220170 -1.720923 45.800000
4.073785 -1.593530 -1.082625 -1.152861 -1.462081 0.244400 0.226734 -1.615586 45.850000
3.207626 -1.098544 -1.070313 -1.164362 -1.538296 0.249280 0.232335 -1.457026 45.900000
3.254086 -0.785941 -1.058614 -1.176813 -1.604009 0.248774 0.235989 -1.206950 45.950000
3.330173 -1.134994 -1.047558 -1.190024 -1.657895 0.252278 0.237475 -0.978918 46.000000
3.493649 -1.607071 -1.037164 -1.204020 -1.707778 0.257551 0.238374 -1.012345 46.050000
3.193583 -1.380990 -1.027487 -1.218804 -1.764009 0.261974 0.240605 -1.210622 46.100000
3.716065 -1.690254 -1.018586 -1.234255 -1.824582 0.261816 0.243634 -1.212216 46.150000
3.844960 -1.430709 -1.010527 -1.250356 -1.888573 0.265109 0.247279 -1.331170 46.200000
3.173080 -1.876083 -1.003407 -1.267167 -1.953816 0.268723 0.251175 -1.285347 46.250000
2.791156 -1.464050 -0.997227 -1.284491 -2.022332 0.264466 0.255557 -1.434057 46.300000
2.406798 -1.152874 -0.991920 -1.302015 -2.091396 0.256251 0.259560 -1.341555 46.350000
1.604566 -0.939242 -0.987411 -1.319553 -2.153983 0.246779 0.261824 -1.183538 46.400000
1.122941 -0.501318 -0.983548 -1.336883 -2.208833 0.232857 0.262166 -1.030214 46.450000
1.797118 -0.579366 -0.980151 -1.353803 -2.253497 0.218660 0.260309 -0.786275 46.500000
2.335434 -0.480979 -0.977247 -1.370410 -2.290379 0.214153 0.257024 -0.699117 46.550000
1.685163 -0.509739 -0.975019 -1.386948 -2.323024 0.216459 0.253176 -0.616344 46.600000
1.826788 -0.463128 -0.973444 -1.403402 -2.353006 0.213716 0.249054 -0.586131 46.650000
1.081757 -0.499626 -0.972438 -1.419687 -2.381342 0.213115 0.244789 -0.551078 46.700000
0.546732 -0.428561 -0.971890 -1.435707 -2.408786 0.206073 0.240465 -0.546692 46.750000
0.881352 -0.169884 -0.971574 -1.451269 -2.435199 0.194831 0.235966 -0.512982 46.800000
0.000000 0.285410 -0.971456 -1.466368 -2.457376 0.188640 0.230880 -0.387385 46.850000
0.000000 0.680524 -0.971442 -1.480974 -2.469641 0.177725 0.224546 -0.128946 46.900000
0.000000 1.055365 -0.971396 -1.495034 -2.467502 0.171644 0.216567 0.185044 46.950000
0.000000 0.671899 -0.971344 -1.508636 -2.449145 0.170413 0.206896 0.514534 47.000000
0.938618 0.362554 -0.971305 -1.521852 -2.423021 0.171099 0.196620 0.529082 47.050000
0.520402 0.762329 -0.971440 -1.534845 -2.399856 0.179357 0.186990 0.410587 47.100000
1.155006 1.121792 -0.971817 -1.547692 -2.376460 0.183173 0.177562 0.514052 47.150000
1.011928 0.637332 -0.972455 -1.560458 -2.345225 0.194251 0.167276 0.712346 47.200000
1.917324 0.599249 -0.973408 -1.573256 -2.312311 0.203504 0.156891 0.615678 47.250000
2.049264 0.753779 -0.974760 -1.586216 -2.283290 0.219560 0.147155 0.552314 47.300000
1.420447 0.724353 -0.976629 -1.599514 -2.254820 0.235733 0.137507 0.583007 47.350000
1.123278 1.177049 -0.978890 -1.613062 -2.225565 0.245205 0.127800 0.586933 47.400000
1.514170 1.538352 -0.981368 -1.626698 -2.191050 0.252021 0.117320 0.772075 47.450000
2.231545 1.999051 -0.984027 -1.640478 -2.145911 0.263266 0.105021 1.004577 47.500000
2.685104 1.806177 -0.986935 -1.654659 -2.087619 0.281636 0.090101 1.288976 47.550000
2.803886 2.034614 -0.990119 -1.669513 -2.021705 0.303089 0.073287 1.340872 47.600000
2.242003 2.317606 -0.993512 -1.685155 -1.951526 0.323609 0.055102 1.451179 47.650000
2.732333 2.545193 -0.996931 -1.701474 -1.874571 0.336700 0.035099 1.605207 47.700000
1.898017 2.242792 -1.000219 -1.718431 -1.790038 0.351889 0.013135 1.754387 47.750000
2.584157 2.239269 -1.003223 -1.735892 -1.703687 0.356202 -0.009118 1.708296 47.800000
2.441932 2.033818 -1.005837 -1.753753 -1.618698 0.364198 -0.030648 1.694831 47.850000
2.809143 2.414014 -1.008003 -1.772063 -1.536138 0.368274 -0.051173 1.620378 47.900000
2.163201 2.127231 -1.009645 -1.790793 -1.451838 0.373159 -0.071737 1.735328 47.950000
2.748984 2.385597 -1.010696 -1.809784 -1.366660 0.369435 -0.091851 1.681477 48.000000
3.721262 2.259834 -1.011106 -1.828936 -1.280366 0.368860 -0.111450 1.759459 48.050000
2.934804 2.356361 -1.010723 -1.848498 -1.192715 0.374838 -0.130897 1.749590 48.100000
3.750237 2.417918 -1.009486 -1.868390 -1.104217 0.370830 -0.149960 1.785843 48.150000
3.144765 2.406293 -1.007335 -1.888491 -1.013771 0.371869 -0.168791 1.826803 48.200000
2.804653 2.392264 -1.004222 -1.908713 -0.921997 0.364652 -0.187111 1.842621 48.250000
3.501006 2.332865 -1.000262 -1.928755 -0.829763 0.352241 -0.204267 1.846771 48.300000
3.731126 2.164156 -0.995407 -1.948579 -0.737935 0.344854 -0.220073 1.829780 48.350000
3.212314 2.031685 -0.989517 -1.968241 -0.648330 0.338716 -0.234338 1.765280 48.400000
4.042050 1.676040 -0.982663 -1.987612 -0.562126 0.327496 -0.246738 1.694213 48.450000
4.931040 1.359177 -0.974796 -2.006659 -0.481926 0.325161 -0.256882 1.537930 48.500000
4.810711 1.532640 -0.965571 -2.025517 -0.410150 0.333166 -0.264850 1.359895 48.550000
4.161131 1.515925 -0.954836 -2.044184 -0.342343 0.340442 -0.271999 1.354023 48.600000
3.922031 1.769973 -0.942790 -2.062480 -0.274832 0.340859 -0.279008 1.347759 48.650000
3.963240 1.779114 -0.929672 -2.080238 -0.204763 0.337406 -0.286325 1.441736 48.700000
3.015729 1.973197 -0.915586 -2.097344 -0.131443 0.332490 -0.293945 1.484961 48.750000
2.501038 2.130001 -0.900807 -2.113684 -0.054633 0.316808 -0.301564 1.573796 48.800000
1.654325 2.159361 -0.885743 -2.129168 0.026683 0.294330 -0.308847 1.664239 48.850000
1.704422 2.522725 -0.870776 -2.143782 0.111128 0.262816 -0.314921 1.705651 48.900000
1.213317 2.661874 -0.856135 -2.157561 0.200536 0.230247 -0.319726 1.846696 48.950000
0.897927 2.694599 -0.841971 -2.170570 0.295693 0.191393 -0.322943 1.941973 49.000000
0.350245 2.711115 -0.828486 -2.182928 0.393952 0.149496 -0.323680 1.979715 49.050000
1.135661 2.800923 -0.815846 -2.194806 0.493282 0.103748 -0.321416 1.989171 49.100000
1.986517 2.376693 -0.803945 -2.206267 0.593547 0.067129 -0.316377 2.014909 49.150000
1.846529 2.048868 -0.792400 -2.217175 0.690024 0.042244 -0.309168 1.866843 49.200000
2.629912 2.256058 -0.781014 -2.227438 0.778222 0.021451 -0.300459 1.687974 49.250000
2.699506 2.365239 -0.769646 -2.236930 0.862712 0.011285 -0.291055 1.690657 49.300000
2.646585 2.253208 -0.758175 -2.245494 0.948374 0.002780 -0.281430 1.729347 49.350000
3.499343 2.303744 -0.746639 -2.253117 1.034063 -0.004785 -0.271650 1.702063 49.400000
3.527605 2.060123 -0.734993 -2.259616 1.119376 -0.002879 -0.262049 1.709427 49.450000
4.124239 1.881212 -0.723212 -2.264793 1.202384 0.001103 -0.252958 1.624163 49.500000
3.239813 1.651301 -0.711339 -2.268484 1.280762 0.013021 -0.244633 1.526211 49.550000
3.576613 1.744417 -0.699491 -2.270737 1.353526 0.018945 -0.237034 1.402640 49.600000
3.714763 2.212330 -0.687796 -2.271667 1.423218 0.029465 -0.230085 1.387641 49.650000
3.193299 2.681767 -0.676330 -2.271189 1.497453 0.040093 -0.224036 1.557211 49.700000
2.828624 2.890416 -0.665203 -2.269459 1.582248 0.042872 -0.218867 1.797501 49.750000
2.756051 2.871149 -0.654520 -2.266762 1.676955 0.039819 -0.214150 1.963739 49.800000
2.420287 3.000000 -0.644351 -2.263265 1.776712 0.035359 -0.209471 2.017471 49.850000
3.153537 3.000000 -0.634740 -2.259111 1.879455 0.027752 -0.204591 2.081250 49.900000
4.110947 3.000000 -0.625776 -2.254258 1.984169 0.027396 -0.199629 2.103502 49.950000
