0.002963 -0.037036 0.959901 -0.233928 1.493886 0.902453 0.000000 -0.743565 0.000000
0.000000 -0.229049 0.963481 -0.189871 1.465742 0.865681 0.017740 -0.421654 0.050000
0.000000 -0.163387 0.967172 -0.147623 1.446841 0.830230 0.028564 -0.344212 0.100000
0.342741 -0.154003 0.970894 -0.107106 1.431385 0.796223 0.036556 -0.281552 0.150000
0.000000 -0.580652 0.974617 -0.068162 1.418257 0.766832 0.042631 -0.247700 0.200000
0.000000 -0.188129 0.978332 -0.030727 1.401401 0.735166 0.050206 -0.410201 0.250000
0.315746 -0.440572 0.982062 0.005169 1.382934 0.704555 0.057978 -0.337001 0.300000
0.000000 -0.506773 0.985807 0.039663 1.364196 0.677956 0.065243 -0.405824 0.350000
0.000000 -0.645042 0.989575 0.072802 1.342093 0.649038 0.073479 -0.471739 0.400000
0.608902 -0.452356 0.993371 0.104556 1.315933 0.620640 0.082817 -0.564891 0.450000
1.303164 -0.225709 0.997243 0.135102 1.288489 0.598596 0.091926 -0.536734 0.500000
2.203959 -0.081302 1.001253 0.164779 1.264560 0.584063 0.098881 -0.432470 0.550000
2.286299 0.225360 1.005475 0.193987 1.246036 0.579044 0.103189 -0.320753 0.600000
1.533485 0.381434 1.009939 0.222980 1.235146 0.575999 0.104149 -0.133806 0.650000
2.212803 0.322517 1.014535 0.251652 1.233125 0.567343 0.101422 0.037230 0.700000
2.508481 -0.158283 1.019204 0.280034 1.236996 0.566141 0.096403 0.111069 0.750000
2.517346 -0.446078 1.024002 0.308362 1.238119 0.567357 0.092681 -0.050543 0.800000
2.395223 -0.333097 1.028994 0.336674 1.229769 0.567415 0.092919 -0.262483 0.850000
2.027021 -0.556154 1.034229 0.364906 1.214766 0.565473 0.095820 -0.330803 0.900000
3.020200 -1.007432 1.039705 0.392926 1.194641 0.559438 0.100634 -0.460584 0.950000
3.412198 -1.342805 1.045531 0.420835 1.164591 0.561273 0.109232 -0.713293 1.000000
2.760297 -1.656757 1.051918 0.448852 1.121630 0.564194 0.122768 -0.974206 1.050000
2.866255 -2.145920 1.058933 0.476809 1.065942 0.557760 0.140867 -1.221939 1.100000
3.571436 -2.632767 1.066604 0.504456 0.996345 0.548176 0.163512 -1.521030 1.150000
4.086049 -2.650953 1.075106 0.531785 0.911456 0.539512 0.190861 -1.829335 1.200000
3.623591 -2.733751 1.084651 0.558815 0.816165 0.529807 0.220656 -1.963170 1.250000
4.343700 -2.901179 1.095239 0.585357 0.715515 0.510664 0.250410 -2.050380 1.300000
3.672899 -2.756275 1.106877 0.611266 0.610196 0.493315 0.279486 -2.147731 1.350000
3.687839 -2.303544 1.119495 0.636393 0.503157 0.465778 0.306422 -2.136594 1.400000
3.796411 -2.221475 1.132883 0.660560 0.401027 0.438053 0.328698 -1.975721 1.450000
4.410714 -2.588402 1.146997 0.683759 0.304795 0.412392 0.346458 -1.887681 1.500000
4.328335 -2.892980 1.161935 0.706001 0.207584 0.390814 0.362268 -1.984673 1.550000
4.318689 -2.500684 1.177715 0.727219 0.104228 0.364218 0.377502 -2.125225 1.600000
3.323779 -2.661992 1.194200 0.747316 0.000596 0.336500 0.390230 -2.034200 1.650000
2.431387 -2.989640 1.211083 0.766259 -0.101677 0.299801 0.399824 -2.051706 1.700000
2.809094 -3.000000 1.227848 0.784083 -0.207580 0.253131 0.406749 -2.162470 1.750000
3.140936 -2.720933 1.244307 0.800847 -0.316681 0.209259 0.410532 -2.193180 1.800000
3.907952 -2.748450 1.260593 0.816570 -0.423550 0.171129 0.410680 -2.095386 1.850000
3.266407 -2.906706 1.276948 0.831181 -0.527367 0.143476 0.407985 -2.060909 1.900000
4.058344 -2.551056 1.293380 0.844682 -0.631473 0.111283 0.403204 -2.095060 1.950000
3.323750 -2.185563 1.309879 0.857041 -0.732748 0.090031 0.396398 -1.974388 2.000000
3.501375 -2.289510 1.326461 0.868227 -0.826251 0.067937 0.387832 -1.793189 2.050000
3.155472 -1.953595 1.343029 0.878284 -0.914876 0.052014 0.378115 -1.756389 2.100000
3.883931 -2.378347 1.359543 0.887218 -0.998659 0.037131 0.367612 -1.615527 2.150000
4.675032 -2.676926 1.376021 0.894918 -1.082239 0.030883 0.356874 -1.712300 2.200000
5.219632 -2.533633 1.392551 0.901083 -1.172036 0.030461 0.346467 -1.856661 2.250000
5.696926 -2.554454 1.409131 0.905446 -1.264968 0.034903 0.336615 -1.860235 2.300000
6.000000 -2.585631 1.425676 0.907784 -1.358267 0.044638 0.327596 -1.870593 2.350000
5.165720 -2.664150 1.442041 0.907932 -1.452286 0.057580 0.319681 -1.888056 2.400000
5.357098 -2.942026 1.458013 0.906059 -1.547733 0.062612 0.312709 -1.924179 2.450000
4.824233 -2.939737 1.473391 0.902376 -1.647220 0.068388 0.306552 -2.036923 2.500000
5.763872 -3.000000 1.488012 0.897055 -1.750242 0.068328 0.300974 -2.077157 2.550000
5.810530 -3.000000 1.501690 0.890097 -1.855151 0.076981 0.296011 -2.113467 2.600000
4.949958 -3.000000 1.514200 0.881398 -1.961237 0.085914 0.291947 -2.127945 2.650000
5.377684 -3.000000 1.525445 0.871276 -2.067803 0.086861 0.288423 -2.133715 2.700000
4.605623 -3.000000 1.535321 0.859970 -2.174558 0.092158 0.285275 -2.136254 2.750000
5.213439 -3.000000 1.543766 0.847694 -2.281402 0.090477 0.282379 -2.137202 2.800000
5.645039 -2.836997 1.550701 0.834636 -2.388273 0.094905 0.279693 -2.137733 2.850000
4.796992 -3.000000 1.555873 0.820793 -2.493525 0.104142 0.277502 -2.082203 2.900000
4.355799 -3.000000 1.559292 0.806411 -2.598747 0.105430 0.275791 -2.120256 2.950000
4.081903 -3.000000 1.561176 0.791840 -2.705148 0.102366 0.274155 -2.133387 3.000000
4.318503 -3.000000 1.561663 0.777311 -2.811933 0.096983 0.272281 -2.137055 3.050000
3.584928 -2.625793 1.560765 0.762966 -2.918802 0.094261 0.270172 -2.137487 3.100000
3.108797 -2.319733 1.558610 0.748953 -3.021827 0.086569 0.267477 -2.005264 3.150000
2.913590 -2.142068 1.555475 0.735411 -3.117493 0.077829 0.263842 -1.846668 3.200000
3.360459 -2.546842 1.551509 0.722407 3.076977 0.070589 0.259427 -1.721294 3.250000
3.816746 -3.000000 1.546663 0.710006 2.988100 0.068256 0.254893 -1.818346 3.300000
4.603477 -2.641797 1.540791 0.698307 2.891425 0.068102 0.250831 -2.016307 3.350000
4.676177 -2.544132 1.533706 0.687475 2.792179 0.074904 0.247247 -1.962660 3.400000
3.921820 -2.187187 1.525305 0.677691 2.695601 0.083458 0.244183 -1.909469 3.450000
3.982559 -2.133675 1.515832 0.669004 2.604388 0.086826 0.241299 -1.762567 3.500000
3.328521 -2.474573 1.505512 0.661437 2.518432 0.092689 0.238490 -1.687579 3.550000
3.410851 -2.602597 1.494547 0.654974 2.431313 0.092181 0.236034 -1.782296 3.600000
3.908303 -2.417549 1.483153 0.649574 2.339820 0.091337 0.233906 -1.864283 3.650000
3.239659 -2.522517 1.471342 0.645368 2.247630 0.095181 0.231988 -1.829066 3.700000
2.412196 -2.290941 1.459241 0.642350 2.155469 0.092904 0.230190 -1.853350 3.750000
3.384849 -2.430027 1.447147 0.640250 2.064969 0.083785 0.227967 -1.778178 3.800000
3.734604 -2.180374 1.435112 0.639117 1.975459 0.084646 0.225506 -1.798956 3.850000
4.075773 -1.967569 1.423088 0.639231 1.887882 0.089602 0.223188 -1.717126 3.900000
3.463938 -2.435152 1.411125 0.640750 1.805154 0.099262 0.221079 -1.608932 3.950000
2.971495 -2.196825 1.399353 0.643600 1.720993 0.102643 0.219553 -1.737751 4.000000
3.790249 -2.368253 1.387929 0.647486 1.635155 0.100984 0.218237 -1.701348 4.050000
4.447118 -1.942041 1.376944 0.652453 1.548694 0.106954 0.217156 -1.749750 4.100000
5.075832 -1.516808 1.366499 0.658798 1.465104 0.119751 0.216441 -1.615090 4.150000
5.494012 -1.793698 1.356744 0.666776 1.390333 0.140553 0.215922 -1.407242 4.200000
4.708081 -1.960138 1.347845 0.676567 1.319383 0.165569 0.216259 -1.428652 4.250000
5.101899 -2.120012 1.339914 0.687970 1.245844 0.181464 0.217943 -1.502733 4.300000
5.456266 -2.182301 1.333054 0.700762 1.168079 0.198914 0.221019 -1.594924 4.350000
6.000000 -2.485138 1.327450 0.714954 1.086537 0.217442 0.225543 -1.658054 4.400000
6.000000 -2.953663 1.323318 0.730551 0.999650 0.238048 0.231929 -1.796887 4.450000
5.535190 -3.000000 1.320848 0.747429 0.903309 0.253925 0.240893 -2.021308 4.500000
5.435185 -2.752750 1.320080 0.765229 0.799297 0.261017 0.251716 -2.122907 4.550000
5.831404 -2.421217 1.321004 0.783599 0.694554 0.265115 0.262687 -2.075528 4.600000
5.858240 -2.498367 1.323723 0.802376 0.594610 0.272982 0.272786 -1.944793 4.650000
6.000000 -2.777089 1.328348 0.821422 0.497891 0.280663 0.282463 -1.927629 4.700000
5.549749 -2.629636 1.334916 0.840531 0.398739 0.287103 0.292797 -2.023508 4.750000
5.006041 -2.877818 1.343326 0.859435 0.298000 0.287070 0.303296 -2.009022 4.800000
4.418147 -3.000000 1.353307 0.877852 0.195122 0.279675 0.313599 -2.092281 4.850000
3.776416 -2.833717 1.364515 0.895546 0.088401 0.264048 0.323432 -2.163927 4.900000
2.980640 -2.686905 1.376576 0.912360 -0.018780 0.241573 0.331533 -2.128395 4.950000
2.945534 -2.410680 1.389088 0.928238 -0.123224 0.212839 0.336941 -2.059447 5.000000
2.859131 -2.509576 1.401829 0.943188 -0.222499 0.186710 0.339375 -1.931196 5.050000
1.995755 -2.103936 1.414763 0.957225 -0.318575 0.162082 0.339539 -1.913229 5.100000
1.963456 -2.129555 1.427669 0.970427 -0.409680 0.132789 0.337320 -1.754408 5.150000
2.122549 -2.353211 1.440384 0.982888 -0.495751 0.107005 0.332969 -1.695864 5.200000
2.707859 -2.347304 1.452954 0.994614 -0.582092 0.084142 0.327306 -1.748115 5.250000
2.116773 -2.288942 1.465516 1.005528 -0.669903 0.067658 0.320714 -1.761219 5.300000
3.049172 -2.286946 1.478058 1.015640 -0.757396 0.047275 0.313185 -1.740473 5.350000
3.270738 -1.828100 1.490622 1.024882 -0.844082 0.037599 0.304966 -1.728258 5.400000
3.643918 -2.167158 1.503372 1.033039 -0.925494 0.033475 0.296466 -1.554445 5.450000
3.207272 -2.553525 1.516351 1.039959 -1.004797 0.034735 0.288156 -1.609382 5.500000
2.412535 -2.413237 1.529468 1.045651 -1.089949 0.030510 0.280197 -1.771347 5.550000
2.333046 -2.559764 1.542498 1.050384 -1.178818 0.018590 0.272077 -1.781206 5.600000
1.843873 -2.235691 1.555305 1.054346 -1.269460 0.006738 0.263509 -1.835285 5.650000
1.672328 -1.949124 1.567823 1.057668 -1.358384 -0.007534 0.254389 -1.736581 5.700000
2.061482 -2.050298 1.580005 1.060474 -1.441050 -0.019628 0.244815 -1.591717 5.750000
2.483629 -2.162000 1.591851 1.062685 -1.520016 -0.025372 0.235120 -1.569981 5.800000
2.547330 -2.111077 1.603349 1.064105 -1.599436 -0.026090 0.225578 -1.602019 5.850000
2.160087 -1.637284 1.614456 1.064638 -1.679371 -0.025335 0.216360 -1.596305 5.900000
1.806437 -1.717894 1.625125 1.064369 -1.754104 -0.025740 0.207558 -1.419180 5.950000
2.666798 -1.438069 1.635336 1.063467 -1.823834 -0.027172 0.199118 -1.376223 6.000000
3.269027 -1.472631 1.645016 1.061822 -1.889140 -0.018611 0.191217 -1.253612 6.050000
2.645339 -1.776422 1.654014 1.059129 -1.950738 -0.003170 0.184186 -1.216017 6.100000
1.990236 -1.779499 1.662277 1.055445 -2.014398 0.005944 0.177950 -1.316667 6.150000
2.817761 -1.711536 1.669887 1.051112 -2.081504 0.008328 0.172201 -1.361321 6.200000
2.082685 -2.196951 1.676785 1.046148 -2.149395 0.018636 0.166963 -1.355455 6.250000
2.035331 -2.628981 1.682933 1.040591 -2.222304 0.021062 0.162293 -1.534777 6.300000
2.179451 -2.201615 1.688417 1.034665 -2.305693 0.021127 0.158009 -1.765337 6.350000
2.982559 -2.079704 1.693208 1.028423 -2.392074 0.022370 0.153942 -1.700096 6.400000
3.658859 -1.891114 1.697115 1.021766 -2.475077 0.032181 0.150292 -1.630894 6.450000
3.555969 -1.574235 1.699831 1.014557 -2.553873 0.049125 0.147436 -1.535722 6.500000
3.278193 -1.543591 1.701210 1.006824 -2.626225 0.066014 0.145359 -1.381310 6.550000
3.730105 -1.971222 1.701302 0.998722 -2.693160 0.080916 0.143898 -1.307015 6.600000
2.858194 -2.288745 1.700064 0.990343 -2.762243 0.099125 0.143436 -1.437985 6.650000
3.267368 -2.530451 1.697607 0.981847 -2.839103 0.107012 0.144202 -1.610897 6.700000
3.674252 -2.956198 1.694064 0.973402 -2.924198 0.116647 0.146079 -1.768771 6.750000
2.783531 -3.000000 1.689292 0.965097 -3.018850 0.127492 0.149354 -1.983030 6.800000
2.419572 -2.557988 1.683470 0.957089 -3.120768 0.127675 0.153530 -2.077965 6.850000
2.536422 -2.105792 1.676947 0.949507 3.062055 0.124248 0.157288 -1.956655 6.900000
3.302039 -2.234917 1.669814 0.942415 2.970204 0.123428 0.160006 -1.750384 6.950000
3.718075 -2.338612 1.661893 0.935900 2.883602 0.130585 0.162376 -1.718864 7.000000
3.146433 -2.472599 1.652979 0.930103 2.796897 0.141006 0.165224 -1.745563 7.050000
3.176695 -2.273900 1.643200 0.925097 2.707894 0.144829 0.168647 -1.805332 7.100000
2.670895 -1.774649 1.632773 0.920910 2.619022 0.148398 0.172164 -1.757355 7.150000
3.461869 -1.418053 1.621870 0.917540 2.536914 0.148341 0.174942 -1.557568 7.200000
4.109148 -1.903335 1.610484 0.915070 2.465110 0.157834 0.176772 -1.345770 7.250000
3.894612 -2.286688 1.598411 0.913747 2.395107 0.173212 0.178995 -1.441176 7.300000
4.097675 -2.015245 1.585703 0.913670 2.317797 0.183934 0.182731 -1.624362 7.350000
3.191203 -1.936339 1.572522 0.914872 2.237291 0.194895 0.187344 -1.600086 7.400000
3.441176 -1.645075 1.559099 0.917243 2.158363 0.196912 0.191944 -1.562880 7.450000
2.824761 -1.699615 1.545625 0.920672 2.083714 0.201837 0.195965 -1.441327 7.500000
2.411635 -1.961573 1.532215 0.925085 2.012477 0.201376 0.199481 -1.412480 7.550000
1.704931 -2.321082 1.519047 0.930255 1.939396 0.196253 0.203000 -1.498139 7.600000
2.636017 -2.187864 1.506286 0.935909 1.859697 0.182564 0.206800 -1.664343 7.650000
1.844587 -2.279255 1.493975 0.942062 1.776011 0.176530 0.210413 -1.680503 7.700000
2.576187 -2.398054 1.482139 0.948709 1.690868 0.162576 0.213478 -1.718839 7.750000
3.176462 -2.854153 1.470825 0.955805 1.603284 0.154924 0.216061 -1.775437 7.800000
2.182203 -3.000000 1.460062 0.963610 1.509154 0.150894 0.218916 -1.959926 7.850000
1.714921 -3.000000 1.449909 0.971954 1.407700 0.135229 0.221743 -2.077988 7.900000
1.086483 -3.000000 1.440361 0.980430 1.302621 0.114413 0.223467 -2.117645 7.950000
0.236639 -2.937937 1.431342 0.988760 1.196409 0.088081 0.223442 -2.128024 8.000000
0.992787 -3.000000 1.422689 0.996624 1.090639 0.055145 0.221147 -2.105233 8.050000
1.501487 -2.653821 1.414338 1.004041 0.985084 0.031024 0.216778 -2.114424 8.100000
0.543379 -2.842454 1.406401 1.011304 0.882888 0.014241 0.210967 -1.993047 8.150000
1.104889 -3.000000 1.398794 1.018372 0.782645 -0.009386 0.203886 -2.012518 8.200000
0.767617 -2.814971 1.391445 1.025205 0.680261 -0.026443 0.195574 -2.072270 8.250000
0.594819 -3.000000 1.384375 1.031875 0.577969 -0.044753 0.186259 -2.026465 8.300000
0.000000 -3.000000 1.377487 1.038353 0.475276 -0.062720 0.175932 -2.072997 8.350000
0.666691 -3.000000 1.370623 1.044605 0.371183 -0.084347 0.164437 -2.087723 8.400000
0.609732 -2.966741 1.363815 1.050694 0.266673 -0.097360 0.152031 -2.091790 8.450000
0.581976 -2.538085 1.357222 1.056711 0.162392 -0.108577 0.139169 -2.081196 8.500000
0.382590 -2.909831 1.350860 1.062676 0.062846 -0.116965 0.126403 -1.926321 8.550000
0.824435 -2.848488 1.344719 1.068594 -0.035661 -0.124995 0.113587 -2.001666 8.600000
0.244208 -2.822098 1.338887 1.074470 -0.135930 -0.127154 0.100698 -2.008263 8.650000
0.131382 -2.358606 1.333360 1.080310 -0.236161 -0.132881 0.087970 -2.002208 8.700000
0.684868 -2.256232 1.328014 1.086135 -0.331442 -0.137202 0.075797 -1.836190 8.750000
0.024105 -2.041895 1.322985 1.091889 -0.420398 -0.134107 0.064613 -1.737893 8.800000
0.000000 -2.059084 1.318271 1.097560 -0.503974 -0.135551 0.054382 -1.623043 8.850000
0.738804 -2.505060 1.313743 1.103195 -0.584022 -0.135808 0.044791 -1.584897 8.900000
1.669093 -2.956705 1.309558 1.108684 -0.667553 -0.128349 0.035410 -1.733756 8.950000
1.912216 -3.000000 1.306017 1.113774 -0.760641 -0.111875 0.026251 -1.954585 9.000000
2.081826 -2.761794 1.303280 1.118238 -0.861218 -0.092894 0.018029 -2.052501 9.050000
2.302252 -2.550148 1.301324 1.121942 -0.962448 -0.072063 0.011468 -2.004773 9.100000
1.888716 -2.127018 1.300090 1.124744 -1.060009 -0.049160 0.006865 -1.912853 9.150000
0.902612 -2.232840 1.299430 1.126638 -1.150271 -0.030425 0.004069 -1.727120 9.200000
1.853126 -2.582419 1.299098 1.127896 -1.235673 -0.021267 0.002359 -1.694091 9.250000
0.963156 -2.110307 1.299003 1.128511 -1.323668 -0.003470 0.001515 -1.807887 9.300000
1.782545 -2.315912 1.299082 1.128476 -1.410394 0.005438 0.001525 -1.680964 9.350000
0.923929 -2.041695 1.299247 1.127812 -1.495176 0.021592 0.002298 -1.706377 9.400000
0.816707 -1.849226 1.299436 1.126550 -1.577901 0.029041 0.003715 -1.616437 9.450000
0.104430 -1.713395 1.299586 1.124936 -1.655663 0.035073 0.005367 -1.510001 9.500000
0.817920 -1.718478 1.299683 1.123181 -1.728480 0.034125 0.006982 -1.416372 9.550000
1.550500 -1.714038 1.299709 1.121294 -1.798245 0.039720 0.008584 -1.379540 9.600000
2.267964 -1.452073 1.299573 1.118960 -1.866737 0.051765 0.010531 -1.362586 9.650000
3.171872 -1.126372 1.299139 1.115891 -1.931853 0.069874 0.012998 -1.256972 9.700000
2.916561 -1.431766 1.298224 1.111789 -1.989889 0.095600 0.015974 -1.087564 9.750000
1.973946 -1.838406 1.296712 1.106592 -2.045480 0.117774 0.019672 -1.130487 9.800000
1.753012 -1.630791 1.294675 1.100639 -2.106968 0.129851 0.024448 -1.305097 9.850000
1.466583 -1.434175 1.292196 1.094247 -2.172137 0.138855 0.029867 -1.302259 9.900000
2.333515 -1.519427 1.289315 1.087572 -2.235113 0.144476 0.035216 -1.227358 9.950000
1.819807 -1.129729 1.285929 1.080558 -2.296501 0.157559 0.040638 -1.228283 10.000000
0.920191 -1.087350 1.281975 1.073199 -2.353722 0.165171 0.045840 -1.080690 10.050000
1.624647 -0.696415 1.277679 1.065775 -2.405446 0.164114 0.050356 -0.999086 10.100000
0.938796 -1.157182 1.273072 1.058340 -2.450056 0.169861 0.053952 -0.809340 10.150000
0.000000 -1.412817 1.268161 1.050898 -2.493136 0.168920 0.057328 -0.902382 10.200000
0.000000 -1.470633 1.263249 1.043707 -2.542298 0.158597 0.061120 -1.045631 10.250000
0.716186 -1.602959 1.258515 1.036903 -2.597046 0.147936 0.065026 -1.132673 10.300000
0.000000 -1.743103 1.253821 1.030395 -2.656212 0.143647 0.068970 -1.221887 10.350000
0.500782 -2.117227 1.249180 1.024181 -2.719923 0.132115 0.072888 -1.313686 10.400000
0.431542 -1.755994 1.244646 1.018289 -2.790727 0.124616 0.076893 -1.492588 10.450000
0.000000 -1.974407 1.240140 1.012681 -2.863620 0.116171 0.080535 -1.431959 10.500000
0.000000 -1.854732 1.235786 1.007379 -2.936823 0.103674 0.083532 -1.487867 10.550000
0.687684 -1.705140 1.231690 1.002384 -3.010587 0.091327 0.085817 -1.465791 10.600000
1.537174 -1.752084 1.227692 0.997650 -3.082012 0.085920 0.087409 -1.400592 10.650000
2.229532 -1.944657 1.223437 0.993141 3.131417 0.088670 0.088780 -1.391090 10.700000
2.555588 -1.601757 1.218582 0.988882 3.059907 0.097392 0.090511 -1.459541 10.750000
2.572496 -1.996134 1.212929 0.984943 2.989762 0.108799 0.092585 -1.360745 10.800000
1.726060 -1.805317 1.206442 0.981400 2.918663 0.119584 0.095236 -1.467937 10.850000
2.113734 -1.581051 1.199373 0.978272 2.846017 0.121617 0.098242 -1.441846 10.900000
2.972028 -1.577824 1.191871 0.975582 2.776617 0.127328 0.101054 -1.347810 10.950000
2.026056 -1.808250 1.183702 0.973465 2.710368 0.140965 0.103951 -1.308089 11.000000
1.634736 -1.603840 1.174946 0.971951 2.642945 0.144844 0.107287 -1.378926 11.050000
1.305899 -1.578006 1.165946 0.970932 2.575328 0.144605 0.110608 -1.332475 11.100000
1.403077 -1.692882 1.156883 0.970335 2.509537 0.141311 0.113544 -1.303273 11.150000
1.302221 -1.524320 1.147827 0.970135 2.443491 0.138754 0.116270 -1.334226 11.200000
1.846961 -1.956036 1.138806 0.970332 2.378217 0.135252 0.118680 -1.283802 11.250000
1.493046 -2.412350 1.129771 0.971000 2.309996 0.136246 0.121245 -1.424965 11.300000
2.128955 -2.435120 1.120746 0.972169 2.232217 0.132052 0.124559 -1.652207 11.350000
1.740045 -2.490596 1.111762 0.973886 2.146768 0.132241 0.128368 -1.750584 11.400000
1.527152 -2.799149 1.102850 0.976187 2.057557 0.127698 0.132258 -1.808676 11.450000
1.737275 -3.000000 1.094140 0.978935 1.963282 0.119965 0.136072 -1.940883 11.500000
2.609795 -2.649323 1.085687 0.982103 1.862754 0.112832 0.139774 -2.060334 11.550000
2.891225 -2.315509 1.077469 0.985907 1.762080 0.113576 0.143123 -1.980053 11.600000
2.800440 -1.994727 1.069492 0.990592 1.667371 0.117650 0.146032 -1.832366 11.650000
2.029033 -2.284596 1.061828 0.996182 1.580701 0.121986 0.148437 -1.661311 11.700000
2.611463 -2.152689 1.054549 1.002449 1.496507 0.119219 0.150606 -1.700406 11.750000
2.828315 -2.482390 1.047721 1.009313 1.412427 0.121753 0.152681 -1.667902 11.800000
3.740452 -2.227532 1.041424 1.016910 1.325928 0.125447 0.155096 -1.775478 11.850000
3.489592 -2.421603 1.035798 1.025425 1.238595 0.136993 0.157964 -1.725968 11.900000
3.879939 -2.237710 1.030971 1.034922 1.150786 0.145289 0.161408 -1.778508 11.950000
4.302447 -1.858882 1.027051 1.045321 1.063164 0.156501 0.165314 -1.733811 12.000000
4.655891 -1.970495 1.024209 1.056685 0.980905 0.171958 0.169278 -1.580580 12.050000
5.078722 -2.409840 1.022622 1.069052 0.902391 0.190508 0.173634 -1.563307 12.100000
4.240088 -2.632759 1.022475 1.082413 0.819717 0.210732 0.179545 -1.720467 12.150000
5.131692 -2.229373 1.023762 1.096494 0.729532 0.219754 0.187256 -1.864708 12.200000
5.939201 -2.567747 1.026547 1.111099 0.638844 0.235605 0.195555 -1.777577 12.250000
5.282983 -2.811034 1.031179 1.126278 0.547307 0.257026 0.204949 -1.870320 12.300000
4.568552 -2.341819 1.037698 1.141805 0.450164 0.268641 0.216144 -1.995872 12.350000
4.110403 -2.066032 1.045804 1.157290 0.353795 0.271928 0.227278 -1.878681 12.400000
3.387683 -2.008182 1.055223 1.172470 0.263949 0.271530 0.236854 -1.737917 12.450000
4.008056 -1.948502 1.065662 1.187168 0.179198 0.265022 0.244906 -1.663699 12.500000
4.049150 -1.864245 1.077067 1.201293 0.097462 0.264684 0.251902 -1.613693 12.550000
3.977271 -2.089237 1.089547 1.214786 0.018210 0.264865 0.258179 -1.564178 12.600000
4.179464 -1.789164 1.103038 1.227557 -0.061832 0.263424 0.264360 -1.628078 12.650000
4.776135 -1.412303 1.117498 1.239513 -0.140823 0.263654 0.270076 -1.544425 12.700000
5.252639 -1.354433 1.133057 1.250552 -0.213106 0.271347 0.274525 -1.372589 12.750000
4.264144 -1.096593 1.149914 1.260553 -0.279132 0.285108 0.278139 -1.282117 12.800000
4.078380 -1.125312 1.167883 1.269477 -0.339414 0.291035 0.280904 -1.147983 12.850000
4.298839 -1.416652 1.186651 1.277353 -0.395493 0.296409 0.282945 -1.101795 12.900000
3.665446 -0.936718 1.206155 1.284132 -0.453214 0.302812 0.285516 -1.194914 12.950000
3.448522 -1.403483 1.226222 1.289818 -0.508936 0.303673 0.287687 -1.053120 13.000000
2.559992 -1.636380 1.246625 1.294477 -0.564905 0.302223 0.289848 -1.170016 13.050000
1.829630 -1.552044 1.267058 1.298230 -0.627368 0.289817 0.293022 -1.308785 13.100000
1.947709 -1.142157 1.287135 1.301292 -0.693526 0.269381 0.296078 -1.333163 13.150000
2.831297 -1.126135 1.306730 1.303765 -0.755979 0.252134 0.297441 -1.184670 13.200000
3.382212 -1.542244 1.326041 1.305494 -0.813142 0.245843 0.297300 -1.111386 13.250000
2.396994 -1.819264 1.345290 1.306244 -0.872296 0.244116 0.297366 -1.237499 13.300000
1.489763 -1.449755 1.364333 1.306108 -0.938676 0.230353 0.298319 -1.394733 13.350000
1.419156 -1.456296 1.382840 1.305465 -1.006255 0.208159 0.298561 -1.318143 13.400000
1.690486 -1.572635 1.400696 1.304513 -1.071198 0.187276 0.297387 -1.283252 13.450000
0.808041 -2.030345 1.417951 1.303222 -1.136087 0.169880 0.295366 -1.307854 13.500000
0.166406 -1.830746 1.434553 1.301747 -1.206572 0.142915 0.293013 -1.484522 13.550000
0.738919 -1.899244 1.450386 1.300456 -1.280606 0.109898 0.289550 -1.476209 13.600000
1.575326 -1.915264 1.465504 1.299373 -1.354896 0.083776 0.284670 -1.491646 13.650000
2.071560 -1.836266 1.480040 1.298179 -1.429718 0.066753 0.278851 -1.499143 13.700000
1.936381 -1.604078 1.494067 1.296569 -1.503849 0.055861 0.272463 -1.469807 13.750000
1.529437 -1.212570 1.507594 1.294457 -1.574464 0.046066 0.265623 -1.368812 13.800000
0.562199 -1.556810 1.520613 1.291951 -1.637432 0.036245 0.258304 -1.176200 13.850000
0.964019 -1.953147 1.533146 1.289343 -1.697537 0.019425 0.250594 -1.221011 13.900000
0.917021 -2.388480 1.545222 1.286767 -1.763346 0.005705 0.242557 -1.387288 13.950000
1.830802 -2.711610 1.556856 1.284164 -1.839279 -0.010473 0.234081 -1.615498 14.000000
0.953335 -2.627423 1.568018 1.281372 -1.926020 -0.020012 0.225094 -1.821597 14.050000
1.486263 -2.669486 1.578732 1.278410 -2.018456 -0.037959 0.215441 -1.867787 14.100000
2.023433 -2.365690 1.589030 1.275350 -2.112739 -0.049551 0.205095 -1.898233 14.150000
1.979816 -2.731835 1.598783 1.271967 -2.204808 -0.053787 0.194657 -1.800176 14.200000
2.019429 -2.871775 1.607895 1.268170 -2.297549 -0.057147 0.184317 -1.894336 14.250000
1.801148 -2.817464 1.616341 1.263997 -2.394735 -0.059790 0.173952 -1.979267 14.300000
1.669315 -3.000000 1.624128 1.259513 -2.494047 -0.063488 0.163629 -1.991245 14.350000
2.132280 -2.561171 1.631293 1.254805 -2.595615 -0.067368 0.153291 -2.060011 14.400000
1.607821 -2.981662 1.637739 1.249869 -2.694838 -0.064932 0.143362 -1.930467 14.450000
2.317013 -2.909228 1.643447 1.244752 -2.794328 -0.066208 0.133816 -2.032396 14.500000
1.773496 -2.704470 1.648355 1.239503 -2.896297 -0.060015 0.124660 -2.044576 14.550000
2.458546 -2.363912 1.652414 1.234173 -2.996567 -0.057617 0.116199 -1.977498 14.600000
2.407088 -2.728217 1.655570 1.228843 -3.091226 -0.047002 0.108700 -1.832592 14.650000
1.775181 -3.000000 1.657673 1.223587 3.098099 -0.036256 0.102220 -1.909665 14.700000
2.508243 -2.576628 1.658907 1.218493 2.998960 -0.031714 0.096343 -2.035317 14.750000
2.699886 -2.415325 1.659280 1.213654 2.900203 -0.019740 0.091249 -1.932189 14.800000
2.466352 -2.078405 1.658615 1.209208 2.806349 -0.005235 0.087307 -1.837461 14.850000
2.746033 -2.277217 1.656974 1.205251 2.719007 0.007747 0.084410 -1.680936 14.900000
3.733496 -2.271028 1.654410 1.201881 2.634610 0.023462 0.082486 -1.693297 14.950000
3.356498 -1.934725 1.650750 1.199324 2.549844 0.047876 0.081847 -1.697095 15.000000
3.756987 -2.350824 1.645987 1.197740 2.468453 0.068246 0.082431 -1.577139 15.050000
4.308279 -2.540321 1.640247 1.197217 2.386547 0.091375 0.084310 -1.683285 15.100000
4.542329 -2.470854 1.633520 1.197975 2.299159 0.117808 0.087985 -1.795212 15.150000
4.238615 -2.891712 1.625872 1.200215 2.208836 0.144509 0.093455 -1.815146 15.200000
4.912327 -2.821211 1.617523 1.203972 2.113439 0.165910 0.100863 -1.975348 15.250000
4.501553 -3.000000 1.608665 1.209357 2.013621 0.191044 0.110151 -2.012075 15.300000
4.892664 -3.000000 1.599509 1.216424 1.910723 0.209538 0.121117 -2.091348 15.350000
5.861774 -3.000000 1.590312 1.225147 1.805253 0.228883 0.133491 -2.123060 15.400000
5.322592 -3.000000 1.581247 1.235784 1.698677 0.254402 0.147318 -2.138614 15.450000
5.883062 -3.000000 1.572563 1.248339 1.591477 0.271697 0.162407 -2.148842 15.500000
5.637352 -2.715908 1.564529 1.262698 1.483816 0.291156 0.178472 -2.157557 15.550000
4.704323 -2.912057 1.557382 1.278785 1.378626 0.305836 0.194745 -2.066811 15.600000
4.816881 -2.869461 1.551267 1.296167 1.274116 0.309139 0.210989 -2.107724 15.650000
3.957616 -2.906793 1.546291 1.314486 1.168652 0.310791 0.227058 -2.111233 15.700000
3.873689 -3.000000 1.542483 1.333413 1.062606 0.301968 0.242417 -2.128176 15.750000
4.186556 -2.740862 1.539808 1.352597 0.955039 0.290067 0.256777 -2.167943 15.800000
4.255702 -3.000000 1.538325 1.371942 0.848858 0.280067 0.269498 -2.092345 15.850000
5.020608 -2.586211 1.538105 1.391390 0.742367 0.269243 0.281059 -2.156435 15.900000
4.853475 -2.489733 1.539302 1.410928 0.638097 0.265252 0.291205 -2.035096 15.950000
4.721569 -2.418200 1.542037 1.430510 0.538590 0.260448 0.299778 -1.958065 16.000000
4.678747 -2.750708 1.546256 1.449960 0.442240 0.254834 0.307102 -1.904677 16.050000
4.609482 -2.995434 1.551905 1.469117 0.344146 0.247377 0.314048 -2.002865 16.100000
5.557094 -3.000000 1.558909 1.487810 0.240465 0.236240 0.321062 -2.123705 16.150000
4.587506 -2.959395 1.567395 1.505920 0.132992 0.231709 0.327876 -2.167710 16.200000
3.663284 -3.000000 1.577274 1.523299 0.024593 0.216998 0.333847 -2.167639 16.250000
3.776971 -3.000000 1.588025 1.539798 -0.084121 0.193370 0.338166 -2.177841 16.300000
4.765728 -2.582142 1.599390 1.555355 -0.193005 0.171140 0.340577 -2.176472 16.350000
3.971067 -2.798808 1.611568 1.569874 -0.297462 0.160788 0.341099 -2.026481 16.400000
3.036260 -3.000000 1.624557 1.583286 -0.399368 0.144638 0.340358 -2.045545 16.450000
3.728849 -2.952142 1.637901 1.595686 -0.503795 0.119443 0.338378 -2.117742 16.500000
2.982308 -3.000000 1.651477 1.607070 -0.609820 0.101301 0.334979 -2.121453 16.550000
2.949861 -2.987853 1.665229 1.617440 -0.716303 0.077292 0.330134 -2.134147 16.600000
2.784696 -2.708509 1.678969 1.626899 -0.822888 0.054657 0.323696 -2.128750 16.650000
3.293668 -3.000000 1.692648 1.635471 -0.926292 0.033757 0.315725 -2.023772 16.700000
3.672282 -2.849019 1.706296 1.643069 -1.029278 0.019737 0.306759 -2.084601 16.750000
4.606135 -3.000000 1.719975 1.649507 -1.132537 0.010939 0.297269 -2.050916 16.800000
3.963486 -3.000000 1.733732 1.654487 -1.236257 0.012294 0.287858 -2.091163 16.850000
3.970855 -3.000000 1.747472 1.657939 -1.341229 0.008445 0.278690 -2.105119 16.900000
4.842625 -2.627233 1.761022 1.660006 -1.446614 0.005951 0.269609 -2.109435 16.950000
4.838568 -3.000000 1.774275 1.660483 -1.548320 0.014242 0.261028 -1.980665 17.000000
5.079861 -3.000000 1.787091 1.659185 -1.649861 0.023357 0.253406 -2.067017 17.050000
5.308772 -2.829832 1.799287 1.656124 -1.754156 0.034419 0.246833 -2.099743 17.100000
5.958745 -2.994164 1.810659 1.651279 -1.857788 0.048263 0.241388 -2.053808 17.150000
6.000000 -3.000000 1.820961 1.644561 -1.961742 0.068187 0.237411 -2.097803 17.200000
6.000000 -3.000000 1.829939 1.635980 -2.067222 0.087696 0.235116 -2.118656 17.250000
6.000000 -3.000000 1.837397 1.625721 -2.173440 0.106446 0.234390 -2.129104 17.300000
5.213586 -3.000000 1.843163 1.614000 -2.280072 0.124352 0.235110 -2.135803 17.350000
5.423318 -3.000000 1.847222 1.601187 -2.386986 0.133993 0.236874 -2.140433 17.400000
4.879470 -2.591508 1.849566 1.587602 -2.494098 0.144842 0.239378 -2.143987 17.450000
5.128384 -2.401793 1.850192 1.573498 -2.597195 0.151156 0.242004 -2.003767 17.500000
5.564637 -2.651965 1.849105 1.559097 -2.693981 0.161265 0.244442 -1.887253 17.550000
5.540716 -2.867587 1.846140 1.544507 -2.789732 0.175024 0.247519 -1.935636 17.600000
5.276379 -2.482879 1.841223 1.529911 -2.889319 0.186254 0.251842 -2.032486 17.650000
5.167640 -2.140011 1.834464 1.515556 -2.988062 0.194277 0.256551 -1.934021 17.700000
4.712907 -2.238536 1.825984 1.501645 -3.080199 0.202698 0.260731 -1.777103 17.750000
4.697162 -2.734386 1.815958 1.488343 3.114790 0.207462 0.264638 -1.754682 17.800000
5.405600 -2.974216 1.804576 1.475796 3.022106 0.209760 0.269321 -1.925572 17.850000
5.412994 -2.899776 1.791805 1.464178 2.921474 0.214957 0.275292 -2.075330 17.900000
4.601203 -2.547590 1.777639 1.453679 2.816858 0.217660 0.281932 -2.104769 17.950000
4.987200 -2.693810 1.762404 1.444380 2.714904 0.212853 0.287829 -1.992174 18.000000
5.654772 -2.318690 1.746308 1.436353 2.614975 0.211852 0.293016 -2.003273 18.050000
5.234033 -2.485639 1.729272 1.429808 2.518537 0.217827 0.297645 -1.875593 18.100000
4.569153 -2.970036 1.711385 1.424862 2.424370 0.219991 0.302055 -1.889188 18.150000
4.162198 -2.962137 1.693020 1.421413 2.324752 0.213047 0.307006 -2.066123 18.200000
5.015678 -2.757593 1.674540 1.419308 2.219696 0.199652 0.311842 -2.125497 18.250000
5.390213 -3.000000 1.656032 1.418640 2.114930 0.194213 0.315750 -2.073721 18.300000
6.000000 -3.000000 1.637486 1.419655 2.009311 0.191566 0.319353 -2.139790 18.350000
6.000000 -2.887205 1.618996 1.422549 1.901630 0.193271 0.323072 -2.163602 18.400000
5.827226 -3.000000 1.600727 1.427430 1.794337 0.194544 0.326710 -2.133499 18.450000
5.509231 -3.000000 1.582906 1.434218 1.686809 0.193535 0.330271 -2.162681 18.500000
6.000000 -3.000000 1.565754 1.442730 1.578379 0.188702 0.333598 -2.172639 18.550000
6.000000 -3.000000 1.549465 1.452919 1.469650 0.188017 0.336636 -2.175984 18.600000
5.463566 -2.755601 1.534224 1.464795 1.360813 0.186873 0.339508 -2.177314 18.650000
5.538959 -2.327301 1.520179 1.478112 1.254435 0.181550 0.341689 -2.092041 18.700000
6.000000 -2.221185 1.507446 1.492669 1.155136 0.180189 0.342613 -1.909953 18.750000
5.728374 -1.762329 1.496197 1.508497 1.062683 0.186266 0.342790 -1.805346 18.800000
4.770965 -1.944451 1.486568 1.525530 0.978333 0.193361 0.342285 -1.600679 18.850000
4.758720 -1.479617 1.478498 1.543428 0.898684 0.193537 0.341395 -1.587305 18.900000
5.494227 -1.224042 1.471920 1.561903 0.824399 0.196197 0.339852 -1.410261 18.950000
6.000000 -0.912585 1.467008 1.581012 0.758688 0.209708 0.337554 -1.242595 19.000000
6.000000 -0.681130 1.464022 1.600881 0.701900 0.231676 0.334761 -1.055403 19.050000
6.000000 -0.387778 1.463097 1.621504 0.653921 0.256989 0.331493 -0.886798 19.100000
6.000000 -0.822925 1.464261 1.642801 0.614910 0.285541 0.327525 -0.698150 19.150000
5.107070 -0.711454 1.467521 1.664694 0.577540 0.313884 0.324184 -0.787410 19.200000
5.436854 -1.072255 1.472674 1.686944 0.538090 0.332049 0.322044 -0.791132 19.250000
6.000000 -0.871245 1.479585 1.709362 0.494382 0.350774 0.321555 -0.939684 19.300000
5.696881 -0.825841 1.488401 1.731910 0.447555 0.372613 0.322498 -0.935327 19.350000
5.795019 -0.793036 1.499145 1.754490 0.401225 0.390908 0.323938 -0.920909 19.400000
5.313109 -0.579582 1.511746 1.776970 0.355614 0.409596 0.325733 -0.906571 19.450000
5.301276 -0.221312 1.526085 1.799220 0.312728 0.424163 0.327184 -0.820587 19.500000
5.166798 0.054242 1.542033 1.821140 0.276743 0.441049 0.326924 -0.641259 19.550000
6.000000 0.001470 1.559548 1.842712 0.250161 0.460215 0.324115 -0.445037 19.600000
6.000000 0.065757 1.578780 1.863984 0.229992 0.489251 0.319708 -0.371054 19.650000
6.000000 -0.192871 1.599880 1.884988 0.213120 0.518644 0.314697 -0.311392 19.700000
6.000000 0.203736 1.622792 1.905695 0.195335 0.546550 0.310576 -0.392604 19.750000
6.000000 -0.262677 1.647450 1.926053 0.178949 0.573993 0.306362 -0.276205 19.800000
5.746291 -0.589473 1.673799 1.946043 0.161382 0.599894 0.303142 -0.413095 19.850000
6.000000 -0.494838 1.701697 1.965561 0.134928 0.618748 0.304184 -0.622693 19.900000
6.000000 -0.682104 1.731051 1.984475 0.101808 0.636317 0.308492 -0.695096 19.950000
6.000000 -0.996361 1.761836 2.002678 0.063823 0.650855 0.315264 -0.811860 20.000000
5.192664 -0.977986 1.793956 2.020037 0.018025 0.660957 0.325792 -0.998350 20.050000
4.249357 -0.923731 1.827106 2.036395 -0.034269 0.659495 0.339122 -1.083754 20.100000
4.331004 -1.032570 1.860781 2.051654 -0.089067 0.647221 0.352876 -1.106060 20.150000
4.199076 -1.464895 1.894707 2.065768 -0.145913 0.634207 0.366584 -1.161119 20.200000
4.186416 -1.361535 1.928788 2.078681 -0.209394 0.616031 0.382140 -1.352087 20.250000
4.442203 -1.401253 1.962868 2.090326 -0.278242 0.594296 0.398534 -1.395814 20.300000
4.183938 -1.471056 1.996907 2.100654 -0.348997 0.573306 0.414084 -1.429590 20.350000
3.930737 -1.296079 2.030815 2.109650 -0.421608 0.548290 0.428656 -1.468730 20.400000
3.581227 -1.724651 2.064405 2.117357 -0.493580 0.521010 0.441096 -1.416724 20.450000
4.053710 -2.124373 2.097497 2.123855 -0.568256 0.488805 0.452551 -1.549224 20.500000
4.062411 -2.101142 2.130006 2.129141 -0.651326 0.455902 0.464692 -1.742222 20.550000
3.224788 -1.817163 2.161889 2.133184 -0.740185 0.419406 0.476129 -1.800685 20.600000
2.583861 -2.219573 2.192935 2.136160 -0.827661 0.376332 0.484223 -1.709423 20.650000
1.612604 -2.011256 2.222908 2.138369 -0.916009 0.327666 0.489394 -1.805370 20.700000
1.847721 -1.829593 2.251590 2.140180 -1.004767 0.271222 0.491146 -1.748856 20.750000
2.672811 -1.677538 2.278980 2.141780 -1.089249 0.222054 0.488744 -1.642334 20.800000
2.443760 -1.763751 2.305314 2.142961 -1.168192 0.186570 0.483080 -1.529048 20.850000
1.870808 -1.409776 2.330731 2.143591 -1.243951 0.153109 0.475306 -1.502120 20.900000
2.193964 -1.811591 2.355223 2.143839 -1.314679 0.119710 0.465516 -1.346392 20.950000
2.712358 -2.006361 2.378831 2.143728 -1.384187 0.092343 0.454473 -1.420716 21.000000
1.941221 -1.824489 2.401620 2.143089 -1.457972 0.069300 0.442831 -1.514780 21.050000
2.494196 -1.613911 2.423599 2.142011 -1.532674 0.040624 0.430275 -1.476508 21.100000
2.744241 -1.478578 2.444784 2.140527 -1.603619 0.021635 0.416819 -1.374513 21.150000
1.881247 -1.662573 2.465184 2.138410 -1.669557 0.009768 0.403015 -1.275988 21.200000
2.537854 -1.174221 2.484813 2.135782 -1.734043 -0.007663 0.389024 -1.298967 21.250000
2.950928 -1.060148 2.503667 2.132679 -1.793910 -0.014728 0.374999 -1.119784 21.300000
2.851448 -0.595484 2.521676 2.128816 -1.846394 -0.012895 0.361442 -0.996009 21.350000
2.299355 -0.807062 2.538790 2.124097 -1.889500 -0.006612 0.348580 -0.758335 21.400000
1.885347 -0.565329 2.555020 2.118644 -1.926638 -0.002199 0.336375 -0.730769 21.450000
1.953519 -0.834429 2.570428 2.112676 -1.960117 0.000437 0.324695 -0.621419 21.500000
2.188932 -0.630859 2.585038 2.106269 -1.992728 0.004500 0.313518 -0.676796 21.550000
1.785936 -0.434079 2.598823 2.099382 -2.025071 0.011194 0.302854 -0.623503 21.600000
2.339536 -0.696125 2.611800 2.092060 -2.053319 0.015999 0.292658 -0.518603 21.650000
3.130164 -1.058343 2.623946 2.084276 -2.080779 0.026456 0.282973 -0.574047 21.700000
3.343768 -0.721941 2.635118 2.075798 -2.114392 0.041898 0.274045 -0.750454 21.750000
3.344735 -0.523008 2.645205 2.066495 -2.150626 0.058178 0.265886 -0.705084 21.800000
3.581085 -1.019699 2.654168 2.056377 -2.183102 0.075573 0.258265 -0.606268 21.850000
3.829331 -0.852752 2.661964 2.045445 -2.217707 0.094090 0.251480 -0.760445 21.900000
3.718986 -0.668787 2.668527 2.033693 -2.256030 0.113259 0.245659 -0.771857 21.950000
4.701411 -1.081569 2.673829 2.021171 -2.292794 0.131472 0.240408 -0.707174 22.000000
5.597633 -1.508250 2.677726 2.007796 -2.331967 0.157577 0.236196 -0.844098 22.050000
5.661139 -1.118512 2.679914 1.993372 -2.380807 0.188099 0.234133 -1.080390 22.100000
5.166056 -0.679539 2.680227 1.977914 -2.433706 0.216834 0.233716 -1.041870 22.150000
4.662165 -0.842234 2.678719 1.961629 -2.480592 0.241783 0.233322 -0.858056 22.200000
3.727767 -0.835443 2.675558 1.944756 -2.522975 0.262525 0.232918 -0.840338 22.250000
4.382595 -0.903092 2.671021 1.927584 -2.564749 0.273982 0.232898 -0.832107 22.300000
4.333444 -0.940034 2.665169 1.910235 -2.607053 0.290889 0.233412 -0.857658 22.350000
3.717378 -0.722420 2.657897 1.892718 -2.650754 0.306182 0.234691 -0.887389 22.400000
3.831666 -0.751937 2.649362 1.875195 -2.693164 0.315486 0.236011 -0.818114 22.450000
2.894233 -0.583247 2.639681 1.857778 -2.733524 0.326070 0.237122 -0.799143 22.500000
2.334806 -0.806737 2.629050 1.840589 -2.771382 0.328287 0.237789 -0.724351 22.550000
2.350037 -0.594377 2.617808 1.823788 -2.809087 0.325238 0.238393 -0.777357 22.600000
2.514690 -0.301499 2.606089 1.807442 -2.846292 0.322588 0.238778 -0.717899 22.650000
1.739713 -0.562917 2.593857 1.791539 -2.878088 0.323328 0.237874 -0.571026 22.700000
2.097246 -0.568925 2.581247 1.776101 -2.907533 0.317646 0.236419 -0.602806 22.750000
1.698759 -0.766986 2.568363 1.761158 -2.938158 0.315186 0.235196 -0.619996 22.800000
1.575955 -0.847352 2.555228 1.746723 -2.971597 0.308269 0.234540 -0.707006 22.850000
2.542240 -1.236822 2.541983 1.732837 -3.008998 0.299241 0.234573 -0.779867 22.900000
1.959387 -1.173176 2.528454 1.719499 -3.053270 0.297319 0.235931 -0.967496 22.950000
1.303408 -1.103631 2.514599 1.706739 -3.103378 0.288080 0.238271 -1.028613 23.000000
1.200142 -1.075505 2.500738 1.694595 3.128393 0.272540 0.240343 -1.027514 23.050000
1.628442 -1.374859 2.487054 1.683060 3.077397 0.256668 0.241688 -1.013523 23.100000
1.197780 -1.123587 2.473478 1.672128 3.023677 0.244409 0.242966 -1.120626 23.150000
1.933090 -1.016828 2.460029 1.661792 2.969085 0.228266 0.243796 -1.069179 23.200000
2.520277 -0.706894 2.446631 1.652054 2.917498 0.220546 0.243652 -1.002662 23.250000
2.774544 -1.025068 2.432973 1.642968 2.871653 0.220515 0.242463 -0.850371 23.300000
3.555105 -0.734842 2.418863 1.634587 2.827614 0.223515 0.241094 -0.904496 23.350000
3.098158 -0.655711 2.404105 1.627005 2.784867 0.234149 0.239765 -0.816724 23.400000
3.491860 -0.751867 2.388660 1.620265 2.746047 0.241481 0.238093 -0.745049 23.450000
2.571272 -0.329251 2.372576 1.614381 2.708656 0.252728 0.236491 -0.750365 23.500000
3.414513 -0.284732 2.356001 1.609312 2.675772 0.256517 0.234315 -0.584505 23.550000
4.352725 -0.162157 2.338955 1.605056 2.649330 0.270133 0.231214 -0.484818 23.600000
4.467283 0.071558 2.321080 1.601807 2.627839 0.293582 0.227574 -0.386347 23.650000
4.875765 0.404930 2.302188 1.599673 2.612546 0.319178 0.223078 -0.241330 23.700000
5.199645 0.894251 2.282185 1.598695 2.606415 0.350389 0.216851 -0.025830 23.750000
5.019562 1.084568 2.260912 1.598904 2.614058 0.387379 0.207351 0.298753 23.800000
5.501726 1.301874 2.238296 1.600217 2.635926 0.424953 0.193871 0.548380 23.850000
6.000000 1.529144 2.214232 1.602529 2.669291 0.467910 0.176574 0.761193 23.900000
6.000000 1.645157 2.188481 1.605764 2.712772 0.515143 0.155258 0.954433 23.950000
5.493735 1.435505 2.160925 1.609748 2.764367 0.560641 0.130137 1.092634 24.000000
5.211443 1.935032 2.131690 1.614199 2.818624 0.598174 0.103280 1.081232 24.050000
4.379759 1.946938 2.100999 1.618842 2.878196 0.630094 0.073646 1.277672 24.100000
5.351985 2.169225 2.069145 1.623366 2.944916 0.650998 0.040652 1.380290 24.150000
4.990936 2.624123 2.036163 1.627544 3.017891 0.677126 0.004686 1.522271 24.200000
4.849841 2.376275 2.002018 1.631150 3.100884 0.694805 -0.036118 1.765426 24.250000
5.175872 2.140620 1.966977 1.633904 -3.093407 0.705260 -0.079289 1.791873 24.300000
6.000000 2.521544 1.931176 1.635623 -3.005478 0.713331 -0.121070 1.739137 24.350000
6.000000 2.157645 1.894541 1.636135 -2.914631 0.723141 -0.163500 1.878485 24.400000
6.000000 2.354516 1.857118 1.635234 -2.822444 0.727019 -0.205563 1.823531 24.450000
6.000000 2.845093 1.819142 1.632806 -2.729332 0.725269 -0.246726 1.894921 24.500000
5.594640 2.986620 1.780886 1.628739 -2.628285 0.715390 -0.290158 2.115569 24.550000
6.000000 2.733279 1.742770 1.622980 -2.518332 0.692355 -0.335326 2.261802 24.600000
6.000000 2.960189 1.705108 1.615509 -2.405970 0.666364 -0.378107 2.240074 24.650000
6.000000 3.000000 1.668079 1.606318 -2.291628 0.634128 -0.417957 2.321680 24.700000
6.000000 2.670357 1.631937 1.595489 -2.174175 0.595478 -0.454838 2.369058 24.750000
5.225865 2.878835 1.596886 1.583132 -2.058536 0.554176 -0.486269 2.273140 24.800000
5.715632 3.000000 1.563130 1.569525 -1.943827 0.503520 -0.512431 2.307129 24.850000
6.000000 2.876920 1.530806 1.554858 -1.827116 0.454348 -0.534244 2.350752 24.900000
5.127241 2.517346 1.499939 1.539094 -1.710649 0.406942 -0.551154 2.311474 24.950000
5.066762 2.154885 1.470584 1.522467 -1.599448 0.355132 -0.561879 2.158575 25.000000
5.079299 2.165347 1.442744 1.505214 -1.497186 0.310521 -0.566269 1.960671 25.050000
4.715429 2.570445 1.416392 1.487329 -1.401511 0.272545 -0.566141 1.876101 25.100000
5.475700 2.194418 1.391520 1.468919 -1.304783 0.232046 -0.563555 1.972898 25.150000
5.321962 2.400785 1.368173 1.449965 -1.209330 0.201668 -0.558401 1.860171 25.200000
4.415569 2.343544 1.346421 1.430359 -1.115685 0.173191 -0.551215 1.879391 25.250000
5.333107 2.265736 1.326187 1.410387 -1.022403 0.138684 -0.542144 1.852485 25.300000
6.000000 2.331814 1.307509 1.390087 -0.931157 0.116762 -0.531346 1.802841 25.350000
6.000000 2.785658 1.290639 1.369205 -0.841046 0.104065 -0.519740 1.800530 25.400000
5.725661 2.914661 1.275718 1.347733 -0.746454 0.090154 -0.508040 1.956396 25.450000
6.000000 2.673554 1.262715 1.325886 -0.645781 0.071604 -0.496008 2.052667 25.500000
6.000000 3.000000 1.251651 1.303815 -0.544756 0.057764 -0.483246 1.996307 25.550000
6.000000 2.881867 1.242619 1.281614 -0.442292 0.045289 -0.470079 2.086024 25.600000
6.000000 3.000000 1.235629 1.259445 -0.338362 0.034214 -0.456554 2.072436 25.650000
6.000000 3.000000 1.230693 1.237466 -0.233753 0.025061 -0.442793 2.105509 25.700000
5.956139 3.000000 1.227807 1.215846 -0.128198 0.017650 -0.428922 2.114512 25.750000
5.776122 2.567375 1.226942 1.194760 -0.022428 0.011966 -0.415061 2.115621 25.800000
5.244911 2.178167 1.228029 1.174382 0.078897 0.009254 -0.401327 1.962644 25.850000
5.272241 2.468286 1.230907 1.154866 0.171351 0.008304 -0.387897 1.766847 25.900000
4.888418 2.776518 1.235453 1.136347 0.260572 0.010959 -0.375017 1.797333 25.950000
4.971325 2.918445 1.241505 1.118927 0.353985 0.009374 -0.362672 1.919408 26.000000
5.697380 2.468494 1.248883 1.102694 0.452728 0.007585 -0.350684 2.014526 26.050000
5.332733 2.817642 1.257648 1.087843 0.549838 0.014943 -0.339277 1.890587 26.100000
4.707633 2.801379 1.267767 1.074544 0.646680 0.020196 -0.328740 1.970370 26.150000
5.139725 2.902361 1.278903 1.062764 0.745894 0.019745 -0.318765 1.994211 26.200000
5.392021 2.903516 1.290876 1.052566 0.846903 0.023872 -0.309307 2.038893 26.250000
4.659714 2.441614 1.303639 1.044137 0.949354 0.030836 -0.300609 2.056536 26.300000
4.981822 2.615830 1.316961 1.037456 1.047633 0.033573 -0.292453 1.900422 26.350000
5.871420 2.964452 1.330638 1.032515 1.142801 0.041462 -0.284898 1.905779 26.400000
5.793528 2.886490 1.344618 1.029596 1.241797 0.056764 -0.278554 2.033718 26.450000
6.000000 3.000000 1.358747 1.028865 1.344095 0.070289 -0.273581 2.055252 26.500000
6.000000 3.000000 1.372785 1.030332 1.448304 0.085118 -0.269930 2.105348 26.550000
6.000000 3.000000 1.386493 1.033994 1.554151 0.099213 -0.267584 2.125725 26.600000
5.236081 2.654677 1.399624 1.039777 1.660705 0.112769 -0.266415 2.135402 26.650000
5.716936 2.661853 1.411963 1.047409 1.764085 0.119977 -0.265792 2.019625 26.700000
5.704773 3.000000 1.423322 1.056735 1.863962 0.132696 -0.265623 1.982242 26.750000
6.000000 2.590959 1.433499 1.067732 1.966207 0.143909 -0.266568 2.090126 26.800000
6.000000 2.929513 1.442295 1.080292 2.067705 0.157526 -0.268271 1.987579 26.850000
5.239797 2.998367 1.449522 1.094302 2.169544 0.170195 -0.270936 2.072515 26.900000
4.461160 2.582796 1.455148 1.109401 2.274809 0.173614 -0.274501 2.128843 26.950000
4.411389 2.409853 1.459304 1.125114 2.377592 0.170117 -0.277607 2.003442 27.000000
5.006871 2.026020 1.462062 1.141171 2.474649 0.168090 -0.279713 1.896318 27.050000
5.151280 2.299633 1.463273 1.157538 2.564328 0.174255 -0.280979 1.719221 27.100000
6.000000 2.379001 1.462757 1.174192 2.651221 0.182425 -0.282335 1.751884 27.150000
6.000000 2.067698 1.460300 1.191062 2.740066 0.197206 -0.284623 1.795815 27.200000
5.161702 1.849012 1.455730 1.208027 2.827167 0.211780 -0.287483 1.703538 27.250000
4.832387 2.254180 1.449244 1.224834 2.909073 0.219705 -0.290137 1.590494 27.300000
3.993917 2.652078 1.441130 1.241254 2.991620 0.223692 -0.293176 1.695630 27.350000
3.804953 2.921991 1.431733 1.257087 3.081753 0.216308 -0.297198 1.880230 27.400000
4.345814 3.000000 1.421395 1.272174 -3.102650 0.203427 -0.301716 2.043609 27.450000
3.511317 3.000000 1.410138 1.286405 -2.997986 0.193058 -0.306081 2.128247 27.500000
4.013575 2.551748 1.398133 1.299709 -2.890754 0.173712 -0.309507 2.155407 27.550000
3.303189 2.872911 1.385529 1.312030 -2.787359 0.161029 -0.311114 2.005002 27.600000
4.001663 2.666749 1.372417 1.323347 -2.685464 0.142730 -0.311378 2.060517 27.650000
3.833799 2.921018 1.358874 1.333611 -2.584045 0.131869 -0.310519 2.004849 27.700000
4.395362 3.000000 1.344862 1.342726 -2.481836 0.119696 -0.308942 2.071625 27.750000
3.411829 3.000000 1.330414 1.350591 -2.376799 0.112278 -0.306941 2.121041 27.800000
3.987249 3.000000 1.315710 1.357251 -2.270295 0.095726 -0.304213 2.135645 27.850000
3.499666 2.648511 1.300914 1.362743 -2.163432 0.085464 -0.300589 2.137856 27.900000
4.177464 2.879055 1.286092 1.367036 -2.060172 0.073107 -0.296015 2.012816 27.950000
4.901419 2.850449 1.271307 1.370059 -1.958524 0.068834 -0.290929 2.047114 28.000000
4.013445 3.000000 1.256542 1.371504 -1.856110 0.071846 -0.286015 2.049167 28.050000
4.501188 3.000000 1.241948 1.371423 -1.752106 0.066543 -0.281271 2.101798 28.100000
4.088795 2.950426 1.227700 1.369928 -1.646487 0.066033 -0.276553 2.119831 28.150000
4.748930 3.000000 1.213925 1.367039 -1.540829 0.062367 -0.271842 2.108230 28.200000
4.392831 2.823216 1.200767 1.362742 -1.435038 0.065592 -0.267292 2.121307 28.250000
4.608235 2.627301 1.188366 1.357029 -1.330640 0.066519 -0.262983 2.064216 28.300000
4.714237 2.968399 1.176862 1.349999 -1.230033 0.071349 -0.258852 1.975073 28.350000
5.073406 3.000000 1.166405 1.341667 -1.128695 0.077249 -0.255313 2.063866 28.400000
4.938070 2.815105 1.157169 1.332067 -1.024221 0.085618 -0.252592 2.108009 28.450000
4.027686 2.536942 1.149301 1.321302 -0.920225 0.092914 -0.250506 2.060194 28.500000
3.801297 2.380302 1.142763 1.309713 -0.820563 0.093221 -0.248478 1.945282 28.550000
4.710326 2.418808 1.137464 1.297611 -0.726151 0.093460 -0.246195 1.847036 28.600000
4.422002 2.862683 1.133582 1.284998 -0.634454 0.103318 -0.244152 1.824814 28.650000
4.499939 3.000000 1.131266 1.271922 -0.538820 0.109021 -0.243007 1.976197 28.700000
4.431747 2.942939 1.130487 1.258598 -0.436959 0.113277 -0.242729 2.080925 28.750000
4.890143 2.686188 1.131241 1.245201 -0.332387 0.115851 -0.242919 2.099046 28.800000
5.173160 3.000000 1.133612 1.231877 -0.229857 0.123223 -0.243288 2.016319 28.850000
5.958807 3.000000 1.137748 1.218756 -0.126656 0.132623 -0.244342 2.098398 28.900000
5.574734 2.896480 1.143841 1.206018 -0.020829 0.147871 -0.246525 2.130041 28.950000
6.000000 2.959267 1.151897 1.193881 0.085000 0.158587 -0.249601 2.107545 29.000000
5.646959 3.000000 1.161821 1.182576 0.190843 0.172339 -0.253501 2.124094 29.050000
5.935214 3.000000 1.173494 1.172312 0.297693 0.181312 -0.258247 2.146640 29.100000
6.000000 3.000000 1.186738 1.163286 0.405311 0.191613 -0.263662 2.157000 29.150000
6.000000 3.000000 1.201448 1.155700 0.513326 0.201140 -0.269701 2.163230 29.200000
6.000000 3.000000 1.217433 1.149718 0.621610 0.209279 -0.276247 2.167946 29.250000
5.853706 3.000000 1.234473 1.145469 0.730110 0.216033 -0.283168 2.171999 29.300000
5.894332 3.000000 1.252313 1.143032 0.838800 0.220061 -0.290291 2.175493 29.350000
6.000000 3.000000 1.270703 1.142462 0.947652 0.223195 -0.297465 2.178520 29.400000
6.000000 3.000000 1.289429 1.143827 1.056648 0.226073 -0.304641 2.181311 29.450000
6.000000 2.589117 1.308266 1.147165 1.165779 0.227729 -0.311760 2.183867 29.500000
6.000000 2.670940 1.326986 1.152472 1.270840 0.230064 -0.318094 2.042831 29.550000
5.166273 3.000000 1.345385 1.159736 1.372380 0.232978 -0.323839 2.022590 29.600000
4.417686 3.000000 1.363222 1.168709 1.476686 0.226008 -0.329699 2.131153 29.650000
4.034900 2.500061 1.380271 1.178931 1.584332 0.210061 -0.335004 2.167667 29.700000
4.680265 2.552990 1.396414 1.190062 1.687907 0.192411 -0.338223 2.002227 29.750000
4.109585 2.848185 1.411571 1.202129 1.786753 0.183283 -0.339722 1.958306 29.800000
3.602850 2.854968 1.425672 1.215081 1.887182 0.168318 -0.340530 2.043769 29.850000
2.646790 2.816815 1.438720 1.228578 1.990247 0.147961 -0.340333 2.072702 29.900000
2.036476 3.000000 1.450820 1.242235 2.093661 0.119487 -0.338375 2.063560 29.950000
2.304765 3.000000 1.462153 1.255699 2.198449 0.086217 -0.334312 2.116841 30.000000
3.142270 3.000000 1.472791 1.268900 2.304670 0.056788 -0.328124 2.128208 30.050000
3.271129 2.592140 1.482583 1.282036 2.411063 0.037190 -0.320310 2.126532 30.100000
3.633742 2.915305 1.491358 1.295251 2.513101 0.022597 -0.311373 1.978791 30.150000
4.304125 3.000000 1.498983 1.308582 2.613743 0.013773 -0.301905 2.036735 30.200000
5.249261 3.000000 1.505232 1.322069 2.717030 0.011742 -0.292410 2.086298 30.250000
5.870546 2.919037 1.509748 1.335747 2.821871 0.019262 -0.283470 2.104646 30.300000
5.615815 3.000000 1.512170 1.349557 2.926512 0.033544 -0.275654 2.084980 30.350000
5.772009 2.693126 1.512419 1.363301 3.031439 0.045832 -0.269119 2.108688 30.400000
6.000000 2.969157 1.510546 1.376738 3.134031 0.060800 -0.263728 2.011859 30.450000
5.141115 3.000000 1.506510 1.389641 -3.046682 0.078017 -0.259724 2.076927 30.500000
5.433372 3.000000 1.500557 1.401803 -2.941789 0.086222 -0.256922 2.113037 30.550000
4.554839 3.000000 1.492932 1.413036 -2.835728 0.096765 -0.254994 2.127445 30.600000
3.611215 3.000000 1.483891 1.423216 -2.729182 0.098806 -0.253639 2.133429 30.650000
2.705226 2.715632 1.473952 1.432372 -2.622459 0.092139 -0.252162 2.134907 30.700000
2.535192 2.962632 1.463584 1.440630 -2.518649 0.078569 -0.249779 2.033842 30.750000
2.046540 3.000000 1.453044 1.448092 -2.415540 0.064568 -0.246435 2.081782 30.800000
2.244775 3.000000 1.442492 1.454849 -2.310634 0.046492 -0.242096 2.109022 30.850000
3.154473 3.000000 1.432004 1.460945 -2.204967 0.031386 -0.236689 2.115786 30.900000
3.916574 2.927131 1.421456 1.466165 -2.099151 0.026075 -0.230710 2.116505 30.950000
3.527915 2.920963 1.410710 1.470157 -1.994071 0.029128 -0.224841 2.091088 31.000000
4.359817 2.539304 1.399839 1.472822 -1.889840 0.029519 -0.219290 2.079988 31.050000
5.039065 2.999270 1.388946 1.474039 -1.789862 0.039631 -0.214207 1.942316 31.100000
5.205198 3.000000 1.378099 1.473459 -1.689428 0.056157 -0.210303 2.056680 31.150000
5.417612 2.603595 1.367470 1.470933 -1.585330 0.072998 -0.207889 2.100501 31.200000
5.321855 3.000000 1.357280 1.466434 -1.483854 0.092167 -0.206718 1.979422 31.250000
5.224856 2.633110 1.347746 1.460014 -1.382026 0.109681 -0.206972 2.077939 31.300000
5.775440 2.911817 1.339070 1.451840 -1.280802 0.125684 -0.208355 1.986829 31.350000
5.127873 2.639520 1.331475 1.441939 -1.179493 0.145893 -0.211031 2.055006 31.400000
4.284427 3.000000 1.325124 1.430503 -1.078758 0.159035 -0.214733 1.986441 31.450000
3.708370 3.000000 1.320005 1.418009 -0.976415 0.162807 -0.219114 2.090211 31.500000
4.703224 2.776509 1.316033 1.404906 -0.870806 0.159478 -0.223723 2.127777 31.550000
5.407721 2.472125 1.313338 1.391266 -0.766297 0.165219 -0.228126 2.063735 31.600000
4.775741 2.744081 1.312261 1.376955 -0.666866 0.178254 -0.232445 1.935428 31.650000
4.847419 3.000000 1.312864 1.362134 -0.568606 0.184675 -0.237173 1.986910 31.700000
4.940068 3.000000 1.315067 1.347085 -0.466046 0.189435 -0.242708 2.097427 31.750000
4.404144 2.868491 1.318895 1.331998 -0.359987 0.192901 -0.248818 2.138356 31.800000
5.269986 3.000000 1.324228 1.317106 -0.253967 0.190402 -0.254732 2.107721 31.850000
6.000000 3.000000 1.331107 1.302567 -0.147534 0.195060 -0.260589 2.143887 31.900000
5.140259 2.600467 1.339835 1.288513 -0.039918 0.205020 -0.266964 2.158907 31.950000
5.541194 2.307707 1.350298 1.275147 0.064147 0.206996 -0.273025 2.026336 32.000000
5.068870 2.357599 1.362314 1.262651 0.161088 0.214492 -0.278151 1.876401 32.050000
4.086775 2.017845 1.375788 1.251162 0.253847 0.218249 -0.282856 1.840172 32.100000
3.910104 1.530765 1.390293 1.240725 0.341932 0.214004 -0.286644 1.704462 32.150000
3.240337 1.849856 1.405513 1.231336 0.420494 0.211644 -0.288638 1.472802 32.200000
3.038374 2.194535 1.421236 1.222962 0.494816 0.204648 -0.289696 1.496308 32.250000
3.868074 2.331594 1.437210 1.215543 0.573524 0.194210 -0.290886 1.631204 32.300000
4.622200 2.655539 1.453462 1.209179 0.658034 0.189451 -0.292403 1.733244 32.350000
3.903196 2.776686 1.470172 1.204114 0.749212 0.189022 -0.294620 1.889102 32.400000
4.207528 2.513200 1.487192 1.200371 0.846600 0.179141 -0.297225 1.989562 32.450000
5.178064 2.433786 1.504314 1.197899 0.944399 0.172005 -0.299183 1.931579 32.500000
5.602099 2.325792 1.521604 1.196961 1.039527 0.175027 -0.300602 1.881803 32.550000
5.450295 2.194728 1.539091 1.197854 1.131985 0.182781 -0.301996 1.825950 32.600000
5.402762 2.469955 1.556634 1.200647 1.221345 0.189918 -0.303417 1.759406 32.650000
6.000000 2.744915 1.574036 1.205289 1.311489 0.195811 -0.305332 1.834814 32.700000
5.909486 3.000000 1.591131 1.211858 1.406953 0.204513 -0.308419 1.963475 32.750000
5.635261 2.776662 1.607718 1.220380 1.509175 0.208712 -0.312831 2.102550 32.800000
5.095099 2.630763 1.623568 1.230665 1.613497 0.208675 -0.317521 2.075128 32.850000
6.000000 3.000000 1.638506 1.242429 1.715473 0.204020 -0.321520 2.014009 32.900000
5.193771 3.000000 1.652359 1.255657 1.819327 0.206575 -0.325604 2.122242 32.950000
5.153327 2.906009 1.664982 1.270223 1.926567 0.199450 -0.329848 2.160555 33.000000
4.288236 3.000000 1.676299 1.285789 2.034004 0.191573 -0.333386 2.140081 33.050000
4.394577 2.892739 1.686316 1.302035 2.141704 0.175398 -0.335913 2.163048 33.100000
4.035281 2.401867 1.695057 1.318688 2.248922 0.160784 -0.337104 2.130388 33.150000
3.755908 2.188894 1.702519 1.335618 2.349994 0.146158 -0.336447 1.942811 33.200000
3.398281 2.123452 1.708756 1.352670 2.442846 0.133437 -0.334016 1.794274 33.250000
2.902723 1.922009 1.713844 1.369708 2.530167 0.120750 -0.330338 1.710785 33.300000
2.878757 2.028733 1.717921 1.386576 2.612573 0.106621 -0.325556 1.601266 33.350000
3.599693 1.818654 1.721073 1.403183 2.692434 0.094495 -0.320001 1.593507 33.400000
3.962616 1.582648 1.723147 1.419563 2.769745 0.091248 -0.314032 1.510971 33.450000
4.501230 1.268713 1.723895 1.435764 2.841808 0.094338 -0.307920 1.389338 33.500000
4.885169 1.397837 1.723099 1.451778 2.906479 0.105958 -0.301871 1.221606 33.550000
5.554190 1.801834 1.720539 1.467575 2.966963 0.122903 -0.296372 1.201350 33.600000
5.276775 1.387663 1.716012 1.483079 3.031232 0.144304 -0.292280 1.349724 33.650000
4.820473 1.461659 1.709501 1.498158 3.096153 0.162363 -0.289272 1.260517 33.700000
5.202715 1.569264 1.701232 1.512670 -3.124223 0.176547 -0.286871 1.253499 33.750000
4.769501 1.525674 1.691287 1.526494 -3.060404 0.193510 -0.285393 1.294419 33.800000
4.845676 1.897208 1.679761 1.539517 -2.995586 0.205501 -0.284761 1.298333 33.850000
4.320895 2.218425 1.666831 1.551638 -2.926578 0.216121 -0.285321 1.441996 33.900000
4.862533 2.087267 1.652726 1.562772 -2.849325 0.218134 -0.287448 1.621513 33.950000
3.933719 1.995114 1.637580 1.572811 -2.767546 0.223069 -0.290385 1.646281 34.000000
3.622929 1.667867 1.621589 1.581708 -2.685906 0.218919 -0.293211 1.622766 34.050000
4.603747 1.986338 1.605102 1.589524 -2.608511 0.213477 -0.294993 1.492328 34.100000
4.685855 2.342684 1.588042 1.596133 -2.532029 0.217549 -0.296558 1.557541 34.150000
3.943980 2.497286 1.570324 1.601357 -2.449613 0.219618 -0.299172 1.715189 34.200000
3.807622 2.562057 1.552230 1.605259 -2.360465 0.211639 -0.302542 1.832002 34.250000
3.275857 2.784943 1.534057 1.607962 -2.266943 0.200499 -0.305821 1.897805 34.300000
2.335686 3.000000 1.516022 1.609588 -2.169095 0.182665 -0.308609 1.998652 34.350000
1.499719 2.793328 1.498414 1.610449 -2.065986 0.154277 -0.310310 2.106113 34.400000
1.362921 2.586545 1.481472 1.610947 -1.961829 0.118691 -0.309689 2.065051 34.450000
1.374743 3.000000 1.465246 1.611312 -1.861306 0.084994 -0.306254 1.969730 34.500000
1.818054 2.612203 1.449675 1.611580 -1.759741 0.052870 -0.300642 2.073661 34.550000
1.137751 3.000000 1.434688 1.611661 -1.659093 0.027352 -0.293109 1.968328 34.600000
0.834745 2.533776 1.420237 1.611599 -1.557934 -0.002595 -0.283862 2.061020 34.650000
1.814711 2.439126 1.406278 1.611613 -1.458834 -0.032075 -0.272819 1.924085 34.700000
2.548626 2.506242 1.392785 1.611490 -1.365176 -0.047819 -0.260729 1.835780 34.750000
1.602841 2.412189 1.379823 1.610798 -1.273691 -0.053851 -0.248424 1.825139 34.800000
1.676836 2.573924 1.367399 1.609579 -1.183557 -0.066476 -0.235997 1.786026 34.850000
1.803669 2.638562 1.355471 1.608023 -1.093031 -0.076524 -0.223262 1.828069 34.900000
1.616066 2.343470 1.344074 1.606084 -1.000510 -0.084024 -0.210292 1.866497 34.950000
0.957588 2.337197 1.333221 1.603778 -0.909842 -0.090855 -0.197412 1.774779 35.000000
0.370437 2.675564 1.322825 1.601256 -0.822190 -0.101194 -0.184635 1.737058 35.050000
1.233334 3.000000 1.312710 1.598718 -0.732238 -0.115609 -0.171351 1.843912 35.100000
0.365950 3.000000 1.302922 1.596099 -0.635514 -0.121296 -0.157317 1.999766 35.150000
0.305370 2.930185 1.293448 1.593371 -0.533859 -0.133955 -0.142678 2.056907 35.200000
0.000000 3.000000 1.284125 1.590624 -0.431124 -0.144845 -0.127584 2.053218 35.250000
0.000000 2.698859 1.274901 1.587847 -0.327774 -0.156133 -0.112130 2.076993 35.300000
0.000000 2.931086 1.265748 1.585020 -0.226745 -0.164503 -0.096751 1.980512 35.350000
0.000000 2.709318 1.256711 1.582106 -0.126322 -0.170383 -0.081460 2.028755 35.400000
0.000000 2.750684 1.247835 1.579079 -0.026620 -0.173905 -0.066445 1.969556 35.450000
0.000000 2.877756 1.239165 1.575925 0.071692 -0.175190 -0.051947 1.964253 35.500000
0.273403 2.408003 1.230746 1.572642 0.171198 -0.174591 -0.037770 2.009036 35.550000
0.000000 2.305703 1.222680 1.569249 0.267320 -0.169496 -0.024693 1.860501 35.600000
0.000000 1.943852 1.214996 1.565779 0.357704 -0.165387 -0.013063 1.769630 35.650000
0.818722 1.660655 1.207651 1.562247 0.441417 -0.160035 -0.002906 1.604619 35.700000
1.129265 1.977065 1.200821 1.558778 0.516789 -0.146248 0.005424 1.435529 35.750000
0.695852 1.709750 1.194719 1.555545 0.589968 -0.129349 0.012426 1.484618 35.800000
0.000000 2.032991 1.189283 1.552572 0.661941 -0.116511 0.018313 1.405829 35.850000
0.238105 2.045434 1.184268 1.549734 0.734756 -0.110062 0.023575 1.494003 35.900000
0.041359 2.155816 1.179576 1.546986 0.810629 -0.101036 0.028485 1.534912 35.950000
0.000000 2.269621 1.175205 1.544347 0.889023 -0.093594 0.032960 1.592273 36.000000
0.984629 2.353673 1.171110 1.541793 0.970500 -0.086218 0.037065 1.656950 36.050000
0.332508 2.225523 1.167396 1.539526 1.054963 -0.069394 0.040489 1.712878 36.100000
1.332400 1.799251 1.164071 1.537626 1.139886 -0.058904 0.042999 1.687876 36.150000
2.265859 1.898121 1.161106 1.536188 1.219500 -0.039606 0.044338 1.521637 36.200000
2.861347 1.734375 1.158585 1.535640 1.294691 -0.012553 0.044227 1.490386 36.250000
3.047362 1.394139 1.156501 1.536316 1.367079 0.018771 0.042564 1.415774 36.300000
3.607153 1.570764 1.154758 1.538371 1.433313 0.050078 0.039500 1.255980 36.350000
2.687046 1.743821 1.153247 1.541933 1.496053 0.084903 0.035133 1.253746 36.400000
3.244255 2.216818 1.151830 1.546865 1.560568 0.109510 0.029460 1.317831 36.450000
3.194906 1.901520 1.150371 1.553026 1.632299 0.138045 0.022103 1.521813 36.500000
2.856393 1.845245 1.148730 1.560469 1.707444 0.164326 0.013247 1.488999 36.550000
3.461951 2.061180 1.146794 1.569017 1.780930 0.185494 0.003628 1.455631 36.600000
3.697724 2.385158 1.144439 1.578642 1.855647 0.210460 -0.007060 1.523442 36.650000
3.376834 2.875584 1.141498 1.589424 1.936078 0.235371 -0.019634 1.671903 36.700000
3.389648 2.613569 1.137847 1.601205 2.026544 0.254452 -0.034804 1.909779 36.750000
2.808868 2.471386 1.133388 1.613752 2.121987 0.270666 -0.051508 1.909020 36.800000
2.311921 2.810079 1.128114 1.626795 2.216040 0.278806 -0.068193 1.861651 36.850000
1.387402 3.000000 1.122132 1.639992 2.312197 0.279657 -0.085036 1.968185 36.900000
2.012854 3.000000 1.115651 1.652968 2.413770 0.268998 -0.102020 2.077233 36.950000
1.950793 2.939290 1.108736 1.665575 2.518833 0.261753 -0.118433 2.118884 37.000000
1.508413 3.000000 1.101323 1.677821 2.624640 0.251832 -0.133771 2.114607 37.050000
2.479683 3.000000 1.093563 1.689583 2.730978 0.235992 -0.147698 2.135557 37.100000
2.310270 2.883978 1.085388 1.700858 2.837994 0.227744 -0.160346 2.143958 37.150000
1.725290 2.429349 1.076679 1.711661 2.944113 0.216709 -0.171673 2.107198 37.200000
2.187448 2.340362 1.067654 1.721913 3.044426 0.200592 -0.180707 1.933880 37.250000
1.702109 1.882756 1.058366 1.731602 3.138331 0.189914 -0.187580 1.837697 37.300000
1.713429 2.187456 1.048841 1.740734 -3.058819 0.176422 -0.192373 1.634986 37.350000
1.481851 2.335601 1.039196 1.749316 -2.976181 0.163970 -0.195802 1.665532 37.400000
2.068157 2.680358 1.029509 1.757356 -2.891038 0.148827 -0.198578 1.729756 37.450000
2.361113 2.287839 1.019737 1.764827 -2.800268 0.137890 -0.201048 1.877249 37.500000
1.409650 2.701753 1.009735 1.771655 -2.708898 0.129668 -0.202857 1.791066 37.550000
0.899254 2.224232 0.999676 1.777899 -2.616021 0.112322 -0.203906 1.905085 37.600000
1.196306 2.077832 0.989888 1.783728 -2.524546 0.091238 -0.203535 1.774025 37.650000
1.628571 2.245606 0.980389 1.789185 -2.438889 0.075452 -0.201631 1.668102 37.700000
1.467231 2.393830 0.971021 1.794174 -2.354961 0.065018 -0.198913 1.685864 37.750000
0.540526 2.464113 0.961748 1.798659 -2.268952 0.053257 -0.195714 1.744861 37.800000
1.498054 2.187893 0.952744 1.802849 -2.180368 0.033065 -0.191721 1.790528 37.850000
0.887548 2.662646 0.943999 1.806740 -2.093272 0.023444 -0.186895 1.706151 37.900000
0.000000 3.000000 0.935450 1.810272 -2.003979 0.008560 -0.181506 1.843383 37.950000
0.000000 3.000000 0.927241 1.813782 -1.906867 -0.015197 -0.175048 2.012671 38.000000
0.000000 3.000000 0.919400 1.817484 -1.804497 -0.038338 -0.167088 2.071593 38.050000
0.717613 3.000000 0.911848 1.821377 -1.700354 -0.059799 -0.157714 2.090398 38.100000
1.205163 3.000000 0.904495 1.825275 -1.595673 -0.072499 -0.147375 2.095730 38.150000
1.841009 3.000000 0.897292 1.828869 -1.490842 -0.078723 -0.136681 2.097246 38.200000
2.792398 2.754594 0.890268 1.831877 -1.385957 -0.077304 -0.126178 2.098192 38.250000
1.970779 2.889008 0.883542 1.833932 -1.283527 -0.065267 -0.116663 2.013559 38.300000
1.883976 2.812295 0.877207 1.835030 -1.182333 -0.059889 -0.108171 2.031422 38.350000
1.838913 3.000000 0.871278 1.835408 -1.081344 -0.054377 -0.100371 2.011606 38.400000
2.092531 2.667400 0.865807 1.835134 -0.979029 -0.048642 -0.093200 2.071199 38.450000
2.474278 2.956657 0.860885 1.834214 -0.878242 -0.039641 -0.086852 1.976290 38.500000
3.309512 3.000000 0.856671 1.832597 -0.777437 -0.026634 -0.081525 2.044746 38.550000
3.357182 2.951206 0.853433 1.830176 -0.674010 -0.005993 -0.077562 2.085751 38.600000
4.077888 3.000000 0.851395 1.826959 -0.569768 0.014676 -0.075258 2.084457 38.650000
3.196681 2.963954 0.850772 1.823022 -0.465031 0.041420 -0.074810 2.102353 38.700000
2.874187 2.916177 0.851566 1.818574 -0.360069 0.058885 -0.076030 2.097253 38.750000
1.985109 3.000000 0.853533 1.813911 -0.255728 0.072507 -0.078341 2.079592 38.800000
1.999456 3.000000 0.856389 1.809253 -0.151060 0.076941 -0.081260 2.103238 38.850000
2.341338 3.000000 0.859910 1.804747 -0.045643 0.080825 -0.084432 2.112057 38.900000
2.502481 2.554382 0.864145 1.800476 0.060063 0.087234 -0.087900 2.115699 38.950000
2.919176 2.578500 0.869168 1.796530 0.161333 0.094933 -0.091482 1.961072 39.000000
3.141110 2.394285 0.875061 1.793019 0.258010 0.106287 -0.095308 1.913949 39.050000
2.750616 2.179146 0.881900 1.790073 0.351315 0.119188 -0.099565 1.831787 39.100000
3.522041 1.989184 0.889565 1.787768 0.439788 0.128085 -0.103972 1.724311 39.150000
3.646165 2.067845 0.898052 1.786221 0.522839 0.144059 -0.108486 1.614938 39.200000
3.401926 2.256667 0.907450 1.785602 0.603210 0.160440 -0.113520 1.602298 39.250000
4.056566 2.462998 0.917614 1.785962 0.685213 0.173071 -0.119414 1.668204 39.300000
4.840826 2.708872 0.928476 1.787426 0.771580 0.189851 -0.126536 1.771103 39.350000
5.172512 2.531097 0.940109 1.790279 0.863903 0.211280 -0.135451 1.901758 39.400000
4.479321 2.062474 0.952470 1.794771 0.958650 0.233293 -0.145854 1.890865 39.450000
4.224267 2.321208 0.965293 1.800865 1.048285 0.247721 -0.156229 1.722105 39.500000
4.306794 1.975827 0.978286 1.808387 1.135296 0.258530 -0.166600 1.754129 39.550000
5.234318 1.857012 0.991263 1.817289 1.219814 0.269054 -0.176788 1.644389 39.600000
5.905605 1.801875 1.004161 1.827771 1.299622 0.287797 -0.186571 1.561576 39.650000
5.636338 2.045670 1.016927 1.840156 1.376274 0.311789 -0.196561 1.513129 39.700000
5.672409 2.130127 1.029392 1.854474 1.454077 0.330925 -0.207663 1.589004 39.750000
6.000000 1.808802 1.041338 1.870580 1.535417 0.347370 -0.220217 1.655860 39.800000
5.435855 2.207215 1.052571 1.888453 1.615720 0.365127 -0.233038 1.570738 39.850000
5.584143 1.758965 1.062926 1.907925 1.697618 0.374983 -0.246649 1.688589 39.900000
5.560491 1.874202 1.072244 1.928763 1.778792 0.384574 -0.260120 1.576763 39.950000
4.818381 1.598824 1.080398 1.950878 1.857688 0.392934 -0.273022 1.579942 40.000000
4.509274 1.126673 1.087333 1.973971 1.933908 0.393755 -0.284961 1.484026 40.050000
4.886789 1.015058 1.093065 1.997723 2.002014 0.393762 -0.294210 1.271262 40.100000
4.308662 1.055100 1.097556 2.022108 2.061853 0.399863 -0.300951 1.140937 40.150000
4.686886 1.491614 1.100803 2.047034 2.117772 0.401464 -0.306512 1.101621 40.200000
4.780090 1.509581 1.102797 2.072376 2.177159 0.404603 -0.312989 1.253756 40.250000
5.333577 1.786234 1.103441 2.098087 2.241973 0.405579 -0.320881 1.328932 40.300000
5.373924 1.553712 1.102610 2.124138 2.312362 0.408446 -0.330210 1.467481 40.350000
5.168565 1.996962 1.100189 2.150465 2.384974 0.409661 -0.339934 1.441587 40.400000
5.265421 2.374403 1.096190 2.176888 2.461526 0.406087 -0.350421 1.597827 40.450000
4.815037 1.969504 1.090639 2.203189 2.547227 0.397956 -0.362842 1.799333 40.500000
5.307960 2.414421 1.083635 2.229125 2.635222 0.383421 -0.374726 1.731046 40.550000
5.554501 2.387238 1.075197 2.254562 2.725654 0.371409 -0.386037 1.864934 40.600000
5.628156 2.005234 1.065227 2.279410 2.820074 0.358683 -0.397170 1.905162 40.650000
5.178292 2.501681 1.053715 2.303543 2.911784 0.347325 -0.406387 1.782576 40.700000
5.114402 2.301632 1.040795 2.326823 3.004694 0.330485 -0.414677 1.912270 40.750000
5.865642 2.364483 1.026678 2.349094 3.099564 0.311637 -0.421912 1.885796 40.800000
4.989745 2.810729 1.011281 2.370257 -3.089039 0.299837 -0.427796 1.895355 40.850000
5.812640 3.000000 0.994741 2.390211 -2.989645 0.276829 -0.433298 2.052872 40.900000
6.000000 2.539210 0.977220 2.408833 -2.883527 0.257693 -0.438389 2.170576 40.950000
6.000000 2.383658 0.958631 2.425976 -2.778596 0.241155 -0.441698 2.046463 41.000000
6.000000 2.567198 0.939020 2.441530 -2.679270 0.228301 -0.442856 1.942728 41.050000
5.592828 2.428349 0.918487 2.455401 -2.581429 0.216756 -0.442895 1.966125 41.100000
4.750599 2.189670 0.897249 2.467561 -2.484400 0.202426 -0.441898 1.921180 41.150000
4.337994 2.188005 0.875648 2.478125 -2.391424 0.183482 -0.439220 1.813527 41.200000
4.958573 2.372997 0.853970 2.487242 -2.302092 0.164029 -0.434924 1.765629 41.250000
5.894273 2.816449 0.832253 2.494849 -2.212535 0.151529 -0.429806 1.808664 41.300000
5.965434 2.745474 0.810395 2.500657 -2.117100 0.145409 -0.424924 1.980278 41.350000
6.000000 2.307408 0.788447 2.504488 -2.017038 0.138160 -0.420209 2.015663 41.400000
5.496071 2.478337 0.766574 2.506312 -1.920449 0.134154 -0.414896 1.871061 41.450000
4.514821 2.049609 0.744962 2.506208 -1.826731 0.127936 -0.409180 1.876249 41.500000
5.033892 2.085162 0.723843 2.504515 -1.737396 0.116019 -0.402660 1.720676 41.550000
6.000000 2.580400 0.703340 2.501323 -1.652788 0.112760 -0.395522 1.670966 41.600000
6.000000 2.942215 0.683532 2.496315 -1.564616 0.117493 -0.389014 1.830974 41.650000
6.000000 2.675408 0.664573 2.489380 -1.467551 0.118104 -0.383656 2.020574 41.700000
6.000000 2.374630 0.646645 2.480651 -1.367260 0.117704 -0.378732 1.995158 41.750000
6.000000 1.876489 0.629915 2.470223 -1.270882 0.119988 -0.373706 1.878968 41.800000
5.210407 1.453707 0.614539 2.458167 -1.183368 0.127310 -0.368394 1.656804 41.850000
4.624444 1.009379 0.600586 2.444703 -1.107477 0.133418 -0.362613 1.414998 41.900000
4.448191 1.100039 0.588030 2.430153 -1.044335 0.140673 -0.356157 1.148174 41.950000
4.797890 1.215359 0.576860 2.414692 -0.989212 0.150398 -0.349506 1.067903 42.000000
4.082689 0.924719 0.567146 2.398344 -0.935520 0.164145 -0.343405 1.079032 42.050000
4.543730 0.768898 0.558870 2.381261 -0.884558 0.172409 -0.337600 0.973526 42.100000
4.893296 1.029647 0.552031 2.363546 -0.838913 0.187446 -0.331743 0.866572 42.150000
4.359085 1.507501 0.546778 2.345115 -0.794025 0.205827 -0.326553 0.922770 42.200000
3.930056 1.609796 0.543079 2.326113 -0.741835 0.215588 -0.323110 1.137189 42.250000
2.938078 1.564141 0.540762 2.306843 -0.681139 0.217466 -0.321304 1.272152 42.300000
2.222409 1.241519 0.539555 2.287635 -0.616391 0.208425 -0.320008 1.311638 42.350000
1.717815 1.026067 0.539130 2.268783 -0.553875 0.194200 -0.317890 1.203136 42.400000
2.337177 1.389156 0.539253 2.250436 -0.497489 0.178697 -0.314371 1.069262 42.450000
3.026172 1.750950 0.539957 2.232560 -0.441830 0.170135 -0.310417 1.146183 42.500000
3.119932 1.938956 0.541494 2.215051 -0.379683 0.165866 -0.307134 1.315894 42.550000
2.412007 2.088502 0.543984 2.197906 -0.309844 0.159693 -0.304625 1.456941 42.600000
2.149812 2.502160 0.547239 2.181240 -0.233797 0.144854 -0.302348 1.567616 42.650000
2.736736 2.815056 0.550991 2.165163 -0.149868 0.125170 -0.299976 1.758933 42.700000
2.133499 2.942039 0.555251 2.149702 -0.056623 0.108209 -0.297369 1.940687 42.750000
2.945736 3.000000 0.559950 2.134876 0.043578 0.083879 -0.293947 2.048147 42.800000
2.445849 3.000000 0.565091 2.120714 0.147609 0.067052 -0.289382 2.102902 42.850000
3.413830 3.000000 0.570712 2.107229 0.253233 0.046318 -0.283645 2.118304 42.900000
3.374139 2.837809 0.576893 2.094484 0.359232 0.036114 -0.276960 2.120673 42.950000
2.558787 3.000000 0.583806 2.082589 0.463585 0.027530 -0.269759 2.062766 43.000000
3.330852 2.557373 0.591232 2.071514 0.567728 0.012819 -0.261947 2.096524 43.050000
2.404546 2.272217 0.599117 2.061309 0.668322 0.008215 -0.253655 1.951126 43.100000
1.690226 2.504505 0.607416 2.051999 0.761342 -0.001131 -0.245138 1.794441 43.150000
1.368654 2.243978 0.615822 2.043375 0.851722 -0.014812 -0.236181 1.816637 43.200000
1.618387 1.797987 0.624165 2.035275 0.940029 -0.029191 -0.226662 1.728864 43.250000
2.077071 1.558416 0.632446 2.027710 1.020763 -0.037287 -0.216946 1.530390 43.300000
1.585700 1.702322 0.640764 2.020863 1.092426 -0.037166 -0.207584 1.360863 43.350000
1.447531 1.331948 0.649102 2.014758 1.159992 -0.039604 -0.198610 1.344122 43.400000
1.562324 1.196341 0.657373 2.009277 1.223008 -0.041233 -0.189978 1.196987 43.450000
1.225480 1.261912 0.665561 2.004439 1.279573 -0.039397 -0.181838 1.081280 43.500000
0.545784 1.467321 0.673632 2.000208 1.332901 -0.039375 -0.174113 1.055340 43.550000
0.000000 1.380975 0.681515 1.996351 1.387580 -0.045430 -0.166501 1.122713 43.600000
0.000000 1.485516 0.689158 1.992582 1.443607 -0.056060 -0.158776 1.118666 43.650000
0.000000 1.042220 0.696563 1.988779 1.500606 -0.065902 -0.150868 1.156092 43.700000
0.782640 1.309955 0.703753 1.984957 1.554035 -0.074055 -0.143047 1.001368 43.750000
0.938740 0.991820 0.710746 1.981324 1.605061 -0.073619 -0.135478 1.035352 43.800000
0.993658 0.670414 0.717540 1.978101 1.653786 -0.070831 -0.128345 0.927675 43.850000
1.706386 0.311911 0.724115 1.975344 1.695225 -0.065958 -0.121944 0.751802 43.900000
1.184574 0.348964 0.730428 1.973237 1.726454 -0.052667 -0.116458 0.524128 43.950000
0.603715 0.488910 0.736450 1.971821 1.749920 -0.043310 -0.111685 0.425624 44.000000
1.292019 0.682885 0.742213 1.970826 1.771404 -0.039264 -0.107250 0.433062 44.050000
2.122901 0.261588 0.747710 1.970263 1.795387 -0.029202 -0.103018 0.517181 44.100000
2.481934 -0.153769 0.752859 1.970456 1.817682 -0.011431 -0.099183 0.388978 44.150000
3.185188 0.246460 0.757581 1.971653 1.830542 0.010367 -0.095789 0.150323 44.200000
3.222219 0.620719 0.761808 1.974065 1.839166 0.038484 -0.092685 0.191069 44.250000
4.043948 0.274748 0.765495 1.977807 1.853697 0.065196 -0.090088 0.371853 44.300000
4.553009 -0.029138 0.768580 1.983004 1.871018 0.098247 -0.088032 0.326314 44.350000
4.346810 -0.264479 0.770962 1.989889 1.883221 0.135425 -0.086039 0.177532 44.400000
4.583432 -0.482200 0.772626 1.998470 1.887174 0.170251 -0.083524 -0.001707 44.450000
5.073077 -0.653328 0.773600 2.008706 1.881824 0.206981 -0.079942 -0.193309 44.500000
4.807239 -0.308529 0.773891 2.020718 1.867334 0.247762 -0.074851 -0.367830 44.550000
4.429924 0.163424 0.773563 2.034510 1.850367 0.284620 -0.069094 -0.316102 44.600000
4.740767 0.503006 0.772714 2.049872 1.840783 0.315743 -0.064724 -0.089762 44.650000
4.299852 0.118776 0.771353 2.066709 1.843736 0.347402 -0.063261 0.182167 44.700000
3.796698 0.123911 0.769462 2.084906 1.852556 0.373212 -0.063379 0.171951 44.750000
4.787734 0.182218 0.767098 2.104190 1.861087 0.393346 -0.063560 0.169772 44.800000
4.582341 -0.067960 0.764226 2.124621 1.870249 0.421812 -0.064070 0.194605 44.850000
4.162876 0.405860 0.760795 2.146320 1.877487 0.447390 -0.064128 0.104127 44.900000
3.344956 0.137861 0.756859 2.169095 1.886853 0.467851 -0.065025 0.255684 44.950000
3.940173 0.187201 0.752488 2.192609 1.898842 0.479643 -0.066865 0.227112 45.000000
4.805207 -0.247327 0.747690 2.216778 1.910375 0.496489 -0.068609 0.233864 45.050000
4.451547 -0.459610 0.742361 2.241891 1.917171 0.521099 -0.068724 0.055787 45.100000
5.345711 0.001987 0.736516 2.268043 1.914758 0.542268 -0.065454 -0.134304 45.150000
5.011200 0.175541 0.730179 2.295335 1.910495 0.571006 -0.061554 -0.044878 45.200000
5.388917 0.189979 0.723316 2.323834 1.911664 0.594993 -0.059968 0.079967 45.250000
5.555596 0.245554 0.715903 2.353477 1.917775 0.621086 -0.060594 0.157303 45.300000
5.420462 0.131484 0.707873 2.384314 1.927502 0.647322 -0.062947 0.225523 45.350000
4.803193 0.232977 0.699205 2.416280 1.938544 0.671056 -0.066000 0.217621 45.400000
4.895130 -0.186047 0.689955 2.449151 1.950544 0.687933 -0.069578 0.258844 45.450000
5.178900 -0.265422 0.680167 2.482763 1.959320 0.705213 -0.071555 0.107697 45.500000
5.454713 -0.615445 0.669858 2.517186 1.961507 0.725018 -0.070226 -0.009052 45.550000
6.000000 -0.636785 0.659057 2.552537 1.955148 0.747326 -0.064474 -0.224776 45.600000
6.000000 -0.330244 0.647807 2.589004 1.940343 0.774344 -0.054235 -0.355048 45.650000
5.917604 -0.123056 0.636171 2.626691 1.924067 0.800090 -0.043269 -0.302842 45.700000
6.000000 -0.354602 0.624198 2.665531 1.911953 0.823533 -0.034808 -0.193930 45.750000
6.000000 -0.670234 0.611902 2.705466 1.901105 0.846544 -0.027164 -0.236743 45.800000
6.000000 -0.685931 0.599348 2.746484 1.884873 0.868579 -0.016296 -0.397333 45.850000
5.892431 -0.820010 0.586664 2.788574 1.862303 0.889451 -0.001584 -0.496941 45.900000
6.000000 -0.735554 0.573991 2.831691 1.834266 0.907861 0.016453 -0.614253 45.950000
6.000000 -0.833817 0.561467 2.875812 1.802554 0.925607 0.036631 -0.653209 46.000000
5.105707 -1.311569 0.549207 2.920922 1.767903 0.941486 0.058466 -0.727930 46.050000
4.369637 -1.237630 0.537403 2.966773 1.724778 0.946414 0.085534 -0.971547 46.100000
3.700306 -1.310840 0.526325 3.012943 1.673349 0.941457 0.117244 -1.077244 46.150000
3.432475 -1.522370 0.516156 3.059046 1.616836 0.927330 0.150896 -1.175561 46.200000
3.648154 -1.243198 0.507022 3.104795 1.554041 0.907254 0.186806 -1.321470 46.250000
3.276494 -1.378532 0.499014 3.150096 1.488701 0.886337 0.222164 -1.300152 46.300000
2.411844 -1.442555 0.492148 3.194839 1.422070 0.859421 0.255981 -1.360794 46.350000
2.335818 -1.477432 0.486405 3.238656 1.352268 0.821490 0.288965 -1.425194 46.400000
1.688401 -1.595262 0.481734 3.281261 1.279615 0.780283 0.320442 -1.475852 46.450000
1.850879 -1.156575 0.478048 3.322435 1.203816 0.730413 0.350136 -1.546671 46.500000
2.709848 -1.175252 0.475236 3.362045 1.130262 0.682487 0.374993 -1.414845 46.550000
2.568687 -0.918184 0.473288 3.400355 1.060894 0.644515 0.394736 -1.366506 46.600000
2.587087 -0.681812 0.472203 3.437550 0.995966 0.607606 0.409937 -1.246474 46.650000
1.637924 -0.872688 0.471901 3.473669 0.937783 0.575076 0.420144 -1.099408 46.700000
1.717561 -0.576726 0.472202 3.508609 0.882746 0.536206 0.427267 -1.099705 46.750000
1.994213 -0.716503 0.472945 3.542265 0.831212 0.501291 0.431389 -0.975523 46.800000
2.114744 -0.963966 0.474155 3.574787 0.782713 0.471936 0.433138 -0.963756 46.850000
1.258267 -1.000763 0.475873 3.606278 0.732162 0.443587 0.434501 -1.045491 46.900000
0.585089 -0.899027 0.477940 3.636624 0.678673 0.406625 0.435523 -1.085862 46.950000
1.238055 -0.824786 0.480051 3.665630 0.625270 0.364933 0.434983 -1.051391 47.000000
0.407788 -1.305756 0.482190 3.693373 0.574244 0.332471 0.432464 -0.994317 47.050000
0.000000 -1.669243 0.484299 3.719906 0.520276 0.292061 0.429366 -1.141527 47.100000
0.000000 -1.403481 0.486082 3.745110 0.457747 0.244722 0.426325 -1.329648 47.150000
0.000000 -1.383409 0.487400 3.768998 0.392191 0.197814 0.421771 -1.293779 47.200000
0.574841 -1.195069 0.488242 3.791687 0.328498 0.154275 0.415037 -1.255701 47.250000
0.606147 -1.197313 0.488750 3.813341 0.268514 0.120471 0.406430 -1.154685 47.300000
0.976499 -1.136346 0.489092 3.834100 0.212254 0.091020 0.396503 -1.100589 47.350000
0.294805 -1.237246 0.489390 3.854057 0.158769 0.068384 0.385733 -1.044436 47.400000
0.249126 -1.083091 0.489593 3.873261 0.106334 0.041605 0.374367 -1.050229 47.450000
0.869475 -0.723063 0.489553 3.891743 0.055614 0.017089 0.362413 -0.985293 47.500000
1.726664 -0.456413 0.489451 3.909565 0.011288 0.003169 0.350146 -0.808954 47.550000
2.058471 -0.463319 0.489698 3.926766 -0.023787 0.002774 0.338068 -0.616836 47.600000
1.824617 -0.755380 0.490619 3.943353 -0.052075 0.009088 0.326470 -0.525477 47.650000
2.456519 -0.783796 0.492242 3.959324 -0.080403 0.013410 0.315400 -0.599450 47.700000
2.835391 -0.366415 0.494624 3.974670 -0.111759 0.022587 0.304898 -0.649488 47.750000
1.891365 -0.759441 0.497971 3.989357 -0.140280 0.036527 0.294952 -0.508169 47.800000
2.644495 -0.476513 0.502135 4.003394 -0.168202 0.041779 0.285550 -0.598672 47.850000
2.658063 -0.539382 0.507037 4.016777 -0.196241 0.054135 0.276650 -0.531133 47.900000
3.216657 -0.165615 0.512832 4.029468 -0.222616 0.067093 0.268250 -0.525097 47.950000
2.472539 -0.047903 0.519626 4.041426 -0.244605 0.086616 0.260197 -0.372038 48.000000
3.445762 -0.404172 0.527364 4.052658 -0.259712 0.101108 0.252238 -0.245918 48.050000
2.707372 -0.727424 0.536084 4.063150 -0.274321 0.124417 0.244739 -0.330586 48.100000
3.014972 -1.057419 0.545776 4.072893 -0.295856 0.137854 0.238346 -0.511573 48.150000
3.204988 -1.006813 0.556259 4.081904 -0.327767 0.150489 0.233449 -0.738846 48.200000
2.582194 -0.712902 0.567554 4.090127 -0.367280 0.162210 0.229836 -0.830861 48.250000
2.968273 -1.101896 0.579500 4.097577 -0.406812 0.167873 0.226582 -0.759284 48.300000
3.456344 -1.577593 0.592004 4.104252 -0.448164 0.176510 0.223883 -0.880171 48.350000
2.562157 -1.488945 0.605178 4.110046 -0.499034 0.186578 0.222798 -1.123365 48.400000
3.461630 -1.266934 0.618833 4.114978 -0.557336 0.185747 0.222885 -1.198494 48.450000
3.554525 -0.924004 0.632892 4.119016 -0.615799 0.193244 0.223120 -1.147270 48.500000
3.892438 -0.805400 0.647497 4.122008 -0.668814 0.202956 0.222927 -0.993948 48.550000
3.698135 -0.516131 0.662685 4.123865 -0.715281 0.217433 0.222221 -0.879824 48.600000
2.860760 -0.986203 0.678437 4.124549 -0.754612 0.231747 0.220869 -0.714152 48.650000
2.177723 -0.847590 0.694535 4.124216 -0.793370 0.237962 0.219779 -0.823127 48.700000
2.022501 -1.255463 0.710665 4.123121 -0.834452 0.236946 0.219183 -0.820414 48.750000
1.890017 -1.752687 0.726648 4.121410 -0.879944 0.233233 0.219285 -0.979087 48.800000
1.163142 -2.138883 0.742381 4.119149 -0.936371 0.225122 0.220981 -1.242413 48.850000
2.121240 -2.420073 0.757665 4.116527 -1.005855 0.206458 0.224080 -1.499419 48.900000
1.228228 -2.873394 0.772462 4.113531 -1.086776 0.193593 0.227925 -1.705704 48.950000
1.939154 -3.000000 0.786733 4.110204 -1.179063 0.168951 0.232013 -1.946364 49.000000
2.500207 -2.633991 0.800413 4.106638 -1.280208 0.148589 0.235482 -2.076946 49.050000
2.633516 -2.696234 0.813582 4.102597 -1.381613 0.133761 0.237575 -1.992705 49.100000
3.599991 -2.620513 0.826257 4.097944 -1.480948 0.121205 0.238424 -1.981940 49.150000
3.380208 -2.658594 0.838413 4.092447 -1.579120 0.118421 0.238602 -1.950054 49.200000
2.563761 -2.174242 0.849988 4.085972 -1.676661 0.113901 0.238468 -1.951202 49.250000
2.071328 -2.616637 0.860926 4.078800 -1.769186 0.103656 0.237422 -1.777247 49.300000
1.123992 -2.409205 0.871237 4.071253 -1.860700 0.089727 0.235561 -1.868166 49.350000
0.871669 -2.141417 0.881002 4.063685 -1.952876 0.067607 0.232617 -1.824807 49.400000
1.064872 -2.155657 0.890333 4.056349 -2.040759 0.045777 0.228158 -1.707904 49.450000
1.582153 -1.836145 0.899258 4.049219 -2.124918 0.028301 0.222529 -1.664398 49.500000
1.149225 -1.722935 0.907702 4.042121 -2.204222 0.018413 0.216194 -1.527913 49.550000
1.586114 -1.566999 0.915650 4.035015 -2.277793 0.007224 0.209435 -1.428988 49.600000
2.559801 -1.830577 0.923084 4.027886 -2.346374 0.002588 0.202481 -1.328472 49.650000
1.989404 -1.960581 0.929760 4.020501 -2.414418 0.007955 0.195796 -1.385352 49.700000
2.153855 -2.141448 0.935604 4.012839 -2.485764 0.007556 0.189481 -1.457940 49.750000
1.309796 -1.760781 0.940685 4.005017 -2.561440 0.008206 0.183418 -1.554782 49.800000
1.134979 -1.577723 0.945136 3.997167 -2.636258 0.001813 0.177396 -1.452760 49.850000
1.525632 -1.199980 0.949145 3.989426 -2.705720 -0.004089 0.171261 -1.341543 49.900000
0.629191 -1.141865 0.952645 3.981777 -2.767379 -0.003789 0.165219 -1.151122 49.950000
