-0.381503 0.096394 0.446074 0.902687 1.618121 -0.940088 0.000000 -0.639290 0.000000
0.000000 -0.224936 0.448096 0.856600 1.595270 -0.905283 -0.015030 -0.313074 0.050000
0.000000 -0.712884 0.449829 0.812289 1.580481 -0.868313 -0.023870 -0.282949 0.100000
0.000000 -0.402237 0.451311 0.769772 1.561051 -0.832568 -0.034836 -0.475207 0.150000
0.000000 -0.374649 0.452497 0.728981 1.537901 -0.797858 -0.047107 -0.454619 0.200000
0.864551 -0.826422 0.453407 0.689853 1.515639 -0.764343 -0.057903 -0.438837 0.250000
0.638322 -0.851189 0.454069 0.652528 1.488680 -0.723491 -0.070223 -0.620282 0.300000
0.000000 -1.089294 0.454460 0.617100 1.454737 -0.685247 -0.084873 -0.726322 0.350000
0.327146 -0.686720 0.454541 0.583320 1.414193 -0.652989 -0.101319 -0.878283 0.400000
0.000000 -0.729158 0.454309 0.551083 1.372592 -0.618024 -0.116711 -0.796893 0.450000
0.000000 -0.390045 0.453819 0.520335 1.333275 -0.587137 -0.129616 -0.778745 0.500000
0.000000 -0.640304 0.453114 0.490946 1.298315 -0.557722 -0.139456 -0.636800 0.550000
0.615541 -0.463687 0.452254 0.462849 1.265596 -0.529535 -0.147368 -0.668320 0.600000
0.947132 -0.304879 0.451313 0.436131 1.233739 -0.496649 -0.153982 -0.612211 0.650000
1.740120 0.189502 0.450403 0.410932 1.205739 -0.462609 -0.158290 -0.517884 0.700000
0.981475 -0.232467 0.449672 0.387402 1.186886 -0.424461 -0.158850 -0.262455 0.750000
0.429329 -0.496729 0.449175 0.365429 1.172756 -0.395908 -0.157548 -0.298147 0.800000
0.432585 -0.203525 0.448795 0.344668 1.154374 -0.372734 -0.157195 -0.423112 0.850000
0.113561 0.032742 0.448476 0.324969 1.134825 -0.350217 -0.156857 -0.364454 0.900000
0.974612 0.211622 0.448199 0.306209 1.120232 -0.332629 -0.155048 -0.232360 0.950000
1.844545 0.145372 0.448043 0.288432 1.112726 -0.309265 -0.151471 -0.081849 1.000000
1.784334 0.588109 0.448201 0.271932 1.110257 -0.279803 -0.146818 -0.021558 1.050000
2.756285 0.272910 0.448754 0.256801 1.115395 -0.253552 -0.140841 0.206068 1.100000
1.771228 0.024993 0.449791 0.243149 1.125599 -0.220198 -0.134313 0.203460 1.150000
1.781863 -0.055340 0.451281 0.230920 1.132956 -0.196695 -0.128634 0.101640 1.200000
1.833352 0.394434 0.453094 0.219875 1.135622 -0.173149 -0.123892 0.014065 1.250000
0.971707 0.848966 0.455217 0.209990 1.140300 -0.150343 -0.119138 0.159672 1.300000
1.177902 0.652965 0.457560 0.201034 1.155790 -0.138083 -0.113495 0.431949 1.350000
0.370160 0.808536 0.460052 0.192809 1.179140 -0.125425 -0.107440 0.495460 1.400000
0.000000 0.653801 0.462627 0.185155 1.206608 -0.121144 -0.101370 0.592499 1.450000
0.682612 0.282556 0.465178 0.177794 1.235862 -0.120479 -0.095401 0.579305 1.500000
0.000000 0.140873 0.467727 0.170794 1.260459 -0.112690 -0.090110 0.422279 1.550000
0.902097 -0.343360 0.470265 0.164159 1.277721 -0.110506 -0.085673 0.283036 1.600000
1.874347 -0.356691 0.472794 0.157947 1.284230 -0.098711 -0.082269 0.004821 1.650000
1.116128 -0.237611 0.475426 0.152582 1.280066 -0.077135 -0.079726 -0.155590 1.700000
1.131952 0.011465 0.478169 0.148090 1.271259 -0.062938 -0.077456 -0.192765 1.750000
0.315982 -0.185056 0.480972 0.144276 1.263973 -0.049314 -0.075119 -0.106908 1.800000
0.000000 -0.127239 0.483783 0.140930 1.257662 -0.043904 -0.072777 -0.141998 1.850000
0.725393 0.034109 0.486522 0.137784 1.250709 -0.041591 -0.070518 -0.136624 1.900000
0.289062 -0.097810 0.489223 0.134921 1.245846 -0.032841 -0.068254 -0.064696 1.950000
0.000000 -0.240557 0.491909 0.132390 1.242185 -0.028598 -0.066018 -0.080203 2.000000
0.000000 -0.220303 0.494527 0.130018 1.236278 -0.027012 -0.063894 -0.149317 2.050000
0.905796 -0.519699 0.497058 0.127740 1.228001 -0.025301 -0.061881 -0.178811 2.100000
0.592384 -0.756129 0.499578 0.125755 1.215162 -0.014882 -0.059961 -0.320144 2.150000
1.533453 -1.079818 0.502138 0.124184 1.194382 -0.007163 -0.058087 -0.492315 2.200000
1.629128 -1.347169 0.504804 0.123155 1.163671 0.009729 -0.056077 -0.710729 2.250000
1.571866 -0.888206 0.507691 0.122866 1.122188 0.027588 -0.053611 -0.922323 2.300000
1.017827 -0.841868 0.510836 0.123287 1.078368 0.044261 -0.050671 -0.840575 2.350000
1.911720 -0.851066 0.514193 0.124241 1.037947 0.054752 -0.047526 -0.783235 2.400000
2.196624 -1.280219 0.517823 0.125757 0.999460 0.072858 -0.044163 -0.759079 2.450000
1.914790 -1.122747 0.521893 0.128019 0.957069 0.092960 -0.040148 -0.916898 2.500000
2.165951 -1.396980 0.526431 0.130968 0.910892 0.109625 -0.035449 -0.928661 2.550000
2.867447 -1.394457 0.531460 0.134531 0.861289 0.127827 -0.030039 -1.040948 2.600000
2.447779 -1.510861 0.537156 0.138805 0.807828 0.151599 -0.023687 -1.090921 2.650000
2.009414 -1.769381 0.543589 0.143747 0.751372 0.170150 -0.016400 -1.158395 2.700000
1.441156 -2.200476 0.550641 0.149121 0.689791 0.183404 -0.008072 -1.287324 2.750000
0.722860 -2.227969 0.558153 0.154682 0.619203 0.190156 0.001614 -1.505097 2.800000
0.166420 -2.096018 0.565895 0.160170 0.541066 0.188938 0.012125 -1.605674 2.850000
0.000000 -2.478317 0.573604 0.165379 0.460987 0.181457 0.022290 -1.598838 2.900000
0.125771 -2.479697 0.581112 0.170221 0.377070 0.171495 0.032095 -1.736834 2.950000
0.985170 -2.036537 0.588386 0.174691 0.288645 0.161768 0.041515 -1.791766 3.000000
0.330100 -2.499182 0.595624 0.178864 0.203061 0.159514 0.049910 -1.653324 3.050000
0.000000 -2.989786 0.602843 0.182762 0.117081 0.150291 0.057714 -1.768156 3.100000
0.617475 -3.000000 0.609789 0.186344 0.022287 0.136712 0.065453 -1.988086 3.150000
1.173405 -2.815203 0.616501 0.189618 -0.079581 0.127759 0.072837 -2.072618 3.200000
1.871856 -2.844856 0.623224 0.192577 -0.182212 0.123267 0.079548 -2.038426 3.250000
2.579192 -3.000000 0.630212 0.195166 -0.284089 0.124620 0.085852 -2.037039 3.300000
2.488724 -3.000000 0.637727 0.197257 -0.387536 0.131425 0.092386 -2.091891 3.350000
2.823279 -3.000000 0.645819 0.198737 -0.492725 0.135962 0.099278 -2.112462 3.400000
2.304041 -3.000000 0.654436 0.199514 -0.598586 0.142345 0.106409 -2.120836 3.450000
1.680181 -2.504451 0.663438 0.199562 -0.704736 0.142588 0.113572 -2.124719 3.500000
1.268449 -2.403969 0.672524 0.199021 -0.805946 0.136843 0.119777 -1.952396 3.550000
0.614807 -2.044322 0.681481 0.198056 -0.900687 0.127805 0.124626 -1.853218 3.600000
1.164727 -2.515502 0.690138 0.196870 -0.988503 0.113698 0.127929 -1.685487 3.650000
0.716073 -2.544794 0.698490 0.195492 -1.075820 0.104986 0.130373 -1.790594 3.700000
0.950846 -2.791046 0.706545 0.193925 -1.166800 0.091524 0.132295 -1.840408 3.750000
0.543796 -2.580211 0.714274 0.192233 -1.261897 0.079816 0.133587 -1.946060 3.800000
0.474442 -2.375380 0.721673 0.190479 -1.358131 0.064452 0.133971 -1.908976 3.850000
1.251219 -2.736879 0.728738 0.188777 -1.451022 0.049656 0.133170 -1.820505 3.900000
0.449819 -3.000000 0.735513 0.186961 -1.544812 0.042620 0.131711 -1.915591 3.950000
0.919387 -3.000000 0.742012 0.185054 -1.644311 0.027604 0.129702 -2.042951 4.000000
0.777191 -3.000000 0.748243 0.183146 -1.747776 0.017151 0.126923 -2.087849 4.050000
0.556299 -3.000000 0.754213 0.181164 -1.852614 0.005971 0.123451 -2.102895 4.100000
0.272652 -3.000000 0.759955 0.179186 -1.957892 -0.006372 0.119219 -2.107218 4.150000
0.364819 -3.000000 0.765526 0.177308 -2.063274 -0.020246 0.114146 -2.107682 4.200000
0.000000 -3.000000 0.770967 0.175544 -2.168641 -0.031962 0.108287 -2.106925 4.250000
0.583381 -3.000000 0.776330 0.173913 -2.273961 -0.045735 0.101672 -2.105832 4.300000
0.000000 -2.638138 0.781592 0.172342 -2.379229 -0.052575 0.094515 -2.104975 4.350000
0.832664 -2.629398 0.786757 0.170794 -2.480753 -0.063085 0.087105 -1.977194 4.400000
1.437294 -2.745034 0.791757 0.169211 -2.578164 -0.063975 0.079726 -1.927475 4.450000
2.344701 -3.000000 0.796294 0.167405 -2.675209 -0.058227 0.072789 -1.950693 4.500000
3.126561 -2.877777 0.800032 0.165259 -2.775638 -0.043719 0.066677 -2.050184 4.550000
2.818635 -2.963748 0.802583 0.162725 -2.877965 -0.021917 0.062026 -2.044196 4.600000
2.574274 -2.811465 0.803833 0.159915 -2.981016 -0.003322 0.059002 -2.073176 4.650000
2.490303 -2.585673 0.803916 0.157011 -3.083433 0.012681 0.057345 -2.030792 4.700000
2.670568 -2.765506 0.802930 0.154160 3.100969 0.027737 0.056823 -1.936253 4.750000
2.776056 -2.681373 0.800887 0.151489 3.003297 0.043986 0.057402 -1.965961 4.800000
2.290573 -2.653193 0.797779 0.149126 2.905533 0.060449 0.059102 -1.947760 4.850000
3.184194 -2.299487 0.793764 0.147163 2.808616 0.071563 0.061663 -1.931703 4.900000
2.835297 -1.878112 0.788829 0.145739 2.715851 0.090540 0.064929 -1.800251 4.950000
2.109232 -1.685691 0.782942 0.144985 2.631673 0.105892 0.068611 -1.598304 5.000000
1.258630 -1.309013 0.776411 0.144852 2.556081 0.114314 0.072210 -1.447840 5.050000
2.090863 -1.435276 0.769603 0.145178 2.489482 0.115071 0.075197 -1.244945 5.100000
1.436267 -1.478799 0.762556 0.145982 2.428334 0.123843 0.077851 -1.206472 5.150000
1.551659 -1.447875 0.755276 0.147296 2.368001 0.126063 0.080582 -1.206885 5.200000
0.784114 -1.298688 0.747900 0.149046 2.307977 0.129082 0.083303 -1.195707 5.250000
1.030032 -1.448769 0.740560 0.151119 2.249944 0.124872 0.085723 -1.133978 5.300000
0.294900 -0.997174 0.733353 0.153422 2.192385 0.122984 0.087895 -1.164308 5.350000
0.698333 -1.457272 0.726352 0.155856 2.138712 0.114658 0.089450 -1.003758 5.400000
0.000000 -1.060754 0.719592 0.158355 2.085541 0.110358 0.090674 -1.109130 5.450000
0.165982 -0.583746 0.713104 0.160852 2.033088 0.099746 0.091517 -1.002809 5.500000
0.000000 -0.353832 0.706923 0.163239 1.989589 0.092163 0.091378 -0.766561 5.550000
0.000000 -0.239485 0.701012 0.165525 1.957012 0.084703 0.090323 -0.560476 5.600000
0.002439 0.086261 0.695356 0.167687 1.933170 0.078643 0.088639 -0.409748 5.650000
0.167719 -0.052168 0.689927 0.169742 1.918598 0.073995 0.086419 -0.195317 5.700000
0.000000 0.399847 0.684690 0.171739 1.910435 0.071843 0.083905 -0.136920 5.750000
0.856575 0.128587 0.679630 0.173687 1.909761 0.069079 0.081088 0.088706 5.800000
1.422902 -0.051684 0.674675 0.175749 1.914510 0.074964 0.078089 0.100116 5.850000
1.300283 -0.183916 0.669707 0.178233 1.917579 0.085696 0.075264 0.029285 5.900000
1.280296 0.119299 0.664696 0.181215 1.916388 0.094446 0.072788 -0.067895 5.950000
1.756062 0.260975 0.659662 0.184643 1.915030 0.102667 0.070409 0.006508 6.000000
2.124892 0.319710 0.654564 0.188604 1.918160 0.115420 0.067771 0.108835 6.050000
1.648125 0.661933 0.649328 0.193262 1.925839 0.131510 0.064789 0.190168 6.100000
1.142795 0.937680 0.643950 0.198568 1.940511 0.143119 0.061146 0.377255 6.150000
1.609025 1.060125 0.638487 0.204280 1.965237 0.150308 0.056478 0.588384 6.200000
2.273075 0.779316 0.632905 0.210367 1.998993 0.162033 0.050796 0.743643 6.250000
2.599669 0.909129 0.627063 0.217038 2.035156 0.179363 0.044673 0.707246 6.300000
1.961041 0.671450 0.620835 0.224453 2.071480 0.198763 0.038258 0.741690 6.350000
1.287603 0.632364 0.614232 0.232488 2.106386 0.211099 0.031865 0.663924 6.400000
2.088705 0.798219 0.607401 0.240833 2.138095 0.216288 0.025957 0.610818 6.450000
2.332718 0.754493 0.600315 0.249483 2.169786 0.228462 0.020050 0.652219 6.500000
3.005640 0.601618 0.592827 0.258603 2.202496 0.242194 0.013882 0.655984 6.550000
2.598442 0.532807 0.584797 0.268319 2.233652 0.261347 0.007822 0.597271 6.600000
2.308293 0.635281 0.576187 0.278629 2.261948 0.275704 0.002143 0.541228 6.650000
1.900360 1.132385 0.567100 0.289359 2.289409 0.286589 -0.003436 0.555866 6.700000
1.140144 0.813450 0.557634 0.300337 2.323035 0.292972 -0.010279 0.764944 6.750000
0.222208 1.068875 0.547952 0.311310 2.360602 0.291644 -0.017760 0.741042 6.800000
1.163411 1.195641 0.538324 0.321974 2.400215 0.281405 -0.025250 0.832647 6.850000
0.322392 1.118564 0.528735 0.332320 2.444507 0.279707 -0.033258 0.927539 6.900000
0.033378 1.370055 0.519166 0.342349 2.491313 0.269658 -0.041296 0.943063 6.950000
0.680461 1.723297 0.509827 0.351892 2.541462 0.256606 -0.049303 1.049403 7.000000
0.687389 1.420108 0.500648 0.360991 2.599168 0.248956 -0.058033 1.234198 7.050000
0.080880 1.086084 0.491503 0.369711 2.659919 0.240734 -0.066667 1.200738 7.100000
0.000000 1.484590 0.482533 0.377994 2.715934 0.227005 -0.073741 1.058960 7.150000
0.630370 1.789213 0.473893 0.385802 2.771447 0.212608 -0.079932 1.149538 7.200000
0.260183 1.491853 0.465469 0.393190 2.833366 0.203428 -0.086399 1.305723 7.250000
0.969498 1.455052 0.457218 0.400182 2.897363 0.190388 -0.092443 1.260515 7.300000
1.878299 1.526485 0.449070 0.406809 2.959442 0.184205 -0.097585 1.227282 7.350000
2.836190 1.254223 0.440664 0.413147 3.021181 0.186331 -0.102421 1.240650 7.400000
3.557062 0.795888 0.431586 0.419226 3.080457 0.197229 -0.107034 1.143939 7.450000
4.337351 0.807409 0.421472 0.425028 3.131478 0.215280 -0.110875 0.925873 7.500000
4.473073 1.106644 0.410002 0.430512 -3.108062 0.240754 -0.114186 0.832325 7.550000
3.874899 1.038947 0.397019 0.435604 -3.064301 0.266260 -0.118219 0.909229 7.600000
4.611454 1.518250 0.382709 0.440225 -3.018510 0.284617 -0.123185 0.921513 7.650000
4.757697 1.664127 0.367119 0.444280 -2.966934 0.307740 -0.129905 1.116914 7.700000
3.839771 1.580474 0.350153 0.447621 -2.906942 0.329224 -0.139118 1.263754 7.750000
3.492125 1.683818 0.332114 0.450172 -2.842757 0.339713 -0.149680 1.299561 7.800000
3.708665 1.247843 0.313392 0.451925 -2.776150 0.345108 -0.160832 1.357390 7.850000
3.421789 1.599754 0.294111 0.452828 -2.712190 0.351926 -0.171211 1.220963 7.900000
3.671908 1.603456 0.274356 0.452856 -2.648937 0.355091 -0.181299 1.299051 7.950000
3.795263 2.102287 0.254232 0.451966 -2.582921 0.358872 -0.191893 1.337055 8.000000
4.014432 2.118870 0.233775 0.450074 -2.510198 0.360838 -0.203992 1.542724 8.050000
4.320678 1.722117 0.213074 0.447090 -2.430407 0.361484 -0.217547 1.635801 8.100000
3.400483 1.567611 0.192175 0.442906 -2.351654 0.363840 -0.230423 1.531025 8.150000
4.057560 1.501346 0.171275 0.437619 -2.277893 0.357878 -0.241463 1.434131 8.200000
3.060906 1.552915 0.150491 0.431268 -2.207989 0.358514 -0.250995 1.371690 8.250000
3.353316 1.508932 0.129935 0.423929 -2.139559 0.349522 -0.259615 1.366380 8.300000
4.159592 1.648498 0.109773 0.415748 -2.071761 0.343069 -0.267400 1.348303 8.350000
3.388553 1.943325 0.089942 0.406520 -2.003038 0.343315 -0.274996 1.394519 8.400000
2.728632 1.867395 0.070535 0.396274 -1.929588 0.333870 -0.283243 1.524462 8.450000
3.176571 1.741818 0.051775 0.385366 -1.852668 0.316514 -0.291289 1.548337 8.500000
2.492504 1.691560 0.033733 0.373883 -1.776340 0.303469 -0.298084 1.510122 8.550000
1.510501 2.108773 0.016439 0.361910 -1.701861 0.284713 -0.303384 1.473682 8.600000
2.334410 2.566184 -0.000036 0.349865 -1.624267 0.255792 -0.307836 1.608495 8.650000
2.798170 2.421589 -0.015675 0.337843 -1.537607 0.231385 -0.312239 1.823228 8.700000
2.434863 2.852231 -0.030467 0.325616 -1.445678 0.209527 -0.315874 1.848731 8.750000
2.634118 2.619058 -0.044409 0.313220 -1.348613 0.182542 -0.318504 2.006594 8.800000
2.452867 3.000000 -0.057505 0.300760 -1.249130 0.157169 -0.319510 1.976278 8.850000
2.724087 3.000000 -0.069771 0.288264 -1.146852 0.129849 -0.318906 2.093608 8.900000
2.709206 2.843450 -0.081210 0.275761 -1.041082 0.104785 -0.316701 2.129606 8.950000
1.954021 2.991004 -0.091809 0.263227 -0.935956 0.081257 -0.312695 2.082044 9.000000
1.618424 2.874512 -0.101680 0.250818 -0.830974 0.052357 -0.306861 2.110677 9.050000
2.597561 2.961434 -0.111005 0.238721 -0.726483 0.022596 -0.299022 2.073528 9.100000
3.264270 3.000000 -0.119681 0.226807 -0.622423 0.004446 -0.289680 2.085796 9.150000
3.346810 3.000000 -0.127398 0.214849 -0.517678 -0.005723 -0.279620 2.100922 9.200000
3.867090 2.919022 -0.133991 0.202807 -0.412514 -0.013451 -0.269245 2.104643 9.250000
4.662458 2.621388 -0.139303 0.190705 -0.308089 -0.014313 -0.258920 2.076997 9.300000
5.649403 2.923693 -0.143016 0.178559 -0.207566 -0.004991 -0.249294 1.963247 9.350000
4.862927 3.000000 -0.144705 0.166435 -0.107440 0.014509 -0.241067 2.031380 9.400000
5.106881 2.587300 -0.144360 0.154528 -0.004309 0.026016 -0.234271 2.085295 9.450000
4.747890 2.688612 -0.142161 0.143062 0.096331 0.041013 -0.228606 1.961487 9.500000
4.457575 2.426772 -0.138187 0.132221 0.194181 0.053657 -0.224052 1.954208 9.550000
4.154496 2.001735 -0.132666 0.122152 0.289145 0.064540 -0.220346 1.859995 9.600000
4.629192 1.958112 -0.125808 0.112964 0.376721 0.074827 -0.217108 1.672803 9.650000
4.149864 2.051711 -0.117644 0.104796 0.457841 0.091373 -0.214452 1.585816 9.700000
4.387705 2.379526 -0.108271 0.097748 0.537172 0.103598 -0.212605 1.587625 9.750000
4.246352 2.396109 -0.097862 0.091886 0.620073 0.116685 -0.211834 1.710112 9.800000
3.408813 2.840437 -0.086543 0.087293 0.707171 0.126783 -0.212130 1.765570 9.850000
3.011800 2.404430 -0.074642 0.083881 0.800712 0.126768 -0.213318 1.946899 9.900000
2.681658 2.798868 -0.062503 0.081482 0.895501 0.122557 -0.214408 1.858798 9.950000
2.722907 2.429867 -0.050321 0.079984 0.991556 0.114949 -0.215182 1.965715 10.000000
3.159540 2.875035 -0.038218 0.079332 1.087152 0.108086 -0.215382 1.872944 10.050000
3.478930 2.607331 -0.026208 0.079626 1.184388 0.105052 -0.215382 1.996206 10.100000
2.931082 2.408751 -0.014316 0.081012 1.282749 0.104778 -0.215337 1.946404 10.150000
2.945238 2.107046 -0.002651 0.083429 1.377472 0.100515 -0.214864 1.856868 10.200000
3.376302 2.490899 0.008681 0.086751 1.466184 0.098391 -0.213762 1.714019 10.250000
2.881935 2.729841 0.019619 0.091072 1.554310 0.100655 -0.212683 1.797893 10.300000
2.302473 2.533602 0.030080 0.096327 1.647613 0.096855 -0.211956 1.915226 10.350000
2.510467 2.792755 0.040002 0.102205 1.742591 0.087445 -0.210913 1.887914 10.400000
2.055094 2.801223 0.049345 0.108582 1.839343 0.079981 -0.209448 1.968687 10.450000
2.507783 2.462974 0.058093 0.115356 1.938695 0.068055 -0.207497 1.999764 10.500000
3.203449 2.843141 0.066210 0.122487 2.035491 0.061813 -0.204845 1.889778 10.550000
3.970793 2.805738 0.073544 0.130187 2.132716 0.062508 -0.202132 1.983834 10.600000
4.858428 3.000000 0.079863 0.138663 2.232536 0.069931 -0.199915 2.005619 10.650000
4.392759 2.790765 0.084859 0.148099 2.335077 0.084824 -0.198730 2.083505 10.700000
4.844185 2.404436 0.088387 0.158399 2.437963 0.094828 -0.198502 2.039645 10.750000
5.736503 2.875910 0.090366 0.169384 2.535544 0.110071 -0.198807 1.888875 10.800000
5.181599 2.561406 0.090476 0.181054 2.633304 0.132849 -0.200482 2.003614 10.850000
5.566753 2.179915 0.088623 0.193218 2.731535 0.149161 -0.203477 1.937234 10.900000
6.000000 1.816652 0.084819 0.205628 2.823797 0.169654 -0.206965 1.779379 10.950000
6.000000 1.671773 0.078877 0.218143 2.907303 0.195406 -0.210707 1.590986 11.000000
6.000000 1.322450 0.070714 0.230593 2.983268 0.221890 -0.214761 1.467166 11.050000
6.000000 0.868565 0.060366 0.242791 3.051550 0.249180 -0.218830 1.290629 11.100000
6.000000 0.512880 0.047878 0.254585 3.109145 0.278250 -0.222107 1.047411 11.150000
6.000000 0.880179 0.033289 0.265864 -3.128541 0.309625 -0.223975 0.804665 11.200000
5.402879 1.011066 0.016651 0.276546 -3.087307 0.340942 -0.225851 0.841579 11.250000
4.437481 1.441172 -0.001805 0.286537 -3.043163 0.364432 -0.229201 0.916048 11.300000
3.698591 1.366130 -0.021603 0.295759 -2.991560 0.375412 -0.234955 1.122032 11.350000
4.245152 0.930637 -0.042230 0.304155 -2.933599 0.376583 -0.242414 1.188030 11.400000
3.785095 0.481190 -0.063564 0.311661 -2.878047 0.383030 -0.249096 1.052877 11.450000
3.928617 0.112932 -0.085592 0.318252 -2.832002 0.387774 -0.253145 0.819094 11.500000
3.578284 0.398617 -0.108250 0.323953 -2.798213 0.397711 -0.253860 0.563156 11.550000
2.665363 0.290604 -0.131507 0.328796 -2.770335 0.406022 -0.253102 0.553401 11.600000
2.371001 -0.107234 -0.155061 0.332887 -2.744010 0.406091 -0.252002 0.504984 11.650000
2.099354 -0.343572 -0.178651 0.336342 -2.723990 0.405634 -0.249105 0.315948 11.700000
2.010848 -0.794164 -0.202203 0.339244 -2.713714 0.406031 -0.243493 0.114911 11.750000
1.036253 -1.041541 -0.225707 0.341675 -2.716335 0.409856 -0.234340 -0.191014 11.800000
1.498038 -1.314982 -0.249028 0.343799 -2.733434 0.408897 -0.221290 -0.465044 11.850000
1.578401 -1.255080 -0.272149 0.345737 -2.763808 0.415740 -0.204756 -0.721394 11.900000
2.269744 -1.120775 -0.295254 0.347514 -2.802818 0.424607 -0.186046 -0.827279 11.950000
2.307233 -0.810386 -0.318532 0.349141 -2.844210 0.439103 -0.166932 -0.829216 12.000000
2.474245 -0.336106 -0.342124 0.350621 -2.882347 0.451634 -0.149122 -0.711609 12.050000
1.870234 -0.390292 -0.366027 0.351968 -2.911097 0.462579 -0.134677 -0.467244 12.100000
1.473740 -0.406796 -0.390082 0.353194 -2.931707 0.465558 -0.123270 -0.368700 12.150000
1.781106 -0.584617 -0.414034 0.354344 -2.948991 0.463909 -0.113345 -0.327893 12.200000
1.059439 -0.136544 -0.437858 0.355431 -2.966912 0.465043 -0.103549 -0.383825 12.250000
1.505372 -0.010025 -0.461460 0.356486 -2.981864 0.458815 -0.095106 -0.231000 12.300000
2.297174 -0.433572 -0.484769 0.357495 -2.989746 0.455953 -0.089307 -0.097972 12.350000
1.571362 -0.865050 -0.508067 0.358393 -2.997595 0.460491 -0.083701 -0.205759 12.400000
0.717754 -0.975721 -0.531379 0.359217 -3.014522 0.459010 -0.075301 -0.446652 12.450000
0.161772 -1.315445 -0.554362 0.360093 -3.041666 0.450402 -0.063944 -0.620555 12.500000
0.595703 -1.280220 -0.576712 0.361119 -3.079026 0.437302 -0.049956 -0.847797 12.550000
1.523446 -0.995543 -0.598426 0.362351 -3.124182 0.428452 -0.034327 -0.947254 12.600000
1.723051 -1.087347 -0.619826 0.363805 3.113359 0.427649 -0.019237 -0.887274 12.650000
2.419188 -0.824302 -0.641159 0.365488 3.068658 0.427811 -0.004953 -0.900262 12.700000
2.202408 -1.102828 -0.662611 0.367433 3.026282 0.433604 0.008224 -0.807390 12.750000
1.304019 -1.463360 -0.684264 0.369665 2.983957 0.436406 0.021078 -0.877897 12.800000
0.753952 -1.951376 -0.705820 0.372188 2.935057 0.429727 0.035468 -1.056271 12.850000
0.237823 -1.748126 -0.726910 0.374999 2.874551 0.416477 0.052522 -1.327961 12.900000
1.005473 -1.471462 -0.747251 0.378081 2.806910 0.396949 0.070352 -1.372438 12.950000
1.467870 -1.650317 -0.766883 0.381440 2.740626 0.383927 0.086410 -1.291358 13.000000
2.072578 -2.001333 -0.786064 0.385148 2.675033 0.374425 0.101204 -1.328060 13.050000
2.388619 -2.389456 -0.804982 0.389314 2.604346 0.368831 0.116495 -1.478633 13.100000
1.573162 -2.421125 -0.823741 0.394065 2.524443 0.363298 0.133392 -1.687018 13.150000
2.394781 -2.387661 -0.842141 0.399348 2.437316 0.347163 0.150907 -1.783648 13.200000
1.940823 -1.988870 -0.860093 0.405160 2.347346 0.336668 0.167683 -1.811515 13.250000
1.244016 -2.184890 -0.877608 0.411524 2.260574 0.321224 0.182284 -1.680231 13.300000
0.681271 -2.635471 -0.894489 0.418198 2.175963 0.298883 0.194736 -1.700938 13.350000
0.352447 -2.607862 -0.910549 0.424898 2.085995 0.269366 0.206274 -1.870461 13.400000
0.862318 -2.446982 -0.925684 0.431385 1.990962 0.235190 0.216275 -1.921701 13.450000
1.842154 -2.811079 -0.939960 0.437644 1.896066 0.206002 0.223758 -1.880012 13.500000
2.232001 -3.000000 -0.953549 0.443960 1.798815 0.185471 0.229637 -1.991170 13.550000
2.090034 -2.941923 -0.966534 0.450591 1.696187 0.166950 0.234633 -2.095835 13.600000
2.017326 -3.000000 -0.978906 0.457540 1.590956 0.146386 0.238308 -2.110173 13.650000
1.999687 -2.655810 -0.990654 0.464717 1.484777 0.125217 0.240380 -2.132347 13.700000
1.093607 -2.190397 -1.001783 0.472073 1.381527 0.105485 0.240584 -2.016275 13.750000
1.431323 -2.107654 -1.012349 0.479405 1.286832 0.080983 0.238582 -1.804672 13.800000
2.233891 -2.509210 -1.022403 0.486622 1.199868 0.063395 0.234838 -1.690876 13.850000
2.020877 -2.818875 -1.031868 0.493997 1.112447 0.054268 0.230429 -1.790004 13.900000
2.145006 -2.568764 -1.040686 0.501622 1.018672 0.042079 0.225729 -1.936788 13.950000
2.746580 -2.678650 -1.048860 0.509434 0.922879 0.031525 0.220476 -1.900392 14.000000
3.246158 -2.667958 -1.056268 0.517541 0.827144 0.027680 0.214921 -1.924855 14.050000
3.718817 -2.501070 -1.062711 0.526082 0.730755 0.029148 0.209492 -1.929888 14.100000
3.949043 -2.115133 -1.067980 0.535127 0.635923 0.036074 0.204502 -1.872861 14.150000
4.361926 -1.706520 -1.071892 0.544671 0.546892 0.047070 0.200110 -1.713875 14.200000
3.381112 -1.772764 -1.074264 0.554677 0.467235 0.064495 0.196394 -1.504606 14.250000
4.152091 -2.025099 -1.075179 0.564968 0.393687 0.074121 0.193291 -1.446218 14.300000
4.358577 -2.119124 -1.074668 0.575399 0.319338 0.090608 0.191044 -1.517761 14.350000
4.692800 -2.385233 -1.072537 0.585915 0.241567 0.107674 0.190005 -1.583750 14.400000
4.544825 -2.464894 -1.068698 0.596385 0.158760 0.125935 0.190411 -1.709868 14.450000
4.660516 -2.955759 -1.063168 0.606641 0.070959 0.140706 0.192246 -1.790162 14.500000
5.308990 -3.000000 -1.056030 0.616498 -0.024586 0.153640 0.195713 -1.998378 14.550000
5.506922 -2.897796 -1.047215 0.625756 -0.127237 0.169643 0.200854 -2.092648 14.600000
5.074301 -2.636545 -1.036654 0.634191 -0.231876 0.185523 0.207220 -2.093544 14.650000
6.000000 -2.209896 -1.024543 0.641624 -0.333948 0.196569 0.214005 -2.004850 14.700000
6.000000 -2.511309 -1.010907 0.647842 -0.428919 0.216953 0.220635 -1.824301 14.750000
5.894927 -2.351121 -0.995699 0.652614 -0.521397 0.236401 0.228015 -1.868802 14.800000
5.514319 -1.961489 -0.979142 0.655807 -0.613755 0.253172 0.236296 -1.832452 14.850000
6.000000 -1.468040 -0.961524 0.657369 -0.701005 0.266396 0.244308 -1.682054 14.900000
5.660385 -1.704862 -0.942984 0.657196 -0.778304 0.286075 0.251088 -1.446358 14.950000
4.941747 -1.403305 -0.923634 0.655204 -0.850495 0.302885 0.257600 -1.442954 15.000000
5.307135 -1.656225 -0.903803 0.651541 -0.919471 0.312871 0.263849 -1.332710 15.050000
4.378420 -1.387662 -0.883679 0.646246 -0.987580 0.325577 0.270262 -1.385156 15.100000
4.373545 -1.763978 -0.863477 0.639433 -1.054660 0.328951 0.276581 -1.309376 15.150000
3.747536 -1.586522 -0.843430 0.631294 -1.123303 0.330966 0.283195 -1.420900 15.200000
3.582781 -1.822290 -0.823724 0.621992 -1.193812 0.325748 0.289916 -1.402287 15.250000
3.244500 -1.332184 -0.804525 0.611728 -1.266228 0.317814 0.296516 -1.482600 15.300000
4.146428 -1.555541 -0.785944 0.600649 -1.336063 0.307516 0.301815 -1.332206 15.350000
4.255302 -1.864965 -0.767986 0.588640 -1.403262 0.306632 0.306090 -1.352980 15.400000
4.619477 -2.090285 -0.750681 0.575517 -1.474489 0.304692 0.311036 -1.478138 15.450000
4.111015 -2.192133 -0.734130 0.561249 -1.552278 0.302892 0.317135 -1.613418 15.500000
4.349997 -2.284230 -0.718451 0.545974 -1.635577 0.293376 0.323865 -1.704392 15.550000
3.730928 -2.513444 -0.703744 0.529853 -1.722768 0.283974 0.330594 -1.772397 15.600000
3.392202 -2.748752 -0.690072 0.513080 -1.814492 0.266358 0.337133 -1.878800 15.650000
3.225173 -2.962233 -0.677446 0.495984 -1.911941 0.242870 0.343132 -1.998422 15.700000
3.883289 -2.779841 -0.665851 0.478783 -2.015211 0.215300 0.348091 -2.111771 15.750000
3.943208 -3.000000 -0.655343 0.461463 -2.119992 0.193635 0.351272 -2.083068 15.800000
4.625757 -2.925832 -0.646010 0.443948 -2.225987 0.172444 0.352907 -2.144917 15.850000
5.267265 -2.992400 -0.637974 0.426193 -2.333017 0.157779 0.353246 -2.136722 15.900000
6.000000 -3.000000 -0.631473 0.408079 -2.440382 0.149494 0.352741 -2.154333 15.950000
6.000000 -3.000000 -0.626787 0.389547 -2.548328 0.148157 0.351949 -2.162065 16.000000
6.000000 -3.000000 -0.624092 0.370686 -2.656502 0.146883 0.351108 -2.164376 16.050000
5.406841 -3.000000 -0.623414 0.351709 -2.764735 0.145756 0.350210 -2.164806 16.100000
5.698527 -3.000000 -0.624624 0.332875 -2.872958 0.139313 0.349049 -2.163817 16.150000
5.215214 -2.702275 -0.627638 0.314401 -2.981108 0.136057 0.347549 -2.162226 16.200000
4.280620 -2.474832 -0.632379 0.296465 -3.086134 0.130164 0.345437 -2.056299 16.250000
3.786180 -2.568418 -0.638494 0.279238 3.097737 0.118842 0.342249 -1.935460 16.300000
3.987758 -2.898776 -0.645626 0.262814 3.001363 0.105204 0.338067 -1.920911 16.350000
3.533668 -2.797633 -0.653660 0.247263 2.902140 0.093242 0.333370 -2.029326 16.400000
3.820802 -2.549961 -0.662465 0.232633 2.800647 0.077173 0.327973 -2.029332 16.450000
3.389201 -2.984275 -0.671952 0.218975 2.701809 0.066355 0.321652 -1.938434 16.500000
4.125636 -3.000000 -0.682049 0.206325 2.601449 0.052159 0.314758 -2.055639 16.550000
3.977521 -3.000000 -0.692733 0.194768 2.497333 0.044728 0.307460 -2.100865 16.600000
3.073261 -3.000000 -0.704031 0.184427 2.391862 0.036691 0.299882 -2.115073 16.650000
2.784768 -3.000000 -0.715673 0.175187 2.286020 0.021520 0.291703 -2.117372 16.700000
3.220026 -3.000000 -0.727407 0.166878 2.180202 0.005479 0.282634 -2.114877 16.750000
2.612052 -3.000000 -0.739205 0.159551 2.074545 -0.004507 0.272906 -2.111491 16.800000
1.657075 -3.000000 -0.751003 0.153190 1.969055 -0.018285 0.262625 -2.108014 16.850000
1.378592 -2.883681 -0.762614 0.147477 1.863758 -0.038828 0.251417 -2.103695 16.900000
0.777110 -3.000000 -0.773942 0.142157 1.759884 -0.059041 0.239120 -2.058159 16.950000
1.337627 -3.000000 -0.784977 0.137052 1.656330 -0.082175 0.225666 -2.079580 17.000000
1.726967 -3.000000 -0.795747 0.132184 1.552179 -0.097443 0.211230 -2.085134 17.050000
0.792770 -3.000000 -0.806273 0.127804 1.447884 -0.106487 0.196388 -2.086406 17.100000
1.406902 -3.000000 -0.816569 0.123815 1.343562 -0.121757 0.181153 -2.086280 17.150000
2.064731 -3.000000 -0.826631 0.120176 1.239253 -0.128560 0.165631 -2.086238 17.200000
2.164833 -3.000000 -0.836347 0.117200 1.134918 -0.126826 0.150460 -2.087377 17.250000
1.529343 -3.000000 -0.845590 0.115047 1.030500 -0.122155 0.136047 -2.089445 17.300000
2.381545 -2.905791 -0.854353 0.113587 0.925973 -0.121602 0.122315 -2.091607 17.350000
1.616331 -3.000000 -0.862529 0.112829 0.822299 -0.111138 0.109539 -2.060987 17.400000
0.891305 -3.000000 -0.870043 0.112747 0.718569 -0.106472 0.097758 -2.084570 17.450000
0.515662 -2.764175 -0.877094 0.113058 0.614071 -0.107202 0.086465 -2.093972 17.500000
0.000000 -2.767428 -0.883848 0.113586 0.511674 -0.109600 0.075603 -2.015261 17.550000
0.272586 -2.552941 -0.890449 0.114229 0.411694 -0.114986 0.065022 -1.988514 17.600000
0.802191 -2.851822 -0.896918 0.114974 0.314750 -0.115981 0.054827 -1.903360 17.650000
0.011541 -3.000000 -0.903047 0.115886 0.217388 -0.110735 0.045097 -1.979003 17.700000
0.000000 -2.675311 -0.908879 0.116947 0.116087 -0.111983 0.035519 -2.059777 17.750000
0.751661 -2.914882 -0.914575 0.118118 0.015566 -0.111968 0.026285 -1.975306 17.800000
0.263484 -3.000000 -0.919931 0.119396 -0.084787 -0.103747 0.017678 -2.029951 17.850000
0.014625 -2.526667 -0.924873 0.120757 -0.187751 -0.099294 0.009624 -2.080330 17.900000
0.000000 -2.514145 -0.929559 0.122197 -0.287449 -0.096229 0.002345 -1.932202 17.950000
0.000000 -2.350214 -0.934034 0.123704 -0.382354 -0.092497 -0.004122 -1.873613 18.000000
0.907157 -1.936997 -0.938292 0.125259 -0.473703 -0.088156 -0.009867 -1.793262 18.050000
0.825856 -2.182595 -0.942145 0.126736 -0.558161 -0.075022 -0.014449 -1.612941 18.100000
0.000000 -2.367543 -0.945450 0.128002 -0.639352 -0.062751 -0.017945 -1.631825 18.150000
0.000000 -2.243709 -0.948414 0.129149 -0.723105 -0.058196 -0.020949 -1.706782 18.200000
0.000000 -2.080345 -0.951201 0.130279 -0.807991 -0.053457 -0.023618 -1.691087 18.250000
0.000000 -2.315482 -0.953818 0.131378 -0.890651 -0.048690 -0.025829 -1.625408 18.300000
0.000000 -2.698129 -0.956274 0.132436 -0.973650 -0.043863 -0.027692 -1.685349 18.350000
0.000000 -2.224371 -0.958576 0.133445 -1.062598 -0.038787 -0.029375 -1.847061 18.400000
0.216040 -2.641321 -0.960732 0.134393 -1.151798 -0.033711 -0.030685 -1.738105 18.450000
0.046241 -2.876128 -0.962736 0.135227 -1.241846 -0.026648 -0.031581 -1.846605 18.500000
0.560926 -3.000000 -0.964601 0.135930 -1.337796 -0.021084 -0.032142 -1.971119 18.550000
0.298573 -2.900769 -0.966333 0.136416 -1.438955 -0.010674 -0.032193 -2.060364 18.600000
0.000000 -3.000000 -0.967955 0.136628 -1.541891 -0.003053 -0.031603 -2.057477 18.650000
0.553322 -3.000000 -0.969511 0.136702 -1.645748 0.001434 -0.030591 -2.091132 18.700000
0.216828 -3.000000 -0.971036 0.136587 -1.750653 0.010766 -0.029094 -2.102997 18.750000
0.000000 -2.640571 -0.972563 0.136249 -1.855923 0.016385 -0.027086 -2.107089 18.800000
0.759288 -2.391391 -0.974086 0.135831 -1.957635 0.019350 -0.024871 -1.982232 18.850000
0.000000 -2.585990 -0.975671 0.135238 -2.052844 0.028735 -0.022395 -1.847889 18.900000
0.405489 -3.000000 -0.977325 0.134491 -2.145798 0.030309 -0.019679 -1.867198 18.950000
0.238744 -3.000000 -0.979026 0.133690 -2.243653 0.035358 -0.016717 -2.021671 19.000000
0.004544 -2.542481 -0.980815 0.132808 -2.346377 0.038353 -0.013448 -2.077888 19.050000
0.000000 -2.612961 -0.982631 0.131937 -2.446165 0.038562 -0.010255 -1.936968 19.100000
0.502692 -2.616498 -0.984429 0.131127 -2.542237 0.038260 -0.007276 -1.910282 19.150000
0.000000 -2.929237 -0.986298 0.130319 -2.637502 0.042250 -0.004292 -1.901706 19.200000
0.371737 -3.000000 -0.988230 0.129525 -2.735729 0.041036 -0.001229 -2.009669 19.250000
0.918282 -2.982578 -0.990195 0.128781 -2.838088 0.042913 0.001879 -2.073970 19.300000
1.750579 -2.641721 -0.992389 0.128038 -2.942284 0.049345 0.005249 -2.091043 19.350000
2.112178 -2.390189 -0.995115 0.127276 -3.043523 0.062793 0.009122 -1.977468 19.400000
1.249678 -2.698803 -0.998623 0.126541 -3.138595 0.078618 0.013608 -1.846707 19.450000
1.834999 -3.000000 -1.002755 0.125919 3.050464 0.085231 0.018654 -1.908478 19.500000
1.078815 -3.000000 -1.007401 0.125496 2.951253 0.096198 0.024455 -2.038653 19.550000
0.243455 -3.000000 -1.012469 0.125325 2.847932 0.098746 0.030815 -2.086308 19.600000
0.000000 -3.000000 -1.017545 0.125350 2.743110 0.092490 0.036920 -2.103713 19.650000
0.000000 -3.000000 -1.022370 0.125480 2.637739 0.083364 0.042275 -2.110062 19.700000
0.000000 -2.625805 -1.026888 0.125662 2.532169 0.073870 0.046759 -2.112320 19.750000
0.000000 -2.437020 -1.031108 0.125864 2.430366 0.064418 0.050191 -1.981596 19.800000
0.861316 -2.869817 -1.035052 0.126056 2.334629 0.055345 0.052574 -1.866538 19.850000
1.292294 -2.615481 -1.038872 0.126368 2.238066 0.054280 0.054569 -1.977819 19.900000
1.294954 -2.241429 -1.042747 0.127025 2.140605 0.056933 0.056583 -1.928719 19.950000
1.642756 -2.361587 -1.046693 0.128112 2.048572 0.059676 0.058486 -1.776924 20.000000
2.498377 -2.353661 -1.050704 0.129708 1.960139 0.065597 0.060453 -1.762740 20.050000
3.119237 -2.134030 -1.054823 0.132072 1.872230 0.079028 0.062940 -1.754992 20.100000
2.593723 -2.447297 -1.059063 0.135522 1.786847 0.097603 0.066182 -1.673302 20.150000
3.111765 -2.809294 -1.063312 0.140055 1.700791 0.110099 0.070319 -1.756251 20.200000
2.988114 -3.000000 -1.067434 0.145632 1.608259 0.125739 0.075733 -1.919255 20.250000
3.118082 -2.926212 -1.071301 0.152283 1.508536 0.138097 0.082560 -2.048644 20.300000
2.798004 -2.711157 -1.074768 0.159931 1.405463 0.149814 0.090344 -2.070937 20.350000
2.019333 -2.451041 -1.077723 0.168443 1.303856 0.157188 0.098394 -2.004735 20.400000
1.807273 -2.788333 -1.080142 0.177488 1.206978 0.156626 0.105880 -1.889426 20.450000
2.744852 -2.381406 -1.082052 0.186781 1.110244 0.153181 0.112963 -1.967356 20.500000
2.477139 -2.843140 -1.083343 0.196406 1.015228 0.157954 0.119649 -1.852229 20.550000
1.666914 -3.000000 -1.083906 0.206425 0.919056 0.158995 0.126448 -1.974887 20.600000
1.425815 -3.000000 -1.083864 0.216535 0.817376 0.150602 0.133361 -2.075542 20.650000
1.873844 -3.000000 -1.083374 0.226475 0.712549 0.138801 0.139624 -2.111374 20.700000
1.953647 -2.958039 -1.082414 0.236229 0.606617 0.130578 0.145028 -2.123720 20.750000
2.841770 -3.000000 -1.080903 0.245827 0.500740 0.122704 0.149632 -2.113072 20.800000
2.304517 -3.000000 -1.078653 0.255320 0.394769 0.122741 0.153794 -2.123993 20.850000
2.232109 -3.000000 -1.075611 0.264666 0.288455 0.117136 0.157628 -2.127846 20.900000
1.717874 -3.000000 -1.071932 0.273738 0.182031 0.110538 0.160875 -2.128811 20.950000
2.550661 -2.659315 -1.067781 0.282453 0.075598 0.098998 0.163318 -2.128295 21.000000
2.101543 -3.000000 -1.063105 0.290772 -0.027308 0.096137 0.164881 -2.008072 21.050000
2.467790 -3.000000 -1.057840 0.298657 -0.129935 0.089081 0.166018 -2.084084 21.100000
2.843229 -3.000000 -1.052051 0.306051 -0.234921 0.085031 0.166855 -2.110737 21.150000
3.151323 -3.000000 -1.045620 0.312862 -0.340730 0.084331 0.167535 -2.120009 21.200000
3.006144 -2.769648 -1.038461 0.318973 -0.446829 0.086357 0.168259 -2.123444 21.250000
3.465599 -2.873362 -1.030619 0.324295 -0.550685 0.087368 0.168928 -2.044201 21.300000
3.950414 -2.744114 -1.022116 0.328716 -0.653138 0.092831 0.169732 -2.052675 21.350000
3.626859 -2.776847 -1.012884 0.332038 -0.754556 0.102690 0.170992 -2.011259 21.400000
3.310772 -2.662404 -1.003025 0.334172 -0.855042 0.109177 0.172732 -2.008856 21.450000
2.948707 -3.000000 -0.992777 0.335178 -0.954299 0.112518 0.174662 -1.968238 21.500000
2.894483 -3.000000 -0.982357 0.335157 -1.055761 0.111567 0.176796 -2.072850 21.550000
2.622056 -2.943228 -0.971938 0.334191 -1.160500 0.109062 0.178982 -2.110353 21.600000
2.887850 -3.000000 -0.961650 0.332359 -1.265820 0.103691 0.180838 -2.103467 21.650000
2.699044 -3.000000 -0.951585 0.329677 -1.371493 0.100670 0.182342 -2.120484 21.700000
2.315340 -2.830640 -0.941821 0.326155 -1.477685 0.095687 0.183527 -2.126078 21.750000
2.502889 -2.978056 -0.932450 0.321955 -1.582298 0.087594 0.184067 -2.067988 21.800000
2.033154 -2.957716 -0.923534 0.317151 -1.686580 0.081598 0.184050 -2.098041 21.850000
2.267840 -3.000000 -0.915113 0.311846 -1.791563 0.071328 0.183462 -2.100523 21.900000
1.569971 -2.582227 -0.907219 0.306132 -1.897020 0.063640 0.182248 -2.115025 21.950000
1.401563 -2.421328 -0.899843 0.300138 -1.998611 0.050939 0.180142 -1.972002 22.000000
1.955726 -2.712684 -0.892927 0.294056 -2.093989 0.039011 0.177020 -1.860778 22.050000
1.180179 -2.759338 -0.886528 0.287807 -2.188816 0.033251 0.173401 -1.922157 22.100000
1.763208 -2.537967 -0.880616 0.281456 -2.286041 0.020432 0.169321 -1.960199 22.150000
1.515588 -2.363470 -0.875178 0.275059 -2.382144 0.014341 0.164711 -1.894409 22.200000
1.590986 -2.691031 -0.870280 0.268569 -2.474323 0.007656 0.159791 -1.806601 22.250000
2.160414 -2.994845 -0.865908 0.262031 -2.567082 0.002426 0.154661 -1.890204 22.300000
2.663221 -2.836867 -0.862192 0.255398 -2.665632 0.002137 0.149541 -2.028966 22.350000
2.955651 -2.505270 -0.859355 0.248614 -2.766933 0.006650 0.144749 -2.024013 22.400000
3.600981 -2.359208 -0.857585 0.241694 -2.864680 0.015017 0.140552 -1.905500 22.450000
4.158397 -2.539697 -0.857107 0.234686 -2.957187 0.030553 0.137252 -1.810432 22.500000
4.772917 -2.322240 -0.858194 0.227672 -3.048585 0.051227 0.135242 -1.841075 22.550000
4.303807 -2.748887 -0.861080 0.220795 -3.138760 0.077215 0.134757 -1.776793 22.600000
4.803167 -2.937504 -0.865739 0.214239 3.051799 0.097367 0.135946 -1.907765 22.650000
5.702590 -2.987955 -0.872077 0.208204 2.952994 0.119983 0.138988 -2.025660 22.700000
5.265860 -2.993596 -0.880287 0.202951 2.849880 0.148726 0.144146 -2.089122 22.750000
6.000000 -3.000000 -0.890305 0.198719 2.744630 0.171026 0.151237 -2.116978 22.800000
6.000000 -3.000000 -0.901995 0.195749 2.638347 0.197940 0.160067 -2.132752 22.850000
5.458577 -2.564395 -0.915280 0.194305 2.531451 0.222281 0.170624 -2.142562 22.900000
5.561177 -2.326215 -0.929807 0.194473 2.428582 0.240037 0.181729 -1.997564 22.950000
4.998919 -1.835521 -0.945274 0.196305 2.332603 0.258274 0.192543 -1.864398 23.000000
5.899393 -1.542187 -0.961418 0.199794 2.245856 0.271702 0.202305 -1.641302 23.050000
5.661527 -1.472584 -0.978131 0.205052 2.169317 0.294750 0.210795 -1.450055 23.100000
5.802537 -1.710790 -0.995354 0.212228 2.099685 0.315837 0.218704 -1.350773 23.150000
5.280148 -2.076914 -1.012905 0.221312 2.030662 0.336808 0.227261 -1.403923 23.200000
5.862059 -2.479785 -1.030541 0.232202 1.955813 0.349373 0.237782 -1.567170 23.250000
5.702213 -2.165278 -1.048032 0.244867 1.871204 0.362409 0.251107 -1.785012 23.300000
5.286835 -2.107923 -1.065164 0.259329 1.782680 0.370485 0.265584 -1.761067 23.350000
6.000000 -2.074179 -1.081710 0.275381 1.695383 0.373131 0.279563 -1.735866 23.400000
6.000000 -1.637136 -1.097506 0.293016 1.609117 0.381070 0.293103 -1.718790 23.450000
6.000000 -1.162020 -1.112410 0.312310 1.527844 0.389214 0.305264 -1.557937 23.500000
6.000000 -1.492626 -1.126300 0.333196 1.456739 0.400111 0.314673 -1.321814 23.550000
6.000000 -1.707868 -1.139083 0.355613 1.389807 0.411507 0.323150 -1.352402 23.600000
5.525361 -1.235738 -1.150636 0.379442 1.319397 0.420080 0.332843 -1.451030 23.650000
4.723294 -0.977965 -1.160869 0.404436 1.250619 0.423754 0.341971 -1.319836 23.700000
5.287168 -0.689288 -1.169805 0.430232 1.188926 0.422406 0.348693 -1.169142 23.750000
5.340757 -0.796243 -1.177428 0.456744 1.135432 0.429781 0.352816 -0.994533 23.800000
4.593720 -0.403110 -1.183654 0.484074 1.086689 0.439378 0.355664 -0.960419 23.850000
5.490751 -0.024288 -1.188534 0.512019 1.043390 0.444142 0.356930 -0.792877 23.900000
4.549038 -0.434739 -1.192037 0.540605 1.010154 0.461891 0.355239 -0.564433 23.950000
4.881834 -0.304588 -1.194179 0.569825 0.980393 0.471933 0.352822 -0.620095 24.000000
5.308775 -0.409704 -1.195030 0.599496 0.950029 0.484457 0.350925 -0.597688 24.050000
5.850478 -0.240015 -1.194485 0.629702 0.919198 0.500276 0.349575 -0.632436 24.100000
5.567333 -0.392276 -1.192407 0.660551 0.888904 0.520781 0.348465 -0.585898 24.150000
5.903540 -0.236738 -1.188759 0.692017 0.858430 0.537767 0.347880 -0.629118 24.200000
4.965991 -0.100343 -1.183534 0.724022 0.828018 0.557220 0.347675 -0.592811 24.250000
4.991330 -0.212704 -1.176835 0.756399 0.800329 0.568476 0.346714 -0.523244 24.300000
5.675665 -0.645002 -1.168821 0.788953 0.773813 0.580089 0.345544 -0.536528 24.350000
6.000000 -1.029711 -1.159380 0.821726 0.741845 0.595012 0.346975 -0.721760 24.400000
5.325340 -0.958175 -1.148341 0.854717 0.698833 0.606930 0.353399 -0.969370 24.450000
4.962679 -0.583856 -1.135772 0.887663 0.647792 0.607739 0.363236 -1.061429 24.500000
5.498436 -0.207872 -1.121870 0.920278 0.597548 0.604897 0.372313 -0.962076 24.550000
6.000000 0.089805 -1.106608 0.952548 0.554799 0.610446 0.377857 -0.772471 24.600000
6.000000 0.067773 -1.089787 0.984624 0.521944 0.625275 0.379154 -0.567028 24.650000
6.000000 0.046571 -1.071315 1.016591 0.496091 0.643066 0.377643 -0.478124 24.700000
5.236703 0.053458 -1.051218 1.048436 0.473104 0.661636 0.375197 -0.445885 24.750000
5.061765 -0.222757 -1.029686 1.080044 0.451275 0.673013 0.372536 -0.429514 24.800000
5.674179 -0.554654 -1.006949 1.111271 0.426850 0.681040 0.371388 -0.536067 24.850000
5.655824 -0.840390 -0.982953 1.142060 0.394740 0.690510 0.374203 -0.727115 24.900000
4.922719 -0.497262 -0.957624 1.172305 0.352497 0.694005 0.382064 -0.937763 24.950000
4.336094 -0.155036 -0.931187 1.201782 0.306524 0.688121 0.391406 -0.905961 25.000000
4.242649 0.040066 -0.903964 1.230348 0.265386 0.679137 0.397802 -0.757952 25.050000
4.800320 0.079195 -0.876101 1.257995 0.231659 0.673414 0.400185 -0.608592 25.100000
5.781346 0.528683 -0.847479 1.284802 0.203737 0.676194 0.399663 -0.518631 25.150000
5.556581 0.297569 -0.817736 1.310884 0.184155 0.692522 0.395263 -0.289879 25.200000
6.000000 0.225333 -0.786693 1.336344 0.170300 0.709250 0.388424 -0.267006 25.250000
5.083670 0.511859 -0.754332 1.361197 0.156413 0.729485 0.382036 -0.287023 25.300000
4.176016 0.650145 -0.720809 1.385417 0.145041 0.741783 0.374701 -0.178707 25.350000
3.320964 0.483642 -0.686559 1.408987 0.139391 0.748132 0.364669 -0.058069 25.400000
3.428150 0.956061 -0.651988 1.431912 0.136519 0.747710 0.353539 -0.055475 25.450000
4.050412 1.319139 -0.617262 1.454221 0.139476 0.751076 0.339681 0.155366 25.500000
3.583616 1.544118 -0.582173 1.476070 0.154814 0.765504 0.319597 0.431358 25.550000
4.545482 1.063172 -0.546660 1.497650 0.183154 0.779873 0.292916 0.677282 25.600000
4.882373 0.656511 -0.510620 1.519151 0.215316 0.802922 0.264671 0.618965 25.650000
5.468809 1.121107 -0.473829 1.540674 0.241138 0.824807 0.240599 0.436931 25.700000
4.874319 0.705790 -0.436161 1.562260 0.265918 0.850041 0.217521 0.544805 25.750000
4.819121 1.125273 -0.397690 1.583977 0.290246 0.867787 0.195174 0.442523 25.800000
5.712762 0.920086 -0.358630 1.605814 0.315964 0.883855 0.172417 0.574570 25.850000
4.795364 0.786015 -0.318862 1.627923 0.344546 0.907306 0.148272 0.572312 25.900000
4.054701 0.784875 -0.278469 1.650352 0.371950 0.920108 0.125366 0.531964 25.950000
4.499759 0.726834 -0.237878 1.672985 0.398314 0.924506 0.103761 0.526791 26.000000
5.457755 0.389137 -0.197197 1.695823 0.424266 0.932029 0.083059 0.515932 26.050000
4.854675 0.626968 -0.156164 1.719009 0.446389 0.947042 0.065437 0.386025 26.100000
4.529826 0.355814 -0.114741 1.742550 0.466802 0.955174 0.049371 0.428666 26.150000
4.273840 -0.079762 -0.073166 1.766370 0.486025 0.959447 0.034587 0.351131 26.200000
4.286951 -0.103474 -0.031569 1.790372 0.497661 0.960545 0.025475 0.137609 26.250000
5.024918 -0.317213 0.010036 1.814435 0.501151 0.961358 0.022234 0.014349 26.300000
4.608086 -0.139744 0.051841 1.838563 0.497480 0.968743 0.024027 -0.146178 26.350000
4.972793 -0.543531 0.093940 1.862708 0.489720 0.971780 0.028584 -0.163393 26.400000
4.155981 -0.268853 0.136338 1.886808 0.476518 0.977753 0.036812 -0.347317 26.450000
3.817730 -0.696878 0.178969 1.910717 0.459419 0.975507 0.047469 -0.339401 26.500000
4.390974 -1.009431 0.221608 1.934258 0.437475 0.969592 0.061089 -0.520973 26.550000
5.199679 -1.065539 0.264348 1.957331 0.405050 0.967734 0.081430 -0.752636 26.600000
5.844038 -0.635328 0.307523 1.979892 0.363251 0.971235 0.107570 -0.905247 26.650000
6.000000 -0.309757 0.351443 2.001915 0.320263 0.978881 0.133776 -0.828688 26.700000
5.310843 -0.661433 0.396240 2.023414 0.283034 0.987376 0.155279 -0.682259 26.750000
4.360578 -0.940571 0.441747 2.044334 0.246608 0.988239 0.175627 -0.768229 26.800000
4.187925 -1.017722 0.487559 2.064467 0.203573 0.977494 0.199776 -0.936293 26.850000
3.365190 -0.898587 0.533386 2.083607 0.153314 0.962030 0.227669 -1.062157 26.900000
4.003826 -1.055996 0.578950 2.101607 0.099505 0.936556 0.256243 -1.090347 26.950000
3.272099 -0.582317 0.624166 2.118405 0.042561 0.914892 0.284985 -1.179278 27.000000
2.927984 -0.739275 0.668960 2.133972 -0.012681 0.886002 0.310574 -1.050248 27.050000
3.369286 -1.118255 0.713069 2.148352 -0.065474 0.854473 0.332559 -1.061625 27.100000
2.582509 -0.832158 0.756486 2.161547 -0.122980 0.824613 0.355441 -1.219042 27.150000
3.268593 -0.585011 0.799069 2.173538 -0.182907 0.785812 0.377472 -1.183536 27.200000
4.060916 -0.122749 0.840788 2.184365 -0.239003 0.755434 0.395131 -1.075171 27.250000
3.780643 -0.349959 0.882022 2.194027 -0.286342 0.737344 0.406520 -0.847680 27.300000
4.672308 -0.109666 0.922949 2.202567 -0.328250 0.719826 0.414104 -0.830439 27.350000
4.758676 -0.250315 0.963715 2.209958 -0.366860 0.712811 0.419358 -0.726728 27.400000
5.185964 -0.578224 1.004542 2.216138 -0.403379 0.707846 0.423213 -0.733339 27.450000
5.388598 -0.674540 1.045493 2.221046 -0.443814 0.704563 0.428810 -0.868040 27.500000
5.315686 -0.864290 1.086586 2.224575 -0.490118 0.699492 0.437016 -0.971624 27.550000
6.000000 -0.944070 1.127717 2.226670 -0.542182 0.689932 0.447536 -1.095314 27.600000
5.161784 -1.175249 1.168866 2.227214 -0.599456 0.683125 0.459918 -1.184602 27.650000
4.706331 -1.505524 1.209849 2.226205 -0.662355 0.664258 0.474026 -1.313561 27.700000
4.239454 -1.176052 1.250255 2.223810 -0.733121 0.635547 0.490201 -1.490838 27.750000
4.902641 -1.058495 1.289772 2.220186 -0.806156 0.600697 0.505154 -1.436943 27.800000
5.130071 -1.359500 1.328398 2.215329 -0.875983 0.574364 0.516628 -1.365220 27.850000
5.624759 -1.053988 1.366240 2.209110 -0.946493 0.549729 0.526710 -1.442689 27.900000
5.990073 -1.045158 1.403314 2.201426 -1.016171 0.530428 0.534977 -1.355853 27.950000
6.000000 -0.892927 1.439678 2.192123 -1.082743 0.516896 0.540977 -1.312405 28.000000
5.130713 -0.788378 1.475313 2.181140 -1.146128 0.505900 0.545010 -1.233278 28.050000
4.335074 -1.231917 1.510085 2.168672 -1.205590 0.489928 0.546897 -1.154542 28.100000
5.095249 -1.524300 1.543806 2.155103 -1.266982 0.465649 0.548542 -1.281338 28.150000
5.715958 -1.923970 1.576377 2.140510 -1.335544 0.443891 0.551449 -1.436907 28.200000
6.000000 -1.636669 1.607764 2.124691 -1.413307 0.421538 0.556017 -1.641161 28.250000
5.394827 -1.181540 1.637877 2.107563 -1.494502 0.399679 0.560160 -1.609519 28.300000
6.000000 -0.994258 1.666642 2.089252 -1.569605 0.377419 0.561167 -1.420328 28.350000
5.065175 -1.479838 1.694031 2.069736 -1.636222 0.368151 0.559049 -1.265243 28.400000
4.441969 -1.970044 1.720015 2.049104 -1.702701 0.350888 0.556382 -1.376239 28.450000
3.828545 -1.978876 1.744572 2.027830 -1.777852 0.322197 0.554810 -1.594518 28.500000
3.734542 -2.129063 1.767715 2.006345 -1.859877 0.283967 0.552965 -1.670817 28.550000
3.738270 -1.677507 1.789493 1.984890 -1.945492 0.243978 0.549576 -1.738981 28.600000
3.034883 -1.995116 1.809938 1.963518 -2.028099 0.208360 0.543501 -1.585062 28.650000
3.854903 -2.226981 1.829141 1.942342 -2.108598 0.169926 0.535205 -1.624765 28.700000
3.253001 -1.989987 1.847110 1.921354 -2.192398 0.139197 0.525601 -1.710719 28.750000
2.599873 -1.946570 1.863850 1.900535 -2.276109 0.105291 0.514395 -1.644440 28.800000
2.253086 -1.750261 1.879553 1.880093 -2.356808 0.070048 0.501351 -1.588497 28.850000
2.656518 -1.891325 1.894380 1.860147 -2.433211 0.037299 0.486664 -1.480542 28.900000
2.065043 -1.947657 1.908310 1.840632 -2.507234 0.012644 0.470916 -1.478451 28.950000
2.704082 -1.623399 1.921387 1.821543 -2.581523 -0.015138 0.454357 -1.489170 29.000000
3.549358 -1.346200 1.933593 1.802851 -2.652477 -0.032236 0.437260 -1.365586 29.050000
3.114330 -1.566836 1.944581 1.784365 -2.716226 -0.035026 0.420450 -1.206458 29.100000
2.368187 -1.594629 1.954222 1.766052 -2.776972 -0.038656 0.404195 -1.221195 29.150000
1.481667 -2.056350 1.962774 1.748052 -2.838481 -0.048171 0.388214 -1.236512 29.200000
1.525651 -1.982770 1.970620 1.730501 -2.905394 -0.067007 0.371965 -1.413730 29.250000
1.943521 -1.835961 1.977990 1.713446 -2.977312 -0.085689 0.355124 -1.455850 29.300000
2.710988 -2.164399 1.984779 1.696848 -3.048966 -0.098007 0.338105 -1.415627 29.350000
1.882427 -2.459579 1.990699 1.680677 -3.122753 -0.102030 0.321134 -1.520558 29.400000
2.558915 -2.680763 1.995793 1.664941 3.080070 -0.114670 0.303814 -1.670775 29.450000
1.647481 -3.000000 2.000126 1.649661 2.992526 -0.121492 0.285948 -1.809300 29.500000
1.422351 -2.509725 2.003781 1.634828 2.897232 -0.137265 0.267285 -1.975205 29.550000
2.045178 -2.913272 2.007017 1.620394 2.801781 -0.152148 0.248209 -1.861193 29.600000
1.725219 -3.000000 2.009706 1.606411 2.705770 -0.158382 0.229036 -1.962945 29.650000
1.122784 -2.647151 2.011773 1.592922 2.605616 -0.166070 0.209574 -2.032056 29.700000
1.384938 -2.673657 2.013394 1.579852 2.506891 -0.176053 0.190328 -1.933434 29.750000
1.731994 -2.835903 2.014606 1.567209 2.410970 -0.179994 0.171623 -1.908004 29.800000
2.008640 -2.606647 2.015287 1.555129 2.314117 -0.178364 0.153374 -1.958544 29.850000
1.643708 -2.159522 2.015352 1.543767 2.217955 -0.171764 0.136124 -1.898432 29.900000
1.553667 -1.871679 2.014851 1.533175 2.128273 -0.165560 0.120683 -1.718051 29.950000
1.471897 -1.904173 2.013898 1.523337 2.047358 -0.157331 0.107249 -1.545376 30.000000
0.551804 -1.946818 2.012565 1.514271 1.971686 -0.148075 0.095357 -1.490182 30.050000
0.536663 -1.817431 2.010992 1.505789 1.897331 -0.146391 0.084306 -1.485106 30.100000
0.924810 -2.190219 2.009281 1.497704 1.824483 -0.143672 0.073907 -1.436256 30.150000
1.329428 -2.683418 2.007427 1.490118 1.749247 -0.136666 0.063881 -1.555848 30.200000
0.717515 -2.705706 2.005414 1.483213 1.664841 -0.125873 0.053823 -1.785362 30.250000
1.332078 -2.577192 2.003276 1.476937 1.572757 -0.120545 0.043908 -1.882706 30.300000
0.848626 -2.541332 2.001063 1.471297 1.478869 -0.108614 0.034750 -1.874418 30.350000
1.819531 -2.514103 1.998828 1.466326 1.385589 -0.100509 0.026618 -1.859393 30.400000
2.663547 -2.863989 1.996663 1.462128 1.293049 -0.082710 0.019675 -1.844771 30.450000
3.196084 -2.372136 1.994760 1.459084 1.197326 -0.057034 0.014257 -1.964798 30.500000
3.006322 -2.302311 1.993349 1.457422 1.102870 -0.026787 0.010952 -1.834575 30.550000
3.904466 -2.178775 1.992598 1.457107 1.013284 0.000915 0.009759 -1.760608 30.600000
4.469710 -2.305970 1.992722 1.458148 0.927363 0.036009 0.010566 -1.687672 30.650000
3.671868 -2.398605 1.994033 1.460666 0.842456 0.074836 0.013582 -1.705882 30.700000
4.009965 -2.294048 1.996596 1.464431 0.755975 0.104279 0.018663 -1.747130 30.750000
4.382903 -1.841567 2.000421 1.469169 0.669232 0.135045 0.025445 -1.726114 30.800000
4.826723 -1.809309 2.005693 1.474794 0.587888 0.167452 0.033350 -1.554257 30.850000
5.381477 -1.489851 2.012600 1.481223 0.512454 0.202118 0.042162 -1.475306 30.900000
4.625662 -1.120426 2.021356 1.488375 0.442970 0.240037 0.051678 -1.326232 30.950000
4.978610 -0.903861 2.031903 1.496050 0.382375 0.269254 0.060910 -1.125835 31.000000
5.390901 -0.809989 2.044130 1.504064 0.330884 0.300682 0.069290 -0.956736 31.050000
4.901234 -0.504890 2.058166 1.512365 0.286188 0.334811 0.077052 -0.845973 31.100000
5.665485 -0.553147 2.073946 1.520846 0.248665 0.363383 0.083755 -0.676270 31.150000
5.472494 -0.318382 2.091483 1.529446 0.216536 0.398224 0.089626 -0.616798 31.200000
4.828480 -0.098563 2.110849 1.538123 0.189076 0.430221 0.094673 -0.496196 31.250000
4.834647 -0.331889 2.131792 1.546793 0.168392 0.455680 0.097966 -0.347935 31.300000
4.868427 -0.385369 2.154115 1.555409 0.150404 0.480442 0.100639 -0.369926 31.350000
4.660684 -0.529904 2.177776 1.563926 0.130906 0.504227 0.104064 -0.406805 31.400000
4.508956 -0.619120 2.202682 1.572279 0.108309 0.524561 0.108819 -0.488956 31.450000
5.018114 -0.983060 2.228696 1.580384 0.081592 0.541858 0.115279 -0.571425 31.500000
4.233036 -0.791903 2.255847 1.588156 0.047663 0.561710 0.124725 -0.764419 31.550000
5.224248 -0.389650 2.284002 1.595476 0.008815 0.572116 0.136174 -0.788063 31.600000
4.519304 -0.640572 2.313154 1.602268 -0.026564 0.591385 0.146181 -0.645623 31.650000
4.332890 -1.134279 2.343323 1.608508 -0.059850 0.603284 0.155366 -0.682818 31.700000
3.974142 -1.612731 2.374234 1.614135 -0.100145 0.610949 0.167518 -0.903553 31.750000
4.934587 -1.680803 2.405664 1.619024 -0.153646 0.611011 0.185116 -1.199438 31.800000
5.092468 -1.431914 2.437627 1.622993 -0.218261 0.615605 0.207045 -1.364656 31.850000
4.408568 -1.802013 2.470239 1.625866 -0.286068 0.618584 0.229764 -1.352128 31.900000
5.364475 -1.633267 2.503252 1.627597 -0.357715 0.611721 0.253294 -1.495326 31.950000
6.000000 -1.307345 2.536569 1.628071 -0.432598 0.610559 0.277189 -1.501710 32.000000
5.798329 -1.514162 2.570397 1.627088 -0.504529 0.614181 0.299002 -1.393852 32.050000
5.653288 -1.721590 2.604697 1.624564 -0.575378 0.614169 0.319685 -1.436325 32.100000
5.822192 -1.805139 2.639228 1.620492 -0.650109 0.609058 0.341205 -1.539767 32.150000
6.000000 -2.052874 2.673795 1.614826 -0.729370 0.601354 0.363569 -1.620520 32.200000
5.808810 -2.241066 2.708249 1.607493 -0.814096 0.590399 0.386936 -1.750260 32.250000
5.853392 -2.240044 2.742351 1.598501 -0.905160 0.571978 0.411201 -1.873859 32.300000
6.000000 -1.743032 2.775851 1.587908 -1.000279 0.549466 0.434873 -1.923534 32.350000
6.000000 -1.368108 2.808606 1.575728 -1.091879 0.528561 0.454834 -1.765902 32.400000
6.000000 -1.402375 2.840559 1.561963 -1.174506 0.511982 0.469518 -1.569309 32.450000
5.269355 -1.234069 2.871659 1.546629 -1.251074 0.498535 0.480626 -1.503119 32.500000
5.892975 -1.138705 2.901780 1.529916 -1.323623 0.480479 0.489066 -1.411380 32.550000
6.000000 -1.473362 2.930854 1.511872 -1.392026 0.470997 0.495087 -1.335280 32.600000
5.510548 -1.091160 2.958843 1.492370 -1.461435 0.461673 0.500791 -1.427456 32.650000
6.000000 -0.784988 2.985634 1.471579 -1.529761 0.448442 0.505348 -1.320095 32.700000
5.054688 -0.825808 3.011169 1.449522 -1.591113 0.444772 0.507100 -1.156386 32.750000
5.637049 -0.774374 3.035423 1.426310 -1.647298 0.435951 0.506913 -1.097993 32.800000
5.272054 -0.466420 3.058357 1.402054 -1.700848 0.434747 0.505718 -1.050119 32.850000
4.927086 -0.131460 3.079932 1.376733 -1.749338 0.433797 0.502949 -0.907539 32.900000
5.910914 0.109941 3.100163 1.350500 -1.789109 0.435846 0.497593 -0.707501 32.950000
5.668274 -0.035038 3.119024 1.323165 -1.819089 0.453828 0.489614 -0.514874 33.000000
4.822219 -0.273541 3.136485 1.294538 -1.843868 0.472579 0.480627 -0.480998 33.050000
5.528582 0.019894 3.152610 1.264913 -1.870200 0.482000 0.472757 -0.563169 33.100000
6.000000 0.393822 3.167390 1.234394 -1.896230 0.498057 0.465285 -0.487272 33.150000
5.792213 0.113390 3.180744 1.202737 -1.915344 0.522431 0.455927 -0.298684 33.200000
5.341068 0.546149 3.192680 1.169878 -1.930857 0.546318 0.445900 -0.320557 33.250000
4.508863 0.651323 3.203274 1.136001 -1.942303 0.567679 0.434843 -0.154717 33.300000
4.465246 0.946079 3.212682 1.101368 -1.946344 0.584909 0.421311 -0.019805 33.350000
4.406424 0.631270 3.221046 1.066123 -1.941789 0.605894 0.404668 0.182705 33.400000
5.131956 0.799331 3.228459 1.030238 -1.933198 0.627508 0.386807 0.163334 33.450000
5.742717 1.270233 3.234929 0.993580 -1.923343 0.655384 0.368845 0.224882 33.500000
4.989816 1.272185 3.240437 0.955847 -1.905745 0.691237 0.347560 0.454965 33.550000
4.919418 1.174041 3.245143 0.917029 -1.879589 0.721910 0.322326 0.578763 33.600000
4.326215 1.114680 3.249255 0.877294 -1.849862 0.751198 0.295565 0.608869 33.650000
3.347332 1.271055 3.252937 0.836820 -1.819448 0.772928 0.268842 0.610183 33.700000
3.221525 0.969569 3.256380 0.795991 -1.786875 0.784289 0.241499 0.687133 33.750000
3.043630 0.603470 3.259736 0.755075 -1.754508 0.792750 0.215011 0.619036 33.800000
2.181136 0.973477 3.263041 0.714182 -1.728306 0.796442 0.192807 0.451036 33.850000
1.697281 0.516076 3.266323 0.673596 -1.703632 0.790852 0.172242 0.530320 33.900000
1.524791 0.885399 3.269652 0.633625 -1.680871 0.779945 0.153616 0.397722 33.950000
0.682790 1.041015 3.273031 0.594420 -1.658395 0.767296 0.135974 0.493694 34.000000
0.000000 0.758227 3.276521 0.556184 -1.630290 0.747771 0.116162 0.619465 34.050000
0.000000 1.137959 3.280190 0.519233 -1.600434 0.722252 0.096567 0.582211 34.100000
0.130815 0.708224 3.284038 0.483689 -1.567274 0.697403 0.076509 0.729916 34.150000
0.558980 0.289137 3.288081 0.449478 -1.533286 0.674012 0.057300 0.642638 34.200000
0.922148 0.052580 3.292267 0.416440 -1.506853 0.654296 0.042845 0.439483 34.250000
0.413632 -0.217366 3.296512 0.384361 -1.490327 0.637845 0.033787 0.243400 34.300000
0.361874 0.282414 3.300722 0.353241 -1.484102 0.616780 0.029860 0.027275 34.350000
0.757826 0.281757 3.304822 0.323170 -1.480171 0.595998 0.027151 0.121353 34.400000
0.768752 -0.010277 3.308839 0.294025 -1.472627 0.579855 0.023070 0.175589 34.450000
1.478533 -0.270684 3.312798 0.265676 -1.466369 0.564407 0.019739 0.084105 34.500000
1.444023 -0.476131 3.316687 0.237921 -1.466584 0.555993 0.019162 -0.077416 34.550000
2.141288 -0.397696 3.320466 0.210579 -1.475335 0.547369 0.021961 -0.255211 34.600000
2.899227 -0.808179 3.324091 0.183475 -1.489884 0.545330 0.026888 -0.320474 34.650000
3.663519 -0.574852 3.327545 0.156265 -1.511617 0.549983 0.034479 -0.527145 34.700000
4.482452 -0.238199 3.330774 0.128605 -1.538359 0.561019 0.043905 -0.541928 34.750000
5.049228 0.188983 3.333753 0.100154 -1.561949 0.579084 0.051991 -0.416536 34.800000
5.322105 0.571627 3.336499 0.070625 -1.576164 0.602147 0.056183 -0.177488 34.850000
4.364067 0.509902 3.339080 0.039858 -1.577034 0.627756 0.054619 0.114799 34.900000
4.986574 0.650175 3.341605 0.008054 -1.567512 0.644138 0.048434 0.252868 34.950000
5.712574 0.493689 3.344166 -0.024674 -1.551125 0.665912 0.039123 0.389227 35.000000
6.000000 0.979749 3.346855 -0.058600 -1.531362 0.693431 0.028217 0.401237 35.050000
6.000000 0.505003 3.349761 -0.093896 -1.505465 0.722295 0.014158 0.612709 35.100000
5.785138 0.916893 3.353014 -0.130555 -1.477032 0.749440 -0.001230 0.535476 35.150000
5.526382 1.189107 3.356681 -0.168445 -1.446483 0.772797 -0.017789 0.672979 35.200000
6.000000 1.428171 3.360876 -0.207367 -1.407646 0.791661 -0.038876 0.860881 35.250000
6.000000 1.126278 3.365784 -0.247260 -1.359134 0.812176 -0.065331 1.058387 35.300000
6.000000 0.847493 3.371597 -0.288097 -1.306570 0.829571 -0.093879 1.049884 35.350000
5.582038 1.267490 3.378405 -0.329752 -1.256814 0.844670 -0.120367 0.956779 35.400000
6.000000 1.014041 3.386235 -0.372015 -1.205159 0.853095 -0.147542 1.095746 35.450000
6.000000 0.921265 3.395191 -0.414743 -1.150937 0.862542 -0.175657 1.079977 35.500000
5.703905 0.881994 3.405369 -0.457897 -1.097717 0.869826 -0.202498 1.056473 35.550000
6.000000 1.150140 3.416777 -0.501298 -1.045211 0.872372 -0.228149 1.048997 35.600000
6.000000 1.490010 3.429457 -0.544816 -0.989531 0.874655 -0.254988 1.166887 35.650000
6.000000 1.631904 3.443520 -0.588324 -0.925615 0.871654 -0.286008 1.366730 35.700000
5.370881 2.051451 3.459043 -0.631574 -0.852899 0.862325 -0.321083 1.524040 35.750000
4.416827 1.782583 3.475971 -0.674187 -0.769990 0.839231 -0.360261 1.760760 35.800000
4.719911 1.512373 3.494033 -0.715640 -0.681740 0.801176 -0.399321 1.770863 35.850000
3.846493 1.134331 3.513042 -0.755707 -0.595670 0.764446 -0.433399 1.687050 35.900000
4.697820 0.918056 3.532798 -0.794303 -0.516137 0.721598 -0.460337 1.519672 35.950000
4.165292 1.237892 3.553244 -0.831478 -0.444398 0.690904 -0.480298 1.371404 36.000000
4.567956 1.560296 3.574399 -0.867311 -0.374218 0.655814 -0.497127 1.426722 36.050000
4.752599 1.171360 3.596175 -0.901730 -0.298898 0.620824 -0.513940 1.564423 36.100000
3.846222 1.065589 3.618617 -0.934711 -0.223331 0.587249 -0.528379 1.470547 36.150000
4.160906 0.958373 3.641524 -0.966227 -0.152227 0.548622 -0.538542 1.383484 36.200000
5.111712 1.458281 3.664751 -0.996288 -0.085485 0.516909 -0.544899 1.296043 36.250000
5.428194 1.512934 3.688574 -1.024937 -0.016572 0.493169 -0.550518 1.438207 36.300000
5.729428 1.661964 3.713186 -1.052124 0.057435 0.468984 -0.556490 1.509645 36.350000
4.777151 1.331675 3.738622 -1.077774 0.135156 0.445185 -0.562189 1.585829 36.400000
5.157106 1.239414 3.764633 -1.101854 0.211608 0.413995 -0.565741 1.484372 36.450000
5.008084 1.002723 3.791067 -1.124371 0.283413 0.390930 -0.566357 1.398015 36.500000
5.449488 1.338497 3.817973 -1.145304 0.349538 0.371816 -0.564326 1.263848 36.550000
4.805875 1.429644 3.845406 -1.164613 0.414551 0.358633 -0.561349 1.326310 36.600000
5.663800 1.367167 3.873236 -1.182293 0.482427 0.338090 -0.558406 1.378897 36.650000
6.000000 1.185882 3.901415 -1.198294 0.551156 0.325981 -0.554979 1.370084 36.700000
6.000000 1.526251 3.930115 -1.212448 0.617497 0.319619 -0.550667 1.293491 36.750000
6.000000 1.896629 3.959318 -1.224676 0.684825 0.313155 -0.546460 1.385646 36.800000
5.741264 2.071970 3.988873 -1.234963 0.759067 0.302176 -0.543515 1.557457 36.850000
6.000000 1.956087 4.018542 -1.243356 0.840644 0.284097 -0.541430 1.684361 36.900000
5.838522 2.431477 4.048157 -1.249864 0.924914 0.267418 -0.538921 1.684613 36.950000
6.000000 2.164946 4.077597 -1.254480 1.013954 0.246714 -0.536279 1.848919 37.000000
6.000000 1.891265 4.106698 -1.257237 1.105242 0.227064 -0.532801 1.807155 37.050000
5.531626 1.668460 4.135370 -1.258101 1.192110 0.211886 -0.527616 1.684980 37.100000
5.189298 1.300341 4.163490 -1.257147 1.272491 0.198253 -0.520782 1.549274 37.150000
4.877902 0.816655 4.190936 -1.254518 1.344343 0.188757 -0.512356 1.352269 37.200000
4.936777 0.905153 4.217632 -1.250304 1.404288 0.185803 -0.502325 1.081951 37.250000
4.070259 0.561790 4.243544 -1.244496 1.455930 0.189930 -0.491602 0.995114 37.300000
4.849028 0.355258 4.268613 -1.237266 1.500769 0.191084 -0.480435 0.820215 37.350000
5.299428 0.624554 4.292815 -1.228601 1.537178 0.205530 -0.468732 0.656574 37.400000
4.325078 0.674071 4.316141 -1.218206 1.570899 0.225845 -0.457520 0.689658 37.450000
4.253080 0.267521 4.338549 -1.206266 1.606473 0.235675 -0.447377 0.729026 37.500000
3.329652 0.285879 4.360004 -1.193080 1.638942 0.246798 -0.437313 0.586817 37.550000
3.455397 -0.160495 4.380513 -1.178883 1.666540 0.252205 -0.426947 0.524184 37.600000
3.521050 -0.379481 4.400095 -1.163853 1.686796 0.263154 -0.415754 0.309570 37.650000
3.491104 0.041753 4.418773 -1.147901 1.696656 0.280363 -0.403155 0.105918 37.700000
4.045006 -0.374041 4.436582 -1.130992 1.703839 0.298219 -0.390607 0.175257 37.750000
4.549939 -0.424857 4.453524 -1.113039 1.708895 0.321743 -0.378123 0.040929 37.800000
4.531564 -0.565852 4.469604 -1.093803 1.708386 0.351904 -0.364851 -0.051358 37.850000
4.741328 -0.544817 4.484858 -1.073187 1.702867 0.383109 -0.350726 -0.157951 37.900000
5.278241 -0.435605 4.499341 -1.051169 1.693705 0.416595 -0.335948 -0.203006 37.950000
5.337126 -0.234338 4.513095 -1.027618 1.684249 0.453664 -0.321382 -0.176797 38.000000
5.248941 -0.349878 4.526146 -1.002472 1.678241 0.488136 -0.308261 -0.072789 38.050000
4.327719 0.016744 4.538518 -0.975827 1.674922 0.519187 -0.296416 -0.060498 38.100000
3.786232 0.077956 4.550252 -0.947998 1.676418 0.538476 -0.286762 0.104819 38.150000
4.715173 0.319782 4.561360 -0.919409 1.684906 0.549292 -0.280166 0.222897 38.200000
5.359578 -0.008336 4.571790 -0.890044 1.700619 0.565618 -0.276764 0.388780 38.250000
4.621996 0.145921 4.581451 -0.859611 1.718788 0.586393 -0.274671 0.343619 38.300000
5.410514 0.153440 4.590331 -0.828185 1.737144 0.599443 -0.272960 0.386525 38.350000
5.444891 -0.004140 4.598404 -0.795810 1.757243 0.618652 -0.272276 0.415238 38.400000
4.473148 -0.355002 4.605613 -0.762354 1.776708 0.637630 -0.271595 0.369177 38.450000
3.922041 -0.298030 4.612012 -0.728068 1.790528 0.648914 -0.268548 0.201155 38.500000
2.985646 -0.741500 4.617722 -0.693293 1.798735 0.656707 -0.263103 0.133550 38.550000
3.799747 -0.959346 4.622876 -0.658351 1.799149 0.658292 -0.254216 -0.096253 38.600000
3.492287 -0.764970 4.627577 -0.623208 1.788180 0.671162 -0.240247 -0.320955 38.650000
2.516371 -0.698095 4.631906 -0.587697 1.770906 0.682385 -0.223651 -0.366743 38.700000
2.554238 -0.377145 4.635992 -0.552112 1.752489 0.684031 -0.207004 -0.371476 38.750000
1.828312 -0.561080 4.639903 -0.516677 1.737333 0.684693 -0.192519 -0.249318 38.800000
1.881456 -0.417681 4.643656 -0.481569 1.724374 0.677767 -0.179631 -0.268919 38.850000
2.052668 -0.226047 4.647287 -0.446934 1.712110 0.671244 -0.167590 -0.227557 38.900000
1.917089 -0.112450 4.650782 -0.412713 1.703410 0.665620 -0.157719 -0.131403 38.950000
2.563562 -0.490619 4.654113 -0.378904 1.699496 0.657879 -0.150487 -0.035489 39.000000
1.811737 -0.893878 4.657250 -0.345381 1.694682 0.656598 -0.143086 -0.147218 39.050000
2.510560 -1.104334 4.660251 -0.312141 1.680847 0.650012 -0.131751 -0.383394 39.100000
1.969450 -1.369401 4.663227 -0.279148 1.655675 0.651814 -0.115566 -0.601120 39.150000
2.215944 -1.296241 4.666292 -0.246335 1.619396 0.649470 -0.094794 -0.825770 39.200000
2.426426 -1.079147 4.669568 -0.213760 1.575651 0.649260 -0.071315 -0.915617 39.250000
3.332988 -0.877536 4.673122 -0.181335 1.530820 0.649720 -0.048137 -0.884351 39.300000
3.983665 -0.776781 4.676989 -0.148833 1.488995 0.657075 -0.027028 -0.801389 39.350000
4.542320 -0.463584 4.681204 -0.115932 1.450927 0.668938 -0.008123 -0.732003 39.400000
4.970441 -0.869636 4.685810 -0.082402 1.418568 0.684589 0.007750 -0.581882 39.450000
5.564575 -0.711318 4.690850 -0.048068 1.386793 0.702876 0.023219 -0.679787 39.500000
4.993501 -0.444966 4.696439 -0.012766 1.353024 0.725130 0.039626 -0.673983 39.550000
4.225495 -0.204792 4.702627 0.023434 1.322179 0.740621 0.054389 -0.573575 39.600000
3.862253 0.275841 4.709339 0.060171 1.297432 0.748288 0.065664 -0.433520 39.650000
3.076751 -0.068240 4.716455 0.097178 1.283140 0.752949 0.071057 -0.166600 39.700000
3.725154 -0.086046 4.723817 0.134215 1.274763 0.750634 0.073134 -0.168556 39.750000
4.344942 -0.423377 4.731405 0.171255 1.266069 0.754372 0.075315 -0.178551 39.800000
3.885116 -0.077845 4.739326 0.208564 1.253044 0.763201 0.079819 -0.327911 39.850000
4.541507 -0.083915 4.747641 0.246135 1.238331 0.767118 0.085126 -0.267671 39.900000
3.879647 -0.493534 4.756363 0.283995 1.225692 0.777102 0.089186 -0.241322 39.950000
4.474797 -0.615691 4.765499 0.322118 1.209228 0.779960 0.095306 -0.401384 40.000000
3.679711 -0.582238 4.775117 0.360428 1.185328 0.787023 0.105427 -0.540829 40.050000
3.921475 -0.895778 4.785271 0.398814 1.156529 0.785309 0.117981 -0.605539 40.100000
3.965794 -1.084338 4.795974 0.437094 1.121645 0.784331 0.133491 -0.772292 40.150000
3.421577 -1.572331 4.807336 0.475238 1.078451 0.781370 0.153053 -0.937626 40.200000
3.975438 -1.901071 4.819395 0.513024 1.023788 0.769624 0.178059 -1.215272 40.250000
3.322042 -2.400952 4.832259 0.550281 0.955707 0.757937 0.209050 -1.474901 40.300000
4.174433 -2.105619 4.845988 0.586785 0.873250 0.733156 0.245715 -1.780659 40.350000
4.127651 -2.314248 4.860642 0.622349 0.783518 0.710593 0.283427 -1.808194 40.400000
4.164616 -2.205480 4.876298 0.656955 0.690323 0.682643 0.319919 -1.906877 40.450000
4.798397 -2.118307 4.892883 0.690448 0.594795 0.650698 0.354225 -1.915112 40.500000
4.146278 -2.208664 4.910438 0.722806 0.499682 0.621983 0.385053 -1.894415 40.550000
4.454870 -2.357130 4.928859 0.753944 0.404158 0.584436 0.412708 -1.922314 40.600000
5.067630 -2.179264 4.947973 0.783737 0.306207 0.546514 0.437782 -1.985035 40.650000
4.987318 -2.577054 4.967876 0.812183 0.208165 0.512696 0.459470 -1.942869 40.700000
5.673867 -2.231126 4.988580 0.839255 0.107463 0.475107 0.478836 -2.063682 40.750000
5.706089 -2.084900 5.010103 0.864883 0.006690 0.442964 0.494992 -1.979657 40.800000
6.000000 -2.479294 5.032529 0.889034 -0.089745 0.413445 0.507023 -1.890513 40.850000
6.000000 -2.410418 5.055853 0.911644 -0.187233 0.385679 0.516978 -1.990704 40.900000
6.000000 -2.128440 5.080000 0.932624 -0.286946 0.356262 0.525155 -1.994878 40.950000
5.923764 -2.162364 5.104859 0.951911 -0.383623 0.329293 0.530272 -1.887450 41.000000
6.000000 -2.430756 5.130341 0.969462 -0.476987 0.304576 0.532686 -1.850720 41.050000
5.802665 -2.062830 5.156345 0.985228 -0.571709 0.280346 0.533685 -1.923969 41.100000
6.000000 -2.014091 5.182724 0.999187 -0.664674 0.256507 0.532660 -1.810498 41.150000
5.651577 -1.743587 5.209403 1.011289 -0.753256 0.238845 0.529534 -1.741740 41.200000
4.856817 -1.483157 5.236287 1.021517 -0.836575 0.222873 0.524589 -1.609575 41.250000
3.882852 -1.111436 5.263145 1.030016 -0.912623 0.205929 0.517738 -1.453622 41.300000
2.929029 -1.518617 5.289710 1.037059 -0.979310 0.187902 0.508877 -1.241874 41.350000
2.179200 -1.586870 5.315741 1.042978 -1.043022 0.164578 0.499009 -1.296472 41.400000
3.046765 -2.017427 5.341021 1.048135 -1.108993 0.134550 0.488527 -1.334042 41.450000
2.365130 -1.957841 5.365557 1.052534 -1.180514 0.111055 0.477666 -1.500321 41.500000
2.302974 -1.976435 5.389358 1.056201 -1.256614 0.080277 0.466114 -1.535558 41.550000
2.023148 -1.600060 5.412373 1.059323 -1.333747 0.050692 0.453391 -1.545616 41.600000
2.516922 -1.719894 5.434619 1.061973 -1.406915 0.023407 0.439455 -1.400100 41.650000
1.899565 -1.659030 5.456139 1.064057 -1.476303 0.005360 0.424812 -1.377223 41.700000
2.812634 -1.827748 5.476952 1.065588 -1.544098 -0.015460 0.409741 -1.338512 41.750000
3.164283 -2.212098 5.497063 1.066482 -1.612262 -0.025823 0.394461 -1.381229 41.800000
2.368791 -2.097144 5.516460 1.066467 -1.685883 -0.033978 0.379175 -1.539864 41.850000
2.756578 -2.489812 5.535136 1.065700 -1.763442 -0.049667 0.363676 -1.558716 41.900000
3.083796 -2.005959 5.553085 1.064300 -1.845670 -0.061764 0.347787 -1.707108 41.950000
3.976668 -2.306731 5.570251 1.062133 -1.927577 -0.068445 0.331910 -1.587240 42.000000
4.657372 -2.714044 5.586481 1.058936 -2.008753 -0.064524 0.316573 -1.650576 42.050000
5.449729 -2.306397 5.601564 1.054442 -2.096322 -0.055449 0.301898 -1.825483 42.100000
5.867927 -2.055370 5.615245 1.048467 -2.185355 -0.038267 0.288482 -1.748976 42.150000
6.000000 -2.497869 5.627234 1.040901 -2.269424 -0.014438 0.276930 -1.632981 42.200000
5.124517 -2.062777 5.637322 1.031802 -2.354528 0.010553 0.267286 -1.753714 42.250000
4.982049 -1.639693 5.645535 1.021493 -2.439099 0.027682 0.259214 -1.646497 42.300000
4.617317 -2.095877 5.651954 1.010297 -2.515808 0.046422 0.252288 -1.451730 42.350000
3.903681 -1.614897 5.656607 0.998426 -2.591041 0.062222 0.246530 -1.544549 42.400000
4.848488 -1.656221 5.659684 0.986161 -2.664287 0.071997 0.241536 -1.405991 42.450000
4.295307 -1.910607 5.661103 0.973601 -2.733440 0.091970 0.237267 -1.366590 42.500000
4.120981 -2.358032 5.660785 0.960834 -2.804085 0.105915 0.234102 -1.447976 42.550000
3.389886 -2.699022 5.658915 0.948068 -2.882239 0.115581 0.232247 -1.648527 42.600000
3.684168 -2.205061 5.655758 0.935512 -2.970543 0.115034 0.231538 -1.851685 42.650000
3.678457 -2.513979 5.651464 0.923317 -3.060224 0.116890 0.230981 -1.751483 42.700000
3.388150 -2.742878 5.646001 0.911576 3.133264 0.118674 0.230578 -1.824841 42.750000
2.451396 -2.313076 5.639498 0.900393 3.038840 0.116241 0.230565 -1.934344 42.800000
3.383888 -1.916319 5.632306 0.889829 2.945415 0.105541 0.230011 -1.820499 42.850000
3.034402 -1.520412 5.624450 0.879949 2.859808 0.106471 0.228555 -1.632959 42.900000
3.815389 -1.512233 5.615808 0.870833 2.784479 0.107489 0.226425 -1.412781 42.950000
4.606784 -1.050030 5.606303 0.862577 2.716512 0.118197 0.224103 -1.319605 43.000000
3.652725 -1.061691 5.595647 0.855393 2.656597 0.138490 0.221863 -1.106890 43.050000
3.652892 -1.549567 5.583929 0.849319 2.603731 0.151425 0.219697 -1.019701 43.100000
3.395310 -1.519900 5.571418 0.844294 2.548481 0.163283 0.218366 -1.170633 43.150000
3.287467 -1.445194 5.558268 0.840315 2.488348 0.170915 0.218035 -1.227230 43.200000
2.512178 -1.883072 5.544641 0.837360 2.427071 0.176923 0.218145 -1.224488 43.250000
2.334884 -1.423731 5.530776 0.835312 2.361149 0.174086 0.218909 -1.389078 43.300000
2.774817 -1.430854 5.516913 0.834024 2.294651 0.169480 0.219525 -1.285338 43.350000
2.801579 -1.005771 5.503046 0.833552 2.231575 0.170123 0.219615 -1.243562 43.400000
3.395486 -0.965148 5.489139 0.833987 2.174515 0.172796 0.219032 -1.063257 43.450000
3.327767 -0.706823 5.475137 0.835462 2.124058 0.182902 0.217899 -0.967786 43.500000
3.480671 -0.717453 5.461012 0.838086 2.079718 0.193876 0.216359 -0.824221 43.550000
3.753069 -0.772757 5.446793 0.841881 2.040252 0.207366 0.214570 -0.762433 43.600000
2.769862 -0.465835 5.432485 0.846925 2.002295 0.223389 0.213032 -0.757072 43.650000
2.549427 -0.007306 5.418209 0.853048 1.967906 0.230767 0.211277 -0.633344 43.700000
2.812766 -0.258955 5.404092 0.859988 1.943110 0.238644 0.208157 -0.386194 43.750000
3.289829 0.173205 5.390114 0.867761 1.924448 0.250487 0.204267 -0.363022 43.800000
2.387649 0.075359 5.376213 0.876514 1.911567 0.267983 0.199625 -0.172218 43.850000
2.487008 -0.385736 5.362408 0.886140 1.904654 0.278094 0.194123 -0.110479 43.900000
2.816946 -0.502647 5.348759 0.896439 1.894703 0.287990 0.189488 -0.271498 43.950000
1.930700 -0.023124 5.335270 0.907472 1.877378 0.298736 0.186630 -0.407377 44.000000
1.917861 0.335498 5.322016 0.919082 1.860513 0.301014 0.183835 -0.280508 44.050000
1.099021 0.555525 5.309040 0.931067 1.852517 0.305344 0.179257 -0.060966 44.100000
0.678783 0.700182 5.296342 0.943249 1.855430 0.304556 0.172482 0.157108 44.150000
0.000000 0.213895 5.283941 0.955365 1.868321 0.302132 0.163791 0.340318 44.200000
0.587138 0.480846 5.271867 0.967182 1.882513 0.293631 0.155179 0.238627 44.250000
0.000000 0.535857 5.260119 0.978689 1.896079 0.290627 0.147052 0.298368 44.300000
0.000000 0.470380 5.248681 0.989894 1.912568 0.282703 0.138663 0.355810 44.350000
0.000000 0.455837 5.237575 1.000682 1.930510 0.275168 0.130365 0.361845 44.400000
0.330394 0.912909 5.226790 1.011065 1.948582 0.267753 0.122423 0.361647 44.450000
0.330305 0.827164 5.216280 1.021130 1.971929 0.264336 0.113822 0.551806 44.500000
1.136070 0.973853 5.205979 1.030958 2.001284 0.261654 0.104443 0.615586 44.550000
0.290465 0.605754 5.195781 1.040720 2.034640 0.266716 0.094603 0.708166 44.600000
0.000000 0.525209 5.185674 1.050396 2.067232 0.263201 0.085231 0.607799 44.650000
0.349280 0.203777 5.175788 1.059745 2.095373 0.256253 0.077125 0.527447 44.700000
0.238226 0.552806 5.166129 1.068788 2.117003 0.251893 0.070590 0.356737 44.750000
0.000000 0.376673 5.156685 1.077582 2.136400 0.246286 0.064749 0.413408 44.800000
0.000000 0.627864 5.147491 1.086066 2.155911 0.238546 0.059181 0.371848 44.850000
0.439059 0.138564 5.138573 1.094204 2.176804 0.231067 0.053678 0.455155 44.900000
0.000000 0.182881 5.129860 1.102090 2.195203 0.227637 0.048852 0.297819 44.950000
0.579059 0.595352 5.121365 1.109736 2.208321 0.219821 0.045104 0.233681 45.000000
0.016080 0.283083 5.113065 1.117180 2.223824 0.217757 0.041156 0.372190 45.050000
0.000000 0.447265 5.104943 1.124426 2.240900 0.210544 0.037156 0.316884 45.100000
0.893654 0.631869 5.097077 1.131375 2.257839 0.203365 0.033400 0.356670 45.150000
0.537725 0.497910 5.089323 1.138193 2.278379 0.204826 0.029278 0.454507 45.200000
0.000000 0.203858 5.081590 1.144971 2.300999 0.202884 0.025000 0.450868 45.250000
0.000000 0.514053 5.074014 1.151550 2.320152 0.195794 0.021433 0.328522 45.300000
0.000000 0.165668 5.066682 1.157849 2.338367 0.188866 0.018211 0.393336 45.350000
0.121686 0.372810 5.059588 1.163880 2.354999 0.182094 0.015397 0.283620 45.400000
0.864896 0.236483 5.052710 1.169678 2.369961 0.176622 0.012963 0.311995 45.450000
0.000000 0.557164 5.045897 1.175390 2.384419 0.178208 0.010697 0.270683 45.500000
0.077921 1.042156 5.039170 1.180999 2.401039 0.171682 0.008264 0.382431 45.550000
0.000000 1.437088 5.032647 1.186374 2.427307 0.166149 0.004822 0.639576 45.600000
0.203218 1.739241 5.026307 1.191502 2.467276 0.160001 0.000013 0.924504 45.650000
0.260902 1.286170 5.020105 1.196387 2.520577 0.155630 -0.005985 1.174691 45.700000
0.000000 1.455262 5.013988 1.201050 2.577551 0.151483 -0.012020 1.112797 45.750000
0.084778 1.902940 5.008001 1.205470 2.634269 0.144629 -0.017600 1.150913 45.800000
0.638366 1.512590 5.002185 1.209624 2.697150 0.138219 -0.023345 1.338441 45.850000
0.000000 1.869435 4.996410 1.213574 2.762168 0.136640 -0.028926 1.271764 45.900000
0.059605 2.080694 4.990708 1.217315 2.828796 0.128641 -0.034246 1.378343 45.950000
0.853832 1.983407 4.985214 1.220797 2.901255 0.120732 -0.039527 1.502046 46.000000
1.296307 1.835614 4.979744 1.224070 2.976783 0.119820 -0.044667 1.516979 46.050000
0.325299 2.156440 4.974030 1.227177 3.051247 0.122609 -0.049589 1.468802 46.100000
1.028256 1.877927 4.968216 1.230089 3.127540 0.115648 -0.054388 1.568208 46.150000
0.135123 2.229503 4.962382 1.232779 -3.079027 0.114984 -0.058842 1.505885 46.200000
0.000000 2.661635 4.956589 1.235255 -3.000727 0.105458 -0.062997 1.610419 46.250000
0.140615 2.308619 4.951092 1.237545 -2.914471 0.093905 -0.066986 1.808863 46.300000
0.000000 2.241675 4.945899 1.239669 -2.825512 0.083418 -0.070333 1.757509 46.350000
0.003341 1.790613 4.941005 1.241658 -2.738916 0.071904 -0.072736 1.713136 46.400000
0.000000 2.017402 4.936425 1.243553 -2.658514 0.061253 -0.074079 1.530539 46.450000
0.000000 2.152021 4.932134 1.245381 -2.581701 0.051230 -0.074640 1.540363 46.500000
0.000000 1.765822 4.928115 1.247163 -2.503156 0.041377 -0.074694 1.593357 46.550000
0.808250 1.490361 4.924352 1.248918 -2.426978 0.032159 -0.074151 1.471713 46.600000
0.749093 1.800453 4.920678 1.250531 -2.357768 0.031573 -0.073201 1.318657 46.650000
0.230890 1.887806 4.916962 1.251882 -2.290346 0.030725 -0.072213 1.370768 46.700000
0.124578 1.965451 4.913305 1.253073 -2.220252 0.024926 -0.071150 1.425092 46.750000
0.458058 2.038742 4.909800 1.254222 -2.147532 0.018216 -0.069850 1.476157 46.800000
1.267406 2.296769 4.906412 1.255291 -2.072351 0.014765 -0.068361 1.523964 46.850000
0.579661 1.987537 4.903012 1.256048 -1.992866 0.018719 -0.066994 1.638262 46.900000
0.000000 2.370854 4.899609 1.256476 -1.912905 0.016230 -0.065714 1.570397 46.950000
0.550618 2.370009 4.896321 1.256854 -1.831124 0.008435 -0.064199 1.683511 47.000000
0.000000 2.049190 4.893152 1.257189 -1.745682 0.005917 -0.062457 1.727309 47.050000
0.000000 2.149436 4.890088 1.257485 -1.662196 -0.001249 -0.060473 1.627417 47.100000
0.000000 2.120463 4.887135 1.257862 -1.580911 -0.007728 -0.058158 1.624391 47.150000
0.987300 2.559931 4.884275 1.258313 -1.500037 -0.013664 -0.055566 1.612336 47.200000
0.683819 2.469399 4.881515 1.258601 -1.414936 -0.010224 -0.052961 1.767692 47.250000
0.271759 2.611611 4.878881 1.258577 -1.325761 -0.009729 -0.050531 1.795008 47.300000
0.000000 2.122937 4.876355 1.258415 -1.234229 -0.012948 -0.048076 1.856468 47.350000
0.538909 2.252318 4.873893 1.258268 -1.145824 -0.018061 -0.045466 1.703710 47.400000
0.634109 2.109015 4.871522 1.258068 -1.060990 -0.017446 -0.042850 1.691545 47.450000
1.337336 1.778720 4.869317 1.257683 -0.978054 -0.015572 -0.040421 1.634641 47.500000
0.418909 1.708170 4.867402 1.256972 -0.900456 -0.006697 -0.038433 1.490875 47.550000
1.113192 1.475990 4.865761 1.255999 -0.828337 -0.006224 -0.036798 1.406200 47.600000
1.105224 1.278391 4.864385 1.254829 -0.761520 0.001093 -0.035427 1.283891 47.650000
1.351103 1.262656 4.863400 1.253372 -0.700943 0.008465 -0.034432 1.156703 47.700000
1.038104 1.256884 4.862860 1.251626 -0.644857 0.018121 -0.033798 1.095051 47.750000
1.892234 1.585289 4.862759 1.249638 -0.590941 0.024642 -0.033476 1.065547 47.800000
2.528426 2.017946 4.863209 1.247377 -0.534450 0.038748 -0.033629 1.178952 47.850000
1.914600 2.000198 4.864510 1.244723 -0.469407 0.057796 -0.034749 1.392863 47.900000
1.813404 1.834766 4.866662 1.241761 -0.397374 0.069942 -0.036861 1.476415 47.950000
2.213336 1.958598 4.869509 1.238652 -0.324320 0.080402 -0.039531 1.449747 48.000000
2.944062 1.897345 4.873108 1.235449 -0.250816 0.093868 -0.042766 1.485350 48.050000
2.810830 1.405581 4.877700 1.232172 -0.176765 0.113221 -0.046790 1.478009 48.100000
2.090430 1.205945 4.883390 1.228891 -0.108180 0.130541 -0.051156 1.292239 48.150000
2.203431 1.117679 4.889946 1.225716 -0.047955 0.140715 -0.055240 1.138104 48.200000
1.840859 1.013421 4.897198 1.222713 0.006083 0.151709 -0.058996 1.037022 48.250000
2.042942 0.795944 4.905057 1.219920 0.055520 0.159026 -0.062468 0.951679 48.300000
1.256928 0.713568 4.913462 1.217368 0.099613 0.168186 -0.065487 0.827793 48.350000
1.930940 0.369445 4.922253 1.215062 0.138458 0.170002 -0.067944 0.737112 48.400000
1.067794 -0.053773 4.931392 1.213008 0.170241 0.178560 -0.069578 0.555526 48.450000
1.267300 0.121770 4.940829 1.211190 0.190678 0.179800 -0.069819 0.290618 48.500000
1.570418 0.292907 4.950418 1.209564 0.203359 0.183580 -0.069089 0.223530 48.550000
1.484258 0.441721 4.960271 1.208145 0.215517 0.190090 -0.068365 0.259207 48.600000
0.751821 0.413204 4.970422 1.206949 0.230726 0.195276 -0.068137 0.340702 48.650000
0.622289 -0.029556 4.980667 1.205941 0.248630 0.193211 -0.068304 0.372105 48.700000
0.000000 0.002222 4.990804 1.205072 0.262607 0.190387 -0.067894 0.204289 48.750000
0.000000 -0.275855 5.000680 1.204283 0.270676 0.182445 -0.066662 0.126076 48.800000
0.277521 -0.689606 5.010176 1.203522 0.272530 0.175379 -0.064636 -0.036701 48.850000
0.000000 -0.744130 5.019384 1.202789 0.263351 0.172108 -0.061305 -0.303931 48.900000
0.000000 -1.115986 5.028334 1.202059 0.243555 0.167184 -0.056832 -0.470227 48.950000
0.000000 -0.849974 5.036988 1.201299 0.213442 0.163070 -0.051361 -0.707240 49.000000
0.000000 -1.307046 5.045363 1.200491 0.177781 0.159246 -0.045523 -0.718124 49.050000
0.000000 -1.658227 5.053470 1.199632 0.136615 0.155595 -0.039361 -0.905655 49.100000
0.949519 -2.038293 5.061317 1.198705 0.084985 0.152224 -0.032363 -1.130391 49.150000
0.609547 -2.122352 5.069134 1.197705 0.021497 0.157730 -0.024244 -1.375226 49.200000
0.635969 -1.907611 5.077051 1.196604 -0.051134 0.159372 -0.015208 -1.510541 49.250000
1.521966 -1.434301 5.084971 1.195365 -0.125991 0.160340 -0.006159 -1.487409 49.300000
1.712594 -1.094185 5.093077 1.193946 -0.195062 0.168610 0.002146 -1.302244 49.350000
1.549572 -1.517116 5.101584 1.192292 -0.254279 0.177685 0.009379 -1.094967 49.400000
1.223775 -1.675718 5.110460 1.190384 -0.311061 0.184368 0.016396 -1.166871 49.450000
0.545195 -1.239778 5.119551 1.188223 -0.372044 0.187093 0.023922 -1.259946 49.500000
0.000000 -1.390841 5.128602 1.185869 -0.431495 0.182866 0.030952 -1.135328 49.550000
0.000000 -1.572768 5.137340 1.183445 -0.488367 0.173324 0.037124 -1.139146 49.600000
0.284528 -1.589364 5.145652 1.181020 -0.547360 0.163574 0.042950 -1.210916 49.650000
0.971426 -1.419571 5.153600 1.178568 -0.608984 0.156223 0.048519 -1.248902 49.700000
0.216899 -0.965311 5.161372 1.175972 -0.670071 0.155129 0.053653 -1.201295 49.750000
0.594899 -1.311514 5.168953 1.173254 -0.724614 0.147179 0.057709 -1.006390 49.800000
0.821240 -0.823256 5.176287 1.170481 -0.776247 0.143006 0.061093 -1.052859 49.850000
1.428950 -1.190369 5.183477 1.167559 -0.824131 0.141198 0.063867 -0.884191 49.900000
0.787200 -0.834782 5.190657 1.164350 -0.870200 0.145093 0.066404 -0.950290 49.950000
