0.753624 0.491453 -0.069330 0.587594 1.051258 -0.108094 0.000000 0.753367 0.000000
0.730503 0.203360 -0.071856 0.583134 1.084728 -0.096974 0.002449 0.603154 0.050000
1.520601 0.122773 -0.074091 0.579128 1.109548 -0.086439 0.003992 0.411050 0.100000
1.001613 -0.234528 -0.075989 0.575734 1.126423 -0.068969 0.004796 0.277989 0.150000
1.096517 -0.286363 -0.077552 0.572991 1.134224 -0.057029 0.004990 0.055987 0.200000
1.446886 -0.416041 -0.078849 0.570792 1.133012 -0.044715 0.004783 -0.090639 0.250000
0.500416 -0.351700 -0.079850 0.569211 1.124718 -0.029651 0.004407 -0.227566 0.300000
1.292948 -0.349111 -0.080624 0.568098 1.112029 -0.023967 0.004017 -0.275138 0.350000
0.989268 -0.764821 -0.081189 0.567402 1.097596 -0.011133 0.003702 -0.299634 0.400000
0.209040 -0.696305 -0.081494 0.567204 1.077490 -0.001621 0.003492 -0.484677 0.450000
1.012634 -0.950020 -0.081660 0.567257 1.051389 0.000261 0.003362 -0.551846 0.500000
0.322839 -0.914120 -0.081677 0.567553 1.019993 0.009521 0.003363 -0.688189 0.550000
1.299574 -0.996526 -0.081532 0.568100 0.984114 0.012000 0.003525 -0.740706 0.600000
1.441736 -1.414771 -0.081176 0.568933 0.945448 0.023439 0.003899 -0.798885 0.650000
1.207744 -1.803191 -0.080451 0.570242 0.900090 0.035701 0.004734 -0.991182 0.700000
2.207004 -2.258438 -0.079356 0.571966 0.843797 0.045178 0.006207 -1.228732 0.750000
2.167105 -2.644770 -0.077746 0.574183 0.774523 0.063307 0.008699 -1.502934 0.800000
3.084110 -2.954309 -0.075434 0.576973 0.692066 0.079893 0.012638 -1.756662 0.850000
3.786681 -3.000000 -0.072220 0.580344 0.598162 0.103598 0.018384 -1.965936 0.900000
3.734910 -3.000000 -0.067757 0.584351 0.497127 0.131854 0.026270 -2.060089 0.950000
3.818753 -2.837630 -0.061888 0.588859 0.393103 0.157211 0.036123 -2.095353 1.000000
3.933567 -2.402624 -0.054605 0.593643 0.289590 0.180916 0.047391 -2.052860 1.050000
3.026798 -2.044641 -0.045891 0.598508 0.191820 0.203571 0.059185 -1.885966 1.100000
2.468532 -1.968948 -0.035978 0.603247 0.102997 0.216181 0.070462 -1.697268 1.150000
2.655635 -1.831933 -0.025260 0.607699 0.020993 0.222508 0.080892 -1.598493 1.200000
1.801673 -2.183538 -0.013874 0.611781 -0.056398 0.229746 0.090618 -1.510768 1.250000
1.333920 -1.739582 -0.002031 0.615444 -0.134685 0.227636 0.100307 -1.606721 1.300000
2.260332 -2.186588 0.009908 0.618675 -0.211458 0.220496 0.109152 -1.482883 1.350000
3.149374 -1.855332 0.022017 0.621433 -0.288930 0.221233 0.117642 -1.598987 1.400000
3.950463 -1.634222 0.034644 0.623570 -0.366755 0.229255 0.126128 -1.525554 1.450000
4.819014 -1.401477 0.048088 0.624897 -0.439884 0.244365 0.134166 -1.416302 1.500000
4.074055 -1.681182 0.062618 0.625192 -0.506984 0.267303 0.141816 -1.287035 1.550000
4.928062 -2.156519 0.078146 0.624379 -0.572861 0.281951 0.149882 -1.341210 1.600000
4.037448 -2.360154 0.094548 0.622370 -0.645742 0.301679 0.159957 -1.545312 1.650000
3.229163 -1.886798 0.111632 0.619104 -0.727627 0.309229 0.172340 -1.706444 1.700000
4.156088 -1.853659 0.128919 0.614793 -0.809872 0.307527 0.184514 -1.600223 1.750000
3.284009 -1.932239 0.146319 0.609396 -0.888384 0.314170 0.195588 -1.548852 1.800000
3.387962 -1.746269 0.163744 0.602907 -0.966129 0.311507 0.206220 -1.559822 1.850000
4.092292 -1.557479 0.180981 0.595476 -1.042321 0.309286 0.215995 -1.497570 1.900000
3.800154 -1.825351 0.198049 0.586949 -1.114513 0.313940 0.224604 -1.404368 1.950000
4.073235 -2.106216 0.214910 0.577260 -1.186543 0.314915 0.233036 -1.468094 2.000000
3.828855 -1.822290 0.231438 0.566445 -1.263730 0.315862 0.242390 -1.600277 2.050000
4.602196 -1.817228 0.247508 0.554548 -1.342314 0.313066 0.251658 -1.550881 2.100000
5.547602 -1.761832 0.263048 0.541489 -1.419281 0.317172 0.260278 -1.531421 2.150000
4.638750 -1.307119 0.278013 0.526922 -1.495117 0.329410 0.268785 -1.506787 2.200000
4.370940 -1.017936 0.292289 0.510905 -1.565405 0.333956 0.276112 -1.330796 2.250000
5.236984 -0.750752 0.305787 0.493747 -1.626765 0.338608 0.281272 -1.149214 2.300000
5.810546 -0.898997 0.318451 0.475327 -1.679118 0.354213 0.284468 -0.969554 2.350000
5.479116 -0.410366 0.330199 0.455344 -1.727024 0.376032 0.287115 -0.950467 2.400000
4.510929 -0.012575 0.340956 0.433809 -1.769017 0.396068 0.288729 -0.754684 2.450000
4.267530 -0.466685 0.350752 0.411051 -1.799750 0.410686 0.287566 -0.504289 2.500000
4.265591 -0.628230 0.359653 0.387352 -1.826662 0.423998 0.285651 -0.565822 2.550000
4.112120 -0.585642 0.367644 0.362829 -1.857690 0.435209 0.285303 -0.664451 2.600000
4.277811 -0.411295 0.374700 0.337596 -1.891845 0.443327 0.286151 -0.698247 2.650000
5.057971 -0.456924 0.380789 0.311710 -1.925316 0.452882 0.286956 -0.647195 2.700000
6.000000 -0.037621 0.385819 0.285007 -1.957558 0.469732 0.287651 -0.643830 2.750000
5.444672 0.262415 0.389625 0.257165 -1.985088 0.496464 0.287174 -0.477570 2.800000
5.599066 0.119269 0.392184 0.228123 -2.003301 0.520617 0.283833 -0.273640 2.850000
5.294495 0.163028 0.393569 0.197974 -2.015728 0.547512 0.278763 -0.228910 2.900000
4.868673 0.161856 0.393821 0.166784 -2.026079 0.571337 0.273269 -0.189737 2.950000
4.941854 -0.265423 0.393042 0.134746 -2.035043 0.590813 0.267557 -0.171047 3.000000
4.418172 -0.019843 0.391281 0.101987 -2.048293 0.608676 0.264021 -0.341901 3.050000
4.161795 -0.219001 0.388572 0.068687 -2.065128 0.619714 0.262291 -0.332781 3.100000
4.561238 0.082334 0.384995 0.035060 -2.083945 0.627241 0.261624 -0.411765 3.150000
4.445343 -0.297271 0.380527 0.001125 -2.102270 0.638350 0.260865 -0.330366 3.200000
5.084449 -0.490500 0.375144 -0.033150 -2.121990 0.647435 0.260926 -0.446414 3.250000
5.389854 -0.102717 0.368758 -0.067789 -2.148236 0.659708 0.264180 -0.588455 3.300000
5.243386 -0.144202 0.361224 -0.102883 -2.175378 0.673854 0.267962 -0.507547 3.350000
6.000000 0.035045 0.352524 -0.138419 -2.200189 0.686772 0.270751 -0.488062 3.400000
6.000000 -0.092476 0.342583 -0.174471 -2.222386 0.707044 0.272429 -0.409626 3.450000
6.000000 -0.189142 0.331311 -0.211140 -2.243312 0.726881 0.273730 -0.426729 3.500000
6.000000 -0.630251 0.318714 -0.248355 -2.266113 0.745125 0.276259 -0.480689 3.550000
5.308260 -0.152200 0.304779 -0.286003 -2.296041 0.759761 0.282811 -0.693637 3.600000
5.184121 0.082318 0.289586 -0.323815 -2.328455 0.766111 0.290661 -0.613698 3.650000
5.357426 -0.367890 0.273273 -0.361612 -2.355509 0.772885 0.295441 -0.484145 3.700000
5.210191 -0.623511 0.255850 -0.399390 -2.383089 0.780579 0.300517 -0.606373 3.750000
4.302725 -0.572928 0.237303 -0.437044 -2.418101 0.783253 0.309660 -0.775539 3.800000
4.945352 -0.539619 0.217803 -0.474270 -2.458733 0.774513 0.321506 -0.842691 3.850000
5.841147 -0.071158 0.197389 -0.510930 -2.501520 0.770486 0.333929 -0.867258 3.900000
4.885443 -0.534251 0.175785 -0.547191 -2.540163 0.776194 0.343626 -0.700477 3.950000
5.741841 -0.755553 0.153025 -0.583033 -2.578237 0.772573 0.352731 -0.810284 4.000000
5.045950 -0.772962 0.129138 -0.618329 -2.622805 0.773346 0.365057 -0.955945 4.050000
5.427088 -0.697238 0.104119 -0.652951 -2.672850 0.764069 0.379794 -1.036829 4.100000
4.991359 -1.016294 0.078060 -0.686739 -2.725042 0.756594 0.394860 -1.050623 4.150000
5.873209 -1.069514 0.051015 -0.719590 -2.781359 0.742044 0.411193 -1.185216 4.200000
5.747115 -0.744326 0.022940 -0.751401 -2.843004 0.731961 0.429238 -1.270492 4.250000
5.048771 -0.564607 -0.006269 -0.782111 -2.904202 0.719962 0.445891 -1.189798 4.300000
5.870002 -0.951832 -0.036382 -0.811628 -2.960818 0.703569 0.458998 -1.088765 4.350000
5.396330 -0.939798 -0.067398 -0.839923 -3.018252 0.693987 0.471545 -1.195047 4.400000
4.874423 -1.262260 -0.099312 -0.866914 -3.079245 0.677118 0.484822 -1.238848 4.450000
5.081293 -1.708012 -0.131799 -0.892492 3.137997 0.651695 0.499050 -1.378603 4.500000
5.555083 -1.645994 -0.164656 -0.916547 3.062700 0.621467 0.515704 -1.599699 4.550000
6.000000 -1.752191 -0.197877 -0.938968 2.980903 0.590569 0.532896 -1.661680 4.600000
5.079707 -1.275318 -0.231536 -0.959665 2.896102 0.561052 0.548932 -1.720066 4.650000
5.678799 -1.464250 -0.265412 -0.978632 2.814617 0.525093 0.561085 -1.561093 4.700000
6.000000 -1.619933 -0.299404 -0.995890 2.736591 0.497669 0.569718 -1.558315 4.750000
6.000000 -1.579760 -0.333633 -1.011348 2.657242 0.472479 0.577037 -1.606387 4.800000
6.000000 -1.966635 -0.368048 -1.024949 2.576985 0.446895 0.582941 -1.602251 4.850000
5.489624 -1.599512 -0.402527 -1.036679 2.493057 0.418828 0.588246 -1.732246 4.900000
5.569957 -1.859859 -0.436833 -1.046606 2.409098 0.386645 0.591526 -1.637481 4.950000
6.000000 -2.238867 -0.470821 -1.054793 2.325841 0.356807 0.592668 -1.682656 5.000000
6.000000 -2.717613 -0.504466 -1.061176 2.237505 0.327977 0.593283 -1.825240 5.050000
5.803893 -2.238113 -0.537661 -1.065732 2.140012 0.292858 0.593895 -2.036156 5.100000
4.884601 -2.477579 -0.570218 -1.068567 2.041247 0.256356 0.592194 -1.928163 5.150000
4.072371 -2.509924 -0.601954 -1.069927 1.943901 0.214292 0.587573 -1.956319 5.200000
3.684168 -2.543805 -0.632672 -1.070221 1.845892 0.166586 0.580093 -1.958311 5.250000
3.002731 -2.049393 -0.662294 -1.069748 1.748076 0.118453 0.569524 -1.950284 5.300000
2.624650 -1.554367 -0.690818 -1.068744 1.656238 0.071997 0.555630 -1.750210 5.350000
1.781650 -1.070399 -0.718287 -1.067360 1.576560 0.034689 0.539049 -1.474657 5.400000
1.503069 -0.929153 -0.744759 -1.065730 1.511555 0.003342 0.520941 -1.165853 5.450000
0.769147 -0.898617 -0.770286 -1.063961 1.458866 -0.019282 0.502329 -0.965938 5.500000
1.463298 -0.800319 -0.794923 -1.062178 1.413671 -0.041559 0.483722 -0.854087 5.550000
1.942926 -0.510010 -0.818695 -1.060314 1.373667 -0.052088 0.465439 -0.757170 5.600000
0.988718 -0.393288 -0.841563 -1.058040 1.340399 -0.052633 0.447909 -0.592974 5.650000
1.030777 -0.233451 -0.863555 -1.055412 1.314347 -0.056966 0.431242 -0.463448 5.700000
1.000959 -0.511190 -0.884721 -1.052586 1.294842 -0.056425 0.415405 -0.331194 5.750000
1.760913 -0.849275 -0.905069 -1.049527 1.276995 -0.054858 0.400224 -0.378002 5.800000
2.004159 -1.164750 -0.924577 -1.046092 1.253519 -0.048918 0.385434 -0.543382 5.850000
1.914210 -1.530002 -0.943210 -1.042123 1.220419 -0.045398 0.370933 -0.756057 5.900000
0.943057 -1.270218 -0.960995 -1.037673 1.175665 -0.047934 0.356574 -1.003001 5.950000
1.412912 -1.710105 -0.978062 -1.033043 1.125197 -0.061232 0.342236 -1.013616 6.000000
1.792984 -2.077984 -0.994478 -1.028353 1.069624 -0.070993 0.327759 -1.185865 6.050000
2.458558 -2.320016 -1.010188 -1.023458 1.004248 -0.080000 0.312900 -1.398886 6.100000
2.770054 -2.549903 -1.025096 -1.018194 0.929192 -0.085147 0.297669 -1.576997 6.150000
2.494702 -2.660325 -1.039088 -1.012425 0.845861 -0.088891 0.282224 -1.732419 6.200000
2.996437 -2.610041 -1.052156 -1.006199 0.756344 -0.095599 0.266600 -1.832383 6.250000
2.247250 -2.444373 -1.064240 -0.999529 0.664143 -0.096441 0.251097 -1.852666 6.300000
1.377516 -1.995435 -1.075352 -0.992495 0.572999 -0.101959 0.235997 -1.801297 6.350000
0.782494 -1.810888 -1.085757 -0.985340 0.488202 -0.111558 0.221415 -1.618751 6.400000
1.400389 -2.014981 -1.095697 -0.978232 0.411303 -0.122391 0.207389 -1.478044 6.450000
1.305713 -1.905476 -1.105125 -0.971164 0.336869 -0.124959 0.193709 -1.496793 6.500000
1.381742 -2.317910 -1.113909 -0.964093 0.262953 -0.126820 0.180433 -1.464769 6.550000
0.598905 -2.248188 -1.122044 -0.957038 0.185685 -0.127370 0.167257 -1.605286 6.600000
0.000000 -2.056801 -1.129696 -0.950041 0.104522 -0.134637 0.153951 -1.636598 6.650000
0.000000 -2.311082 -1.137171 -0.943140 0.024346 -0.145536 0.140676 -1.579175 6.700000
0.423035 -1.996653 -1.144578 -0.936321 -0.056647 -0.154716 0.127199 -1.649946 6.750000
1.399631 -1.715479 -1.151787 -0.929567 -0.136657 -0.157986 0.113938 -1.563798 6.800000
1.854352 -1.363425 -1.158442 -0.922926 -0.210906 -0.149846 0.101904 -1.426831 6.850000
0.993913 -1.385852 -1.164204 -0.916512 -0.276901 -0.135598 0.091713 -1.239900 6.900000
1.711877 -1.584555 -1.169180 -0.910359 -0.336893 -0.128336 0.082949 -1.169726 6.950000
0.911204 -1.520038 -1.173423 -0.904509 -0.396697 -0.113981 0.074970 -1.216415 7.000000
0.310858 -1.080216 -1.176981 -0.898978 -0.457426 -0.107082 0.067639 -1.213409 7.050000
0.605283 -1.092897 -1.180173 -0.893656 -0.513301 -0.105033 0.061117 -1.044397 7.100000
1.530645 -0.961170 -1.183070 -0.888536 -0.563529 -0.099419 0.055382 -0.973995 7.150000
2.207097 -0.620481 -1.185443 -0.883788 -0.609886 -0.084779 0.050460 -0.891073 7.200000
2.436320 -0.511497 -1.187016 -0.879645 -0.649593 -0.063697 0.046641 -0.718524 7.250000
2.461232 -0.634976 -1.187672 -0.876261 -0.681984 -0.040655 0.043850 -0.592120 7.300000
2.100102 -0.359373 -1.187423 -0.873685 -0.711251 -0.017957 0.041755 -0.580115 7.350000
2.537953 0.051156 -1.186388 -0.871871 -0.736988 0.000805 0.040178 -0.462667 7.400000
3.509479 -0.341551 -1.184601 -0.870833 -0.753770 0.023466 0.038948 -0.233010 7.450000
3.886205 -0.027857 -1.181861 -0.870788 -0.766579 0.054540 0.037991 -0.275224 7.500000
4.779480 -0.121916 -1.177993 -0.871933 -0.777368 0.088065 0.037243 -0.167446 7.550000
4.996825 -0.049120 -1.172841 -0.874446 -0.785235 0.128776 0.036589 -0.149283 7.600000
4.148860 -0.549066 -1.166285 -0.878471 -0.791604 0.170035 0.036024 -0.109620 7.650000
4.772914 -1.005345 -1.158495 -0.883858 -0.802309 0.201623 0.036246 -0.299630 7.700000
3.964480 -1.130078 -1.149598 -0.890552 -0.825336 0.237143 0.038661 -0.589939 7.750000
4.438006 -0.970409 -1.139741 -0.898524 -0.860343 0.262993 0.043618 -0.787344 7.800000
3.960547 -1.225845 -1.129106 -0.907733 -0.900646 0.291624 0.050117 -0.821221 7.850000
3.283237 -0.794784 -1.117812 -0.918181 -0.945047 0.314004 0.058021 -0.940514 7.900000
3.101608 -0.791028 -1.106136 -0.929654 -0.988940 0.328775 0.066103 -0.829725 7.950000
3.718052 -1.055767 -1.094263 -0.941975 -1.028976 0.341183 0.073418 -0.778567 8.000000
3.266938 -0.931347 -1.082203 -0.955221 -1.070226 0.358284 0.081221 -0.861936 8.050000
4.034351 -0.969352 -1.070022 -0.969411 -1.113122 0.369877 0.089596 -0.855452 8.100000
3.233741 -0.654203 -1.057769 -0.984599 -1.156307 0.387602 0.098214 -0.870938 8.150000
3.875171 -0.301674 -1.045518 -1.000752 -1.196644 0.397097 0.106146 -0.757237 8.200000
4.465275 -0.792397 -1.033325 -1.017815 -1.229099 0.412954 0.111884 -0.564292 8.250000
5.111947 -1.114095 -1.021112 -1.036032 -1.260246 0.433604 0.117486 -0.670177 8.300000
5.750527 -1.571596 -1.008886 -1.055643 -1.298902 0.457894 0.125794 -0.854891 8.350000
6.000000 -1.915627 -0.996724 -1.076887 -1.349276 0.484485 0.138472 -1.126585 8.400000
6.000000 -2.072501 -0.984804 -1.099894 -1.412947 0.508620 0.156332 -1.386364 8.450000
6.000000 -1.586165 -0.973378 -1.124620 -1.487289 0.527632 0.178484 -1.563910 8.500000
5.557840 -1.816018 -0.962681 -1.150944 -1.562647 0.543356 0.201129 -1.467454 8.550000
5.873619 -1.691128 -0.952875 -1.178644 -1.637578 0.552159 0.223500 -1.524046 8.600000
5.710717 -1.996066 -0.944118 -1.207558 -1.713354 0.560998 0.245884 -1.511523 8.650000
4.763265 -1.975370 -0.936550 -1.237576 -1.792251 0.564539 0.269088 -1.629241 8.700000
5.274307 -2.078301 -0.930254 -1.268269 -1.875050 0.555156 0.292852 -1.677310 8.750000
5.331710 -1.986304 -0.925303 -1.299376 -1.960712 0.547078 0.316391 -1.741208 8.800000
5.876520 -1.710972 -0.921810 -1.330855 -2.047685 0.536615 0.339025 -1.739566 8.850000
5.472304 -1.768601 -0.919886 -1.362681 -2.131901 0.530423 0.359275 -1.645232 8.900000
6.000000 -1.612463 -0.919575 -1.394755 -2.213820 0.519691 0.377447 -1.634219 8.950000
5.642492 -1.175410 -0.920923 -1.426959 -2.293853 0.513374 0.393770 -1.576888 9.000000
5.984899 -1.096790 -0.923967 -1.459212 -2.367479 0.505881 0.406769 -1.395473 9.050000
5.059322 -1.190717 -0.928720 -1.491444 -2.434323 0.504510 0.416638 -1.293534 9.100000
4.290021 -1.329020 -0.935079 -1.523490 -2.498819 0.495114 0.425074 -1.287240 9.150000
4.878001 -1.195265 -0.942718 -1.555008 -2.564568 0.477520 0.433023 -1.335263 9.200000
4.013828 -1.656338 -0.951585 -1.585885 -2.630424 0.465374 0.440018 -1.303153 9.250000
4.243846 -1.210402 -0.961587 -1.616018 -2.700073 0.442791 0.447189 -1.459135 9.300000
3.933793 -0.724928 -0.972547 -1.645245 -2.770006 0.422473 0.453097 -1.352355 9.350000
3.819516 -0.890079 -0.984439 -1.673561 -2.830991 0.405215 0.455205 -1.118012 9.400000
3.157981 -0.666611 -0.997195 -1.700970 -2.885652 0.391406 0.454791 -1.073215 9.450000
3.904815 -0.677648 -1.010642 -1.727433 -2.936170 0.374646 0.452661 -0.960577 9.500000
3.568880 -0.408577 -1.024814 -1.752966 -2.982751 0.368079 0.449153 -0.908498 9.550000
2.683142 -0.670662 -1.039808 -1.777595 -3.024436 0.361877 0.444281 -0.774616 9.600000
2.431711 -0.479132 -1.055351 -1.801296 -3.064194 0.349138 0.438831 -0.809970 9.650000
1.811829 -0.391653 -1.071166 -1.824047 -3.102896 0.335499 0.432939 -0.744581 9.700000
2.311372 -0.615943 -1.087063 -1.845862 -3.138111 0.319004 0.426033 -0.671060 9.750000
3.194373 -0.361469 -1.103036 -1.866767 3.110155 0.308300 0.418975 -0.718786 9.800000
2.281904 -0.563367 -1.119403 -1.886765 3.076504 0.307267 0.411740 -0.636451 9.850000
2.274904 -0.998879 -1.136157 -1.905871 3.043616 0.298551 0.404491 -0.673657 9.900000
2.835480 -1.462935 -1.153052 -1.924097 3.004661 0.287112 0.398540 -0.860626 9.950000
2.585910 -0.968164 -1.170136 -1.941404 2.954143 0.275380 0.394805 -1.124758 10.000000
2.543322 -1.463686 -1.187393 -1.957762 2.900055 0.260141 0.391373 -1.047686 10.050000
3.000004 -1.054814 -1.204734 -1.973186 2.843359 0.243976 0.387943 -1.198552 10.100000
2.769419 -0.664030 -1.222209 -1.987643 2.786098 0.232667 0.384159 -1.103711 10.150000
3.390364 -0.834153 -1.239878 -2.001120 2.736473 0.223949 0.378855 -0.906052 10.200000
2.905425 -0.434361 -1.257860 -2.013575 2.691914 0.224292 0.372799 -0.879412 10.250000
3.889516 -0.909959 -1.276182 -2.024992 2.652762 0.223204 0.366074 -0.707287 10.300000
3.765630 -1.402771 -1.294950 -2.035303 2.614412 0.232038 0.359595 -0.814119 10.350000
3.785650 -1.048471 -1.314260 -2.044408 2.566812 0.235194 0.355062 -1.058639 10.400000
4.525299 -1.012041 -1.333968 -2.052310 2.514620 0.236482 0.351509 -1.032421 10.450000
4.256809 -1.032848 -1.354154 -2.058889 2.463719 0.245448 0.348053 -1.007317 10.500000
4.895708 -0.562547 -1.374839 -2.064062 2.413413 0.252077 0.344900 -1.005434 10.550000
4.623640 -0.884012 -1.396020 -2.067748 2.368299 0.267020 0.341263 -0.822940 10.600000
4.952186 -0.918940 -1.417715 -2.069873 2.325926 0.280328 0.337704 -0.867126 10.650000
5.635682 -1.002174 -1.439843 -2.070425 2.281531 0.295420 0.335116 -0.904753 10.700000
5.578589 -0.924336 -1.462450 -2.069225 2.234791 0.315326 0.333688 -0.959087 10.750000
5.802613 -1.289314 -1.485504 -2.066168 2.186882 0.333450 0.333204 -0.958450 10.800000
6.000000 -1.700872 -1.508891 -2.061228 2.134856 0.351054 0.334376 -1.104616 10.850000
5.007608 -1.832378 -1.532482 -2.054350 2.073203 0.365223 0.338564 -1.331357 10.900000
4.812526 -2.206590 -1.555968 -2.045743 2.002398 0.364930 0.345269 -1.479842 10.950000
5.373709 -2.540758 -1.579028 -2.035711 1.922666 0.357884 0.353852 -1.679396 11.000000
4.871719 -2.589778 -1.601500 -2.024250 1.832924 0.350444 0.364249 -1.878913 11.050000
4.638884 -2.687702 -1.623203 -2.011451 1.736300 0.333902 0.375165 -1.970641 11.100000
4.134376 -2.556690 -1.643956 -1.997585 1.635835 0.312504 0.385264 -2.036191 11.150000
4.898229 -2.777285 -1.663649 -1.982917 1.534781 0.285717 0.393387 -2.009023 11.200000
4.203718 -2.763671 -1.682212 -1.967465 1.432465 0.265412 0.399786 -2.071944 11.250000
3.469616 -2.752633 -1.699589 -1.951311 1.328475 0.237768 0.404495 -2.083823 11.300000
3.089317 -2.856469 -1.715814 -1.934865 1.224456 0.203873 0.406755 -2.075850 11.350000
2.775021 -3.000000 -1.730967 -1.918424 1.119906 0.167331 0.406393 -2.099404 11.400000
3.458212 -2.821768 -1.745146 -1.902170 1.013470 0.128474 0.403435 -2.146972 11.450000
2.594342 -3.000000 -1.758332 -1.886046 0.907682 0.098417 0.397912 -2.091639 11.500000
3.160944 -2.983304 -1.770578 -1.870081 0.802068 0.062517 0.390095 -2.124606 11.550000
3.901909 -3.000000 -1.781937 -1.854334 0.695876 0.034208 0.380162 -2.121506 11.600000
3.736690 -2.577599 -1.792183 -1.838610 0.589812 0.015450 0.368806 -2.119964 11.650000
4.445136 -3.000000 -1.801182 -1.822861 0.488265 -0.000226 0.356517 -1.966482 11.700000
3.936056 -3.000000 -1.808771 -1.807085 0.387281 -0.006749 0.343895 -2.057359 11.750000
3.355155 -2.543420 -1.814905 -1.791355 0.283502 -0.017302 0.331075 -2.088012 11.800000
2.566135 -2.455203 -1.819812 -1.775844 0.183526 -0.029367 0.317919 -1.935634 11.850000
2.984536 -2.869575 -1.823764 -1.760680 0.089349 -0.044071 0.304436 -1.845267 11.900000
3.972851 -2.654937 -1.826822 -1.745920 -0.006181 -0.053138 0.290603 -1.957377 11.950000
4.491190 -3.000000 -1.828670 -1.731617 -0.103029 -0.051401 0.276952 -1.922477 12.000000
5.435823 -2.788009 -1.828982 -1.717899 -0.202372 -0.044080 0.264029 -2.033383 12.050000
4.906977 -2.693941 -1.827490 -1.704971 -0.303094 -0.027078 0.252373 -2.001667 12.100000
4.254063 -2.281103 -1.824186 -1.693027 -0.401939 -0.013520 0.242249 -1.959718 12.150000
4.217662 -2.269405 -1.819427 -1.682137 -0.495251 -0.003485 0.233330 -1.799052 12.200000
3.729650 -2.479530 -1.813440 -1.672367 -0.583360 0.008511 0.225460 -1.735748 12.250000
2.836380 -2.421659 -1.806430 -1.663753 -0.671677 0.016343 0.218502 -1.788876 12.300000
3.508897 -2.491766 -1.798758 -1.656166 -0.761118 0.016050 0.212028 -1.788763 12.350000
3.835398 -2.717393 -1.790557 -1.649632 -0.851294 0.022572 0.205993 -1.814439 12.400000
4.469730 -2.895967 -1.781769 -1.644361 -0.944668 0.031694 0.200743 -1.906097 12.450000
4.140091 -2.748703 -1.772402 -1.640570 -1.042845 0.045678 0.196581 -2.005184 12.500000
5.126243 -3.000000 -1.762585 -1.638346 -1.142678 0.056117 0.193464 -1.990881 12.550000
4.161739 -3.000000 -1.752443 -1.637859 -1.244697 0.075099 0.191623 -2.076270 12.600000
4.044983 -2.881389 -1.742170 -1.639101 -1.349448 0.083857 0.190997 -2.108585 12.650000
4.275049 -2.419360 -1.732030 -1.641811 -1.454024 0.091289 0.190979 -2.079623 12.700000
5.116599 -2.385180 -1.722184 -1.645989 -1.552982 0.102015 0.191236 -1.907456 12.750000
5.888372 -1.933156 -1.712782 -1.651852 -1.646196 0.121571 0.192107 -1.833681 12.800000
6.000000 -2.017019 -1.704023 -1.659714 -1.732427 0.149214 0.193825 -1.645858 12.850000
6.000000 -2.261670 -1.696122 -1.669686 -1.813577 0.177910 0.196646 -1.607157 12.900000
6.000000 -2.698316 -1.689274 -1.681657 -1.896172 0.204707 0.201190 -1.685757 12.950000
6.000000 -2.687555 -1.683664 -1.695444 -1.986016 0.227815 0.208182 -1.878625 13.000000
6.000000 -2.895371 -1.679472 -1.710824 -2.082044 0.247265 0.217320 -1.951765 13.050000
5.927473 -2.439572 -1.676858 -1.727560 -2.182659 0.263274 0.228193 -2.056610 13.100000
6.000000 -2.279209 -1.675944 -1.745393 -2.282012 0.276876 0.239466 -1.938194 13.150000
5.647701 -2.627330 -1.676829 -1.764111 -2.376095 0.290880 0.250258 -1.841869 13.200000
5.799458 -2.171237 -1.679534 -1.783457 -2.470851 0.299418 0.261596 -1.934428 13.250000
5.179274 -2.353494 -1.684062 -1.803168 -2.563938 0.308194 0.272725 -1.810083 13.300000
4.437916 -2.597411 -1.690338 -1.822991 -2.655057 0.310229 0.283406 -1.831928 13.350000
3.480292 -2.517909 -1.698067 -1.842584 -2.749469 0.302683 0.294255 -1.929059 13.400000
3.125933 -2.706737 -1.706837 -1.861627 -2.846140 0.284288 0.304305 -1.936144 13.450000
3.072804 -2.949537 -1.716302 -1.879928 -2.944915 0.261220 0.312983 -2.002985 13.500000
3.026520 -2.485163 -1.726301 -1.897407 -3.048180 0.235557 0.320434 -2.108723 13.550000
2.369893 -2.364928 -1.736742 -1.914025 3.133330 0.210290 0.325475 -1.978683 13.600000
1.791211 -2.839305 -1.747441 -1.929787 3.037145 0.181835 0.327625 -1.882692 13.650000
2.200765 -3.000000 -1.758096 -1.944738 2.939296 0.148207 0.327777 -2.008608 13.700000
2.615183 -3.000000 -1.768627 -1.958913 2.836049 0.117381 0.326186 -2.103466 13.750000
3.332452 -3.000000 -1.779187 -1.972294 2.730041 0.090722 0.322739 -2.130589 13.800000
3.197039 -2.697093 -1.789996 -1.984792 2.623354 0.072057 0.317742 -2.134961 13.850000
2.269080 -3.000000 -1.801150 -1.996331 2.519757 0.054973 0.311415 -2.026176 13.900000
1.538791 -2.669431 -1.812420 -2.007026 2.416587 0.031057 0.303796 -2.088729 13.950000
1.780612 -2.272099 -1.823501 -2.017127 2.315016 0.003074 0.294508 -1.989152 14.000000
1.437735 -2.184546 -1.834352 -2.026701 2.220841 -0.017343 0.283835 -1.806309 14.050000
1.426089 -2.211141 -1.845011 -2.035741 2.133532 -0.036189 0.272358 -1.701548 14.100000
1.146400 -2.598322 -1.855465 -2.044288 2.049420 -0.051893 0.260316 -1.667512 14.150000
1.556008 -3.000000 -1.865703 -2.052397 1.962426 -0.069190 0.247588 -1.792110 14.200000
0.839188 -2.565141 -1.875749 -2.060052 1.867317 -0.083115 0.233901 -1.981200 14.250000
0.745656 -2.250205 -1.885603 -2.067336 1.770758 -0.101813 0.219479 -1.894734 14.300000
0.621905 -2.580145 -1.895244 -2.074393 1.680267 -0.117029 0.204869 -1.747928 14.350000
0.508581 -2.850939 -1.904694 -2.081225 1.591069 -0.130665 0.189957 -1.810042 14.400000
0.164329 -2.588398 -1.913982 -2.087863 1.497078 -0.144166 0.174231 -1.930175 14.450000
0.219781 -2.389068 -1.923149 -2.094386 1.401990 -0.158563 0.157995 -1.881300 14.500000
0.000000 -1.971988 -1.932224 -2.100806 1.310517 -0.169079 0.141901 -1.792038 14.550000
0.000000 -1.755090 -1.941224 -2.107102 1.226246 -0.177984 0.126623 -1.607559 14.600000
0.000000 -2.131580 -1.950149 -2.113264 1.150240 -0.183535 0.112506 -1.455596 14.650000
0.000000 -2.446410 -1.958987 -2.119252 1.075200 -0.187302 0.098750 -1.534724 14.700000
0.874543 -2.576151 -1.967748 -2.125035 0.994179 -0.190241 0.084481 -1.683909 14.750000
0.280801 -2.132394 -1.976326 -2.130416 0.906889 -0.184017 0.069964 -1.791466 14.800000
0.894214 -1.678053 -1.984671 -2.135327 0.820710 -0.181794 0.056345 -1.674392 14.850000
1.768912 -2.100188 -1.992724 -2.139774 0.743063 -0.171900 0.044638 -1.463525 14.900000
1.721863 -2.206353 -2.000182 -2.143547 0.667816 -0.152979 0.034418 -1.536097 14.950000
0.810281 -1.854531 -2.006864 -2.146576 0.589007 -0.134373 0.025186 -1.606062 15.000000
0.327784 -1.921033 -2.012923 -2.149058 0.511593 -0.123994 0.017202 -1.505720 15.050000
0.042334 -2.292716 -2.018611 -2.151213 0.436750 -0.117662 0.010172 -1.490428 15.100000
0.000000 -2.226365 -2.024073 -2.153144 0.358451 -0.113556 0.003374 -1.621970 15.150000
0.000000 -1.807280 -2.029368 -2.154885 0.276530 -0.109288 -0.003250 -1.650617 15.200000
0.000000 -1.856350 -2.034492 -2.156445 0.198084 -0.104520 -0.009120 -1.508671 15.250000
0.000000 -2.138005 -2.039433 -2.157841 0.123770 -0.099417 -0.014215 -1.469730 15.300000
0.645477 -1.682595 -2.044180 -2.159086 0.047739 -0.093973 -0.018976 -1.558406 15.350000
0.396276 -1.866137 -2.048576 -2.160188 -0.026383 -0.082339 -0.022993 -1.425991 15.400000
1.067444 -1.375609 -2.052533 -2.161178 -0.098081 -0.073181 -0.026188 -1.439891 15.450000
1.690621 -1.159438 -2.055964 -2.162109 -0.164988 -0.058044 -0.028433 -1.261661 15.500000
0.734653 -0.903248 -2.058594 -2.163075 -0.223551 -0.037863 -0.029476 -1.102389 15.550000
0.417032 -0.821409 -2.060543 -2.164108 -0.273856 -0.027609 -0.029654 -0.931889 15.600000
0.000000 -0.704568 -2.062134 -2.165169 -0.317327 -0.020966 -0.029403 -0.820798 15.650000
0.000000 -1.063376 -2.063550 -2.166220 -0.355587 -0.018675 -0.028948 -0.721611 15.700000
0.000000 -1.385649 -2.064893 -2.167234 -0.394331 -0.016475 -0.028453 -0.816601 15.750000
0.523582 -1.738022 -2.066164 -2.168215 -0.439995 -0.014117 -0.027988 -0.988271 15.800000
1.271480 -1.695620 -2.067253 -2.169221 -0.495482 -0.006643 -0.027447 -1.202536 15.850000
0.856714 -1.416364 -2.067908 -2.170406 -0.557814 0.007700 -0.026488 -1.279980 15.900000
1.703707 -1.549198 -2.068099 -2.171832 -0.619743 0.017537 -0.025033 -1.207171 15.950000
0.986479 -1.083305 -2.067789 -2.173588 -0.680636 0.034702 -0.023046 -1.225927 16.000000
1.504866 -1.366974 -2.067002 -2.175707 -0.737105 0.044247 -0.020679 -1.055684 16.050000
1.581435 -1.757750 -2.065827 -2.178179 -0.790834 0.057988 -0.018017 -1.089045 16.100000
1.759569 -2.068174 -2.064212 -2.181116 -0.849958 0.071824 -0.014661 -1.253503 16.150000
0.876618 -1.573734 -2.062185 -2.184582 -0.917995 0.086637 -0.010307 -1.441241 16.200000
1.329883 -1.348369 -2.059915 -2.188461 -0.987016 0.092274 -0.005556 -1.334945 16.250000
0.595869 -1.821360 -2.057516 -2.192675 -1.050063 0.101450 -0.001015 -1.205060 16.300000
0.000000 -1.465960 -2.055055 -2.197160 -1.113838 0.103061 0.003672 -1.328786 16.350000
0.000000 -1.760002 -2.052704 -2.201633 -1.177965 0.098675 0.008160 -1.247715 16.400000
0.000000 -2.259256 -2.050522 -2.205961 -1.242538 0.094073 0.012321 -1.324508 16.450000
0.000000 -2.289977 -2.048505 -2.210139 -1.315040 0.089119 0.016639 -1.543675 16.500000
0.489456 -2.330233 -2.046657 -2.214160 -1.395110 0.083733 0.021010 -1.643997 16.550000
0.196566 -2.556127 -2.044954 -2.218126 -1.478881 0.082517 0.025266 -1.698534 16.600000
0.928657 -2.371045 -2.043392 -2.222071 -1.566792 0.077993 0.029442 -1.801724 16.650000
1.204434 -2.522810 -2.041982 -2.226081 -1.656095 0.079899 0.033474 -1.774746 16.700000
1.220706 -2.693340 -2.040755 -2.230372 -1.746124 0.083768 0.037599 -1.819418 16.750000
1.796894 -3.000000 -2.039756 -2.234976 -1.839367 0.086950 0.042006 -1.897786 16.800000
1.922526 -3.000000 -2.039066 -2.239982 -1.938283 0.094434 0.046992 -2.036214 16.850000
2.003687 -2.591804 -2.038795 -2.245479 -2.041572 0.101796 0.052635 -2.086987 16.900000
1.314124 -2.275503 -2.039018 -2.251432 -2.142280 0.109028 0.058419 -1.962256 16.950000
1.887569 -2.281215 -2.039698 -2.257653 -2.235802 0.109413 0.063717 -1.804179 17.000000
1.452394 -1.783094 -2.040845 -2.264063 -2.324348 0.114914 0.068637 -1.746861 17.050000
1.815277 -1.500114 -2.042489 -2.270639 -2.405834 0.116280 0.073016 -1.543659 17.100000
2.633579 -1.893487 -2.044630 -2.277327 -2.477673 0.121505 0.076619 -1.357182 17.150000
3.023979 -2.216546 -2.047492 -2.284256 -2.547541 0.133986 0.080389 -1.427659 17.200000
3.438050 -2.702175 -2.051312 -2.291500 -2.623226 0.148556 0.085298 -1.577846 17.250000
4.252735 -2.402207 -2.056255 -2.299021 -2.708996 0.164613 0.092004 -1.816386 17.300000
4.198396 -2.363878 -2.062572 -2.306772 -2.799385 0.186160 0.100187 -1.802097 17.350000
4.996102 -2.029218 -2.070408 -2.314638 -2.888992 0.205425 0.109294 -1.785505 17.400000
5.739161 -2.310170 -2.079899 -2.322473 -2.974654 0.230831 0.118889 -1.661213 17.450000
6.000000 -1.898819 -2.091343 -2.330152 -3.059358 0.261130 0.129714 -1.719156 17.500000
6.000000 -2.280033 -2.104887 -2.337474 3.141425 0.291792 0.141524 -1.597027 17.550000
6.000000 -2.199877 -2.120483 -2.344225 3.058820 0.319812 0.154728 -1.693848 17.600000
6.000000 -2.343554 -2.137986 -2.350177 2.973735 0.344612 0.169606 -1.708898 17.650000
5.869776 -2.836190 -2.157234 -2.355122 2.886465 0.366107 0.185932 -1.773556 17.700000
6.000000 -2.424405 -2.178000 -2.358869 2.791788 0.381497 0.204835 -1.981725 17.750000
6.000000 -2.187994 -2.200048 -2.361227 2.694548 0.394258 0.224695 -1.919917 17.800000
6.000000 -2.302360 -2.223200 -2.362049 2.601502 0.405295 0.243481 -1.819840 17.850000
6.000000 -2.794486 -2.247260 -2.361238 2.510255 0.414171 0.261760 -1.830205 17.900000
5.363227 -2.531485 -2.271994 -2.358708 2.413374 0.418273 0.281517 -2.016345 17.950000
5.885428 -2.276799 -2.297021 -2.354500 2.313149 0.412377 0.301470 -1.997077 18.000000
5.528998 -2.405847 -2.322110 -2.348608 2.216020 0.410298 0.319512 -1.904463 18.050000
4.828598 -1.984191 -2.347111 -2.341005 2.120366 0.403366 0.336189 -1.920008 18.100000
5.307680 -1.942054 -2.371719 -2.331920 2.028524 0.389979 0.350478 -1.776741 18.150000
5.773816 -2.428766 -2.395802 -2.321416 1.941687 0.382376 0.362204 -1.707859 18.200000
4.964095 -2.021945 -2.419317 -2.309329 1.851939 0.376580 0.373918 -1.858610 18.250000
5.127650 -1.752001 -2.442074 -2.295817 1.761578 0.361819 0.384678 -1.769656 18.300000
5.045206 -1.705910 -2.463931 -2.281071 1.676934 0.351023 0.392772 -1.636484 18.350000
5.372134 -1.749641 -2.484822 -2.265105 1.597130 0.341675 0.398783 -1.566006 18.400000
6.000000 -1.693242 -2.504668 -2.247909 1.519197 0.336159 0.403713 -1.553151 18.450000
5.829293 -2.147974 -2.523362 -2.229330 1.442278 0.336761 0.408086 -1.527717 18.500000
6.000000 -2.128770 -2.540786 -2.209367 1.361358 0.333035 0.413199 -1.685191 18.550000
5.687430 -1.764599 -2.556806 -2.188177 1.275517 0.327677 0.419008 -1.739884 18.600000
5.440653 -1.979393 -2.571329 -2.165929 1.191746 0.320199 0.423710 -1.627903 18.650000
5.981837 -2.087866 -2.584319 -2.142841 1.109393 0.311062 0.427450 -1.660716 18.700000
6.000000 -1.655897 -2.595676 -2.118980 1.024878 0.305646 0.431107 -1.711762 18.750000
6.000000 -1.840611 -2.605270 -2.094370 0.943275 0.301960 0.433698 -1.573336 18.800000
6.000000 -2.024717 -2.613035 -2.069114 0.864250 0.299692 0.435496 -1.585703 18.850000
5.333029 -1.605665 -2.618925 -2.043359 0.782891 0.295928 0.437563 -1.657551 18.900000
4.717449 -1.614498 -2.623021 -2.017372 0.703652 0.287198 0.438720 -1.530511 18.950000
4.660475 -1.550493 -2.625517 -1.991443 0.628574 0.275514 0.438437 -1.479244 19.000000
3.788573 -1.468914 -2.626525 -1.965739 0.555978 0.265313 0.437102 -1.430758 19.050000
2.829610 -1.486141 -2.626226 -1.940437 0.485989 0.249133 0.434654 -1.375377 19.100000
3.177390 -1.262898 -2.625001 -1.915779 0.417851 0.226050 0.431004 -1.351547 19.150000
3.870594 -1.479659 -2.622979 -1.891835 0.353124 0.209472 0.425989 -1.250219 19.200000
3.393956 -1.100237 -2.619928 -1.868517 0.289621 0.201139 0.420417 -1.284306 19.250000
3.377791 -1.095471 -2.615817 -1.845840 0.229176 0.190936 0.414183 -1.150802 19.300000
4.331215 -0.901882 -2.610743 -1.823849 0.173433 0.184128 0.407187 -1.086737 19.350000
5.192667 -0.476203 -2.604484 -1.802527 0.122058 0.189365 0.399826 -0.982096 19.400000
5.198512 -0.541369 -2.596609 -1.781848 0.078952 0.207358 0.391971 -0.769644 19.450000
4.772319 -0.937253 -2.586907 -1.761832 0.042475 0.228645 0.383993 -0.699116 19.500000
4.872178 -1.023147 -2.575521 -1.742539 0.003953 0.244459 0.377152 -0.827070 19.550000
4.195904 -0.917029 -2.562619 -1.724047 -0.040132 0.258081 0.371952 -0.924788 19.600000
4.878260 -1.221253 -2.548425 -1.706424 -0.086525 0.264020 0.367660 -0.930422 19.650000
3.976316 -1.557159 -2.533006 -1.689736 -0.136502 0.274523 0.364497 -1.053277 19.700000
3.656809 -1.732710 -2.516519 -1.674045 -0.194414 0.272486 0.363144 -1.238030 19.750000
4.607443 -1.274769 -2.499367 -1.659374 -0.260454 0.263622 0.363159 -1.382545 19.800000
5.481847 -1.481578 -2.481497 -1.645816 -0.326376 0.264005 0.362926 -1.270239 19.850000
6.000000 -1.094262 -2.462556 -1.633551 -0.390779 0.273261 0.362659 -1.302025 19.900000
5.242056 -1.591663 -2.442335 -1.622767 -0.452159 0.288475 0.362333 -1.172103 19.950000
4.670329 -1.551901 -2.420981 -1.613506 -0.514617 0.295517 0.362768 -1.307895 20.000000
4.803218 -1.133905 -2.398917 -1.605683 -0.581264 0.294835 0.364194 -1.351792 20.050000
5.596847 -0.817111 -2.376340 -1.599287 -0.644895 0.296805 0.364941 -1.212977 20.100000
5.528487 -1.145007 -2.353126 -1.594486 -0.700434 0.310055 0.364250 -1.033464 20.150000
6.000000 -0.842856 -2.329203 -1.591421 -0.753499 0.323412 0.363588 -1.083398 20.200000
5.707826 -0.792993 -2.304619 -1.590182 -0.805091 0.341382 0.363171 -0.993286 20.250000
6.000000 -1.186626 -2.279443 -1.590818 -0.853154 0.357694 0.362525 -0.937448 20.300000
5.501222 -1.010485 -2.253788 -1.593341 -0.903737 0.374832 0.363163 -1.069827 20.350000
4.849181 -1.245432 -2.227843 -1.597704 -0.957088 0.385209 0.365000 -1.065608 20.400000
4.822818 -0.770172 -2.201896 -1.603680 -1.012937 0.387717 0.367715 -1.156538 20.450000
4.820082 -0.454936 -2.176149 -1.611124 -1.066760 0.390708 0.369850 -1.015462 20.500000
5.654510 -0.728683 -2.150646 -1.620033 -1.112295 0.397624 0.369766 -0.829847 20.550000
6.000000 -1.180367 -2.125325 -1.630586 -1.154444 0.413718 0.369110 -0.854158 20.600000
6.000000 -0.808559 -2.100175 -1.642997 -1.202567 0.429354 0.370776 -1.047215 20.650000
6.000000 -0.413183 -2.075324 -1.657280 -1.253447 0.442827 0.373697 -0.995850 20.700000
6.000000 -0.226761 -2.050874 -1.673403 -1.298332 0.458641 0.375100 -0.822600 20.750000
5.357986 0.085164 -2.026866 -1.691355 -1.335204 0.477850 0.374344 -0.671682 20.800000
4.736313 0.365089 -2.003354 -1.710981 -1.363316 0.494832 0.371050 -0.475950 20.850000
4.785266 0.692582 -1.980378 -1.731993 -1.381211 0.510615 0.364545 -0.262944 20.900000
5.662364 0.435208 -1.957899 -1.754275 -1.387462 0.532061 0.354180 -0.012062 20.950000
5.634470 0.858683 -1.935796 -1.778046 -1.387277 0.563879 0.341818 0.016062 21.000000
4.696223 1.146166 -1.913979 -1.803459 -1.381161 0.596803 0.327415 0.209250 21.050000
4.356603 0.809225 -1.892389 -1.830259 -1.364491 0.624053 0.308802 0.434353 21.100000
4.306618 1.040962 -1.870957 -1.858119 -1.343281 0.648406 0.288514 0.416990 21.150000
3.744190 1.000612 -1.849634 -1.886890 -1.319927 0.671491 0.267563 0.508469 21.200000
4.542685 1.482771 -1.828375 -1.916377 -1.293503 0.688775 0.245532 0.546208 21.250000
5.188647 1.827403 -1.807069 -1.946578 -1.260041 0.714103 0.220330 0.768372 21.300000
5.306621 1.760029 -1.785447 -1.977742 -1.214561 0.746387 0.189055 1.021848 21.350000
5.256233 1.792375 -1.763250 -2.009911 -1.160605 0.778285 0.153237 1.126580 21.400000
4.307779 2.130571 -1.740317 -2.042932 -1.102194 0.806456 0.114990 1.204244 21.450000
4.442203 2.089083 -1.716622 -2.076405 -1.036876 0.822340 0.073120 1.388614 21.500000
4.943328 2.016634 -1.692122 -2.109958 -0.965093 0.835398 0.028194 1.476669 21.550000
5.300895 1.718433 -1.666658 -2.143504 -0.890366 0.848160 -0.017634 1.514000 21.600000
5.711908 1.575482 -1.640080 -2.176994 -0.816756 0.859204 -0.061848 1.447253 21.650000
5.091178 1.127722 -1.612287 -2.210379 -0.746079 0.869652 -0.103310 1.394250 21.700000
4.552946 1.290000 -1.583356 -2.243472 -0.681216 0.871126 -0.140023 1.229369 21.750000
5.268183 0.824943 -1.553549 -2.276003 -0.619503 0.865147 -0.173433 1.242494 21.800000
6.000000 0.990074 -1.522866 -2.307902 -0.561792 0.864454 -0.203051 1.091147 21.850000
6.000000 1.236315 -1.491072 -2.339299 -0.506915 0.869199 -0.229991 1.106385 21.900000
5.657800 0.965556 -1.458053 -2.370147 -0.448306 0.870455 -0.258435 1.226322 21.950000
5.390679 0.983248 -1.423919 -2.400235 -0.388014 0.865621 -0.286823 1.194087 22.000000
5.924944 0.680870 -1.388854 -2.429392 -0.328144 0.856448 -0.313653 1.203244 22.050000
6.000000 0.866111 -1.352851 -2.457549 -0.270810 0.851688 -0.337676 1.106649 22.100000
5.654181 0.527177 -1.315825 -2.484688 -0.214365 0.846450 -0.360124 1.148673 22.150000
5.589711 0.976306 -1.277901 -2.510706 -0.159823 0.837565 -0.380324 1.048835 22.200000
5.074818 0.693794 -1.239227 -2.535531 -0.103526 0.826054 -0.400478 1.186802 22.250000
4.956442 0.601074 -1.200022 -2.559039 -0.045340 0.807703 -0.420382 1.147542 22.300000
5.181380 0.624362 -1.160487 -2.581181 0.010662 0.788855 -0.437556 1.099961 22.350000
5.808259 0.910807 -1.120636 -2.601943 0.065401 0.772440 -0.452711 1.091552 22.400000
6.000000 1.193058 -1.080333 -2.621273 0.123079 0.759570 -0.468368 1.201812 22.450000
5.115847 1.006360 -1.039511 -2.639056 0.187688 0.743239 -0.486576 1.361271 22.500000
5.419776 1.477201 -0.998481 -2.655227 0.255729 0.715519 -0.504862 1.360428 22.550000
4.576375 1.699840 -0.957493 -2.669767 0.328756 0.686623 -0.523624 1.534840 22.600000
4.475048 2.106576 -0.916839 -2.682670 0.409799 0.643432 -0.543611 1.682590 22.650000
3.719759 2.315776 -0.876901 -2.694005 0.499653 0.592298 -0.564023 1.877788 22.700000
2.908220 2.642143 -0.838032 -2.703910 0.597506 0.527671 -0.583154 2.009836 22.750000
3.396304 2.477782 -0.800653 -2.712687 0.702243 0.450341 -0.599022 2.149110 22.800000
3.006883 2.128460 -0.764860 -2.720526 0.808843 0.377313 -0.609231 2.113593 22.850000
2.998662 2.551080 -0.730546 -2.727543 0.909917 0.307212 -0.612273 1.949050 22.900000
3.985816 2.054505 -0.697634 -2.733884 1.009319 0.241133 -0.609994 2.009525 22.950000
3.585353 2.253905 -0.665914 -2.739420 1.104712 0.190725 -0.603043 1.829527 23.000000
3.617328 1.940833 -0.635213 -2.744029 1.195802 0.143153 -0.592530 1.811390 23.050000
2.754090 2.034368 -0.605512 -2.747785 1.282441 0.102704 -0.579153 1.671395 23.100000
2.219413 2.007261 -0.576806 -2.750838 1.365006 0.060620 -0.563497 1.632491 23.150000
2.767790 2.193633 -0.549115 -2.753481 1.445494 0.018570 -0.545886 1.589166 23.200000
3.539819 1.763758 -0.522380 -2.755686 1.526075 -0.014878 -0.526765 1.625309 23.250000
2.990706 1.497884 -0.496546 -2.757124 1.602969 -0.035187 -0.506855 1.471533 23.300000
3.455581 1.728374 -0.471609 -2.757676 1.671754 -0.052314 -0.486903 1.302676 23.350000
3.208300 1.859962 -0.447595 -2.757305 1.737245 -0.060505 -0.467207 1.314744 23.400000
4.095116 2.113554 -0.424529 -2.755970 1.804493 -0.070039 -0.447733 1.367174 23.450000
3.336064 2.055989 -0.402475 -2.753567 1.876171 -0.071834 -0.428478 1.483184 23.500000
4.022122 1.573860 -0.381463 -2.750128 1.951069 -0.080586 -0.409459 1.508597 23.550000
4.403788 1.125501 -0.361546 -2.745702 2.021655 -0.078403 -0.391176 1.339702 23.600000
5.173998 1.130878 -0.342912 -2.740058 2.081839 -0.065698 -0.374451 1.101473 23.650000
5.093172 1.348828 -0.325791 -2.732976 2.134122 -0.041101 -0.359442 1.004394 23.700000
4.135478 1.178759 -0.310335 -2.724391 2.185653 -0.016812 -0.345916 1.052267 23.750000
3.833336 0.709708 -0.296448 -2.714612 2.237141 -0.001410 -0.333588 1.013327 23.800000
3.078615 0.268961 -0.283997 -2.703953 2.282231 0.014274 -0.322221 0.816106 23.850000
3.171874 -0.217350 -0.272874 -2.692629 2.315572 0.028066 -0.311553 0.549630 23.900000
3.841330 -0.604758 -0.263022 -2.680748 2.333882 0.048910 -0.301255 0.219130 23.950000
4.234149 -0.207430 -0.254599 -2.668146 2.335557 0.082109 -0.290889 -0.118173 24.000000
4.249417 -0.081712 -0.247768 -2.654614 2.329282 0.120797 -0.280392 -0.129853 24.050000
5.039439 -0.122303 -0.242531 -2.640101 2.324251 0.157603 -0.270226 -0.075050 24.100000
4.242446 -0.178302 -0.238945 -2.624511 2.321034 0.199618 -0.260505 -0.053904 24.150000
4.653905 -0.334782 -0.236934 -2.607888 2.318161 0.232448 -0.251090 -0.059326 24.200000
4.564994 -0.159810 -0.236373 -2.590330 2.313404 0.268413 -0.241590 -0.123533 24.250000
4.879280 0.091335 -0.237249 -2.571803 2.308397 0.302165 -0.232268 -0.080002 24.300000
5.552471 -0.244181 -0.239534 -2.552313 2.308102 0.335992 -0.224237 0.056351 24.350000
5.234086 -0.437521 -0.243326 -2.531755 2.309207 0.374308 -0.216805 -0.005270 24.400000
5.617069 -0.562692 -0.248622 -2.510099 2.305820 0.409444 -0.208400 -0.118617 24.450000
6.000000 -0.567050 -0.255358 -2.487338 2.296778 0.448233 -0.198469 -0.231168 24.500000
5.084491 -1.012741 -0.263564 -2.463335 2.283546 0.489969 -0.187230 -0.291419 24.550000
5.968542 -1.300138 -0.273053 -2.438179 2.263003 0.523067 -0.173370 -0.507176 24.600000
5.509885 -1.306239 -0.283682 -2.411818 2.231303 0.565037 -0.155105 -0.734939 24.650000
5.996281 -0.918795 -0.295341 -2.384111 2.191294 0.601775 -0.133144 -0.852462 24.700000
5.366387 -0.676304 -0.307853 -2.355026 2.151258 0.640306 -0.110887 -0.761776 24.750000
4.727005 -0.663244 -0.321066 -2.324630 2.116929 0.669470 -0.091100 -0.628930 24.800000
3.910156 -0.707120 -0.334737 -2.293231 2.087280 0.690098 -0.073640 -0.566137 24.850000
3.167409 -0.550748 -0.348626 -2.261161 2.059168 0.701469 -0.057196 -0.560917 24.900000
3.365002 -0.438165 -0.362505 -2.228762 2.032771 0.704760 -0.042029 -0.503379 24.950000
3.493806 -0.750073 -0.376294 -2.196164 2.009516 0.709089 -0.028891 -0.435948 25.000000
2.980398 -1.000978 -0.390007 -2.163313 1.984972 0.714051 -0.015454 -0.536414 25.050000
3.134615 -0.585236 -0.403535 -2.130278 1.953719 0.713613 0.000986 -0.697245 25.100000
3.334418 -1.059234 -0.416761 -2.097124 1.921091 0.713909 0.017551 -0.619208 25.150000
3.216640 -0.733223 -0.429677 -2.063782 1.885678 0.715196 0.035011 -0.780464 25.200000
4.136992 -0.508801 -0.442210 -2.030236 1.847877 0.714345 0.053085 -0.738961 25.250000
4.656158 -0.927664 -0.454380 -1.996324 1.813782 0.721508 0.068726 -0.638827 25.300000
5.323139 -1.011327 -0.466245 -1.961749 1.778310 0.732307 0.084790 -0.767097 25.350000
5.658480 -1.457009 -0.477751 -1.926271 1.737050 0.747256 0.103684 -0.873118 25.400000
5.592473 -1.628827 -0.488783 -1.889713 1.686790 0.762088 0.127231 -1.110168 25.450000
5.377240 -1.132118 -0.499129 -1.852096 1.626045 0.771888 0.156135 -1.298189 25.500000
4.532320 -0.724804 -0.508589 -1.813590 1.563779 0.776550 0.185151 -1.209088 25.550000
4.510915 -0.336146 -0.517099 -1.774533 1.508491 0.772808 0.209313 -1.029683 25.600000
5.452214 -0.298549 -0.524687 -1.735166 1.463299 0.770447 0.226955 -0.808329 25.650000
5.805324 -0.118234 -0.531384 -1.695282 1.426025 0.778478 0.239713 -0.698085 25.700000
5.672365 0.241240 -0.537168 -1.654601 1.394448 0.790761 0.249107 -0.580596 25.750000
6.000000 0.045640 -0.542056 -1.613094 1.370965 0.803732 0.253845 -0.381924 25.800000
6.000000 -0.452712 -0.546087 -1.570720 1.352377 0.820755 0.255862 -0.364550 25.850000
6.000000 -0.501189 -0.549225 -1.527457 1.328600 0.835139 0.261110 -0.565819 25.900000
6.000000 -0.913201 -0.551369 -1.483422 1.296760 0.845760 0.271203 -0.694894 25.950000
5.943096 -0.827091 -0.552400 -1.438748 1.255433 0.851793 0.286883 -0.931772 26.000000
5.943496 -1.094438 -0.552187 -1.393610 1.206396 0.852957 0.306776 -1.021398 26.050000
5.836450 -1.206304 -0.550631 -1.348175 1.150947 0.849896 0.329831 -1.178983 26.100000
5.114155 -1.261534 -0.547642 -1.302643 1.088496 0.840891 0.356040 -1.305099 26.150000
5.763997 -1.681332 -0.543234 -1.257372 1.020813 0.820695 0.383752 -1.392617 26.200000
6.000000 -2.170441 -0.537367 -1.212558 0.945398 0.800579 0.413987 -1.596844 26.250000
6.000000 -2.289357 -0.529885 -1.168288 0.857802 0.773106 0.448697 -1.867485 26.300000
5.057518 -2.553455 -0.520747 -1.124831 0.760010 0.736137 0.485604 -2.020968 26.350000
4.349885 -2.131931 -0.510178 -1.082608 0.654544 0.681936 0.521859 -2.171807 26.400000
3.395790 -1.832843 -0.498598 -1.042033 0.548813 0.618510 0.552457 -2.071784 26.450000
3.669502 -2.202970 -0.486457 -1.003290 0.449659 0.550158 0.574224 -1.915387 26.500000
4.289652 -2.418534 -0.473984 -0.966352 0.352179 0.485975 0.589913 -1.969568 26.550000
3.914638 -2.538325 -0.461093 -0.931100 0.251380 0.425677 0.601783 -2.044327 26.600000
4.694608 -2.957160 -0.447845 -0.897487 0.147679 0.360613 0.609519 -2.089445 26.650000
4.551855 -2.475151 -0.434251 -0.865470 0.039028 0.300469 0.613525 -2.226511 26.700000
4.434436 -2.546406 -0.420259 -0.834992 -0.068221 0.242322 0.612498 -2.081606 26.750000
3.493438 -2.839977 -0.405921 -0.805994 -0.170974 0.189568 0.606598 -2.030873 26.800000
4.312770 -2.945813 -0.391482 -0.778384 -0.274439 0.130607 0.596918 -2.090872 26.850000
3.466271 -3.000000 -0.376990 -0.752109 -0.380151 0.081320 0.583777 -2.126011 26.900000
3.947412 -3.000000 -0.362451 -0.727102 -0.486872 0.027360 0.567267 -2.135398 26.950000
4.205421 -2.889333 -0.347918 -0.703297 -0.593284 -0.017254 0.547617 -2.119233 27.000000
5.108834 -3.000000 -0.333202 -0.680774 -0.697596 -0.053276 0.525685 -2.059873 27.050000
5.533440 -3.000000 -0.318074 -0.659740 -0.800874 -0.075632 0.502447 -2.068062 27.100000
5.480894 -3.000000 -0.302348 -0.640465 -0.904241 -0.089969 0.478704 -2.066028 27.150000
5.076459 -3.000000 -0.286054 -0.623088 -1.007458 -0.100830 0.454907 -2.062689 27.200000
5.205246 -3.000000 -0.269358 -0.607590 -1.110517 -0.111626 0.431187 -2.059750 27.250000
5.716264 -2.631590 -0.252407 -0.593980 -1.213456 -0.117456 0.407725 -2.058159 27.300000
5.392828 -3.000000 -0.235278 -0.582464 -1.312593 -0.113078 0.385351 -1.929377 27.350000
5.529210 -3.000000 -0.218114 -0.573141 -1.411558 -0.108865 0.364130 -2.015713 27.400000
5.942274 -2.521219 -0.201107 -0.565969 -1.513326 -0.102105 0.343836 -2.050108 27.450000
5.260607 -2.690671 -0.184439 -0.561073 -1.611355 -0.087392 0.325270 -1.897355 27.500000
6.000000 -3.000000 -0.168313 -0.558385 -1.706430 -0.075965 0.308474 -1.905297 27.550000
6.000000 -3.000000 -0.152935 -0.557860 -1.805070 -0.057479 0.293138 -2.022276 27.600000
5.739954 -2.738643 -0.138537 -0.559558 -1.907524 -0.039230 0.279492 -2.069098 27.650000
5.788188 -2.280371 -0.125310 -0.563293 -2.008875 -0.021908 0.267631 -1.997778 27.700000
5.691512 -2.177998 -0.113443 -0.568897 -2.103357 -0.000845 0.257614 -1.812509 27.750000
6.000000 -1.733387 -0.103118 -0.576234 -2.190978 0.022052 0.249393 -1.709523 27.800000
5.288519 -1.841493 -0.094522 -0.585195 -2.270720 0.050459 0.242844 -1.511366 27.850000
5.478275 -2.269629 -0.087720 -0.595554 -2.345242 0.073504 0.237782 -1.475731 27.900000
5.043028 -2.479229 -0.082717 -0.607046 -2.423243 0.096760 0.234366 -1.623193 27.950000
4.326964 -2.742179 -0.079517 -0.619430 -2.508368 0.113105 0.232698 -1.761122 28.000000
4.196314 -2.805904 -0.077934 -0.632333 -2.600745 0.120005 0.232392 -1.910338 28.050000
4.633658 -2.336282 -0.077813 -0.645458 -2.698558 0.123702 0.232908 -1.989398 28.100000
5.418220 -2.452278 -0.079223 -0.658671 -2.794045 0.131980 0.233587 -1.852681 28.150000
5.843027 -2.659136 -0.082439 -0.671917 -2.886446 0.148091 0.234783 -1.845278 28.200000
5.592516 -3.000000 -0.087709 -0.685075 -2.980847 0.166661 0.237319 -1.919616 28.250000
5.403922 -2.685789 -0.095004 -0.697918 -3.081216 0.179820 0.241580 -2.070795 28.300000
5.205183 -2.415378 -0.104125 -0.710199 3.100003 0.189556 0.246689 -2.017390 28.350000
4.283606 -2.326777 -0.114894 -0.721722 3.002434 0.197856 0.251658 -1.904442 28.400000
4.791126 -2.017711 -0.126967 -0.732365 2.909315 0.198176 0.256128 -1.832134 28.450000
5.360264 -1.536671 -0.140168 -0.742023 2.821698 0.204605 0.259867 -1.694543 28.500000
4.952268 -1.318195 -0.154665 -0.750521 2.743536 0.219026 0.262685 -1.466934 28.550000
4.901310 -1.491760 -0.170427 -0.757755 2.675117 0.232320 0.264617 -1.295100 28.600000
4.960297 -1.726698 -0.187273 -0.763690 2.610502 0.245811 0.266509 -1.290851 28.650000
5.940778 -1.587728 -0.205086 -0.768257 2.543416 0.258220 0.269387 -1.380593 28.700000
6.000000 -1.825864 -0.223920 -0.771257 2.474712 0.278352 0.273240 -1.370272 28.750000
5.188435 -1.449904 -0.243806 -0.772480 2.403664 0.296950 0.278402 -1.459890 28.800000
5.005786 -1.235021 -0.264426 -0.771990 2.333527 0.307116 0.283882 -1.360729 28.850000
4.321896 -1.503801 -0.285484 -0.769912 2.268915 0.316847 0.288435 -1.241269 28.900000
3.660810 -1.065658 -0.306747 -0.766380 2.205353 0.319859 0.292904 -1.294253 28.950000
3.819772 -1.098957 -0.327921 -0.761642 2.144700 0.317426 0.296544 -1.151570 29.000000
4.158788 -1.542892 -0.348891 -0.755791 2.088523 0.318118 0.299015 -1.102283 29.050000
4.489645 -1.767034 -0.369654 -0.748736 2.029178 0.320425 0.302202 -1.251500 29.100000
3.880188 -1.871604 -0.390157 -0.740373 1.962322 0.322295 0.307085 -1.401820 29.150000
3.525043 -1.384433 -0.410239 -0.730814 1.889300 0.315355 0.313066 -1.504074 29.200000
4.391722 -1.585711 -0.429720 -0.720315 1.818098 0.305633 0.317974 -1.364007 29.250000
3.939050 -1.399894 -0.448581 -0.708775 1.749419 0.305007 0.321914 -1.380938 29.300000
4.572255 -1.129869 -0.466776 -0.696137 1.682156 0.300485 0.325274 -1.318390 29.350000
4.981901 -0.807709 -0.484245 -0.682385 1.619895 0.303980 0.327405 -1.190142 29.400000
4.602319 -0.785081 -0.500956 -0.667289 1.565438 0.314482 0.328045 -1.012457 29.450000
3.758802 -1.094472 -0.516865 -0.650859 1.517276 0.323827 0.327628 -0.925684 29.500000
4.506308 -1.430255 -0.531933 -0.633418 1.468681 0.324793 0.327521 -1.007644 29.550000
5.453796 -1.917263 -0.546092 -0.615067 1.413553 0.329715 0.329055 -1.175484 29.600000
4.488998 -1.959435 -0.559194 -0.595533 1.347376 0.338069 0.333445 -1.435658 29.650000
3.556341 -1.563648 -0.571132 -0.574988 1.272002 0.332461 0.339913 -1.560841 29.700000
3.179182 -1.673907 -0.581945 -0.553988 1.196724 0.317843 0.345557 -1.464011 29.750000
3.152877 -1.978646 -0.591714 -0.532870 1.123548 0.300790 0.349696 -1.462386 29.800000
2.570456 -1.672891 -0.600468 -0.511773 1.047291 0.282310 0.353411 -1.570805 29.850000
3.518911 -1.895361 -0.608281 -0.490882 0.970842 0.258736 0.355871 -1.496768 29.900000
4.413469 -1.531455 -0.615107 -0.470152 0.894607 0.244804 0.357196 -1.544632 29.950000
5.305889 -1.165897 -0.620681 -0.449288 0.820737 0.240783 0.357562 -1.427179 30.000000
5.513546 -1.312798 -0.624696 -0.428024 0.754679 0.249009 0.356654 -1.241862 30.050000
4.665191 -1.182887 -0.626927 -0.406247 0.693203 0.261143 0.355449 -1.220835 30.100000
4.626157 -0.984799 -0.627471 -0.384158 0.633779 0.266007 0.354268 -1.164093 30.150000
3.850447 -1.193624 -0.626475 -0.361975 0.578411 0.272371 0.352584 -1.064307 30.200000
2.976038 -0.924281 -0.624095 -0.339869 0.524164 0.271941 0.350874 -1.100629 30.250000
2.789887 -0.758527 -0.620674 -0.318103 0.471647 0.264368 0.348727 -1.011215 30.300000
3.280665 -0.384043 -0.616426 -0.296810 0.424111 0.257892 0.345467 -0.903458 30.350000
2.631278 -0.585932 -0.611273 -0.275950 0.384537 0.260177 0.340775 -0.703786 30.400000
2.536163 -0.631306 -0.605233 -0.255517 0.349806 0.258825 0.335385 -0.687085 30.450000
3.500499 -0.522955 -0.598478 -0.235584 0.315206 0.256950 0.330123 -0.695572 30.500000
3.848541 -0.409916 -0.590826 -0.216101 0.281536 0.264760 0.324946 -0.656101 30.550000
3.561786 -0.416021 -0.581999 -0.196998 0.250513 0.276887 0.319679 -0.592637 30.600000
3.697317 -0.652100 -0.572000 -0.178292 0.221655 0.287025 0.314413 -0.565131 30.650000
3.351448 -0.898794 -0.560893 -0.160022 0.191086 0.297491 0.309914 -0.648379 30.700000
4.211052 -0.837852 -0.548778 -0.142251 0.154732 0.302074 0.306976 -0.789042 30.750000
4.413012 -1.039556 -0.535595 -0.125026 0.114038 0.312777 0.305284 -0.833759 30.800000
5.223444 -1.343978 -0.521152 -0.108383 0.069470 0.323394 0.304847 -0.936594 30.850000
4.953710 -1.231250 -0.505290 -0.092395 0.017885 0.338178 0.306495 -1.105639 30.900000
4.110561 -1.705152 -0.487983 -0.077173 -0.038391 0.347752 0.309658 -1.141378 30.950000
4.995447 -1.749318 -0.469587 -0.062814 -0.101089 0.346103 0.314471 -1.339300 31.000000
4.828746 -1.797176 -0.450207 -0.049435 -0.170962 0.349177 0.320915 -1.441487 31.050000
4.371067 -1.993043 -0.429797 -0.037157 -0.244803 0.348192 0.328162 -1.503484 31.100000
5.203845 -1.507983 -0.408619 -0.026036 -0.322800 0.340380 0.335942 -1.601698 31.150000
5.857947 -1.588738 -0.386702 -0.016178 -0.398901 0.340716 0.342748 -1.463338 31.200000
5.758242 -1.621770 -0.363801 -0.007771 -0.471365 0.348159 0.348648 -1.439522 31.250000
5.606431 -1.767417 -0.339918 -0.000940 -0.543485 0.353962 0.354599 -1.445235 31.300000
5.871587 -1.845784 -0.315251 0.004273 -0.617429 0.356640 0.361023 -1.504404 31.350000
5.691867 -2.259188 -0.289944 0.007796 -0.694229 0.359589 0.368096 -1.559999 31.400000
6.000000 -1.985908 -0.264167 0.009572 -0.777281 0.356798 0.376533 -1.735518 31.450000
5.687404 -1.900483 -0.238114 0.009553 -0.863202 0.354543 0.385214 -1.706269 31.500000
5.852629 -1.692517 -0.211947 0.007720 -0.947315 0.349475 0.392904 -1.664805 31.550000
5.127216 -1.619004 -0.185831 0.004086 -1.027911 0.347232 0.399219 -1.573173 31.600000
5.359842 -1.147991 -0.159951 -0.001240 -1.104739 0.339778 0.404110 -1.509245 31.650000
5.943510 -1.545625 -0.134457 -0.008162 -1.174422 0.338306 0.406836 -1.307199 31.700000
6.000000 -1.917107 -0.109345 -0.016862 -1.241652 0.343431 0.409001 -1.373162 31.750000
6.000000 -1.696238 -0.084710 -0.027428 -1.315110 0.345144 0.412796 -1.540938 31.800000
6.000000 -1.750480 -0.060733 -0.039790 -1.391799 0.344569 0.417248 -1.528710 31.850000
6.000000 -2.198567 -0.037564 -0.053883 -1.468688 0.343450 0.421547 -1.544635 31.900000
5.359231 -2.398172 -0.015352 -0.069619 -1.550847 0.338851 0.426839 -1.715575 31.950000
4.764119 -2.590785 0.005734 -0.086709 -1.640600 0.323421 0.433135 -1.852137 32.000000
5.391973 -2.895106 0.025577 -0.104717 -1.736594 0.298634 0.439291 -1.967238 32.050000
4.750218 -3.000000 0.044081 -0.123508 -1.839179 0.275945 0.444958 -2.110623 32.100000
3.755743 -3.000000 0.061184 -0.142928 -1.947108 0.244246 0.449406 -2.190453 32.150000
3.808972 -2.935741 0.076989 -0.162493 -2.057203 0.202763 0.451211 -2.207135 32.200000
4.632535 -3.000000 0.091597 -0.181946 -2.166790 0.163671 0.449719 -2.178074 32.250000
5.237495 -2.758559 0.104911 -0.201429 -2.275800 0.134510 0.445562 -2.179532 32.300000
5.959708 -2.331919 0.116709 -0.221151 -2.382141 0.114451 0.439399 -2.087948 32.350000
6.000000 -2.044181 0.126712 -0.241266 -2.481087 0.107225 0.431830 -1.900129 32.400000
6.000000 -1.901006 0.134696 -0.261801 -2.571036 0.106915 0.423587 -1.725371 32.450000
6.000000 -2.186338 0.140569 -0.282647 -2.653854 0.111673 0.415241 -1.605887 32.500000
5.501454 -1.756869 0.144285 -0.303662 -2.735821 0.117625 0.407472 -1.664159 32.550000
5.933247 -2.123947 0.145949 -0.324634 -2.815178 0.120988 0.400001 -1.530411 32.600000
5.439640 -2.319036 0.145561 -0.345411 -2.894068 0.129256 0.393121 -1.613171 32.650000
4.634756 -2.287606 0.143183 -0.365828 -2.977748 0.130774 0.387207 -1.717900 32.700000
5.066212 -2.551787 0.139181 -0.385671 -3.064463 0.123827 0.381602 -1.745733 32.750000
5.308374 -2.480300 0.133700 -0.404797 3.128412 0.119957 0.376187 -1.849779 32.800000
4.970437 -1.980681 0.126660 -0.423083 3.035555 0.117848 0.370978 -1.862230 32.850000
4.002359 -1.635186 0.118146 -0.440407 2.947538 0.115770 0.365388 -1.685902 32.900000
4.304670 -1.309101 0.108478 -0.456720 2.868902 0.110083 0.359001 -1.488708 32.950000
5.286779 -0.967794 0.097804 -0.471974 2.800273 0.112950 0.351969 -1.285578 33.000000
5.932683 -1.301385 0.085839 -0.486000 2.742110 0.130427 0.344775 -1.071003 33.050000
6.000000 -1.653306 0.072269 -0.498578 2.687508 0.155415 0.338393 -1.109412 33.100000
5.603308 -1.444741 0.057071 -0.509561 2.627604 0.178066 0.333815 -1.266527 33.150000
4.899186 -0.947356 0.040484 -0.518912 2.564495 0.195034 0.330642 -1.259719 33.200000
5.096619 -0.947305 0.022853 -0.526699 2.506908 0.207536 0.327427 -1.070039 33.250000
6.000000 -1.211883 0.004343 -0.532931 2.455732 0.224470 0.323958 -0.988535 33.300000
6.000000 -1.491941 -0.015158 -0.537407 2.404345 0.249251 0.321433 -1.059093 33.350000
6.000000 -1.715270 -0.035656 -0.539963 2.347315 0.270721 0.320902 -1.203837 33.400000
6.000000 -1.763570 -0.056952 -0.540577 2.282806 0.288049 0.322668 -1.356309 33.450000
5.284136 -1.699817 -0.078834 -0.539233 2.212535 0.301934 0.326287 -1.443026 33.500000
4.963724 -1.613571 -0.101003 -0.536056 2.139962 0.307217 0.330744 -1.458262 33.550000
4.365485 -1.274318 -0.123166 -0.531245 2.067746 0.309043 0.335141 -1.434252 33.600000
3.764198 -0.850243 -0.145103 -0.524992 1.999928 0.306872 0.338393 -1.297930 33.650000
3.084028 -1.183800 -0.166641 -0.517544 1.941278 0.303210 0.339389 -1.077857 33.700000
3.311627 -1.503197 -0.187652 -0.509168 1.886539 0.295134 0.339295 -1.107252 33.750000
3.938614 -1.909749 -0.208054 -0.499989 1.827378 0.287441 0.339823 -1.240585 33.800000
4.259931 -2.082578 -0.227820 -0.489871 1.759365 0.281689 0.341856 -1.449836 33.850000
5.181782 -2.220984 -0.246888 -0.478683 1.682578 0.274821 0.345244 -1.599164 33.900000
5.472931 -2.654985 -0.265175 -0.466227 1.599451 0.273409 0.349524 -1.709162 33.950000
4.611879 -2.770401 -0.282557 -0.452331 1.508214 0.270336 0.355104 -1.908637 34.000000
4.951167 -2.866068 -0.298893 -0.437277 1.409449 0.255009 0.361276 -2.022490 34.050000
5.402925 -2.915897 -0.314074 -0.421322 1.306199 0.240431 0.366962 -2.094688 34.100000
6.000000 -2.717627 -0.327964 -0.404417 1.200259 0.228532 0.371918 -2.135404 34.150000
6.000000 -2.925258 -0.340379 -0.386466 1.095131 0.222420 0.375874 -2.078986 34.200000
5.830642 -3.000000 -0.351157 -0.367488 0.989669 0.215850 0.379283 -2.130476 34.250000
5.669268 -3.000000 -0.360226 -0.347700 0.881886 0.206306 0.382310 -2.173006 34.300000
5.841555 -3.000000 -0.367559 -0.327348 0.772854 0.194596 0.384584 -2.185399 34.350000
5.661881 -2.500494 -0.373101 -0.306610 0.663518 0.184513 0.385971 -2.187086 34.400000
6.000000 -2.978533 -0.376810 -0.285649 0.559303 0.175731 0.385888 -2.010650 34.450000
5.457838 -2.684054 -0.378608 -0.264594 0.455756 0.170827 0.385264 -2.113578 34.500000
5.953346 -2.642380 -0.378543 -0.243652 0.352065 0.161122 0.384110 -2.044890 34.550000
6.000000 -2.603221 -0.376620 -0.222997 0.251014 0.157979 0.382229 -2.003714 34.600000
5.873758 -2.105002 -0.372732 -0.202760 0.151687 0.156557 0.380061 -1.974095 34.650000
6.000000 -2.305437 -0.366920 -0.183119 0.058465 0.157481 0.377245 -1.785176 34.700000
5.274189 -1.939719 -0.359200 -0.164232 -0.030821 0.161907 0.374292 -1.786283 34.750000
6.000000 -1.607878 -0.349771 -0.146248 -0.116326 0.161694 0.371122 -1.654315 34.800000
5.538203 -1.704156 -0.338672 -0.129309 -0.194063 0.172511 0.367458 -1.481669 34.850000
6.000000 -1.488725 -0.325888 -0.113539 -0.267210 0.181270 0.363911 -1.449392 34.900000
5.580476 -1.422408 -0.311503 -0.099062 -0.337056 0.195935 0.360650 -1.358429 34.950000
5.527850 -1.189546 -0.295595 -0.085984 -0.403248 0.208207 0.357654 -1.298423 35.000000
6.000000 -1.575912 -0.278357 -0.074358 -0.464994 0.221922 0.354689 -1.187562 35.050000
6.000000 -1.503735 -0.259798 -0.064307 -0.527272 0.239444 0.352639 -1.290358 35.100000
6.000000 -1.244960 -0.239975 -0.055957 -0.592361 0.255063 0.351879 -1.311252 35.150000
6.000000 -1.003168 -0.219035 -0.049378 -0.655480 0.271061 0.351493 -1.226343 35.200000
6.000000 -0.695843 -0.197096 -0.044633 -0.713228 0.289027 0.350806 -1.101603 35.250000
6.000000 -0.583670 -0.174252 -0.041773 -0.763485 0.309916 0.349337 -0.931966 35.300000
6.000000 -0.787544 -0.150577 -0.040834 -0.806765 0.333388 0.347125 -0.815195 35.350000
5.358034 -0.796256 -0.126158 -0.041832 -0.848371 0.356830 0.345327 -0.846568 35.400000
5.489123 -0.744627 -0.101217 -0.044655 -0.891326 0.372823 0.344525 -0.869707 35.450000
4.726182 -0.519931 -0.075946 -0.049207 -0.934639 0.389258 0.344341 -0.864520 35.500000
4.415049 -0.761066 -0.050523 -0.055362 -0.975383 0.399168 0.343837 -0.776629 35.550000
5.188874 -0.444615 -0.025155 -0.062905 -1.015771 0.405981 0.343508 -0.832457 35.600000
5.305680 -0.529265 0.000142 -0.071915 -1.054679 0.420411 0.343042 -0.736415 35.650000
4.430630 -0.475949 0.025421 -0.082559 -1.091237 0.436463 0.342311 -0.727892 35.700000
4.075237 0.019191 0.050533 -0.094653 -1.126989 0.444153 0.341659 -0.705327 35.750000
3.156004 -0.423081 0.075315 -0.107925 -1.156417 0.451221 0.339181 -0.496026 35.800000
2.995922 -0.918870 0.099659 -0.122097 -1.183290 0.450747 0.336068 -0.570250 35.850000
3.141185 -0.572029 0.123421 -0.136908 -1.218381 0.445139 0.335640 -0.805119 35.900000
3.226022 -0.647869 0.146520 -0.152312 -1.257912 0.439083 0.336460 -0.779026 35.950000
2.948694 -1.086246 0.168949 -0.168342 -1.297331 0.434072 0.337063 -0.795438 36.000000
2.883112 -1.481865 0.190660 -0.184926 -1.342150 0.424150 0.339097 -0.974356 36.050000
2.217706 -1.213217 0.211556 -0.201928 -1.397470 0.408967 0.343777 -1.206845 36.100000
2.790350 -1.191040 0.231538 -0.219111 -1.457726 0.385541 0.348906 -1.202822 36.150000
2.536383 -0.972308 0.250592 -0.236428 -1.517484 0.368237 0.352846 -1.188612 36.200000
1.771524 -1.200036 0.268737 -0.253941 -1.574276 0.350434 0.355133 -1.094697 36.250000
2.056972 -1.089060 0.285990 -0.271412 -1.630198 0.326523 0.356291 -1.135233 36.300000
2.192011 -0.724536 0.302368 -0.288718 -1.686128 0.306153 0.356525 -1.104731 36.350000
2.504046 -1.114227 0.317889 -0.305969 -1.736876 0.290387 0.354924 -0.944890 36.400000
2.107340 -1.414282 0.332562 -0.323296 -1.786251 0.278927 0.352625 -1.019571 36.450000
1.361517 -1.325283 0.346391 -0.340645 -1.841373 0.261627 0.351010 -1.164756 36.500000
0.727600 -1.013236 0.359446 -0.357711 -1.900330 0.236385 0.349287 -1.188573 36.550000
1.712016 -0.859120 0.371854 -0.374188 -1.956493 0.207751 0.346049 -1.071662 36.600000
0.893998 -0.995979 0.383615 -0.390214 -2.006758 0.192420 0.341207 -0.953158 36.650000
0.391797 -0.981305 0.394746 -0.405875 -2.054268 0.171699 0.335539 -0.946620 36.700000
0.189774 -1.379126 0.405406 -0.420921 -2.101205 0.147750 0.329250 -0.931161 36.750000
0.000000 -1.053654 0.415709 -0.435241 -2.151780 0.121643 0.322697 -1.071802 36.800000
0.966565 -1.146355 0.425742 -0.448779 -2.203442 0.094769 0.315504 -1.002080 36.850000
0.033478 -1.261233 0.435421 -0.461739 -2.253537 0.079081 0.307689 -1.000858 36.900000
0.163863 -1.430905 0.444771 -0.474166 -2.304711 0.055412 0.299498 -1.039613 36.950000
0.991907 -1.051514 0.453940 -0.485948 -2.358915 0.033216 0.290856 -1.116991 37.000000
0.893538 -1.301326 0.462790 -0.497283 -2.411505 0.020825 0.281820 -1.001149 37.050000
0.070102 -1.410778 0.471202 -0.508327 -2.462758 0.009130 0.272641 -1.042898 37.100000
0.899762 -1.480350 0.479357 -0.518961 -2.516560 -0.010063 0.263217 -1.100617 37.150000
0.154808 -1.269077 0.487266 -0.529207 -2.573010 -0.021058 0.253520 -1.150204 37.200000
0.185763 -1.421743 0.494930 -0.539106 -2.628787 -0.037592 0.243621 -1.088438 37.250000
0.000000 -1.312556 0.502488 -0.548608 -2.684035 -0.052292 0.233465 -1.117119 37.300000
0.496323 -1.178700 0.509974 -0.557735 -2.739012 -0.067314 0.223092 -1.085619 37.350000
0.493085 -0.820783 0.517309 -0.566553 -2.791396 -0.075623 0.212758 -1.018391 37.400000
1.467757 -0.506774 0.524367 -0.575131 -2.837502 -0.081167 0.202876 -0.847478 37.450000
1.734426 -0.860756 0.530897 -0.583548 -2.874134 -0.074313 0.193881 -0.642741 37.500000
1.234278 -1.294658 0.536599 -0.591876 -2.907489 -0.063972 0.185597 -0.686739 37.550000
1.756676 -0.840372 0.541553 -0.600084 -2.947305 -0.059885 0.177490 -0.882272 37.600000
2.520601 -0.444833 0.545787 -0.608151 -2.989009 -0.051113 0.169762 -0.796818 37.650000
2.269809 -0.675444 0.549007 -0.616101 -3.023334 -0.033500 0.162909 -0.600027 37.700000
2.514599 -0.584814 0.551101 -0.623915 -3.053272 -0.017628 0.156795 -0.598225 37.750000
1.817807 -0.733435 0.552098 -0.631558 -3.082185 0.000377 0.151259 -0.562862 37.800000
2.030974 -0.971593 0.552137 -0.638998 -3.111553 0.011350 0.146218 -0.607082 37.850000
2.350156 -0.666902 0.551366 -0.646202 3.137959 0.023247 0.141649 -0.726149 37.900000
2.566954 -1.003289 0.549696 -0.653144 3.103406 0.037699 0.137562 -0.663720 37.950000
3.279139 -1.156484 0.547036 -0.659790 3.067271 0.053510 0.134053 -0.769417 38.000000
2.367871 -0.991703 0.543217 -0.666085 3.025631 0.074509 0.131393 -0.882654 38.050000
3.174054 -0.675718 0.538346 -0.671988 2.981789 0.085990 0.129420 -0.872556 38.100000
3.218821 -0.508252 0.532492 -0.677451 2.941770 0.105301 0.127727 -0.744339 38.150000
3.715613 -0.586849 0.525493 -0.682402 2.908115 0.125477 0.126131 -0.617264 38.200000
4.036082 -0.426864 0.517269 -0.686781 2.878073 0.150178 0.124782 -0.588293 38.250000
4.590556 -0.331072 0.507691 -0.690508 2.850814 0.177427 0.123705 -0.511335 38.300000
5.490565 0.027050 0.496621 -0.693500 2.827360 0.209450 0.122716 -0.435881 38.350000
5.743023 -0.092284 0.483798 -0.695636 2.810668 0.249745 0.121240 -0.251997 38.400000
5.387235 0.119971 0.469030 -0.696835 2.799323 0.291719 0.119292 -0.207203 38.450000
6.000000 -0.034449 0.452417 -0.697118 2.792018 0.329420 0.116829 -0.096564 38.500000
5.573284 -0.232467 0.433967 -0.696488 2.787006 0.371698 0.114104 -0.103940 38.550000
4.768848 0.076656 0.413722 -0.694950 2.779325 0.407937 0.112366 -0.194962 38.600000
4.738170 0.169122 0.392039 -0.692610 2.771731 0.435287 0.110812 -0.116919 38.650000
5.416502 -0.030059 0.369151 -0.689561 2.768112 0.461858 0.108186 -0.035920 38.700000
5.400960 -0.207005 0.344958 -0.685781 2.765202 0.493760 0.105500 -0.076991 38.750000
5.091541 -0.572780 0.319383 -0.681224 2.758618 0.523705 0.104312 -0.177042 38.800000
4.908712 -0.123504 0.292585 -0.675900 2.743980 0.548401 0.106384 -0.387350 38.850000
5.254851 0.184045 0.264767 -0.669806 2.726606 0.569934 0.109679 -0.315939 38.900000
4.873044 -0.066381 0.235942 -0.662937 2.715330 0.594645 0.110603 -0.152303 38.950000
5.396852 0.220017 0.206144 -0.655337 2.707222 0.615257 0.110336 -0.170588 39.000000
4.469151 0.486799 0.175385 -0.647012 2.701704 0.640260 0.109033 -0.061126 39.050000
4.900823 0.940203 0.143769 -0.638055 2.703442 0.656682 0.104497 0.114271 39.100000
4.681245 0.779154 0.111381 -0.628612 2.717128 0.678004 0.094393 0.404201 39.150000
5.192867 0.410734 0.078138 -0.618799 2.739843 0.697227 0.080037 0.495845 39.200000
4.754094 0.207722 0.043979 -0.608689 2.761906 0.719884 0.066185 0.398814 39.250000
5.064906 0.199265 0.008939 -0.598307 2.778262 0.736679 0.055462 0.270187 39.300000
5.698756 0.268175 -0.026903 -0.587666 2.789885 0.755105 0.047409 0.202538 39.350000
4.930771 0.727086 -0.063710 -0.576701 2.799883 0.778405 0.040338 0.198598 39.400000
4.087504 0.717233 -0.101420 -0.565475 2.815144 0.793727 0.030395 0.392951 39.450000
3.870744 1.122478 -0.139679 -0.554229 2.837670 0.800559 0.016554 0.498546 39.500000
3.570545 0.954569 -0.178259 -0.543157 2.868893 0.804682 -0.001894 0.726713 39.550000
2.883150 1.419444 -0.217054 -0.532432 2.906763 0.804885 -0.023565 0.784370 39.600000
2.012784 1.781454 -0.255830 -0.522216 2.952227 0.797137 -0.048746 1.009482 39.650000
1.471340 1.985842 -0.294218 -0.512729 3.009925 0.778873 -0.079517 1.267821 39.700000
2.335688 2.378809 -0.331857 -0.504162 3.079093 0.752298 -0.114569 1.473848 39.750000
3.055800 2.238209 -0.368759 -0.496618 -3.123396 0.729333 -0.153296 1.721238 39.800000
3.165358 2.402040 -0.405184 -0.490189 -3.035592 0.708082 -0.193049 1.785414 39.850000
3.643401 2.627402 -0.441189 -0.484930 -2.943523 0.682849 -0.232081 1.885368 39.900000
2.792623 2.717823 -0.476753 -0.480907 -2.845505 0.656249 -0.270892 2.017257 39.950000
1.853693 3.000000 -0.511612 -0.478105 -2.742056 0.615687 -0.308442 2.107742 40.000000
1.883289 2.962111 -0.545221 -0.476324 -2.632725 0.560424 -0.343588 2.242723 40.050000
1.063920 2.633324 -0.577277 -0.475353 -2.519614 0.501006 -0.374438 2.275131 40.100000
0.283742 2.990803 -0.607617 -0.474906 -2.409015 0.433554 -0.398223 2.165079 40.150000
0.000000 3.000000 -0.636042 -0.474554 -2.298550 0.358584 -0.415501 2.236770 40.200000
0.518637 3.000000 -0.662505 -0.473928 -2.186305 0.280838 -0.426549 2.246040 40.250000
0.000000 3.000000 -0.687224 -0.472909 -2.074371 0.209960 -0.431202 2.228913 40.300000
0.110850 2.753392 -0.710420 -0.471371 -1.963578 0.137431 -0.429825 2.201741 40.350000
0.000000 2.646802 -0.732287 -0.469169 -1.856761 0.071645 -0.422745 2.085485 40.400000
0.836918 2.959864 -0.753068 -0.466304 -1.755225 0.011663 -0.410981 1.987597 40.450000
1.105837 3.000000 -0.772994 -0.462980 -1.654018 -0.036255 -0.395745 2.047239 40.500000
1.225137 2.617585 -0.792250 -0.459475 -1.550894 -0.078600 -0.377724 2.070925 40.550000
0.769897 2.608658 -0.810944 -0.455930 -1.451243 -0.113849 -0.357733 1.935511 40.600000
1.551501 2.494753 -0.829159 -0.452362 -1.356168 -0.147055 -0.336456 1.875577 40.650000
1.251047 2.100342 -0.846920 -0.448935 -1.264322 -0.167520 -0.314485 1.808413 40.700000
2.241776 2.163933 -0.864211 -0.445838 -1.178803 -0.184680 -0.292856 1.638492 40.750000
2.956678 2.145793 -0.880937 -0.443286 -1.098119 -0.187671 -0.272029 1.595915 40.800000
2.944479 2.320044 -0.896878 -0.441658 -1.018934 -0.181156 -0.252239 1.575545 40.850000
2.105396 2.490266 -0.911895 -0.441065 -0.938462 -0.173359 -0.233392 1.635241 40.900000
2.994491 2.259227 -0.926055 -0.441293 -0.854159 -0.172793 -0.214969 1.723836 40.950000
2.331001 2.023955 -0.939296 -0.442299 -0.769325 -0.162084 -0.197459 1.677622 41.000000
2.704101 2.237101 -0.951523 -0.444073 -0.688368 -0.155041 -0.181531 1.576707 41.050000
1.857521 2.676198 -0.962718 -0.446503 -0.608370 -0.142899 -0.166824 1.617794 41.100000
1.322384 2.794469 -0.972943 -0.449460 -0.522338 -0.138821 -0.152486 1.796217 41.150000
2.132365 2.843071 -0.982463 -0.452719 -0.429281 -0.139577 -0.138039 1.908395 41.200000
2.451510 2.408403 -0.991198 -0.456266 -0.332105 -0.131706 -0.123931 1.969258 41.250000
2.989595 2.348618 -0.998870 -0.460134 -0.237434 -0.119007 -0.111236 1.839182 41.300000
3.457122 2.537448 -1.005249 -0.464266 -0.147465 -0.099614 -0.100434 1.770975 41.350000
4.430768 2.046483 -1.010092 -0.468571 -0.057649 -0.075386 -0.091423 1.815260 41.400000
5.325910 2.210935 -1.013082 -0.472908 0.028528 -0.041632 -0.084710 1.657069 41.450000
5.825553 2.414115 -1.013825 -0.477077 0.111384 0.000179 -0.080620 1.657726 41.500000
5.776054 2.538923 -1.012091 -0.480824 0.196470 0.045138 -0.079283 1.734474 41.550000
6.000000 2.595013 -1.007914 -0.483891 0.285414 0.087520 -0.080825 1.811744 41.600000
6.000000 2.714404 -1.001430 -0.486020 0.377496 0.129669 -0.085235 1.863947 41.650000
6.000000 2.915174 -0.992793 -0.486958 0.472569 0.169123 -0.092494 1.929235 41.700000
6.000000 2.781373 -0.982247 -0.486488 0.571885 0.205380 -0.102644 2.028094 41.750000
5.362940 2.908341 -0.970061 -0.484415 0.673056 0.238436 -0.115176 2.021081 41.800000
6.000000 2.918304 -0.956634 -0.480683 0.775443 0.262240 -0.129550 2.067790 41.850000
6.000000 2.872958 -0.942255 -0.475174 0.879539 0.288607 -0.145595 2.093242 41.900000
5.876082 2.458204 -0.927121 -0.467710 0.984136 0.311475 -0.163015 2.092387 41.950000
6.000000 2.461319 -0.911544 -0.458278 1.084632 0.330777 -0.180440 1.952343 42.000000
5.028749 2.093214 -0.895783 -0.446875 1.180933 0.349186 -0.197606 1.908566 42.050000
4.879538 1.672347 -0.880149 -0.433715 1.272204 0.357071 -0.213793 1.766290 42.100000
4.434464 1.236353 -0.864896 -0.419083 1.354641 0.364042 -0.227617 1.563454 42.150000
4.219473 1.172558 -0.850155 -0.403151 1.425940 0.368743 -0.238387 1.324169 42.200000
4.801956 1.037101 -0.836009 -0.386095 1.488664 0.373151 -0.246757 1.202464 42.250000
5.027193 1.235192 -0.822510 -0.367861 1.545894 0.384001 -0.253694 1.101358 42.300000
4.371136 1.619682 -0.809720 -0.348308 1.601945 0.396382 -0.260552 1.136994 42.350000
5.206219 1.400916 -0.797735 -0.327620 1.663498 0.399625 -0.269054 1.303026 42.400000
5.482093 1.612641 -0.786682 -0.305863 1.728411 0.408502 -0.278471 1.295660 42.450000
6.000000 1.185373 -0.776693 -0.282880 1.795491 0.417894 -0.288631 1.377225 42.500000
6.000000 0.869544 -0.767915 -0.258610 1.860872 0.431486 -0.298437 1.256535 42.550000
6.000000 1.074724 -0.760460 -0.233024 1.918940 0.446740 -0.306271 1.090205 42.600000
6.000000 1.300504 -0.754389 -0.206201 1.973735 0.462157 -0.313432 1.101586 42.650000
6.000000 1.752471 -0.749776 -0.178269 2.031553 0.475071 -0.321914 1.199411 42.700000
5.552654 1.563730 -0.746708 -0.149405 2.097749 0.482968 -0.333404 1.418925 42.750000
5.741156 1.386112 -0.745217 -0.119912 2.169430 0.482774 -0.346520 1.445574 42.800000
5.594921 0.929967 -0.745324 -0.090003 2.240233 0.483523 -0.358870 1.395004 42.850000
6.000000 0.686113 -0.747066 -0.059778 2.304578 0.485006 -0.368586 1.206223 42.900000
6.000000 0.252815 -0.750501 -0.029244 2.360011 0.493962 -0.375088 1.035171 42.950000
5.882245 0.706983 -0.755710 0.001635 2.404932 0.507548 -0.378042 0.793378 43.000000
6.000000 0.621269 -0.762677 0.032813 2.446555 0.521017 -0.380165 0.863972 43.050000
6.000000 0.526739 -0.771398 0.064178 2.489852 0.534018 -0.383223 0.868523 43.100000
6.000000 0.725449 -0.781885 0.095640 2.532405 0.546694 -0.386275 0.838563 43.150000
5.902255 0.897621 -0.794124 0.127100 2.576252 0.557970 -0.390106 0.907851 43.200000
5.189418 0.656370 -0.808073 0.158409 2.624561 0.565220 -0.395879 1.012231 43.250000
4.737213 0.246549 -0.823535 0.189335 2.673955 0.564590 -0.401971 0.969611 43.300000
4.120414 0.428132 -0.840253 0.219691 2.717399 0.562719 -0.405394 0.790735 43.350000
4.982701 0.783842 -0.857999 0.249382 2.756576 0.557399 -0.406902 0.777686 43.400000
5.563721 0.811363 -0.876806 0.278387 2.799240 0.558258 -0.409699 0.912477 43.450000
5.946875 0.683583 -0.896941 0.306721 2.846988 0.561424 -0.414477 0.988447 43.500000
6.000000 1.035332 -0.918565 0.334343 2.896068 0.566939 -0.419755 0.977202 43.550000
6.000000 1.240134 -0.941720 0.361178 2.948732 0.570272 -0.426472 1.112514 43.600000
6.000000 1.735701 -0.966326 0.387076 3.008378 0.568828 -0.435815 1.254769 43.650000
6.000000 2.066158 -0.992261 0.411864 3.078258 0.560428 -0.448744 1.505085 43.700000
5.944990 1.996752 -1.019353 0.435341 -3.123195 0.543663 -0.465235 1.730181 43.750000
6.000000 1.784884 -1.047404 0.457334 -3.034876 0.520999 -0.482450 1.792489 43.800000
5.188344 1.541541 -1.076270 0.477736 -2.946815 0.498025 -0.497491 1.737860 43.850000
5.194857 2.041438 -1.105686 0.496531 -2.863182 0.469900 -0.508845 1.623448 43.900000
6.000000 1.632046 -1.135400 0.513737 -2.778203 0.440850 -0.518553 1.753652 43.950000
6.000000 1.178997 -1.165470 0.529252 -2.693506 0.419654 -0.526266 1.648976 44.000000
6.000000 0.925640 -1.196017 0.542975 -2.617155 0.404613 -0.530139 1.435638 44.050000
6.000000 0.641283 -1.227040 0.554868 -2.550688 0.397049 -0.530442 1.248775 44.100000
6.000000 0.570300 -1.258542 0.564891 -2.493664 0.396644 -0.527877 1.057744 44.150000
5.628171 0.888920 -1.290520 0.573008 -2.443978 0.401737 -0.523430 0.944532 44.200000
4.736750 0.566037 -1.322858 0.579252 -2.394703 0.403754 -0.519183 1.016989 44.250000
5.478889 0.618989 -1.355245 0.583818 -2.346512 0.398465 -0.514698 0.922007 44.300000
4.499560 0.291533 -1.387615 0.586718 -2.301106 0.402517 -0.509573 0.897345 44.350000
4.109759 0.715127 -1.419899 0.587995 -2.260221 0.400760 -0.503364 0.754964 44.400000
4.110239 1.047758 -1.451876 0.587889 -2.219729 0.396059 -0.497203 0.851907 44.450000
4.912361 1.400882 -1.483413 0.586502 -2.172267 0.387168 -0.493022 1.023553 44.500000
4.760122 1.536395 -1.514493 0.583729 -2.115119 0.379822 -0.491372 1.233321 44.550000
4.326855 1.570860 -1.545050 0.579506 -2.049490 0.365777 -0.491586 1.371161 44.600000
5.261078 1.702628 -1.574894 0.574014 -1.979045 0.345029 -0.492185 1.435501 44.650000
5.904696 1.617489 -1.603977 0.567193 -1.905243 0.331493 -0.492715 1.505133 44.700000
6.000000 1.458509 -1.632329 0.558747 -1.830165 0.323582 -0.492951 1.498296 44.750000
5.042408 1.312720 -1.659893 0.548548 -1.757080 0.318217 -0.492360 1.434014 44.800000
5.189950 1.658099 -1.686541 0.536823 -1.687771 0.306801 -0.490510 1.349334 44.850000
4.270235 2.022877 -1.712167 0.523787 -1.617714 0.296894 -0.488386 1.439022 44.900000
4.393727 1.685104 -1.736680 0.509711 -1.540957 0.274585 -0.486902 1.604544 44.950000
4.130896 1.552650 -1.760003 0.494878 -1.462578 0.253434 -0.484561 1.538499 45.000000
4.490948 1.680102 -1.782114 0.479347 -1.388005 0.233492 -0.480498 1.454821 45.050000
5.119973 1.377982 -1.802982 0.463111 -1.315044 0.219174 -0.475424 1.461191 45.100000
4.411828 1.228587 -1.822512 0.445982 -1.245240 0.213816 -0.469523 1.346780 45.150000
5.284206 0.851070 -1.840667 0.427999 -1.180955 0.206168 -0.462690 1.238795 45.200000
5.370489 1.140224 -1.857379 0.409137 -1.124476 0.212400 -0.454899 1.046461 45.250000
4.603223 0.925518 -1.872508 0.389206 -1.071389 0.221850 -0.447213 1.073892 45.300000
3.989202 0.939092 -1.886088 0.368426 -1.019673 0.225170 -0.439813 1.003877 45.350000
3.538498 0.521327 -1.898255 0.347130 -0.970245 0.224526 -0.432369 0.976426 45.400000
3.593098 0.084493 -1.909126 0.325556 -0.926427 0.223492 -0.424255 0.798187 45.450000
4.025326 0.211600 -1.918732 0.303749 -0.893802 0.229876 -0.414702 0.537468 45.500000
3.634384 -0.043575 -1.926983 0.281572 -0.869087 0.244841 -0.404423 0.460374 45.550000
2.797664 -0.148627 -1.933876 0.259011 -0.850020 0.258989 -0.393749 0.318114 45.600000
2.740740 0.179920 -1.939607 0.236267 -0.837368 0.268463 -0.382419 0.200166 45.650000
2.985371 0.532549 -1.944331 0.213481 -0.825308 0.277528 -0.371477 0.274722 45.700000
2.606702 0.471949 -1.948048 0.190658 -0.806414 0.285283 -0.362377 0.461154 45.750000
3.209829 0.400844 -1.950814 0.167894 -0.781382 0.286454 -0.354901 0.531954 45.800000
2.907321 0.844668 -1.952610 0.145198 -0.754606 0.292593 -0.348113 0.538399 45.850000
2.171364 1.191551 -1.953403 0.122561 -0.722596 0.293457 -0.342738 0.720519 45.900000
1.669526 1.004306 -1.953406 0.100227 -0.680277 0.282883 -0.339557 0.943770 45.950000
1.781006 0.670817 -1.952871 0.078456 -0.632318 0.265645 -0.337158 0.969996 46.000000
1.885388 0.687874 -1.951883 0.057304 -0.587262 0.251622 -0.333769 0.846775 46.050000
2.039356 1.129821 -1.950395 0.036704 -0.546451 0.241257 -0.329368 0.791616 46.100000
2.508764 0.801097 -1.948362 0.016614 -0.502775 0.231688 -0.325327 0.936551 46.150000
2.483595 0.316036 -1.945677 -0.003015 -0.457735 0.226492 -0.321410 0.872604 46.200000
1.812547 -0.073093 -1.942246 -0.022234 -0.420382 0.224854 -0.316278 0.648257 46.250000
1.626757 0.335159 -1.938188 -0.041020 -0.395479 0.222619 -0.309293 0.377625 46.300000
2.518033 0.180616 -1.933656 -0.059345 -0.375852 0.221167 -0.301704 0.404205 46.350000
2.752432 0.442250 -1.928497 -0.077281 -0.357041 0.228577 -0.294291 0.353714 46.400000
3.670094 0.095528 -1.922482 -0.094921 -0.337081 0.237605 -0.287450 0.436031 46.450000
3.780314 0.183633 -1.915384 -0.112333 -0.318014 0.255328 -0.280869 0.337799 46.500000
4.616067 -0.217355 -1.906997 -0.129587 -0.301480 0.274501 -0.274300 0.325526 46.550000
5.190494 -0.174369 -1.897137 -0.146735 -0.289920 0.302657 -0.267199 0.155201 46.600000
4.563475 -0.108889 -1.885516 -0.163885 -0.284113 0.337199 -0.259306 0.085128 46.650000
4.152310 -0.006434 -1.872199 -0.181035 -0.280060 0.365219 -0.251390 0.078443 46.700000
3.981294 -0.152168 -1.857478 -0.198108 -0.274976 0.388002 -0.244107 0.121304 46.750000
4.969760 -0.477498 -1.841539 -0.215051 -0.269906 0.408341 -0.237145 0.085372 46.800000
4.570334 -0.613007 -1.824233 -0.231924 -0.269942 0.438696 -0.228959 -0.071383 46.850000
4.483587 -0.827847 -1.805469 -0.248811 -0.277453 0.466378 -0.218652 -0.214650 46.900000
5.035706 -0.405083 -1.785404 -0.265748 -0.292795 0.494260 -0.205872 -0.381691 46.950000
4.673307 -0.333481 -1.763988 -0.282839 -0.309484 0.526218 -0.192752 -0.295058 47.000000
4.475717 -0.565518 -1.741260 -0.300107 -0.322153 0.552213 -0.181288 -0.219646 47.050000
3.508628 -0.895472 -1.717412 -0.317511 -0.334722 0.575087 -0.170024 -0.277643 47.100000
2.840841 -0.501964 -1.692760 -0.335007 -0.353316 0.589164 -0.156479 -0.448875 47.150000
2.552567 -0.635147 -1.667710 -0.352536 -0.373862 0.596510 -0.142455 -0.381605 47.200000
3.063827 -0.826903 -1.642504 -0.370034 -0.393624 0.600355 -0.129162 -0.407473 47.250000
3.854312 -0.839888 -1.617118 -0.387553 -0.416690 0.608958 -0.114809 -0.505780 47.300000
4.704044 -0.450344 -1.591312 -0.405274 -0.443662 0.624626 -0.099032 -0.567621 47.350000
3.961459 -0.366808 -1.564793 -0.423399 -0.468646 0.646720 -0.084355 -0.446552 47.400000
3.060417 -0.248225 -1.537596 -0.441924 -0.488421 0.660002 -0.072287 -0.355529 47.450000
4.043492 -0.352846 -1.510097 -0.460644 -0.503633 0.663668 -0.062663 -0.263661 47.500000
4.190123 -0.184699 -1.482296 -0.479551 -0.516764 0.675946 -0.054267 -0.262614 47.550000
4.411320 -0.169048 -1.453989 -0.498772 -0.528027 0.688800 -0.046955 -0.195484 47.600000
4.923308 0.197166 -1.425127 -0.518330 -0.536686 0.702907 -0.041073 -0.155489 47.650000
5.756850 0.224059 -1.395581 -0.538284 -0.539639 0.720807 -0.038204 0.020343 47.700000
4.932489 0.661159 -1.365086 -0.558718 -0.535588 0.745305 -0.039045 0.131341 47.750000
3.949208 0.254839 -1.333644 -0.579537 -0.522223 0.760573 -0.044928 0.378795 47.800000
3.390000 0.347099 -1.301606 -0.600408 -0.504194 0.765639 -0.053210 0.346965 47.850000
4.203101 0.418711 -1.269294 -0.621113 -0.486138 0.765105 -0.061259 0.373587 47.900000
5.079074 0.291229 -1.236651 -0.641646 -0.466134 0.771750 -0.070144 0.422645 47.950000
5.210757 0.414416 -1.203325 -0.662142 -0.445608 0.785935 -0.079157 0.402107 48.000000
5.920862 0.542640 -1.169122 -0.682657 -0.424244 0.800382 -0.088553 0.448959 48.050000
5.938632 0.713037 -1.133880 -0.703194 -0.399495 0.820059 -0.099851 0.533649 48.100000
6.000000 0.288146 -1.097460 -0.723708 -0.369477 0.837861 -0.114211 0.655634 48.150000
5.745951 0.143789 -1.059871 -0.744081 -0.339528 0.854897 -0.128375 0.556343 48.200000
6.000000 -0.108072 -1.021198 -0.764260 -0.314503 0.869222 -0.139360 0.457754 48.250000
6.000000 0.135833 -0.981480 -0.784248 -0.295709 0.886176 -0.146339 0.311228 48.300000
5.865977 0.498966 -0.940704 -0.804079 -0.279349 0.902721 -0.151777 0.341386 48.350000
6.000000 0.976995 -0.898933 -0.823681 -0.257540 0.915992 -0.160752 0.514057 48.400000
6.000000 0.540460 -0.856201 -0.842890 -0.223773 0.926814 -0.177475 0.805534 48.450000
6.000000 0.818010 -0.812518 -0.861501 -0.184068 0.934817 -0.197738 0.788533 48.500000
6.000000 1.095487 -0.767937 -0.879398 -0.141425 0.940515 -0.219472 0.906525 48.550000
5.095028 0.908346 -0.722526 -0.896423 -0.091096 0.942167 -0.245725 1.087780 48.600000
5.650744 0.814613 -0.676588 -0.912375 -0.036008 0.931842 -0.274053 1.116363 48.650000
5.487860 1.054576 -0.630282 -0.927146 0.019556 0.924870 -0.301355 1.111198 48.700000
6.000000 0.570879 -0.583601 -0.940663 0.078047 0.913378 -0.329258 1.218010 48.750000
6.000000 0.347668 -0.536561 -0.952826 0.135403 0.905548 -0.354999 1.096435 48.800000
6.000000 0.800451 -0.489095 -0.963618 0.186572 0.899322 -0.375556 0.969862 48.850000
5.411124 1.122414 -0.441254 -0.973028 0.238669 0.891474 -0.395753 1.099786 48.900000
5.025952 1.576252 -0.393310 -0.980989 0.299047 0.872392 -0.419932 1.291551 48.950000
4.071768 1.492841 -0.345675 -0.987443 0.371044 0.841567 -0.449266 1.552571 49.000000
3.593952 1.027027 -0.298859 -0.992417 0.450978 0.795324 -0.480161 1.633287 49.050000
4.398420 0.664446 -0.253273 -0.996072 0.528645 0.745102 -0.505920 1.493394 49.100000
3.937632 0.514603 -0.208811 -0.998456 0.597716 0.708177 -0.523876 1.296566 49.150000
3.920475 0.915247 -0.165314 -0.999603 0.658404 0.673174 -0.535292 1.149227 49.200000
3.085989 0.434593 -0.122818 -0.999620 0.718190 0.639298 -0.544403 1.229006 49.250000
3.141487 0.166944 -0.081484 -0.998670 0.775162 0.600578 -0.550371 1.068295 49.300000
2.658959 -0.086545 -0.041346 -0.996899 0.823309 0.570296 -0.551042 0.878892 49.350000
3.245991 0.386675 -0.002330 -0.994387 0.861660 0.544170 -0.546840 0.676590 49.400000
3.341335 0.211264 0.035694 -0.991107 0.897783 0.526447 -0.541367 0.756457 49.450000
2.504210 0.101332 0.072833 -0.986954 0.934512 0.510166 -0.535870 0.715466 49.500000
2.949630 0.396283 0.109009 -0.982075 0.968266 0.489230 -0.529028 0.640800 49.550000
2.015373 0.499514 0.144210 -0.976545 1.002358 0.473351 -0.522120 0.712270 49.600000
1.462344 0.507520 0.178369 -0.970486 1.039855 0.447358 -0.516069 0.776814 49.650000
2.205406 0.964400 0.211307 -0.964217 1.079348 0.416206 -0.510085 0.796985 49.700000
1.511217 0.780195 0.243061 -0.957720 1.124234 0.389795 -0.505068 0.973405 49.750000
1.766060 1.272459 0.273628 -0.951031 1.172877 0.355745 -0.500251 0.969331 49.800000
2.306398 1.057721 0.302990 -0.944268 1.226370 0.322457 -0.495623 1.143964 49.850000
2.045876 1.483504 0.331218 -0.937304 1.283137 0.293669 -0.490690 1.126195 49.900000
2.513747 1.060958 0.358361 -0.930102 1.343571 0.261562 -0.485438 1.268485 49.950000
