-0.349309 -0.378440 -0.903864 -0.584637 -0.275271 0.452272 0.000000 0.423921 0.000000
0.290252 0.078941 -0.882594 -0.590599 -0.263680 0.431456 -0.003656 0.075445 0.050000
1.135500 -0.008722 -0.862151 -0.596293 -0.259840 0.417421 -0.004694 0.077976 0.100000
1.398579 -0.486089 -0.842174 -0.601833 -0.256920 0.411797 -0.005398 0.042281 0.150000
2.356801 -0.044043 -0.822400 -0.607309 -0.260945 0.408886 -0.004031 -0.181856 0.200000
2.077202 -0.393142 -0.802558 -0.612837 -0.268331 0.414988 -0.001729 -0.119889 0.250000
2.541595 -0.513588 -0.782501 -0.618465 -0.277458 0.418225 0.001046 -0.233998 0.300000
2.753902 -0.555657 -0.762208 -0.624234 -0.292278 0.425571 0.005476 -0.347379 0.350000
3.105954 -0.221691 -0.741554 -0.630229 -0.311827 0.434435 0.011291 -0.426575 0.400000
2.544556 -0.219015 -0.720444 -0.636517 -0.330534 0.446075 0.016774 -0.332241 0.450000
2.382236 -0.217474 -0.698949 -0.643074 -0.345781 0.452001 0.021085 -0.283142 0.500000
3.049180 0.205621 -0.677245 -0.649838 -0.359231 0.456154 0.024724 -0.257795 0.550000
3.166259 0.368266 -0.655229 -0.656841 -0.366876 0.466480 0.026388 -0.067017 0.600000
3.856047 0.435748 -0.632728 -0.664098 -0.365408 0.477788 0.024986 0.109146 0.650000
4.727111 0.330184 -0.609561 -0.671617 -0.356451 0.495263 0.021021 0.236732 0.700000
5.549229 0.057185 -0.585396 -0.679462 -0.343888 0.520140 0.015759 0.263443 0.750000
6.000000 0.096934 -0.559895 -0.687724 -0.333430 0.551502 0.011244 0.165145 0.800000
5.459178 -0.282888 -0.532836 -0.696477 -0.326160 0.585656 0.007921 0.129484 0.850000
6.000000 -0.667938 -0.504309 -0.705701 -0.324639 0.613301 0.007029 -0.051479 0.900000
5.649040 -0.469040 -0.474396 -0.715441 -0.334495 0.644672 0.011255 -0.316770 0.950000
5.730809 -0.529584 -0.443157 -0.725800 -0.352059 0.671237 0.019125 -0.380111 1.000000
6.000000 -0.318012 -0.410741 -0.736815 -0.372789 0.697135 0.028601 -0.443551 1.050000
6.000000 -0.622896 -0.377157 -0.748558 -0.393604 0.724164 0.038173 -0.395659 1.100000
5.117870 -0.747808 -0.342428 -0.761077 -0.416318 0.749650 0.048832 -0.502823 1.150000
4.613707 -1.153154 -0.306847 -0.774349 -0.444573 0.765085 0.062448 -0.616513 1.200000
5.560763 -0.673685 -0.270819 -0.788328 -0.481740 0.773715 0.080743 -0.845410 1.250000
5.666572 -0.216120 -0.234377 -0.803165 -0.522038 0.789418 0.100444 -0.777898 1.300000
6.000000 0.226792 -0.197377 -0.818988 -0.555190 0.805519 0.115844 -0.574637 1.350000
5.964870 0.288627 -0.159746 -0.835793 -0.576280 0.825442 0.124115 -0.300429 1.400000
6.000000 0.101335 -0.121399 -0.853525 -0.586704 0.845834 0.126068 -0.134041 1.450000
6.000000 -0.130204 -0.082326 -0.872110 -0.593126 0.866335 0.125688 -0.124217 1.500000
6.000000 0.325396 -0.042559 -0.891529 -0.601923 0.885536 0.126910 -0.218921 1.550000
6.000000 0.172000 -0.002159 -0.911781 -0.609082 0.904173 0.127128 -0.081424 1.600000
5.101710 0.047178 0.038869 -0.932814 -0.612869 0.922576 0.125258 -0.071145 1.650000
4.929331 0.363717 0.080326 -0.954478 -0.617729 0.931677 0.124205 -0.118697 1.700000
4.280349 0.158212 0.121981 -0.976617 -0.620700 0.939108 0.121939 -0.010246 1.750000
4.033825 -0.318654 0.163691 -0.999080 -0.621896 0.940499 0.118587 -0.034740 1.800000
3.746239 -0.009296 0.205263 -1.021755 -0.629535 0.938511 0.119681 -0.249779 1.850000
3.595165 -0.319138 0.246529 -1.044637 -0.641723 0.933175 0.123732 -0.239403 1.900000
3.077910 -0.275036 0.287384 -1.067692 -0.657171 0.926033 0.129758 -0.366158 1.950000
3.038994 -0.189176 0.327663 -1.090874 -0.676926 0.913483 0.138285 -0.419463 2.000000
2.830269 0.172075 0.367246 -1.114134 -0.697803 0.900677 0.147061 -0.417025 2.050000
3.127048 0.538557 0.406108 -1.137438 -0.714580 0.887125 0.152717 -0.270097 2.100000
4.088420 0.876245 0.444355 -1.160757 -0.721690 0.878846 0.151956 -0.036848 2.150000
3.732642 0.429854 0.482340 -1.184210 -0.715930 0.882440 0.143124 0.241540 2.200000
3.132231 0.102176 0.520284 -1.207801 -0.704644 0.883520 0.131138 0.214571 2.250000
2.770696 -0.083046 0.558025 -1.231367 -0.697937 0.878050 0.122466 0.069461 2.300000
3.033677 0.378466 0.595345 -1.254810 -0.698734 0.868193 0.118798 -0.085891 2.350000
3.724640 -0.115874 0.632194 -1.278161 -0.699970 0.861138 0.115503 0.026578 2.400000
2.784778 -0.528189 0.668774 -1.301559 -0.702617 0.860575 0.113206 -0.118357 2.450000
2.293230 -0.692062 0.704986 -1.325018 -0.715513 0.849733 0.117226 -0.371945 2.500000
1.489641 -0.258788 0.740480 -1.348410 -0.739762 0.832802 0.127779 -0.576602 2.550000
2.194688 0.151474 0.774974 -1.371600 -0.766707 0.808313 0.139175 -0.509870 2.600000
3.117740 0.428180 0.808503 -1.394570 -0.786677 0.792429 0.145805 -0.310894 2.650000
4.058993 0.295294 0.841451 -1.417546 -0.796142 0.787757 0.146140 -0.089775 2.700000
4.754825 0.405086 0.874226 -1.440791 -0.798791 0.793355 0.142636 -0.022217 2.750000
3.955756 0.561886 0.907138 -1.464545 -0.797526 0.805916 0.137036 0.065112 2.800000
4.792694 0.659839 0.940208 -1.488739 -0.791020 0.811458 0.128599 0.184593 2.850000
3.911144 1.151855 0.973496 -1.513321 -0.778730 0.825387 0.117030 0.297007 2.900000
2.967108 1.435110 1.007064 -1.538199 -0.756414 0.831772 0.099838 0.568486 2.950000
3.506733 1.400979 1.040725 -1.562947 -0.720691 0.830085 0.075265 0.832767 3.000000
3.338237 0.950619 1.074522 -1.587363 -0.675497 0.832940 0.045906 0.963088 3.050000
3.613293 1.216809 1.108563 -1.611400 -0.630177 0.832354 0.017454 0.866303 3.100000
3.521577 1.465658 1.142849 -1.635019 -0.584790 0.832631 -0.010084 0.943659 3.150000
2.762776 1.185505 1.177423 -1.658150 -0.533455 0.830077 -0.040186 1.094659 3.200000
3.209858 1.019620 1.212120 -1.680572 -0.479425 0.818304 -0.070571 1.073827 3.250000
2.221797 1.400234 1.246854 -1.702199 -0.427410 0.809295 -0.098346 1.018090 3.300000
1.473625 1.338211 1.281474 -1.722952 -0.372699 0.789154 -0.126173 1.155760 3.350000
2.291910 1.474353 1.315585 -1.742609 -0.313526 0.760020 -0.154537 1.207409 3.400000
2.334834 1.460790 1.349178 -1.761143 -0.250748 0.736636 -0.182741 1.294773 3.450000
1.480233 1.333851 1.382404 -1.778581 -0.184813 0.711435 -0.210505 1.339146 3.500000
1.398342 1.393720 1.415029 -1.794879 -0.118464 0.676879 -0.236096 1.319458 3.550000
1.119360 0.957168 1.446798 -1.810039 -0.051946 0.640781 -0.259200 1.339564 3.600000
2.092494 0.604383 1.477609 -1.824120 0.010647 0.603156 -0.277999 1.185784 3.650000
2.868514 0.546689 1.507651 -1.837232 0.064207 0.578259 -0.290936 0.983443 3.700000
3.344657 0.643463 1.537377 -1.849454 0.110152 0.563850 -0.299573 0.868998 3.750000
3.066645 0.524218 1.567098 -1.860801 0.153183 0.555166 -0.306373 0.854290 3.800000
3.172956 0.860192 1.596850 -1.871273 0.194390 0.544665 -0.311921 0.800569 3.850000
2.295449 0.499359 1.626577 -1.880873 0.237428 0.534487 -0.317685 0.907610 3.900000
1.704458 0.008477 1.656066 -1.889629 0.280203 0.516390 -0.322697 0.814396 3.950000
0.973896 -0.470886 1.685018 -1.897662 0.314123 0.497245 -0.323762 0.570162 4.000000
0.479333 -0.427372 1.713244 -1.905138 0.333657 0.478431 -0.319337 0.244655 4.050000
0.343668 -0.110963 1.740613 -1.912225 0.341430 0.460967 -0.310888 0.080731 4.100000
0.174885 0.250362 1.767078 -1.919015 0.346482 0.444168 -0.301768 0.116181 4.150000
0.988244 0.045424 1.792600 -1.925535 0.356854 0.424394 -0.294549 0.280486 4.200000
1.704927 -0.142350 1.817317 -1.931722 0.370818 0.411644 -0.288536 0.277262 4.250000
1.659367 -0.220874 1.841592 -1.937455 0.382371 0.407106 -0.281942 0.192703 4.300000
1.274661 -0.026104 1.865610 -1.942702 0.389753 0.404005 -0.274345 0.109990 4.350000
0.669366 -0.208278 1.889308 -1.947521 0.396182 0.397881 -0.266723 0.143048 4.400000
0.822671 -0.125049 1.912486 -1.952013 0.401619 0.386805 -0.259051 0.079526 4.450000
0.000000 -0.367399 1.935082 -1.956234 0.405489 0.378191 -0.251184 0.074755 4.500000
0.685397 -0.667315 1.956984 -1.960258 0.406207 0.363381 -0.242729 -0.036811 4.550000
0.680208 -1.147673 1.978228 -1.964119 0.399033 0.358065 -0.232533 -0.231896 4.600000
1.255276 -1.264222 1.999042 -1.967790 0.378917 0.356751 -0.219414 -0.540442 4.650000
0.418393 -1.217375 2.019640 -1.971278 0.346128 0.364050 -0.203451 -0.747663 4.700000
0.742878 -1.147715 2.040014 -1.974662 0.306359 0.364388 -0.186150 -0.833753 4.750000
1.719775 -1.472992 2.060071 -1.978024 0.264190 0.367368 -0.168778 -0.851833 4.800000
1.887700 -1.592542 2.080108 -1.981321 0.217671 0.379223 -0.150618 -0.992044 4.850000
1.166091 -1.238056 2.100388 -1.984562 0.164854 0.392172 -0.130943 -1.106612 4.900000
0.849282 -1.480909 2.120763 -1.987847 0.111828 0.396544 -0.111571 -1.026326 4.950000
1.187240 -1.823967 2.140957 -1.991243 0.058753 0.396439 -0.092768 -1.089702 5.000000
0.679875 -1.533056 2.160958 -1.994795 -0.000394 0.398765 -0.072841 -1.255097 5.050000
0.453506 -1.358808 2.180700 -1.998553 -0.062184 0.394918 -0.052885 -1.222524 5.100000
0.794741 -1.783474 2.199982 -2.002518 -0.121155 0.387363 -0.034647 -1.147860 5.150000
0.091653 -1.935316 2.218807 -2.006687 -0.182346 0.381912 -0.016690 -1.282533 5.200000
0.244852 -1.541558 2.237066 -2.011061 -0.249872 0.368700 0.001944 -1.402723 5.250000
0.000000 -1.109805 2.254611 -2.015614 -0.317345 0.355796 0.019306 -1.310449 5.300000
0.945423 -0.991839 2.271420 -2.020289 -0.377178 0.339970 0.033492 -1.111018 5.350000
0.869098 -0.737267 2.287665 -2.025088 -0.429008 0.332945 0.044788 -0.979988 5.400000
0.000000 -0.309535 2.303548 -2.030048 -0.473565 0.325269 0.053720 -0.822546 5.450000
0.271555 -0.151402 2.318893 -2.035033 -0.507859 0.310167 0.059665 -0.578301 5.500000
0.000000 -0.514264 2.333626 -2.039937 -0.531604 0.298847 0.062793 -0.392117 5.550000
0.000000 -0.726657 2.347791 -2.044735 -0.552680 0.285596 0.065051 -0.445144 5.600000
0.000000 -0.517099 2.361352 -2.049397 -0.578107 0.272400 0.067899 -0.559189 5.650000
0.528146 -0.038359 2.374321 -2.053934 -0.605301 0.259458 0.070748 -0.531654 5.700000
0.185090 0.166170 2.386829 -2.058409 -0.626051 0.252471 0.072129 -0.321122 5.750000
1.010517 0.138614 2.398956 -2.062829 -0.636667 0.243545 0.071556 -0.123334 5.800000
0.243071 -0.080445 2.410833 -2.067247 -0.640147 0.243330 0.069728 -0.025172 5.850000
0.565177 -0.136898 2.422494 -2.071662 -0.642440 0.236116 0.067753 -0.062814 5.900000
0.000000 -0.032273 2.433860 -2.076017 -0.646805 0.231991 0.066182 -0.107362 5.950000
0.000000 -0.235104 2.444893 -2.080282 -0.651621 0.222748 0.064717 -0.087075 6.000000
0.089950 0.109141 2.455500 -2.084384 -0.658011 0.213735 0.063514 -0.161108 6.050000
0.821544 0.427888 2.465711 -2.088342 -0.663172 0.206023 0.062131 -0.055443 6.100000
0.617714 0.436736 2.475706 -2.092274 -0.660574 0.206055 0.059638 0.140802 6.150000
0.361135 0.595345 2.485611 -2.096241 -0.650426 0.204774 0.056127 0.253894 6.200000
0.648162 0.623217 2.495360 -2.100166 -0.634207 0.201549 0.051875 0.381662 6.250000
0.754612 0.822133 2.504981 -2.104042 -0.612929 0.201352 0.047059 0.461009 6.300000
0.941429 0.576273 2.514563 -2.107909 -0.586470 0.202316 0.041655 0.583768 6.350000
0.287994 0.645523 2.524175 -2.111788 -0.558318 0.204871 0.036159 0.546718 6.400000
0.000000 0.310565 2.533724 -2.115611 -0.530698 0.201030 0.030939 0.557097 6.450000
0.920226 0.759412 2.543020 -2.119264 -0.506472 0.194351 0.026478 0.426619 6.500000
1.499600 0.950120 2.552195 -2.122828 -0.481880 0.196345 0.022154 0.544152 6.550000
0.826949 0.764185 2.561569 -2.126453 -0.450852 0.203655 0.016974 0.681282 6.600000
1.337368 0.463004 2.571122 -2.130096 -0.416968 0.204265 0.011473 0.675028 6.650000
1.201825 0.840019 2.580817 -2.133722 -0.386669 0.209312 0.006622 0.551363 6.700000
0.748946 0.870458 2.590726 -2.137357 -0.356552 0.212707 0.001864 0.642936 6.750000
0.000000 0.489650 2.600715 -2.140927 -0.322780 0.211559 -0.003308 0.701297 6.800000
0.708884 0.966164 2.610516 -2.144328 -0.291170 0.203292 -0.007870 0.577632 6.850000
0.762595 1.259778 2.620125 -2.147565 -0.258623 0.201725 -0.012305 0.709078 6.900000
1.166809 1.123373 2.629715 -2.150671 -0.218086 0.200338 -0.017703 0.890356 6.950000
2.042210 1.578892 2.639392 -2.153639 -0.172657 0.202312 -0.023627 0.922906 7.000000
2.531822 1.804324 2.649438 -2.156492 -0.121057 0.211723 -0.030457 1.116177 7.050000
1.940937 1.811846 2.660144 -2.159204 -0.060325 0.224357 -0.038883 1.289695 7.100000
1.724347 1.716230 2.671443 -2.161690 0.006404 0.229921 -0.048380 1.368695 7.150000
2.308777 1.949141 2.683101 -2.163878 0.074804 0.232274 -0.058012 1.367875 7.200000
2.825766 1.647443 2.695160 -2.165710 0.145722 0.238843 -0.067964 1.456527 7.250000
2.809343 1.900791 2.707819 -2.167096 0.216429 0.249025 -0.077953 1.382964 7.300000
2.122489 1.640419 2.721127 -2.167955 0.287464 0.257654 -0.088144 1.449422 7.350000
2.097203 2.114456 2.734849 -2.168275 0.357994 0.258661 -0.098126 1.382030 7.400000
1.628956 2.449160 2.748763 -2.168073 0.431399 0.258030 -0.108316 1.532572 7.450000
1.808454 2.216144 2.762689 -2.167361 0.513355 0.250693 -0.119497 1.717793 7.500000
2.645894 1.862940 2.776486 -2.166149 0.598925 0.243470 -0.130497 1.707009 7.550000
2.770750 1.692870 2.790301 -2.164302 0.680475 0.243848 -0.140204 1.575491 7.600000
2.066924 1.226867 2.804265 -2.161683 0.755975 0.245558 -0.148581 1.461772 7.650000
1.834120 1.062889 2.818231 -2.158382 0.822768 0.241692 -0.155092 1.241412 7.700000
1.900399 0.786925 2.832037 -2.154557 0.880380 0.237272 -0.159618 1.084352 7.750000
1.921541 0.589880 2.845662 -2.150243 0.929596 0.235182 -0.162438 0.907242 7.800000
1.660063 1.049657 2.859129 -2.145423 0.970468 0.235074 -0.163725 0.747355 7.850000
2.108401 0.591348 2.872410 -2.140148 1.010815 0.232591 -0.164855 0.853491 7.900000
1.327189 0.378232 2.885503 -2.134385 1.049815 0.234616 -0.165703 0.722526 7.950000
1.392093 0.370923 2.898373 -2.128206 1.081777 0.230870 -0.165332 0.573224 8.000000
1.776396 0.651332 2.910958 -2.121756 1.108266 0.229127 -0.164017 0.495028 8.050000
1.917852 0.519693 2.923313 -2.114941 1.135085 0.230992 -0.162810 0.569379 8.100000
2.298775 0.905705 2.935475 -2.107660 1.163112 0.233873 -0.161886 0.553542 8.150000
1.907423 1.035728 2.947471 -2.099812 1.194929 0.239370 -0.161726 0.702019 8.200000
1.847512 0.635582 2.959254 -2.091424 1.233523 0.239512 -0.162789 0.826673 8.250000
1.294375 0.295176 2.970748 -2.082614 1.272079 0.239047 -0.163794 0.727634 8.300000
1.338941 0.140856 2.981912 -2.073521 1.303296 0.235071 -0.163460 0.542392 8.350000
0.628418 0.544929 2.992740 -2.064249 1.326058 0.233566 -0.161667 0.385230 8.400000
0.605491 0.810416 3.003219 -2.054940 1.347652 0.225833 -0.159675 0.469087 8.450000
0.254588 0.622837 3.013304 -2.045767 1.375282 0.216932 -0.158578 0.618826 8.500000
0.681678 0.592419 3.022974 -2.036822 1.406163 0.204458 -0.157793 0.616335 8.550000
1.015856 0.278787 3.032244 -2.028081 1.436570 0.196572 -0.156744 0.601395 8.600000
1.685131 0.557270 3.041156 -2.019357 1.462867 0.193019 -0.155034 0.465567 8.650000
2.627025 0.295368 3.049754 -2.010405 1.487376 0.196255 -0.153139 0.509891 8.700000
2.258810 0.622667 3.058067 -2.000859 1.510538 0.208455 -0.151242 0.426096 8.750000
1.766406 0.897556 3.066094 -1.990605 1.534392 0.216675 -0.149696 0.518067 8.800000
0.967539 1.002830 3.073800 -1.979879 1.564711 0.218728 -0.149295 0.676486 8.850000
0.317355 0.726599 3.081147 -1.969021 1.601886 0.211890 -0.149902 0.795987 8.900000
0.277455 0.758400 3.088132 -1.958388 1.640195 0.199021 -0.150389 0.742493 8.950000
0.028563 1.173107 3.094778 -1.948128 1.676919 0.186591 -0.150296 0.727892 9.000000
0.088662 1.606244 3.101111 -1.938299 1.717701 0.171502 -0.150363 0.883814 9.050000
0.000000 2.093805 3.107142 -1.928953 1.768677 0.155447 -0.151163 1.123559 9.100000
0.414750 2.571400 3.112885 -1.920116 1.833116 0.136334 -0.152694 1.413017 9.150000
0.085948 2.740664 3.118336 -1.911742 1.912257 0.118592 -0.154664 1.707807 9.200000
0.000000 2.802833 3.123527 -1.903841 2.002704 0.095895 -0.156284 1.881853 9.250000
0.000000 3.000000 3.128544 -1.896505 2.099282 0.071834 -0.156706 1.966728 9.300000
0.510409 2.543579 3.133458 -1.889725 2.200495 0.047742 -0.155652 2.064787 9.350000
0.062872 2.948031 3.138254 -1.883366 2.300024 0.029905 -0.153075 1.936958 9.400000
0.000000 3.000000 3.142962 -1.877361 2.399631 0.008991 -0.149215 2.031175 9.450000
0.603072 2.953012 3.147698 -1.871750 2.502669 -0.011796 -0.144002 2.081365 9.500000
0.385406 3.000000 3.152386 -1.866403 2.606742 -0.025591 -0.137687 2.081238 9.550000
0.000000 3.000000 3.156962 -1.861223 2.711255 -0.040026 -0.130533 2.096425 9.600000
0.871897 2.674786 3.161551 -1.856231 2.816208 -0.056500 -0.122457 2.100645 9.650000
1.194164 2.709054 3.166027 -1.851350 2.917935 -0.062550 -0.113955 1.987316 9.700000
1.811128 2.305461 3.170095 -1.846495 3.016454 -0.063741 -0.105631 1.958297 9.750000
1.613360 2.696060 3.173519 -1.841665 3.109892 -0.057385 -0.097992 1.804246 9.800000
2.457405 3.000000 3.176190 -1.836906 -3.080686 -0.052080 -0.091047 1.886946 9.850000
2.872315 3.000000 3.177973 -1.832299 -2.982280 -0.038985 -0.084768 2.026599 9.900000
3.805224 2.698728 3.178615 -1.827973 -2.879446 -0.022256 -0.079650 2.078367 9.950000
2.925052 2.748226 3.177874 -1.824139 -2.778047 0.003269 -0.076257 1.992289 10.000000
2.718916 2.584905 3.175827 -1.820936 -2.678809 0.020227 -0.074503 1.979582 10.050000
1.727531 2.325587 3.172813 -1.818387 -2.581632 0.034999 -0.073887 1.917809 10.100000
2.258599 2.477277 3.169160 -1.816431 -2.489084 0.040502 -0.073865 1.802643 10.150000
2.374921 2.037791 3.165033 -1.815068 -2.398626 0.050920 -0.074310 1.814021 10.200000
2.339368 2.061397 3.160391 -1.814436 -2.312376 0.062367 -0.075263 1.660122 10.250000
2.616561 2.039376 3.155305 -1.814587 -2.230842 0.073400 -0.076654 1.609157 10.300000
3.366405 1.806602 3.149827 -1.815594 -2.151182 0.086605 -0.078597 1.581620 10.350000
3.393783 1.448050 3.143924 -1.817674 -2.074859 0.106398 -0.081176 1.485880 10.400000
3.793800 1.022584 3.137616 -1.820998 -2.005481 0.126181 -0.084159 1.314265 10.450000
2.972592 0.528704 3.130972 -1.825660 -1.946402 0.149841 -0.087094 1.081120 10.500000
2.881383 0.443684 3.124111 -1.831559 -1.900678 0.166353 -0.089266 0.785621 10.550000
2.548739 0.216787 3.117155 -1.838482 -1.866250 0.182651 -0.090502 0.612327 10.600000
2.308967 -0.061310 3.110163 -1.846316 -1.840566 0.196265 -0.090883 0.435113 10.650000
3.221276 -0.251895 3.103179 -1.854917 -1.824506 0.208311 -0.090096 0.229057 10.700000
4.104525 0.199696 3.096155 -1.864421 -1.818305 0.229582 -0.087985 0.037935 10.750000
3.757966 0.291300 3.088976 -1.875207 -1.814033 0.258472 -0.085747 0.124940 10.800000
2.953047 0.650974 3.081639 -1.887345 -1.805361 0.282519 -0.084515 0.213458 10.850000
1.958750 0.681774 3.074252 -1.900521 -1.789191 0.297295 -0.085001 0.412707 10.900000
0.990177 1.002184 3.066969 -1.914288 -1.765297 0.301330 -0.087216 0.530261 10.950000
1.647901 1.468769 3.059930 -1.928171 -1.733497 0.295163 -0.091015 0.719808 11.000000
1.443900 1.620842 3.053201 -1.942087 -1.689719 0.293609 -0.097119 0.996973 11.050000
1.295764 1.723656 3.046830 -1.956114 -1.634582 0.288244 -0.105255 1.183927 11.100000
1.981102 1.312096 3.040875 -1.970136 -1.571910 0.279951 -0.114367 1.306319 11.150000
1.879527 1.712156 3.035366 -1.984250 -1.509504 0.277647 -0.122869 1.204435 11.200000
2.457160 1.476073 3.030320 -1.998565 -1.446179 0.273623 -0.131127 1.313677 11.250000
2.736333 1.113488 3.025784 -2.013151 -1.381672 0.274206 -0.139248 1.272771 11.300000
2.580520 1.137713 3.021818 -2.028169 -1.322415 0.277718 -0.146141 1.118934 11.350000
2.466592 1.480788 3.018443 -2.043617 -1.268093 0.280132 -0.151947 1.061881 11.400000
3.430281 1.389379 3.015667 -2.059394 -1.211946 0.280575 -0.157983 1.169831 11.450000
4.069288 1.144435 3.013599 -2.075625 -1.153056 0.288874 -0.164538 1.184403 11.500000
3.495154 1.607367 3.012424 -2.092586 -1.096252 0.302742 -0.170882 1.099883 11.550000
3.820592 1.159860 3.012186 -2.110208 -1.037219 0.309690 -0.177935 1.242638 11.600000
3.237360 1.027172 3.012906 -2.128337 -0.978104 0.318801 -0.185076 1.137093 11.650000
3.068469 0.907274 3.014572 -2.146857 -0.923958 0.322874 -0.191110 1.041868 11.700000
3.399212 0.906732 3.017092 -2.165576 -0.874350 0.326005 -0.196025 0.954191 11.750000
2.765516 1.314966 3.020499 -2.184486 -0.827741 0.332579 -0.200242 0.915600 11.800000
2.463391 1.584628 3.024747 -2.203479 -0.777932 0.331844 -0.205178 1.058514 11.850000
1.600732 1.835262 3.029688 -2.222311 -0.720223 0.325720 -0.211671 1.227207 11.900000
2.544988 1.458387 3.035111 -2.240713 -0.654077 0.308814 -0.219365 1.394778 11.950000
1.788832 1.464610 3.041020 -2.258635 -0.586370 0.300211 -0.226518 1.323654 12.000000
1.436883 1.955221 3.047429 -2.276090 -0.520990 0.285053 -0.232364 1.295224 12.050000
0.643932 2.044319 3.054096 -2.292927 -0.451347 0.265353 -0.238036 1.465469 12.100000
0.460487 1.977294 3.060742 -2.309002 -0.375185 0.236411 -0.243459 1.565189 12.150000
0.496035 2.335962 3.067120 -2.324244 -0.296581 0.205596 -0.247452 1.576098 12.200000
0.000000 2.462321 3.073169 -2.338695 -0.213981 0.174603 -0.250116 1.706587 12.250000
0.611832 2.760998 3.078745 -2.352391 -0.125990 0.138148 -0.251298 1.797180 12.300000
1.232459 2.896346 3.083851 -2.365406 -0.032162 0.106746 -0.250823 1.932649 12.350000
0.386538 2.531179 3.088746 -2.377827 0.067209 0.080590 -0.248811 2.025611 12.400000
0.512927 2.770327 3.093369 -2.389726 0.165596 0.048297 -0.244748 1.924925 12.450000
0.103090 3.000000 3.097585 -2.401191 0.263110 0.019355 -0.238662 1.967368 12.500000
0.911451 3.000000 3.101363 -2.412320 0.364179 -0.012519 -0.230681 2.058793 12.550000
1.070556 2.696857 3.104825 -2.423145 0.467980 -0.035309 -0.220967 2.087505 12.600000
1.254545 2.494152 3.108228 -2.433622 0.569478 -0.053647 -0.210143 1.988338 12.650000
0.365700 2.898605 3.111689 -2.443708 0.665706 -0.066602 -0.198792 1.878320 12.700000
0.000000 2.929286 3.115114 -2.453502 0.762583 -0.085975 -0.186695 1.979700 12.750000
0.000000 2.998366 3.118328 -2.463214 0.862923 -0.107193 -0.173375 2.025812 12.800000
0.113022 2.784756 3.121343 -2.472923 0.965378 -0.126193 -0.158902 2.065473 12.850000
0.988236 2.293520 3.124253 -2.482607 1.066862 -0.141166 -0.143784 2.004073 12.900000
0.078215 2.146496 3.127227 -2.492029 1.161351 -0.144101 -0.129253 1.807584 12.950000
0.000000 1.924977 3.130290 -2.501152 1.248062 -0.152298 -0.115675 1.680853 13.000000
0.293089 2.334006 3.133368 -2.510145 1.328364 -0.158411 -0.102835 1.551129 13.050000
0.341792 2.504492 3.136492 -2.518924 1.408779 -0.160198 -0.090198 1.650713 13.100000
0.949330 2.603221 3.139691 -2.527394 1.494270 -0.160651 -0.077350 1.753361 13.150000
0.059901 2.968377 3.142982 -2.535385 1.584150 -0.154383 -0.064628 1.830158 13.200000
0.165373 2.855840 3.146360 -2.542949 1.680323 -0.155563 -0.051801 1.990934 13.250000
1.045925 3.000000 3.149830 -2.550246 1.780462 -0.154292 -0.038976 2.011569 13.300000
1.145608 3.000000 3.153328 -2.557020 1.882774 -0.143285 -0.026801 2.071325 13.350000
2.058050 3.000000 3.156747 -2.563040 1.986998 -0.130218 -0.015731 2.094143 13.400000
1.203901 3.000000 3.159911 -2.568110 2.091969 -0.107732 -0.006298 2.103377 13.450000
2.087371 3.000000 3.162726 -2.572265 2.197251 -0.092825 0.001441 2.107378 13.500000
2.617565 2.938374 3.165084 -2.575571 2.302672 -0.069286 0.007479 2.109197 13.550000
2.557056 2.996555 3.166682 -2.577869 2.407523 -0.041006 0.011341 2.088365 13.600000
2.397386 3.000000 3.167350 -2.579221 2.512317 -0.013960 0.012999 2.101166 13.650000
3.172063 2.593681 3.167055 -2.579816 2.617538 0.010691 0.012671 2.106708 13.700000
2.616993 2.470403 3.165618 -2.579752 2.718761 0.041374 0.010361 1.965639 13.750000
2.700253 2.539261 3.162973 -2.579177 2.814265 0.065245 0.006375 1.870029 13.800000
3.439364 2.572663 3.159220 -2.578303 2.907446 0.088374 0.001045 1.859053 13.850000
3.548808 2.917953 3.154193 -2.577246 3.000634 0.116730 -0.005820 1.867288 13.900000
3.718788 2.724589 3.147738 -2.576150 3.097680 0.143980 -0.014673 1.994108 13.950000
3.656576 2.360566 3.139861 -2.575213 -3.086409 0.170431 -0.025300 1.973542 14.000000
4.111375 2.092270 3.130630 -2.574620 -2.991674 0.193988 -0.036755 1.838271 14.050000
3.852090 1.889282 3.120062 -2.574541 -2.903985 0.219783 -0.048443 1.692753 14.100000
3.319936 2.171591 3.108229 -2.575110 -2.823057 0.241278 -0.060101 1.564573 14.150000
2.478313 1.936922 3.095425 -2.576382 -2.743251 0.255791 -0.072217 1.620019 14.200000
3.006173 1.757856 3.082067 -2.578318 -2.664029 0.260671 -0.084350 1.558748 14.250000
3.931776 1.486471 3.068314 -2.580939 -2.588638 0.269471 -0.095729 1.470642 14.300000
3.932192 1.929188 3.053954 -2.584452 -2.518968 0.286189 -0.106264 1.336336 14.350000
3.544258 2.296886 3.038912 -2.589013 -2.448937 0.301182 -0.117326 1.449510 14.400000
2.734194 2.745827 3.023409 -2.594613 -2.371136 0.309542 -0.130287 1.635619 14.450000
1.822512 2.502367 3.007818 -2.601095 -2.282446 0.306541 -0.145340 1.875073 14.500000
2.716777 2.602998 2.992556 -2.608163 -2.188536 0.292302 -0.160421 1.880830 14.550000
3.014024 2.384956 2.977712 -2.615792 -2.093348 0.284790 -0.174520 1.920719 14.600000
3.113047 2.163160 2.963212 -2.624182 -1.999096 0.278823 -0.187477 1.859698 14.650000
3.122151 2.125456 2.949091 -2.633381 -1.909046 0.273565 -0.198775 1.758698 14.700000
3.564722 2.275963 2.935405 -2.643383 -1.822595 0.268301 -0.208650 1.707596 14.750000
3.968574 2.182891 2.922203 -2.654252 -1.736181 0.266244 -0.217956 1.743708 14.800000
4.117699 2.012629 2.909543 -2.666131 -1.649530 0.266881 -0.226935 1.725645 14.850000
4.441353 2.100957 2.897512 -2.679088 -1.565193 0.268590 -0.235224 1.658638 14.900000
3.694565 2.186748 2.886208 -2.693173 -1.482043 0.272697 -0.243178 1.666702 14.950000
3.572134 1.855861 2.875723 -2.708201 -1.397679 0.268407 -0.251082 1.702528 15.000000
3.796822 1.699618 2.866112 -2.723888 -1.315614 0.263097 -0.257969 1.596398 15.050000
4.437329 1.292435 2.857431 -2.740205 -1.238651 0.261197 -0.263451 1.497090 15.100000
4.189853 1.264558 2.849790 -2.757299 -1.169273 0.267553 -0.267423 1.306013 15.150000
4.644249 1.725877 2.843265 -2.775212 -1.106536 0.273455 -0.270290 1.216362 15.200000
5.002337 2.020154 2.837932 -2.793912 -1.041789 0.282333 -0.273812 1.354716 15.250000
5.053859 2.135532 2.833940 -2.813421 -0.969180 0.290857 -0.279225 1.525482 15.300000
5.109997 1.655663 2.831400 -2.833642 -0.889627 0.296259 -0.286252 1.640001 15.350000
4.826313 1.310158 2.830382 -2.854425 -0.811323 0.301718 -0.293039 1.512045 15.400000
5.235094 1.342369 2.830889 -2.875623 -0.740836 0.306822 -0.298180 1.333753 15.450000
5.342127 1.745406 2.832978 -2.897169 -0.675881 0.317323 -0.302316 1.273736 15.500000
5.165210 1.902860 2.836755 -2.919022 -0.608511 0.327004 -0.307355 1.403452 15.550000
4.642722 2.384062 2.842200 -2.940994 -0.535040 0.331564 -0.313986 1.519100 15.600000
5.159753 2.834214 2.849148 -2.962810 -0.452610 0.326482 -0.322477 1.743932 15.650000
5.585668 3.000000 2.857543 -2.984253 -0.358190 0.320020 -0.333099 1.992933 15.700000
6.000000 2.998903 2.867504 -3.005184 -0.254159 0.311922 -0.345005 2.143171 15.750000
6.000000 3.000000 2.879120 -3.025441 -0.145440 0.304093 -0.356914 2.196609 15.800000
5.686740 3.000000 2.892383 -3.044840 -0.035046 0.294056 -0.368055 2.215765 15.850000
6.000000 3.000000 2.907105 -3.063196 0.075916 0.279647 -0.377948 2.221294 15.900000
6.000000 3.000000 2.923165 -3.080350 0.186998 0.267273 -0.386451 2.221496 15.950000
6.000000 2.697690 2.940504 -3.096153 0.298031 0.254232 -0.393634 2.219565 16.000000
5.115942 2.636035 2.958986 -3.110474 0.405861 0.242480 -0.398993 2.111524 16.050000
4.442337 2.409900 2.978309 -3.123292 0.509612 0.224547 -0.402346 2.048033 16.100000
4.996117 2.647541 2.998055 -3.134705 0.608903 0.203173 -0.403440 1.939924 16.150000
5.540100 2.477974 3.018127 -3.144678 0.707083 0.188331 -0.403080 1.979614 16.200000
6.000000 2.532743 3.038614 -3.153016 0.804656 0.179558 -0.401816 1.930665 16.250000
5.123359 2.209244 3.059555 -3.159504 0.901186 0.176164 -0.400053 1.930279 16.300000
4.953065 2.351180 3.080743 -3.164181 0.994296 0.166882 -0.397480 1.812334 16.350000
4.888873 2.143686 3.101917 -3.167207 1.085035 0.158017 -0.394140 1.815879 16.400000
4.701807 2.104058 3.122933 -3.168619 1.173640 0.150478 -0.390145 1.739685 16.450000
4.805468 1.639487 3.143665 -3.168460 1.259304 0.143549 -0.385534 1.693443 16.500000
4.230902 1.990109 3.164010 -3.166740 1.338518 0.141772 -0.380149 1.503502 16.550000
3.984530 2.201178 3.183861 -3.163552 1.415183 0.136611 -0.374539 1.554932 16.600000
4.101901 2.664468 3.203090 -3.159125 1.495702 0.127989 -0.369119 1.650594 16.650000
3.339701 2.795944 3.221601 -3.153561 1.584107 0.117445 -0.364044 1.852984 16.700000
2.965259 2.445908 3.239316 -3.147107 1.680241 0.097056 -0.358748 1.971587 16.750000
2.995848 2.440485 3.256204 -3.140090 1.776343 0.074749 -0.352159 1.885041 16.800000
2.235436 2.440172 3.272257 -3.132594 1.869476 0.055912 -0.344262 1.845355 16.850000
1.245974 2.644295 3.287511 -3.124788 1.961182 0.032439 -0.335199 1.824672 16.900000
1.869969 3.000000 3.302120 -3.117050 2.054161 0.001289 -0.324687 1.883146 16.950000
2.591511 3.000000 3.316147 -3.109451 2.152483 -0.023783 -0.312649 2.024986 17.000000
1.774044 2.952885 3.329459 -3.101720 2.255131 -0.041319 -0.299442 2.072165 17.050000
1.776597 3.000000 3.342080 -3.093869 2.358664 -0.064241 -0.285183 2.068653 17.100000
1.819158 3.000000 3.354125 -3.086025 2.462460 -0.084297 -0.269828 2.080382 17.150000
2.097881 2.982276 3.365574 -3.078155 2.566543 -0.101084 -0.253633 2.082108 17.200000
2.412664 2.901982 3.376336 -3.070202 2.670453 -0.112270 -0.236985 2.075286 17.250000
3.051365 3.000000 3.386253 -3.062110 2.773320 -0.117443 -0.220400 2.044677 17.300000
3.927176 2.883543 3.395074 -3.053837 2.876264 -0.114230 -0.204325 2.069402 17.350000
3.050970 2.869745 3.402424 -3.045377 2.978853 -0.100745 -0.189451 2.039882 17.400000
3.668112 2.529327 3.408284 -3.036856 3.080450 -0.093702 -0.175913 2.026678 17.450000
4.667025 2.409955 3.412703 -3.028430 -3.104998 -0.078544 -0.163879 1.903662 17.500000
5.306888 1.933127 3.415307 -3.020262 -3.012311 -0.052134 -0.153953 1.818376 17.550000
6.000000 2.248826 3.415761 -3.012582 -2.927231 -0.018136 -0.146542 1.617010 17.600000
6.000000 2.720195 3.413843 -3.005664 -2.845245 0.022344 -0.141680 1.657371 17.650000
5.604813 2.525841 3.409547 -2.999756 -2.756888 0.060490 -0.139497 1.847933 17.700000
4.694242 2.571283 3.403153 -2.995037 -2.664334 0.092847 -0.139807 1.854053 17.750000
5.512282 2.702341 3.395130 -2.991556 -2.571028 0.115212 -0.141967 1.875379 17.800000
5.462644 2.741802 3.385694 -2.989462 -2.475606 0.143531 -0.145942 1.933002 17.850000
5.187953 2.805775 3.374917 -2.988984 -2.377853 0.169196 -0.151873 1.971650 17.900000
5.641795 3.000000 3.363098 -2.990181 -2.278124 0.190008 -0.159471 2.011743 17.950000
5.119241 3.000000 3.350468 -2.993167 -2.175038 0.212346 -0.168830 2.098226 18.000000
5.055993 3.000000 3.337301 -2.997972 -2.069140 0.226889 -0.179650 2.132726 18.050000
5.722255 3.000000 3.323932 -3.004495 -1.962069 0.238377 -0.191268 2.148331 18.100000
5.084994 2.865381 3.310554 -3.012849 -1.854407 0.253716 -0.203611 2.157693 18.150000
4.701613 2.477580 3.297406 -3.022992 -1.747712 0.260992 -0.216202 2.117779 18.200000
5.384019 2.261090 3.284750 -3.034626 -1.646142 0.264217 -0.227777 1.970288 18.250000
4.592987 2.589335 3.272743 -3.047763 -1.551365 0.274292 -0.238127 1.842435 18.300000
5.299041 3.000000 3.261523 -3.062291 -1.457157 0.275486 -0.248406 1.914776 18.350000
5.120361 3.000000 3.251259 -3.078064 -1.356345 0.279538 -0.259827 2.089500 18.400000
5.622860 2.925124 3.242128 -3.095033 -1.249980 0.278163 -0.272028 2.154585 18.450000
5.030050 3.000000 3.234298 -3.113094 -1.142289 0.279270 -0.284045 2.153821 18.500000
5.255282 3.000000 3.227872 -3.132050 -1.033802 0.272797 -0.295588 2.181206 18.550000
4.695340 2.501554 3.222906 -3.151641 -0.924442 0.266674 -0.306403 2.191596 18.600000
4.591096 2.091534 3.219411 -3.171643 -0.819841 0.256137 -0.315272 2.021106 18.650000
3.611635 2.358415 3.217331 -3.191835 -0.724831 0.248117 -0.321406 1.812857 18.700000
4.167092 2.028485 3.216505 -3.211974 -0.633720 0.232333 -0.325873 1.828365 18.750000
5.038706 1.557950 3.216864 -3.231908 -0.545626 0.223205 -0.328871 1.713092 18.800000
5.373703 1.808379 3.218704 -3.251753 -0.466229 0.226153 -0.330164 1.495815 18.850000
5.095783 1.374843 3.222296 -3.271561 -0.391264 0.233964 -0.331021 1.502337 18.900000
5.738543 1.270075 3.227647 -3.291211 -0.320649 0.240773 -0.331479 1.345399 18.950000
5.219394 0.842800 3.234842 -3.310620 -0.256328 0.256090 -0.331371 1.242755 19.000000
5.347610 0.912841 3.243899 -3.329697 -0.200007 0.269614 -0.330415 1.038326 19.050000
5.328564 1.271749 3.254725 -3.348339 -0.149837 0.286631 -0.328908 0.977349 19.100000
6.000000 0.851766 3.267304 -3.366459 -0.097728 0.302007 -0.328466 1.092776 19.150000
6.000000 0.578151 3.281714 -3.383955 -0.046113 0.323244 -0.328576 0.986987 19.200000
6.000000 0.155323 3.298066 -3.400746 -0.001017 0.346552 -0.327938 0.837131 19.250000
6.000000 0.224824 3.316330 -3.416770 0.034274 0.373354 -0.325600 0.603747 19.300000
5.378432 -0.229486 3.336484 -3.431998 0.062170 0.402461 -0.322028 0.522786 19.350000
4.845753 0.144907 3.358345 -3.446419 0.082126 0.428226 -0.316759 0.300553 19.400000
4.197441 -0.149122 3.381622 -3.460066 0.098309 0.449757 -0.310870 0.343075 19.450000
4.360457 -0.129595 3.405990 -3.472958 0.112768 0.465250 -0.304824 0.245721 19.500000
3.623867 0.250912 3.431314 -3.485121 0.123873 0.483116 -0.298037 0.203215 19.550000
3.600445 0.196943 3.457423 -3.496581 0.137814 0.492381 -0.292601 0.340277 19.600000
3.534348 0.563980 3.484081 -3.507332 0.156223 0.499382 -0.289007 0.390766 19.650000
4.001839 0.136498 3.511212 -3.517348 0.180678 0.503187 -0.287780 0.567852 19.700000
3.340571 0.390540 3.538848 -3.526572 0.206752 0.510577 -0.287256 0.484809 19.750000
2.592189 0.505484 3.566916 -3.535010 0.232718 0.511588 -0.286801 0.546864 19.800000
2.471797 0.227701 3.595056 -3.542714 0.262218 0.504237 -0.287581 0.623994 19.850000
3.016474 0.360778 3.623044 -3.549723 0.291327 0.496199 -0.288023 0.548585 19.900000
3.092787 0.830398 3.650981 -3.556016 0.319178 0.494025 -0.287906 0.563640 19.950000
3.563540 1.141330 3.678981 -3.561541 0.352848 0.490341 -0.289790 0.760007 20.000000
3.495151 1.036986 3.707077 -3.566208 0.396968 0.486880 -0.295164 0.977828 20.050000
3.373965 1.402287 3.735249 -3.569932 0.447577 0.479930 -0.302404 1.038849 20.100000
3.488261 1.786299 3.763372 -3.572701 0.504305 0.469054 -0.311144 1.207727 20.150000
2.757215 2.103975 3.791329 -3.574485 0.570938 0.454673 -0.322328 1.426730 20.200000
1.850613 2.355656 3.818856 -3.575342 0.648246 0.428243 -0.335496 1.634093 20.250000
1.049945 1.856382 3.845521 -3.575516 0.734882 0.388741 -0.349083 1.803462 20.300000
0.075011 1.809295 3.870977 -3.575330 0.821555 0.341965 -0.359518 1.680331 20.350000
0.569887 1.729914 3.895022 -3.575158 0.903446 0.289381 -0.365438 1.603835 20.400000
0.166028 1.653250 3.917708 -3.575144 0.981650 0.244847 -0.367614 1.532141 20.450000
0.485391 1.259414 3.939179 -3.575317 1.056341 0.199980 -0.366665 1.462690 20.500000
0.029342 1.652669 3.959551 -3.575709 1.124186 0.163446 -0.362701 1.275240 20.550000
0.380850 1.966960 3.978937 -3.576340 1.189675 0.125674 -0.356842 1.333470 20.600000
0.000000 1.542768 3.997404 -3.577251 1.260187 0.090774 -0.349884 1.465513 20.650000
0.325104 1.882653 4.015030 -3.578474 1.330277 0.054592 -0.341366 1.352034 20.700000
0.201078 1.915171 4.031905 -3.580002 1.399963 0.023850 -0.331471 1.423182 20.750000
0.437142 1.682530 4.048120 -3.581787 1.472139 -0.007006 -0.320411 1.457050 20.800000
0.000000 1.790217 4.063751 -3.583788 1.542755 -0.032721 -0.308313 1.377652 20.850000
0.000000 1.363906 4.078866 -3.586013 1.611715 -0.059663 -0.295373 1.379135 20.900000
0.794425 1.450072 4.093527 -3.588520 1.675996 -0.082531 -0.281906 1.214167 20.950000
0.365888 1.722541 4.107757 -3.591057 1.735544 -0.094217 -0.268424 1.173021 21.000000
0.000000 1.322179 4.121577 -3.593508 1.796600 -0.108883 -0.254749 1.257180 21.050000
0.000000 1.285344 4.135051 -3.596036 1.856122 -0.124745 -0.241017 1.139366 21.100000
0.000000 1.587636 4.148220 -3.598677 1.911187 -0.137497 -0.227578 1.071972 21.150000
0.274753 1.671238 4.161103 -3.601391 1.967215 -0.149045 -0.214033 1.157581 21.200000
0.931266 1.317845 4.173703 -3.604096 2.027069 -0.157630 -0.200142 1.227143 21.250000
0.567003 1.040468 4.185945 -3.606577 2.085476 -0.158300 -0.186700 1.123580 21.300000
0.000000 0.838431 4.197780 -3.608755 2.137358 -0.159720 -0.174421 0.971872 21.350000
0.000000 0.510483 4.209298 -3.610798 2.181790 -0.163833 -0.163328 0.824181 21.400000
0.000000 0.078968 4.220548 -3.612796 2.217402 -0.165273 -0.153566 0.624379 21.450000
0.685991 0.447983 4.231500 -3.614731 2.241008 -0.163802 -0.145551 0.350413 21.500000
1.133938 0.133660 4.242026 -3.616466 2.258839 -0.154668 -0.138559 0.362028 21.550000
0.382662 0.438034 4.251959 -3.617804 2.273549 -0.140991 -0.132278 0.239612 21.600000
0.264648 0.777941 4.261351 -3.618816 2.287269 -0.134523 -0.126421 0.302957 21.650000
0.657155 0.586646 4.270356 -3.619671 2.307270 -0.130334 -0.120224 0.478459 21.700000
0.143821 0.504363 4.278956 -3.620331 2.331559 -0.123167 -0.113934 0.491918 21.750000
0.000000 0.420006 4.287186 -3.620827 2.355436 -0.120779 -0.107978 0.466183 21.800000
0.905318 0.280672 4.295156 -3.621273 2.377435 -0.119365 -0.102419 0.419057 21.850000
0.613995 0.469781 4.302735 -3.621547 2.396139 -0.108992 -0.097410 0.338065 21.900000
0.599497 0.238976 4.309825 -3.621560 2.414056 -0.101496 -0.092754 0.374942 21.950000
0.000000 0.096465 4.316489 -3.621375 2.430717 -0.094157 -0.088437 0.299603 22.000000
0.103119 0.084410 4.322838 -3.621096 2.442962 -0.092057 -0.084618 0.200436 22.050000
0.465962 0.365858 4.328961 -3.620801 2.451370 -0.088589 -0.081201 0.141824 22.100000
0.000000 0.248769 4.334777 -3.620422 2.460854 -0.081958 -0.077867 0.228971 22.150000
0.165309 0.209576 4.340321 -3.619979 2.472266 -0.080063 -0.074564 0.227715 22.200000
1.052116 0.637734 4.345654 -3.619518 2.483189 -0.076605 -0.071422 0.210962 22.250000
0.828424 0.598110 4.350590 -3.618892 2.498438 -0.065400 -0.068231 0.381423 22.300000
0.136605 0.199926 4.355028 -3.618018 2.519555 -0.057157 -0.064995 0.455399 22.350000
0.602277 0.524085 4.359157 -3.617038 2.538856 -0.055409 -0.062015 0.330098 22.400000
0.000000 0.492036 4.363019 -3.615990 2.557260 -0.049250 -0.059226 0.398835 22.450000
0.634940 0.015070 4.366653 -3.614895 2.577837 -0.049020 -0.056497 0.421799 22.500000
0.363852 -0.414463 4.370055 -3.613755 2.593805 -0.042482 -0.054057 0.236437 22.550000
0.000000 0.083232 4.373148 -3.612528 2.597889 -0.037808 -0.052105 -0.045835 22.600000
0.000000 0.354561 4.376060 -3.611296 2.597069 -0.036341 -0.050360 0.008005 22.650000
0.199188 0.770444 4.378869 -3.610103 2.601480 -0.035280 -0.048541 0.154399 22.700000
0.328182 1.261317 4.381546 -3.608923 2.616227 -0.033061 -0.046538 0.409057 22.750000
0.000000 1.269536 4.384043 -3.607721 2.645934 -0.030603 -0.044291 0.741184 22.800000
0.000000 0.834900 4.386417 -3.606520 2.687621 -0.031891 -0.041861 0.905958 22.850000
0.000000 0.461918 4.388745 -3.605356 2.730287 -0.033048 -0.039455 0.812333 22.900000
0.658034 0.188592 4.391022 -3.604224 2.765495 -0.033642 -0.037282 0.618970 22.950000
1.430012 0.253997 4.393097 -3.603069 2.790688 -0.027511 -0.035467 0.411912 23.000000
0.954866 0.652651 4.394656 -3.601782 2.809072 -0.014058 -0.033991 0.332069 23.050000
0.552291 0.154866 4.395648 -3.600357 2.829085 -0.005563 -0.032705 0.455221 23.100000
0.238661 0.467577 4.396284 -3.598874 2.847943 -0.001042 -0.031552 0.314208 23.150000
0.000000 0.332380 4.396733 -3.597390 2.865186 0.000491 -0.030481 0.369680 23.200000
0.315934 0.165860 4.397124 -3.595943 2.882930 -0.000246 -0.029451 0.342916 23.250000
0.000000 0.391511 4.397438 -3.594530 2.897773 0.002118 -0.028463 0.259481 23.300000
0.129334 0.408851 4.397679 -3.593148 2.912114 0.001496 -0.027519 0.309030 23.350000
0.000000 0.588785 4.397889 -3.591809 2.928494 0.002043 -0.026608 0.342628 23.400000
0.000000 0.822223 4.398073 -3.590510 2.948175 0.001270 -0.025731 0.434725 23.450000
0.000000 0.426816 4.398260 -3.589259 2.973886 0.000343 -0.024875 0.577721 23.500000
0.859971 0.664368 4.398454 -3.588051 3.000311 -0.000544 -0.024032 0.489233 23.550000
0.363701 0.623203 4.398453 -3.586860 3.026218 0.006640 -0.023277 0.541226 23.600000
1.027840 0.595153 4.398182 -3.585679 3.053547 0.008925 -0.022642 0.550883 23.650000
1.474012 0.144629 4.397610 -3.584516 3.080912 0.017317 -0.022133 0.544455 23.700000
2.013154 -0.259736 4.396488 -3.583364 3.102933 0.029718 -0.021747 0.356945 23.750000
1.629554 -0.447888 4.394604 -3.582227 3.113405 0.047015 -0.021284 0.089002 23.800000
1.189975 -0.834256 4.391947 -3.581105 3.111581 0.060453 -0.020484 -0.140153 23.850000
0.942778 -1.009141 4.388733 -3.579995 3.096624 0.069651 -0.019087 -0.428179 23.900000
0.225037 -0.941015 4.385138 -3.578880 3.069066 0.076477 -0.017000 -0.649149 23.950000
0.628271 -1.391997 4.381400 -3.577752 3.034308 0.076444 -0.014530 -0.731459 24.000000
1.447446 -1.098378 4.377600 -3.576601 2.991599 0.080175 -0.011650 -0.949789 24.050000
0.666189 -0.630051 4.373463 -3.575364 2.944480 0.091259 -0.008375 -0.936688 24.100000
1.526928 -0.548357 4.369004 -3.574024 2.902994 0.094411 -0.005348 -0.746326 24.150000
2.291303 -0.129491 4.364224 -3.572563 2.869148 0.105242 -0.002762 -0.622169 24.200000
2.783236 -0.161879 4.358779 -3.570875 2.844489 0.122635 -0.000678 -0.390066 24.250000
2.690432 -0.553481 4.352420 -3.568873 2.827948 0.143876 0.000909 -0.282896 24.300000
2.944703 -1.018538 4.345101 -3.566525 2.810873 0.163403 0.002758 -0.388968 24.350000
2.114480 -0.983863 4.336838 -3.563796 2.784591 0.184430 0.005946 -0.634826 24.400000
3.064769 -1.159811 4.327817 -3.560691 2.749806 0.196705 0.010479 -0.743845 24.450000
2.629449 -0.779440 4.318071 -3.557153 2.709157 0.216986 0.016134 -0.867232 24.500000
2.277878 -0.998975 4.307555 -3.553095 2.668347 0.232115 0.022118 -0.776604 24.550000
1.614086 -1.267646 4.296494 -3.548573 2.628257 0.243083 0.028166 -0.821783 24.600000
2.019951 -1.224906 4.285150 -3.543679 2.583559 0.246911 0.035027 -0.950309 24.650000
2.667807 -1.475367 4.273629 -3.538412 2.534803 0.253712 0.042546 -0.994636 24.700000
3.100397 -1.362347 4.261780 -3.532609 2.481715 0.265466 0.050942 -1.113690 24.750000
3.583651 -1.341064 4.249482 -3.526090 2.425705 0.279928 0.060109 -1.125732 24.800000
2.621397 -1.699935 4.236662 -3.518690 2.369437 0.297579 0.069658 -1.125693 24.850000
2.376358 -2.051292 4.223502 -3.510471 2.309192 0.304430 0.080234 -1.265655 24.900000
1.947393 -2.464193 4.210313 -3.501614 2.240354 0.306799 0.092521 -1.460689 24.950000
1.086027 -2.118360 4.197308 -3.492236 2.160571 0.302382 0.106713 -1.695838 25.000000
1.472244 -2.039073 4.184757 -3.482599 2.076683 0.287984 0.120730 -1.664881 25.050000
1.146629 -2.039739 4.172750 -3.472828 1.994587 0.276550 0.133132 -1.625397 25.100000
1.838203 -1.794079 4.161283 -3.462946 1.913735 0.261478 0.144092 -1.611012 25.150000
1.919253 -2.127248 4.150333 -3.452902 1.835930 0.252925 0.153431 -1.515675 25.200000
1.020142 -2.295178 4.139854 -3.442551 1.757705 0.244424 0.162057 -1.600731 25.250000
1.390932 -1.923835 4.129914 -3.432120 1.674923 0.225977 0.170392 -1.695784 25.300000
1.962991 -2.046138 4.120543 -3.421767 1.592980 0.211038 0.177317 -1.596827 25.350000
2.691463 -1.666788 4.111716 -3.411287 1.512992 0.201771 0.183013 -1.601840 25.400000
2.767997 -1.515758 4.103456 -3.400403 1.436858 0.200041 0.187637 -1.464100 25.450000
3.361660 -1.890541 4.095805 -3.388947 1.366871 0.200243 0.191184 -1.351730 25.500000
3.423258 -1.509264 4.088836 -3.376804 1.296594 0.205538 0.194806 -1.446062 25.550000
3.789871 -1.701653 4.082642 -3.363895 1.227214 0.211096 0.198422 -1.344115 25.600000
3.273210 -1.353930 4.077313 -3.350188 1.159131 0.219854 0.202080 -1.375242 25.650000
3.660425 -1.308344 4.072886 -3.335795 1.093693 0.223876 0.205488 -1.258961 25.700000
2.752433 -0.844993 4.069394 -3.320802 1.032624 0.232285 0.208361 -1.193272 25.750000
2.824892 -0.736148 4.066799 -3.305364 0.978790 0.233788 0.210137 -0.987477 25.800000
3.682895 -1.141196 4.065014 -3.289663 0.933243 0.238182 0.210576 -0.851779 25.850000
3.935132 -0.975411 4.064180 -3.273548 0.887926 0.250404 0.211251 -0.949128 25.900000
4.594533 -1.319235 4.064471 -3.256890 0.840974 0.263962 0.212607 -0.931749 25.950000
4.045824 -1.048217 4.066044 -3.239621 0.790764 0.282048 0.215099 -1.060747 26.000000
3.477089 -1.276545 4.068930 -3.221840 0.738972 0.293672 0.218337 -1.017274 26.050000
4.211757 -1.622736 4.072947 -3.203823 0.686114 0.298997 0.222010 -1.088143 26.100000
4.881472 -1.449301 4.078132 -3.185652 0.626994 0.308715 0.227208 -1.254689 26.150000
5.453187 -1.838733 4.084744 -3.167266 0.564003 0.322603 0.233576 -1.264535 26.200000
5.213910 -2.013143 4.093020 -3.148655 0.496368 0.339147 0.241523 -1.419943 26.250000
5.654731 -2.325454 4.103004 -3.129975 0.421556 0.349597 0.251598 -1.553910 26.300000
5.791140 -2.406544 4.114702 -3.111427 0.338904 0.359862 0.263863 -1.726955 26.350000
5.480107 -2.376419 4.128177 -3.093195 0.249649 0.367095 0.277913 -1.828521 26.400000
5.660966 -2.757843 4.143308 -3.075515 0.157314 0.368234 0.292528 -1.860779 26.450000
5.430434 -2.518913 4.159965 -3.058596 0.059885 0.367060 0.307979 -2.012535 26.500000
5.417332 -2.417416 4.178008 -3.042636 -0.039972 0.360734 0.323223 -1.986659 26.550000
4.956862 -2.343892 4.197261 -3.027784 -0.138032 0.353385 0.336979 -1.943316 26.600000
5.597394 -1.876028 4.217503 -3.014139 -0.233995 0.341313 0.349045 -1.901941 26.650000
6.000000 -2.137534 4.238677 -3.001805 -0.323793 0.337220 0.358619 -1.719258 26.700000
6.000000 -1.657678 4.260933 -2.990932 -0.410501 0.337454 0.367017 -1.745508 26.750000
6.000000 -2.078734 4.284226 -2.981650 -0.493082 0.338840 0.374140 -1.583121 26.800000
5.070334 -2.474108 4.308439 -2.974040 -0.574875 0.339793 0.380929 -1.675079 26.850000
5.911499 -2.182111 4.333203 -2.968053 -0.663818 0.327537 0.388850 -1.854061 26.900000
5.225768 -1.709499 4.358297 -2.963727 -0.755433 0.321227 0.396488 -1.816525 26.950000
5.495562 -1.239142 4.383621 -2.961115 -0.840888 0.311317 0.401912 -1.630197 27.000000
5.787010 -1.249373 4.409037 -2.960190 -0.915278 0.309887 0.404339 -1.382020 27.050000
5.729647 -1.586182 4.434582 -2.961099 -0.981564 0.315497 0.405008 -1.283783 27.100000
6.000000 -1.530275 4.460186 -2.963899 -1.048228 0.320069 0.406008 -1.370827 27.150000
5.415451 -1.219599 4.485718 -2.968618 -1.117257 0.325547 0.407745 -1.388342 27.200000
5.110891 -0.874290 4.511004 -2.975171 -1.183582 0.326738 0.408934 -1.280149 27.250000
4.358873 -0.758565 4.535876 -2.983369 -1.242550 0.329089 0.408437 -1.102849 27.300000
4.921379 -0.822238 4.560210 -2.992991 -1.294200 0.328498 0.406290 -0.979169 27.350000
5.795926 -0.602277 4.583953 -3.003999 -1.342273 0.335283 0.403502 -0.948075 27.400000
6.000000 -0.389751 4.607132 -3.016700 -1.386906 0.351981 0.400364 -0.850549 27.450000
6.000000 -0.249622 4.629741 -3.031323 -1.425891 0.373161 0.396477 -0.725392 27.500000
6.000000 -0.557022 4.651738 -3.047892 -1.459025 0.396839 0.391751 -0.614419 27.550000
6.000000 -0.130172 4.673075 -3.066368 -1.491807 0.419947 0.387675 -0.689432 27.600000
5.363590 -0.623907 4.693681 -3.086680 -1.522644 0.443321 0.383655 -0.560328 27.650000
5.786266 -0.610276 4.713502 -3.108627 -1.554542 0.459441 0.380594 -0.700196 27.700000
5.020357 -0.241155 4.732454 -3.132067 -1.591408 0.476365 0.379665 -0.767482 27.750000
4.865089 0.198349 4.750469 -3.156839 -1.626653 0.486379 0.378540 -0.656159 27.800000
4.680856 0.440876 4.767543 -3.182711 -1.653028 0.499177 0.374614 -0.425351 27.850000
3.900024 0.066096 4.783726 -3.209634 -1.668263 0.515527 0.367079 -0.207239 27.900000
3.246739 0.513736 4.799087 -3.237404 -1.679737 0.525968 0.358594 -0.247494 27.950000
2.952448 0.798114 4.813683 -3.265667 -1.687500 0.531836 0.349062 -0.079137 28.000000
3.473727 0.916639 4.827600 -3.294241 -1.685488 0.539374 0.336174 0.139674 28.050000
3.762211 0.916452 4.840925 -3.323237 -1.673723 0.555716 0.319924 0.313888 28.100000
3.660319 0.865192 4.853738 -3.352877 -1.655392 0.576535 0.301452 0.409843 28.150000
3.070401 0.554127 4.866120 -3.383201 -1.634012 0.596281 0.282100 0.442834 28.200000
2.387501 0.999833 4.878144 -3.414014 -1.614826 0.608387 0.264142 0.337300 28.250000
3.339640 0.821816 4.889855 -3.444979 -1.594243 0.613674 0.246073 0.473135 28.300000
2.796962 0.836283 4.901323 -3.476164 -1.570499 0.628063 0.227101 0.477675 28.350000
2.289645 1.029267 4.912600 -3.507642 -1.546221 0.636372 0.208360 0.493544 28.400000
2.010833 1.413397 4.923735 -3.539147 -1.518939 0.639807 0.188801 0.589141 28.450000
2.784116 1.252267 4.934803 -3.570494 -1.483609 0.641664 0.166190 0.801456 28.500000
2.187165 1.469310 4.945926 -3.601798 -1.442212 0.650740 0.141436 0.851029 28.550000
1.388865 1.641136 4.957184 -3.633065 -1.396332 0.653254 0.115279 0.971952 28.600000
1.002042 1.645941 4.968612 -3.663933 -1.343974 0.647458 0.087074 1.108031 28.650000
0.673118 1.804009 4.980224 -3.694093 -1.286466 0.636786 0.057787 1.185461 28.700000
0.406345 1.955504 4.992008 -3.723348 -1.224186 0.621486 0.027891 1.294250 28.750000
0.000000 1.589609 5.003942 -3.751527 -1.156195 0.601900 -0.002707 1.412119 28.800000
0.437460 1.693577 5.015950 -3.778456 -1.087790 0.576629 -0.031355 1.337722 28.850000
0.592425 1.322215 5.027974 -3.804143 -1.020429 0.553999 -0.057442 1.356581 28.900000
0.020599 1.495535 5.040025 -3.828716 -0.956152 0.531801 -0.080368 1.233702 28.950000
0.000000 1.694930 5.051979 -3.852124 -0.893939 0.503589 -0.100592 1.253543 29.000000
0.451746 1.864533 5.063710 -3.874276 -0.828749 0.474233 -0.119882 1.342654 29.050000
0.034273 1.509626 5.075252 -3.895260 -0.758627 0.447715 -0.138834 1.448025 29.100000
0.130939 1.936438 5.086564 -3.915098 -0.688694 0.416740 -0.155635 1.362172 29.150000
0.627335 1.908222 5.097539 -3.933788 -0.617014 0.386011 -0.170815 1.487071 29.200000
1.444867 2.031600 5.108245 -3.951440 -0.541478 0.358770 -0.185014 1.528353 29.250000
1.886664 1.996739 5.118900 -3.968235 -0.463265 0.338118 -0.198099 1.590890 29.300000
2.111677 2.335712 5.129721 -3.984313 -0.383361 0.320598 -0.210060 1.603444 29.350000
2.460735 2.490009 5.140809 -3.999715 -0.299473 0.303432 -0.221510 1.732198 29.400000
3.456383 2.004558 5.152237 -4.014435 -0.209812 0.287122 -0.232774 1.837523 29.450000
2.538999 2.098900 5.164259 -4.028495 -0.121833 0.279972 -0.242537 1.702984 29.500000
2.823284 1.990148 5.176851 -4.041873 -0.037201 0.264636 -0.250612 1.684798 29.550000
2.338258 1.763554 5.189827 -4.054519 0.045666 0.252307 -0.257241 1.636941 29.600000
1.584099 1.738699 5.203108 -4.066421 0.124542 0.236713 -0.262114 1.533189 29.650000
2.460064 1.580484 5.216393 -4.077615 0.199673 0.215633 -0.265183 1.479148 29.700000
2.556195 1.982415 5.229706 -4.088098 0.271245 0.204555 -0.266750 1.395434 29.750000
2.393853 2.035796 5.243255 -4.097822 0.344272 0.194138 -0.267934 1.508618 29.800000
3.193874 1.593306 5.256968 -4.106776 0.421546 0.180961 -0.269026 1.572208 29.850000
2.721205 1.769920 5.270937 -4.114881 0.496160 0.176627 -0.269244 1.432736 29.900000
3.423879 1.530488 5.285207 -4.122091 0.568013 0.169083 -0.268811 1.439942 29.950000
2.929810 1.994478 5.299777 -4.128348 0.637517 0.169277 -0.267915 1.352722 30.000000
3.926992 1.824915 5.314637 -4.133609 0.709064 0.164207 -0.267190 1.489096 30.050000
4.038685 1.641835 5.329786 -4.137775 0.783313 0.167680 -0.266761 1.482074 30.100000
4.047417 2.125657 5.345330 -4.140650 0.855401 0.172880 -0.266307 1.411915 30.150000
3.777634 1.829062 5.361188 -4.142188 0.930345 0.176945 -0.266488 1.563640 30.200000
3.058329 1.368297 5.377196 -4.142435 1.007159 0.177637 -0.267003 1.516082 30.250000
4.044795 1.817173 5.393142 -4.141575 1.077493 0.173953 -0.266593 1.324703 30.300000
4.330514 2.195521 5.408999 -4.139534 1.146254 0.180185 -0.266093 1.413340 30.350000
5.166343 2.439737 5.424791 -4.136068 1.222032 0.186291 -0.266840 1.591688 30.400000
4.592038 2.316630 5.440449 -4.130979 1.306284 0.196698 -0.269167 1.753952 30.450000
4.570738 2.229688 5.455820 -4.124269 1.394549 0.199583 -0.272355 1.773807 30.500000
4.367057 2.577531 5.470716 -4.116126 1.482574 0.201866 -0.275553 1.750979 30.550000
3.610527 2.417101 5.484998 -4.106662 1.573513 0.200671 -0.279106 1.868061 30.600000
2.889165 2.443735 5.498540 -4.096187 1.666519 0.191281 -0.282462 1.854055 30.650000
3.807126 2.708653 5.511288 -4.085109 1.759298 0.175278 -0.284826 1.856026 30.700000
3.024166 2.437982 5.523176 -4.073444 1.854818 0.167099 -0.286654 1.949245 30.750000
3.633736 2.861083 5.534159 -4.061235 1.950435 0.151740 -0.287609 1.885083 30.800000
2.777141 2.894576 5.544200 -4.048584 2.048316 0.141672 -0.287920 2.009264 30.850000
2.558595 3.000000 5.553305 -4.035628 2.150377 0.122399 -0.287578 2.063147 30.900000
3.228811 3.000000 5.561588 -4.022653 2.255084 0.100935 -0.285974 2.115209 30.950000
2.930437 2.728613 5.568982 -4.009624 2.361299 0.086251 -0.283179 2.130043 31.000000
3.312161 2.897445 5.575422 -3.996523 2.465107 0.070753 -0.279196 2.037049 31.050000
3.889870 2.991618 5.580868 -3.983386 2.567654 0.060483 -0.274353 2.060354 31.100000
4.136062 3.000000 5.585120 -3.970159 2.671843 0.056061 -0.269217 2.100222 31.150000
3.309473 3.000000 5.588000 -3.956859 2.777337 0.054349 -0.264084 2.116619 31.200000
2.378339 2.865587 5.589633 -3.943654 2.883313 0.045591 -0.258750 2.121169 31.250000
1.478110 3.000000 5.590414 -3.930751 2.987990 0.029772 -0.252633 2.073245 31.300000
2.023402 2.538681 5.590766 -3.918264 3.092450 0.007199 -0.245297 2.099634 31.350000
1.727016 2.677221 5.590763 -3.906207 -3.090286 -0.007031 -0.236842 1.943615 31.400000
1.074487 3.000000 5.590318 -3.894576 -2.993391 -0.021174 -0.227713 1.933298 31.450000
0.603288 3.000000 5.589647 -3.883346 -2.893564 -0.040485 -0.217683 2.041212 31.500000
0.000000 3.000000 5.588999 -3.872439 -2.790429 -0.062962 -0.206390 2.077340 31.550000
0.062959 3.000000 5.588573 -3.861733 -2.686251 -0.088806 -0.193654 2.087322 31.600000
0.000000 2.995100 5.588418 -3.851132 -2.581837 -0.111253 -0.179553 2.088528 31.650000
0.000000 3.000000 5.588451 -3.840593 -2.477484 -0.131347 -0.164364 2.085775 31.700000
0.000000 3.000000 5.588603 -3.830088 -2.373191 -0.148454 -0.148324 2.085870 31.750000
0.108008 2.883235 5.588791 -3.819612 -2.268895 -0.162600 -0.131678 2.086036 31.800000
0.987712 2.949094 5.588928 -3.809196 -2.165771 -0.172640 -0.114849 2.045963 31.850000
0.985672 3.000000 5.588832 -3.799063 -2.063181 -0.171712 -0.098334 2.056405 31.900000
1.264164 3.000000 5.588385 -3.789430 -1.959682 -0.168700 -0.082421 2.080120 31.950000
1.144289 2.583168 5.587588 -3.780404 -1.855380 -0.161126 -0.067351 2.090740 32.000000
0.565792 2.809038 5.586474 -3.772064 -1.754963 -0.152622 -0.053824 1.949793 32.050000
0.000000 2.478644 5.585132 -3.764291 -1.656607 -0.147931 -0.041456 1.979900 32.100000
0.290350 2.203606 5.583629 -3.756848 -1.560671 -0.146976 -0.029960 1.874928 32.150000
0.589474 2.317354 5.581996 -3.749702 -1.470898 -0.141741 -0.019701 1.737976 32.200000
1.077205 2.308356 5.580275 -3.743015 -1.384306 -0.132683 -0.010563 1.727594 32.250000
1.959077 2.444444 5.578538 -3.736971 -1.298116 -0.118426 -0.002491 1.721208 32.300000
1.060879 2.290588 5.576929 -3.731866 -1.210687 -0.095649 0.004257 1.768639 32.350000
1.398438 2.090526 5.575518 -3.727656 -1.123327 -0.081370 0.009625 1.731631 32.400000
0.764706 2.358659 5.574332 -3.724170 -1.039253 -0.063990 0.013655 1.644736 32.450000
1.716458 2.713229 5.573392 -3.721303 -0.955180 -0.052757 0.016689 1.708389 32.500000
2.518314 2.966560 5.572795 -3.719065 -0.865341 -0.032660 0.018846 1.860974 32.550000
2.738069 3.000000 5.572857 -3.717703 -0.768007 -0.005490 0.019511 2.008198 32.600000
3.505193 2.861673 5.573820 -3.717265 -0.665696 0.022796 0.018202 2.073277 32.650000
3.684208 2.954577 5.575941 -3.717726 -0.562775 0.056835 0.014650 2.047757 32.700000
2.912127 3.000000 5.579462 -3.719004 -0.459706 0.090598 0.008715 2.071103 32.750000
2.383532 3.000000 5.584289 -3.720812 -0.355436 0.114940 0.000761 2.095697 32.800000
2.985020 3.000000 5.590141 -3.722832 -0.250379 0.132218 -0.008537 2.105177 32.850000
2.629627 2.691071 5.597012 -3.724895 -0.144999 0.153019 -0.018982 2.109621 32.900000
2.660170 2.207380 5.604905 -3.726858 -0.042604 0.168280 -0.030076 2.004200 32.950000
2.940728 2.609981 5.613681 -3.728581 0.051527 0.182122 -0.040813 1.795247 33.000000
2.571543 2.776171 5.623343 -3.729956 0.143236 0.196803 -0.051835 1.862837 33.050000
3.043749 2.823287 5.633781 -3.730877 0.238884 0.205750 -0.063820 1.949537 33.100000
3.333142 2.617033 5.644916 -3.731229 0.337829 0.216825 -0.076575 2.000505 33.150000
3.182230 2.650273 5.656799 -3.730862 0.436331 0.228483 -0.089617 1.948774 33.200000
3.567817 2.871841 5.669334 -3.729684 0.533621 0.236700 -0.102712 1.944289 33.250000
3.309145 2.840562 5.682431 -3.727596 0.633138 0.246091 -0.116361 2.024001 33.300000
3.758423 3.000000 5.695956 -3.724524 0.734928 0.250466 -0.130424 2.044866 33.350000
3.686550 2.868854 5.709780 -3.720396 0.839092 0.256444 -0.144814 2.111332 33.400000
3.505617 2.481182 5.723796 -3.715127 0.944079 0.259326 -0.159176 2.092144 33.450000
4.280053 2.615214 5.737813 -3.708764 1.044569 0.259471 -0.172309 1.951442 33.500000
4.921434 2.788950 5.751772 -3.701192 1.142087 0.265791 -0.184676 1.950267 33.550000
3.942487 3.000000 5.765655 -3.692140 1.241457 0.275680 -0.197545 2.014854 33.600000
3.939437 2.787513 5.779241 -3.681735 1.345120 0.273123 -0.211064 2.115360 33.650000
3.303220 2.618132 5.792291 -3.670268 1.449808 0.268481 -0.224026 2.078805 33.700000
2.854008 2.828776 5.804673 -3.657958 1.551654 0.257269 -0.235405 2.007070 33.750000
3.824582 2.457480 5.816300 -3.645126 1.653408 0.240881 -0.245374 2.054863 33.800000
4.212691 2.906488 5.827103 -3.631719 1.752826 0.233682 -0.253731 1.940743 33.850000
4.127599 3.000000 5.836978 -3.617495 1.853281 0.228918 -0.261567 2.058112 33.900000
4.106033 2.536283 5.845818 -3.602509 1.958382 0.220814 -0.269406 2.133142 33.950000
3.695379 3.000000 5.853555 -3.586907 2.061063 0.212696 -0.275963 1.996811 34.000000
3.404309 2.786191 5.860180 -3.570873 2.164207 0.200051 -0.281622 2.109602 34.050000
3.901340 2.865594 5.865748 -3.554662 2.268629 0.183987 -0.286184 2.072814 34.100000
3.064644 2.917181 5.870205 -3.538326 2.372648 0.172762 -0.289524 2.085350 34.150000
3.613814 3.000000 5.873607 -3.522009 2.477514 0.153470 -0.291710 2.104975 34.200000
4.030677 3.000000 5.876000 -3.505842 2.583739 0.139259 -0.292712 2.137721 34.250000
3.729466 2.680936 5.877205 -3.489786 2.690907 0.129013 -0.292843 2.146907 34.300000
4.080761 2.219545 5.877204 -3.473923 2.795035 0.117625 -0.291862 2.036229 34.350000
4.372110 2.494318 5.875969 -3.458336 2.890882 0.113423 -0.289647 1.830818 34.400000
4.803058 2.920331 5.873338 -3.443070 2.983034 0.113840 -0.287109 1.851845 34.450000
5.020327 2.571059 5.869183 -3.428224 3.080272 0.116553 -0.285201 2.011652 34.500000
5.345644 2.446699 5.863423 -3.413941 -3.104213 0.120846 -0.283698 1.947177 34.550000
5.336554 2.105226 5.855990 -3.400382 -3.008805 0.129448 -0.282408 1.880412 34.600000
4.842425 2.393944 5.846878 -3.387715 -2.919021 0.139938 -0.281262 1.734567 34.650000
4.523392 2.645251 5.836280 -3.376058 -2.830854 0.146160 -0.280553 1.784562 34.700000
4.854802 2.176756 5.824499 -3.365485 -2.738438 0.147607 -0.280560 1.894540 34.750000
5.589319 2.266369 5.811659 -3.356107 -2.647366 0.152587 -0.280605 1.768650 34.800000
6.000000 2.090838 5.797646 -3.348139 -2.559348 0.165342 -0.280896 1.754895 34.850000
6.000000 1.917644 5.782377 -3.341828 -2.473525 0.182186 -0.281827 1.689137 34.900000
5.789088 1.597769 5.765943 -3.337334 -2.391548 0.199714 -0.283249 1.603950 34.950000
5.834730 2.008870 5.748544 -3.334710 -2.315626 0.216769 -0.284722 1.455833 35.000000
6.000000 1.642151 5.730370 -3.333994 -2.240107 0.233546 -0.287033 1.551730 35.050000
6.000000 1.953891 5.711582 -3.335259 -2.165205 0.251175 -0.290051 1.459117 35.100000
5.494013 2.191747 5.692339 -3.338564 -2.089921 0.267612 -0.293970 1.541187 35.150000
6.000000 1.754587 5.672913 -3.343799 -2.009311 0.276089 -0.299455 1.665146 35.200000
5.952746 1.376323 5.653514 -3.350949 -1.929171 0.288515 -0.305216 1.557690 35.250000
5.841225 1.554217 5.634262 -3.360101 -1.856456 0.302533 -0.309953 1.378229 35.300000
5.638752 1.642821 5.615306 -3.371206 -1.787676 0.316171 -0.314399 1.374507 35.350000
5.320360 1.767706 5.596818 -3.384144 -1.717958 0.326543 -0.319496 1.410045 35.400000
4.768832 2.252551 5.578975 -3.398721 -1.645626 0.331889 -0.325419 1.474499 35.450000
4.998121 2.343562 5.561947 -3.414638 -1.565961 0.327979 -0.332906 1.681128 35.500000
5.976935 2.803700 5.545890 -3.431690 -1.478590 0.321965 -0.341620 1.795920 35.550000
6.000000 3.000000 5.530969 -3.450016 -1.382720 0.320181 -0.351747 2.005330 35.600000
6.000000 2.994213 5.517380 -3.469655 -1.278177 0.313091 -0.363155 2.151839 35.650000
5.093420 3.000000 5.505274 -3.490403 -1.169123 0.302423 -0.374468 2.201686 35.700000
5.185987 2.859266 5.494680 -3.511877 -1.058511 0.281380 -0.384456 2.218871 35.750000
6.000000 3.000000 5.485581 -3.533750 -0.948908 0.261226 -0.392258 2.172236 35.800000
5.764907 2.657033 5.478145 -3.556064 -0.839415 0.248445 -0.398490 2.201772 35.850000
5.217236 2.905530 5.472498 -3.578763 -0.732581 0.234630 -0.402978 2.089844 35.900000
5.037398 2.671869 5.468548 -3.601580 -0.626794 0.216297 -0.405934 2.133044 35.950000
4.767920 2.626872 5.466173 -3.624263 -0.522196 0.197360 -0.407188 2.061574 36.000000
4.243245 2.834723 5.465290 -3.646652 -0.420450 0.178174 -0.406598 2.014670 36.050000
4.031902 2.671519 5.465721 -3.668573 -0.318215 0.154763 -0.404552 2.064569 36.100000
4.409256 2.950353 5.467277 -3.689883 -0.216298 0.130861 -0.400812 2.018026 36.150000
4.031858 3.000000 5.469975 -3.710524 -0.113171 0.111335 -0.395750 2.092921 36.200000
3.428193 3.000000 5.473765 -3.730427 -0.007379 0.088415 -0.389493 2.130620 36.250000
3.086677 2.981999 5.478375 -3.749524 0.099379 0.061258 -0.381617 2.136629 36.300000
2.545149 2.890878 5.483563 -3.767797 0.205914 0.033333 -0.371918 2.124763 36.350000
2.103327 3.000000 5.489122 -3.785275 0.310922 0.003710 -0.360359 2.080952 36.400000
1.704458 3.000000 5.494849 -3.802030 0.415457 -0.026917 -0.346964 2.095974 36.450000
1.568654 3.000000 5.500590 -3.818154 0.520248 -0.058197 -0.331731 2.094124 36.500000
0.788970 2.938527 5.506281 -3.833730 0.624790 -0.087172 -0.314803 2.087227 36.550000
1.724475 2.704580 5.511811 -3.848901 0.728321 -0.119371 -0.296268 2.057558 36.600000
2.688303 2.629853 5.517284 -3.863633 0.828396 -0.137644 -0.276846 1.960963 36.650000
2.349710 2.608676 5.523062 -3.877572 0.924631 -0.142256 -0.257683 1.898819 36.700000
1.963876 2.561762 5.529233 -3.890551 1.018705 -0.146657 -0.239111 1.869242 36.750000
2.615376 2.853393 5.535672 -3.902661 1.111384 -0.151708 -0.221022 1.842477 36.800000
2.806598 2.724012 5.542370 -3.913802 1.206281 -0.148900 -0.203265 1.938470 36.850000
2.021928 2.247566 5.549344 -3.923766 1.302958 -0.142656 -0.186241 1.930570 36.900000
1.368547 2.056835 5.556478 -3.932650 1.394510 -0.140573 -0.170604 1.759340 36.950000
0.534538 1.673657 5.563631 -3.940734 1.478619 -0.141146 -0.156312 1.625956 37.000000
0.953163 1.317730 5.570718 -3.948325 1.554369 -0.146196 -0.143204 1.432876 37.050000
1.939656 0.972839 5.577702 -3.955475 1.619945 -0.144004 -0.131525 1.220497 37.100000
2.365906 1.056037 5.584531 -3.961824 1.674655 -0.129916 -0.121688 0.998090 37.150000
1.768629 0.860248 5.591120 -3.967042 1.722685 -0.110675 -0.113421 0.932166 37.200000
1.512188 0.714160 5.597422 -3.971198 1.766320 -0.096564 -0.106332 0.826818 37.250000
2.191189 0.678888 5.603427 -3.974515 1.804673 -0.084245 -0.100238 0.720511 37.300000
2.262867 0.603857 5.609077 -3.976924 1.838899 -0.065243 -0.095003 0.656525 37.350000
3.091587 0.107878 5.614302 -3.978288 1.870042 -0.045680 -0.090539 0.596515 37.400000
3.713121 0.169719 5.619007 -3.978447 1.893456 -0.018052 -0.086912 0.365975 37.450000
3.008339 0.324154 5.623064 -3.977123 1.909184 0.015314 -0.083935 0.273373 37.500000
2.462660 0.136009 5.626471 -3.974393 1.923312 0.041123 -0.081370 0.290370 37.550000
2.785820 0.574051 5.629325 -3.970590 1.935947 0.061103 -0.079062 0.222276 37.600000
3.615375 0.488113 5.631647 -3.965808 1.951127 0.083100 -0.077169 0.369828 37.650000
3.387877 0.397166 5.633330 -3.959849 1.970821 0.111540 -0.075921 0.413631 37.700000
2.394332 0.515071 5.634313 -3.952649 1.991132 0.136749 -0.075141 0.400554 37.750000
2.639126 1.006833 5.634703 -3.944530 2.012344 0.151691 -0.074774 0.443447 37.800000
1.805759 0.778196 5.634560 -3.935706 2.040727 0.167601 -0.075483 0.666717 37.850000
1.098467 0.717223 5.633927 -3.926362 2.074606 0.174548 -0.077053 0.686290 37.900000
0.939256 0.717596 5.632960 -3.916854 2.108515 0.174583 -0.078655 0.671832 37.950000
0.303843 0.522314 5.631759 -3.907374 2.141917 0.173121 -0.080122 0.665052 38.000000
0.402884 0.751312 5.630425 -3.898082 2.172880 0.166024 -0.081141 0.582900 38.050000
0.142511 0.894160 5.629031 -3.889073 2.203458 0.160123 -0.081938 0.634241 38.100000
0.805074 1.346992 5.627602 -3.880373 2.237475 0.151608 -0.082932 0.716632 38.150000
1.709803 1.816840 5.626076 -3.871912 2.279463 0.148610 -0.084611 0.935787 38.200000
1.734993 1.332330 5.624211 -3.863439 2.334274 0.152504 -0.087632 1.219114 38.250000
2.094707 1.591572 5.621855 -3.854848 2.393532 0.155704 -0.091161 1.159491 38.300000
1.439546 1.397037 5.618935 -3.846125 2.453594 0.161731 -0.094863 1.233110 38.350000
2.042852 1.456184 5.615505 -3.837364 2.514069 0.161084 -0.098593 1.191676 38.400000
1.099530 1.872861 5.611570 -3.828615 2.573794 0.165870 -0.102200 1.196814 38.450000
1.576204 1.439404 5.607207 -3.819963 2.638210 0.160736 -0.106224 1.357407 38.500000
1.540196 1.049488 5.602518 -3.811511 2.703374 0.159778 -0.110048 1.262551 38.550000
2.402413 1.121388 5.597418 -3.803225 2.761125 0.159348 -0.112862 1.073221 38.600000
2.993614 1.524263 5.591727 -3.795047 2.813197 0.167625 -0.115084 1.017243 38.650000
3.445979 1.364431 5.585138 -3.786905 2.867779 0.180500 -0.117949 1.148887 38.700000
4.389438 1.022580 5.577446 -3.778814 2.925179 0.196384 -0.121645 1.147763 38.750000
4.109515 1.192677 5.568364 -3.770792 2.978882 0.220745 -0.125473 1.018191 38.800000
3.845496 0.724151 5.557777 -3.762901 3.030066 0.241703 -0.129637 1.028515 38.850000
4.550296 1.166494 5.545862 -3.755250 3.076536 0.259955 -0.133509 0.853179 38.900000
3.572249 1.638287 5.532557 -3.747904 3.121852 0.283993 -0.137755 0.948297 38.950000
4.386500 1.156943 5.517999 -3.740961 -3.107439 0.296042 -0.144220 1.177763 39.000000
3.412676 1.022920 5.502310 -3.734540 -3.050826 0.314130 -0.151603 1.098347 39.050000
3.035808 1.489135 5.485590 -3.728709 -2.998301 0.322779 -0.158340 1.014361 39.100000
2.722363 1.375024 5.468211 -3.723485 -2.943500 0.326589 -0.165622 1.158974 39.150000
2.977824 0.887174 5.450404 -3.718900 -2.884928 0.325909 -0.173580 1.181319 39.200000
3.073911 0.811884 5.432233 -3.714989 -2.830850 0.328126 -0.180231 1.005620 39.250000
3.251937 1.135265 5.413637 -3.711783 -2.783603 0.332411 -0.185173 0.898386 39.300000
2.813620 1.220295 5.394589 -3.709317 -2.736472 0.337893 -0.190096 0.977290 39.350000
2.186610 0.757272 5.375209 -3.707599 -2.685611 0.337775 -0.195833 1.048247 39.400000
1.314572 0.769734 5.355779 -3.706544 -2.637347 0.332176 -0.200633 0.901293 39.450000
1.216835 0.633654 5.336608 -3.705978 -2.594071 0.319806 -0.203802 0.837429 39.500000
0.413260 0.935333 5.317875 -3.705774 -2.554589 0.307922 -0.205638 0.751959 39.550000
0.406356 0.843680 5.299734 -3.705802 -2.514824 0.288879 -0.207037 0.828608 39.600000
0.000000 1.122863 5.282328 -3.705944 -2.473451 0.270001 -0.208169 0.825973 39.650000
0.000000 0.859421 5.265711 -3.706124 -2.429164 0.247205 -0.209183 0.931453 39.700000
0.000000 1.140662 5.249933 -3.706266 -2.384195 0.225064 -0.209568 0.873709 39.750000
0.000000 1.626046 5.234947 -3.706353 -2.338240 0.203496 -0.209390 0.953554 39.800000
0.000000 1.207350 5.220733 -3.706365 -2.284285 0.180494 -0.209581 1.174512 39.850000
0.813387 0.972198 5.207276 -3.706276 -2.227416 0.157558 -0.209234 1.108261 39.900000
0.950527 0.841190 5.194407 -3.706224 -2.175477 0.144525 -0.207639 0.984944 39.950000
0.000000 0.392025 5.181947 -3.706390 -2.129306 0.135022 -0.205109 0.875344 40.000000
0.236608 0.074494 5.169959 -3.706620 -2.092029 0.119689 -0.201454 0.643074 40.050000
0.442622 0.420567 5.158467 -3.706797 -2.066704 0.110570 -0.196622 0.396962 40.100000
0.527881 0.653760 5.147370 -3.707036 -2.046463 0.105217 -0.191438 0.410893 40.150000
0.601750 0.214647 5.136620 -3.707398 -2.023089 0.100194 -0.186590 0.512603 40.200000
0.732086 0.584595 5.126196 -3.707910 -2.001027 0.096530 -0.181743 0.383746 40.250000
0.000000 0.932404 5.116061 -3.708619 -1.979489 0.094485 -0.176988 0.468415 40.300000
0.000000 0.962149 5.106270 -3.709381 -1.950946 0.084189 -0.172746 0.651978 40.350000
0.872455 0.622373 5.096893 -3.710022 -1.915515 0.072848 -0.168816 0.752856 40.400000
1.080677 0.761129 5.087846 -3.710728 -1.880328 0.070288 -0.164834 0.664928 40.450000
0.956034 0.928609 5.079036 -3.711742 -1.846737 0.070300 -0.160880 0.677229 40.500000
1.522832 1.288701 5.070461 -3.713076 -1.810838 0.068831 -0.157162 0.749950 40.550000
2.120072 1.769335 5.062109 -3.714813 -1.768357 0.071468 -0.153922 0.927310 40.600000
2.167338 1.792701 5.053954 -3.717186 -1.714391 0.077344 -0.151542 1.195901 40.650000
1.327022 1.805652 5.046022 -3.720295 -1.650979 0.081657 -0.149966 1.322998 40.700000
0.941923 1.765146 5.038380 -3.723916 -1.583148 0.077225 -0.148684 1.381718 40.750000
0.932120 1.448079 5.031063 -3.727738 -1.513809 0.069205 -0.147222 1.390359 40.800000
0.799458 1.312515 5.024074 -3.731663 -1.447610 0.062178 -0.145288 1.273889 40.850000
0.171713 0.859231 5.017403 -3.735667 -1.386818 0.055433 -0.142871 1.171631 40.900000
0.000000 1.319136 5.011010 -3.739590 -1.334475 0.044946 -0.139862 0.950819 40.950000
0.205823 1.308129 5.004842 -3.743278 -1.284747 0.033971 -0.136484 1.028012 41.000000
0.473125 1.697259 4.998883 -3.746749 -1.232502 0.025095 -0.132924 1.057649 41.050000
0.000000 1.491808 4.993152 -3.750115 -1.175020 0.018360 -0.129280 1.219590 41.100000
0.906092 1.631392 4.987613 -3.753326 -1.114274 0.007208 -0.125421 1.211134 41.150000
1.420767 2.120925 4.982304 -3.756485 -1.052328 0.005018 -0.121414 1.259925 41.200000
0.501799 2.492642 4.977378 -3.759874 -0.983473 0.006907 -0.117576 1.464935 41.250000
0.172331 2.778636 4.972777 -3.763384 -0.903869 -0.001145 -0.113732 1.685752 41.300000
0.000000 2.352480 4.968314 -3.766759 -0.814106 -0.013056 -0.109398 1.874656 41.350000
0.000000 2.343757 4.963892 -3.769927 -0.722751 -0.025788 -0.104400 1.792414 41.400000
0.000000 2.004568 4.959473 -3.772897 -0.634146 -0.037012 -0.098856 1.757158 41.450000
0.000000 2.433241 4.955055 -3.775710 -0.550249 -0.046520 -0.092988 1.619776 41.500000
0.000000 2.548349 4.950646 -3.778401 -0.466317 -0.054990 -0.086783 1.721747 41.550000
0.000000 2.800757 4.946241 -3.781000 -0.377887 -0.062917 -0.080111 1.802674 41.600000
0.000000 2.811419 4.941843 -3.783536 -0.284238 -0.070258 -0.072936 1.923750 41.650000
0.000000 2.424158 4.937455 -3.786040 -0.186632 -0.076756 -0.065337 1.972529 41.700000
0.043068 2.233390 4.933096 -3.788539 -0.091482 -0.081799 -0.057735 1.852928 41.750000
0.694352 2.072121 4.928801 -3.791046 -0.002119 -0.084869 -0.050463 1.739591 41.800000
0.286690 1.699823 4.924758 -3.793562 0.081918 -0.080587 -0.043793 1.637714 41.850000
0.026316 2.118406 4.921035 -3.796069 0.158720 -0.079144 -0.037933 1.460855 41.900000
0.919435 1.998339 4.917484 -3.798566 0.234156 -0.079519 -0.032380 1.544322 41.950000
1.700659 1.973657 4.914256 -3.801008 0.311080 -0.071087 -0.027154 1.534230 42.000000
2.628147 1.957402 4.911714 -3.803253 0.387423 -0.055192 -0.022802 1.521525 42.050000
1.889192 1.467033 4.910188 -3.805095 0.463190 -0.030872 -0.019712 1.510853 42.100000
2.737757 1.402504 4.909651 -3.806449 0.533391 -0.013942 -0.017919 1.324182 42.150000
2.407790 1.545251 4.910046 -3.807225 0.596665 0.010526 -0.017235 1.221205 42.200000
2.359287 1.965292 4.911396 -3.807310 0.658011 0.031074 -0.017568 1.231303 42.250000
1.565926 1.991662 4.913541 -3.806708 0.724234 0.050212 -0.018909 1.394622 42.300000
1.012530 2.011394 4.916243 -3.805513 0.796210 0.060942 -0.021129 1.473081 42.350000
0.978070 2.282942 4.919204 -3.803919 0.871003 0.065800 -0.023797 1.512831 42.400000
0.839423 1.849672 4.922281 -3.802016 0.949990 0.069722 -0.026814 1.629170 42.450000
0.616749 1.611199 4.925410 -3.799834 1.028212 0.071914 -0.029855 1.516670 42.500000
1.113767 1.833286 4.928518 -3.797446 1.100203 0.071913 -0.032534 1.382529 42.550000
0.671980 2.036353 4.931615 -3.794796 1.170115 0.076371 -0.035131 1.410049 42.600000
0.000000 1.748463 4.934681 -3.791883 1.243116 0.076146 -0.037913 1.497280 42.650000
0.000000 1.507043 4.937604 -3.788960 1.315943 0.069432 -0.040407 1.426157 42.700000
0.656700 1.713634 4.940348 -3.786183 1.383822 0.063036 -0.042242 1.306114 42.750000
0.703128 1.378649 4.942956 -3.783400 1.449899 0.062935 -0.043779 1.333166 42.800000
0.023404 1.604069 4.945451 -3.780455 1.513281 0.063302 -0.045146 1.218146 42.850000
0.816240 1.374465 4.947818 -3.777502 1.575212 0.057319 -0.046278 1.254110 42.900000
0.173686 1.087226 4.950052 -3.774516 1.635877 0.058925 -0.047223 1.182346 42.950000
0.581244 1.264112 4.952157 -3.771466 1.690978 0.054791 -0.047854 1.040585 43.000000
1.327910 1.326753 4.954135 -3.768407 1.743141 0.054753 -0.048269 1.045320 43.050000
0.692599 1.568006 4.955938 -3.765076 1.796156 0.061566 -0.048834 1.071837 43.100000
1.363401 1.399913 4.957547 -3.761469 1.852718 0.061930 -0.049671 1.176611 43.150000
0.794924 1.573723 4.958936 -3.757601 1.911037 0.068325 -0.050696 1.158646 43.200000
0.701220 1.301497 4.960085 -3.753472 1.970636 0.069019 -0.051897 1.217326 43.250000
0.416590 1.660993 4.961036 -3.749248 2.029281 0.068790 -0.053017 1.139100 43.300000
0.377967 1.715718 4.961823 -3.745021 2.089163 0.065747 -0.054092 1.242083 43.350000
0.848146 2.059787 4.962482 -3.740868 2.153124 0.062070 -0.055171 1.307246 43.400000
1.756506 2.109929 4.962955 -3.736716 2.222967 0.062359 -0.056402 1.463940 43.450000
2.228003 2.001678 4.963044 -3.732334 2.298555 0.070498 -0.058076 1.547325 43.500000
1.756495 2.398951 4.962519 -3.727530 2.375755 0.082384 -0.060318 1.541681 43.550000
2.363646 2.523410 4.961360 -3.722380 2.456985 0.088831 -0.063239 1.685743 43.600000
2.827889 2.316135 4.959520 -3.716954 2.544220 0.099783 -0.066971 1.787888 43.650000
3.228313 1.835863 4.956781 -3.711208 2.632605 0.114044 -0.071439 1.753242 43.700000
3.184401 1.607021 4.952956 -3.705153 2.714869 0.131543 -0.076207 1.566252 43.750000
2.380663 1.502377 4.947970 -3.698868 2.788635 0.148338 -0.080970 1.407997 43.800000
2.790572 1.225273 4.942019 -3.692521 2.856067 0.157267 -0.085561 1.304318 43.850000
1.939522 1.645614 4.935203 -3.686222 2.917063 0.170025 -0.089761 1.156216 43.900000
2.056107 1.629310 4.927647 -3.680051 2.977621 0.174084 -0.094143 1.253045 43.950000
2.304030 1.764818 4.919548 -3.674106 3.041308 0.178287 -0.098944 1.289573 44.000000
2.900139 1.654877 4.910852 -3.668435 3.107712 0.183826 -0.104154 1.357294 44.050000
2.381970 1.245990 4.901402 -3.663093 -3.107942 0.194044 -0.109707 1.345973 44.100000
1.812801 1.047878 4.891224 -3.658137 -3.045149 0.199289 -0.114766 1.187984 44.150000
2.765246 1.237580 4.880601 -3.653581 -2.989838 0.199842 -0.118718 1.043867 44.200000
2.955180 0.832786 4.869463 -3.649466 -2.937375 0.209403 -0.122328 1.053680 44.250000
2.244858 0.645029 4.857584 -3.645871 -2.888972 0.220797 -0.125570 0.902307 44.300000
1.277648 0.644206 4.845115 -3.642789 -2.847886 0.226224 -0.127826 0.758985 44.350000
1.321851 0.887807 4.832451 -3.640118 -2.811860 0.223235 -0.129235 0.690269 44.400000
0.918224 0.770454 4.819803 -3.637794 -2.775557 0.220656 -0.130572 0.754192 44.450000
0.718237 0.445954 4.807265 -3.635790 -2.738297 0.214194 -0.131892 0.738057 44.500000
0.494620 0.754837 4.794964 -3.634046 -2.705259 0.206836 -0.132346 0.599555 44.550000
0.000000 0.779611 4.782970 -3.632511 -2.673735 0.197944 -0.132379 0.654766 44.600000
0.905361 0.800755 4.771428 -3.631103 -2.639984 0.184400 -0.132460 0.690716 44.650000
0.321163 1.151527 4.760242 -3.629865 -2.604742 0.179519 -0.132511 0.715840 44.700000
0.000000 0.752928 4.749346 -3.628826 -2.564715 0.168526 -0.132955 0.866580 44.750000
0.000000 0.982631 4.738923 -3.627867 -2.523829 0.154802 -0.133128 0.779248 44.800000
0.000000 0.899903 4.729008 -3.626936 -2.483510 0.141708 -0.132845 0.827285 44.850000
0.000000 0.903169 4.719579 -3.626020 -2.442456 0.129006 -0.132271 0.815975 44.900000
0.773446 1.232106 4.710613 -3.625111 -2.401802 0.116903 -0.131320 0.810523 44.950000
0.611388 1.686620 4.701956 -3.624323 -2.357723 0.111890 -0.130436 0.936673 45.000000
1.184228 1.936434 4.693515 -3.623742 -2.304273 0.103946 -0.130101 1.170292 45.050000
1.430958 1.971247 4.685253 -3.623431 -2.240147 0.099749 -0.130324 1.367167 45.100000
2.213552 2.010436 4.677082 -3.623521 -2.169049 0.096740 -0.130860 1.462811 45.150000
3.044850 2.505701 4.668905 -3.624206 -2.094362 0.100418 -0.131649 1.516832 45.200000
2.387101 2.116177 4.660596 -3.625803 -2.012639 0.110298 -0.133317 1.721215 45.250000
2.774769 2.009621 4.652237 -3.628332 -1.928337 0.113008 -0.135476 1.660358 45.300000
3.678421 1.877466 4.643944 -3.631731 -1.847116 0.119544 -0.137583 1.598150 45.350000
3.101197 1.634805 4.635716 -3.636280 -1.769291 0.134623 -0.139936 1.526096 45.400000
3.020767 1.860811 4.627632 -3.642028 -1.696369 0.144444 -0.142406 1.408321 45.450000
2.528827 2.043551 4.619810 -3.648796 -1.624905 0.153168 -0.145130 1.445206 45.500000
1.595672 2.456109 4.612345 -3.656405 -1.550241 0.156060 -0.148410 1.529150 45.550000
1.954517 2.039565 4.605306 -3.664465 -1.468443 0.148359 -0.152222 1.714402 45.600000
2.897810 1.636535 4.598735 -3.672791 -1.385008 0.143544 -0.155696 1.635154 45.650000
2.769144 1.606895 4.592710 -3.681659 -1.308407 0.148788 -0.158344 1.455830 45.700000
3.329372 1.584772 4.587310 -3.691225 -1.238016 0.153726 -0.160515 1.372102 45.750000
3.479408 1.326819 4.582621 -3.701537 -1.170623 0.164129 -0.162661 1.329967 45.800000
4.385135 0.888430 4.578756 -3.712689 -1.107375 0.176252 -0.164764 1.216236 45.850000
5.155155 0.745004 4.575875 -3.724839 -1.052680 0.198077 -0.166405 1.000970 45.900000
5.565017 1.109234 4.574215 -3.738269 -1.006888 0.228114 -0.167654 0.850708 45.950000
5.157346 0.639132 4.573965 -3.753120 -0.962199 0.260939 -0.169725 0.928208 46.000000
4.189587 0.926128 4.575166 -3.769264 -0.919869 0.289102 -0.172201 0.783932 46.050000
4.398426 1.390078 4.577651 -3.786340 -0.879319 0.307441 -0.174938 0.832805 46.100000
4.075609 0.913537 4.581335 -3.804096 -0.831827 0.325126 -0.179684 1.041122 46.150000
3.807130 1.120604 4.586223 -3.822381 -0.782233 0.338266 -0.185250 0.954623 46.200000
3.361334 1.186285 4.592229 -3.841007 -0.733273 0.348178 -0.190888 0.998794 46.250000
3.556934 0.708983 4.599238 -3.859767 -0.681984 0.352552 -0.197159 1.047045 46.300000
2.957744 0.505078 4.607206 -3.878549 -0.634197 0.359113 -0.202504 0.885671 46.350000
3.630689 0.813053 4.616051 -3.897272 -0.594248 0.361734 -0.205808 0.731489 46.400000
4.602211 0.951638 4.625784 -3.915931 -0.556273 0.370883 -0.208668 0.781970 46.450000
5.447564 0.511404 4.636719 -3.934666 -0.514887 0.387537 -0.212705 0.864228 46.500000
6.000000 0.562824 4.649207 -3.953597 -0.475368 0.411691 -0.216643 0.733726 46.550000
5.566589 0.599019 4.663516 -3.972801 -0.439740 0.440952 -0.220028 0.697194 46.600000
6.000000 0.727504 4.679636 -3.992200 -0.404840 0.465057 -0.223742 0.699794 46.650000
6.000000 1.118453 4.697530 -4.011686 -0.368244 0.491486 -0.228542 0.758539 46.700000
5.510547 0.873100 4.717244 -4.031159 -0.325030 0.514451 -0.236212 0.948109 46.750000
4.664542 1.131698 4.738610 -4.050412 -0.277687 0.530090 -0.245712 0.947358 46.800000
5.256393 1.495830 4.761276 -4.069225 -0.227348 0.535577 -0.256385 1.053704 46.850000
5.356351 1.484980 4.785122 -4.087440 -0.169202 0.542730 -0.269924 1.247580 46.900000
5.579077 1.386216 4.810221 -4.104920 -0.104385 0.546856 -0.285795 1.334682 46.950000
6.000000 1.719161 4.836554 -4.121523 -0.037489 0.550645 -0.302092 1.341983 47.000000
5.925323 1.580175 4.864173 -4.137123 0.033439 0.554960 -0.319614 1.477548 47.050000
5.671691 1.414887 4.893025 -4.151563 0.107616 0.555247 -0.337897 1.489659 47.100000
4.774600 1.195742 4.922910 -4.164728 0.180639 0.551938 -0.354982 1.440032 47.150000
5.012984 1.566393 4.953466 -4.176591 0.249818 0.540764 -0.369578 1.341923 47.200000
5.828438 1.726945 4.984466 -4.187138 0.319772 0.530534 -0.383446 1.442439 47.250000
4.905909 1.851912 5.016013 -4.196227 0.394867 0.524215 -0.398342 1.546916 47.300000
5.118017 2.318388 5.047920 -4.203805 0.474800 0.505399 -0.413797 1.636850 47.350000
5.457134 2.814685 5.079859 -4.209890 0.562555 0.483127 -0.430296 1.841121 47.400000
5.834916 2.507255 5.111720 -4.214387 0.661954 0.455925 -0.448558 2.092709 47.450000
4.885093 2.502957 5.143399 -4.217196 0.766020 0.428078 -0.465640 2.072402 47.500000
4.316170 2.055572 5.174651 -4.218433 0.869252 0.390895 -0.479444 2.057211 47.550000
3.691883 1.756873 5.205158 -4.218394 0.967128 0.351836 -0.488506 1.883488 47.600000
2.960296 1.886323 5.234775 -4.217322 1.056047 0.313623 -0.492423 1.699124 47.650000
2.784444 1.966981 5.263391 -4.215494 1.139999 0.273184 -0.492685 1.661161 47.700000
2.921664 2.001784 5.290945 -4.213122 1.223148 0.233347 -0.490394 1.661079 47.750000
1.922512 1.759854 5.317468 -4.210241 1.306245 0.196751 -0.485917 1.659573 47.800000
1.614322 1.562638 5.342951 -4.207062 1.386324 0.154903 -0.478896 1.555412 47.850000
1.201267 1.674690 5.367405 -4.203853 1.460456 0.116517 -0.469270 1.425408 47.900000
0.424019 2.015297 5.390892 -4.200732 1.531072 0.079018 -0.457750 1.399543 47.950000
1.044742 2.329775 5.413479 -4.197957 1.604055 0.035438 -0.444705 1.501170 48.000000
0.105420 2.531697 5.435247 -4.195570 1.683321 -0.003093 -0.430071 1.644708 48.050000
0.000000 2.055837 5.456311 -4.193655 1.769012 -0.050910 -0.413393 1.761183 48.100000
0.816422 1.765627 5.476822 -4.192411 1.853085 -0.094965 -0.394596 1.620460 48.150000
1.574565 1.907608 5.496817 -4.191555 1.929222 -0.123438 -0.374923 1.448879 48.200000
2.380467 2.216726 5.516202 -4.190628 2.001065 -0.139629 -0.355153 1.427364 48.250000
1.833992 1.928215 5.534840 -4.189259 2.075447 -0.146970 -0.335237 1.532512 48.300000
2.282669 1.476771 5.552709 -4.187397 2.150235 -0.157291 -0.315506 1.468408 48.350000
1.317181 1.320867 5.569776 -4.185048 2.218093 -0.158240 -0.296948 1.274106 48.400000
1.565987 0.950673 5.586058 -4.182289 2.277785 -0.163303 -0.279844 1.133109 48.450000
2.378176 1.380137 5.601605 -4.179237 2.328666 -0.161301 -0.264297 0.929275 48.500000
2.106303 1.493799 5.616204 -4.175707 2.377295 -0.150017 -0.249803 1.006867 48.550000
1.223208 1.387769 5.629771 -4.171647 2.429962 -0.142076 -0.235730 1.089664 48.600000
1.314526 0.918404 5.642517 -4.167278 2.484391 -0.142202 -0.222111 1.088038 48.650000
2.238846 1.010089 5.654571 -4.162738 2.533668 -0.139008 -0.209538 0.906926 48.700000
1.306227 0.522036 5.665708 -4.157903 2.577727 -0.125113 -0.198201 0.861871 48.750000
2.062669 0.575175 5.675918 -4.152801 2.614857 -0.117967 -0.188183 0.649389 48.800000
1.115687 1.040383 5.685207 -4.147485 2.645075 -0.101875 -0.179367 0.569276 48.850000
0.655275 1.525331 5.693625 -4.141999 2.677719 -0.095416 -0.170938 0.719309 48.900000
0.047313 1.606247 5.701501 -4.136519 2.721145 -0.095527 -0.162140 0.984767 48.950000
0.940568 1.372450 5.709106 -4.131152 2.774726 -0.102914 -0.152805 1.138156 49.000000
1.218790 1.323226 5.716393 -4.125869 2.831030 -0.101588 -0.143479 1.117069 49.050000
1.772152 1.194107 5.723100 -4.120581 2.886105 -0.096806 -0.134686 1.089829 49.100000
2.282596 1.651817 5.729036 -4.115262 2.938872 -0.086028 -0.126651 1.029244 49.150000
2.044872 1.178038 5.733966 -4.109900 2.994603 -0.070855 -0.119229 1.180244 49.200000
2.195137 1.616351 5.737853 -4.104534 3.050394 -0.057943 -0.112601 1.066916 49.250000
3.084031 2.106694 5.740735 -4.099230 3.107121 -0.043787 -0.106719 1.186440 49.300000
3.477580 2.052401 5.742404 -4.094038 -3.109930 -0.022799 -0.101542 1.425628 49.350000
3.802136 2.149341 5.742620 -4.089049 -3.036331 0.000473 -0.097514 1.506856 49.400000
2.856761 2.103855 5.741282 -4.084397 -2.958970 0.025735 -0.094934 1.577456 49.450000
1.973984 1.649529 5.738611 -4.080179 -2.879731 0.041228 -0.093602 1.590409 49.500000
2.030143 1.766374 5.735094 -4.076393 -2.804859 0.048596 -0.092809 1.428527 49.550000
1.062206 1.594963 5.730959 -4.073045 -2.734081 0.056788 -0.092312 1.405973 49.600000
0.468892 1.980587 5.726442 -4.070086 -2.665880 0.056037 -0.091913 1.332535 49.650000
0.184930 2.024632 5.721897 -4.067376 -2.596008 0.049633 -0.091418 1.445922 49.700000
0.000000 1.763610 5.717513 -4.064808 -2.521912 0.040367 -0.090683 1.508559 49.750000
0.914774 1.788435 5.713373 -4.062308 -2.448542 0.029917 -0.089434 1.436610 49.800000
0.645640 1.580097 5.709328 -4.059977 -2.377306 0.028759 -0.087882 1.415815 49.850000
1.318611 1.553076 5.705263 -4.057912 -2.308996 0.025642 -0.086216 1.328944 49.900000
1.793750 1.276182 5.701124 -4.056192 -2.243887 0.029421 -0.084562 1.282047 49.950000
