0.214285 -0.231710 0.060202 -0.403873 -2.302861 -0.279342 0.000000 0.665688 0.000000
0.649868 -0.294344 0.069289 -0.393691 -2.280714 -0.266623 0.004313 0.264347 0.050000
0.309772 -0.309923 0.077862 -0.384018 -2.274098 -0.250378 0.005391 0.023881 0.100000
0.431389 -0.059637 0.085960 -0.374881 -2.276785 -0.237987 0.004743 -0.117951 0.150000
0.239282 0.013214 0.093651 -0.366232 -2.281948 -0.224960 0.003731 -0.091183 0.200000
0.699003 -0.328742 0.100959 -0.358039 -2.285251 -0.214209 0.003088 -0.045353 0.250000
0.000000 -0.394497 0.107855 -0.350329 -2.290808 -0.199609 0.002167 -0.165318 0.300000
0.600116 0.012770 0.114401 -0.343048 -2.301657 -0.192065 0.000579 -0.259247 0.350000
0.036530 0.014101 0.120626 -0.336166 -2.311320 -0.179217 -0.000721 -0.139333 0.400000
0.651735 -0.317829 0.126530 -0.329665 -2.316460 -0.172093 -0.001340 -0.072720 0.450000
0.444660 -0.798011 0.132109 -0.323535 -2.322946 -0.159520 -0.002059 -0.176595 0.500000
0.760233 -1.220267 0.137320 -0.317838 -2.338884 -0.149305 -0.003740 -0.434005 0.550000
0.143392 -1.655809 0.142170 -0.312590 -2.369081 -0.136398 -0.006680 -0.738877 0.600000
0.000000 -1.815613 0.146732 -0.307739 -2.415015 -0.129382 -0.010804 -1.058158 0.650000
0.000000 -2.281806 0.151150 -0.303167 -2.473768 -0.123454 -0.015733 -1.264115 0.700000
0.596849 -2.214821 0.155451 -0.298861 -2.544514 -0.117033 -0.021266 -1.527738 0.750000
0.096311 -2.646099 0.159512 -0.294904 -2.623290 -0.104520 -0.026765 -1.610835 0.800000
0.000000 -2.650112 0.163302 -0.291294 -2.709320 -0.096271 -0.032016 -1.800895 0.850000
0.963865 -2.463668 0.166927 -0.287951 -2.801518 -0.088346 -0.036999 -1.875187 0.900000
1.823610 -2.800360 0.170176 -0.284919 -2.894152 -0.071175 -0.041010 -1.836314 0.950000
2.269086 -2.663801 0.172624 -0.282248 -2.989028 -0.046117 -0.043574 -1.941533 1.000000
2.070297 -2.391998 0.173971 -0.279879 -3.085810 -0.017534 -0.044282 -1.931212 1.050000
2.432382 -2.281751 0.174187 -0.277677 3.103760 0.007912 -0.043098 -1.829554 1.100000
3.186276 -2.539867 0.173277 -0.275494 3.014562 0.035270 -0.040258 -1.750639 1.150000
2.537612 -2.724238 0.171048 -0.273163 2.925227 0.068164 -0.035580 -1.812769 1.200000
2.948644 -3.000000 0.167566 -0.270539 2.831998 0.093277 -0.028990 -1.901990 1.250000
2.026122 -2.680045 0.162993 -0.267484 2.733085 0.120495 -0.020443 -2.033001 1.300000
1.751522 -2.703173 0.157562 -0.263928 2.633326 0.136885 -0.010588 -1.968270 1.350000
0.928563 -2.285212 0.151641 -0.259911 2.535344 0.148718 -0.000243 -1.953659 1.400000
0.422709 -2.772395 0.145538 -0.255540 2.442121 0.151132 0.009734 -1.800220 1.450000
0.440150 -2.433569 0.139555 -0.251006 2.348699 0.147510 0.019356 -1.917981 1.500000
0.212147 -2.196676 0.133811 -0.246395 2.255012 0.143001 0.028407 -1.841956 1.550000
0.238563 -1.897486 0.128349 -0.241771 2.166197 0.135688 0.036270 -1.728677 1.600000
0.233868 -1.981287 0.123190 -0.237198 2.084158 0.128401 0.042764 -1.576251 1.650000
0.000000 -2.418449 0.118314 -0.232693 2.006199 0.120936 0.048244 -1.546633 1.700000
0.000000 -2.862534 0.113735 -0.228323 1.924587 0.110771 0.053347 -1.695219 1.750000
0.000000 -2.981354 0.109469 -0.224157 1.833510 0.099717 0.058370 -1.913165 1.800000
0.802853 -2.887696 0.105503 -0.220217 1.734263 0.087812 0.063022 -2.036362 1.850000
0.573176 -3.000000 0.101788 -0.216338 1.632105 0.082982 0.067104 -2.048011 1.900000
0.826341 -2.673856 0.098302 -0.212407 1.528432 0.075527 0.070684 -2.091550 1.950000
0.633568 -3.000000 0.095048 -0.208438 1.426746 0.070449 0.073572 -1.992396 2.000000
1.212396 -2.670633 0.092026 -0.204430 1.324825 0.063384 0.075936 -2.071219 2.050000
0.368765 -3.000000 0.089263 -0.200315 1.223819 0.061770 0.077860 -1.983588 2.100000
0.620058 -3.000000 0.086737 -0.196167 1.122185 0.052070 0.079337 -2.067647 2.150000
0.735366 -3.000000 0.084394 -0.192130 1.017930 0.044627 0.080232 -2.097431 2.200000
0.000000 -3.000000 0.082265 -0.188136 0.912756 0.038345 0.080614 -2.107689 2.250000
0.000000 -3.000000 0.080249 -0.184301 0.807277 0.025424 0.080267 -2.110763 2.300000
0.000000 -3.000000 0.078216 -0.180737 0.701723 0.013095 0.078982 -2.111136 2.350000
0.000000 -3.000000 0.076144 -0.177411 0.596178 0.001473 0.076840 -2.110597 2.400000
0.000000 -3.000000 0.074020 -0.174284 0.490668 -0.009351 0.073926 -2.109808 2.450000
0.000000 -2.783985 0.071835 -0.171319 0.385197 -0.019302 0.070331 -2.109021 2.500000
0.784273 -2.373295 0.069590 -0.168480 0.281975 -0.028120 0.066191 -2.032600 2.550000
1.353375 -2.094788 0.067476 -0.165690 0.185387 -0.028156 0.062001 -1.859244 2.600000
0.747316 -1.672602 0.065816 -0.162893 0.097206 -0.021699 0.058325 -1.694058 2.650000
1.254401 -2.054615 0.064609 -0.160123 0.018803 -0.019962 0.055177 -1.474993 2.700000
1.146704 -2.198371 0.063834 -0.157423 -0.056463 -0.013034 0.052424 -1.527899 2.750000
1.539676 -2.623272 0.063572 -0.154827 -0.135002 -0.007333 0.050080 -1.602522 2.800000
1.466918 -2.736198 0.063864 -0.152390 -0.220458 0.001573 0.048217 -1.787187 2.850000
1.661752 -2.356953 0.064749 -0.150172 -0.313052 0.009194 0.046945 -1.898730 2.900000
1.780338 -2.419956 0.066214 -0.148240 -0.405273 0.018488 0.046263 -1.805177 2.950000
1.443562 -2.138911 0.068281 -0.146680 -0.495168 0.028729 0.046211 -1.792689 3.000000
2.280350 -2.382380 0.070850 -0.145517 -0.581734 0.035641 0.046630 -1.686571 3.050000
1.983129 -2.242194 0.073963 -0.144866 -0.667434 0.050044 0.047677 -1.734172 3.100000
2.732829 -2.217020 0.077648 -0.144842 -0.753218 0.060972 0.049459 -1.702278 3.150000
1.809816 -1.791062 0.081891 -0.145564 -0.837723 0.078296 0.051983 -1.681345 3.200000
2.060550 -2.238944 0.086575 -0.147029 -0.917080 0.086447 0.054877 -1.517754 3.250000
1.797079 -2.729351 0.091515 -0.149140 -0.995835 0.096334 0.058157 -1.617562 3.300000
1.726791 -2.451945 0.096629 -0.151899 -1.083017 0.102310 0.062372 -1.835767 3.350000
1.735478 -2.301112 0.101786 -0.155238 -1.174342 0.106518 0.067058 -1.819907 3.400000
1.695663 -2.567771 0.106907 -0.159134 -1.263603 0.110265 0.071680 -1.760126 3.450000
1.877614 -2.204987 0.111928 -0.163565 -1.353742 0.112846 0.076421 -1.833879 3.500000
2.741079 -1.869988 0.116789 -0.168542 -1.442480 0.116597 0.081081 -1.731856 3.550000
3.022966 -1.891406 0.121463 -0.174285 -1.524434 0.128452 0.085478 -1.571133 3.600000
3.649995 -2.058822 0.125895 -0.181030 -1.601400 0.142571 0.090010 -1.516086 3.650000
3.546198 -1.632655 0.129981 -0.188937 -1.678377 0.161465 0.095303 -1.557291 3.700000
4.100095 -1.174888 0.133603 -0.198057 -1.752239 0.178509 0.101005 -1.418139 3.750000
4.433182 -1.360661 0.136642 -0.208424 -1.816633 0.200823 0.106255 -1.190179 3.800000
5.078613 -1.549493 0.138973 -0.220169 -1.875410 0.225733 0.111578 -1.165041 3.850000
5.909695 -1.629078 0.140436 -0.233409 -1.935471 0.255002 0.118086 -1.229484 3.900000
6.000000 -1.273037 0.140800 -0.248334 -1.998695 0.289724 0.126358 -1.291971 3.950000
5.440350 -1.574408 0.139864 -0.264977 -2.060331 0.323455 0.135513 -1.189037 4.000000
4.692759 -1.121323 0.137582 -0.283080 -2.121897 0.349863 0.145682 -1.264491 4.050000
4.262607 -0.695317 0.134028 -0.302217 -2.181265 0.367882 0.155882 -1.129818 4.100000
5.086111 -0.743437 0.129318 -0.322054 -2.231513 0.382428 0.163969 -0.909684 4.150000
6.000000 -1.241732 0.123383 -0.342605 -2.274765 0.405120 0.170494 -0.831352 4.200000
6.000000 -0.742592 0.115943 -0.364086 -2.320937 0.434269 0.178504 -0.996173 4.250000
6.000000 -0.754121 0.106828 -0.386495 -2.367547 0.461612 0.187261 -0.884140 4.300000
5.782312 -0.633856 0.096022 -0.409706 -2.410568 0.488242 0.195406 -0.843421 4.350000
4.988179 -0.613746 0.083563 -0.433568 -2.451018 0.511998 0.203120 -0.783544 4.400000
4.185966 -0.286607 0.069640 -0.457828 -2.489308 0.527609 0.210335 -0.753036 4.450000
3.834915 -0.391476 0.054558 -0.482183 -2.522996 0.536135 0.215871 -0.611969 4.500000
4.024931 -0.270607 0.038552 -0.506451 -2.552902 0.541948 0.219946 -0.587708 4.550000
3.532562 -0.537770 0.021666 -0.530585 -2.580647 0.549783 0.223180 -0.529368 4.600000
4.189674 -0.667067 0.003974 -0.554519 -2.609371 0.552302 0.226800 -0.610770 4.650000
4.845489 -0.727744 -0.014546 -0.578207 -2.642555 0.559255 0.232161 -0.706241 4.700000
5.572174 -1.058351 -0.034150 -0.601710 -2.679945 0.570387 0.239241 -0.781547 4.750000
5.605582 -1.212580 -0.055101 -0.625060 -2.723839 0.585225 0.249113 -0.954312 4.800000
6.000000 -1.604023 -0.077525 -0.648163 -2.775672 0.596328 0.262384 -1.101722 4.850000
6.000000 -2.022007 -0.101464 -0.670857 -2.837072 0.606055 0.279687 -1.325813 4.900000
6.000000 -2.120875 -0.126923 -0.692926 -2.910781 0.608895 0.301989 -1.586918 4.950000
6.000000 -2.575325 -0.153786 -0.714100 -2.994431 0.604993 0.327758 -1.738441 5.000000
6.000000 -2.981984 -0.181904 -0.734136 -3.088009 0.593583 0.356409 -1.969901 5.050000
6.000000 -2.810052 -0.211072 -0.752789 3.089829 0.572921 0.387862 -2.205971 5.100000
5.476863 -2.461539 -0.241050 -0.769856 2.978713 0.545539 0.418649 -2.234809 5.150000
5.512642 -2.661567 -0.271520 -0.785259 2.870175 0.511656 0.444904 -2.125340 5.200000
6.000000 -3.000000 -0.302230 -0.798991 2.763038 0.476807 0.467078 -2.154292 5.250000
6.000000 -3.000000 -0.333125 -0.810985 2.651678 0.442112 0.487192 -2.277390 5.300000
6.000000 -3.000000 -0.364099 -0.821173 2.536713 0.403567 0.504739 -2.312793 5.350000
6.000000 -3.000000 -0.394971 -0.829558 2.420928 0.363561 0.518646 -2.315353 5.400000
6.000000 -2.591002 -0.425595 -0.836159 2.305390 0.323455 0.528676 -2.304801 5.450000
5.314805 -2.251317 -0.455860 -0.840992 2.194679 0.287206 0.534124 -2.147655 5.500000
5.409549 -1.783388 -0.485623 -0.844175 2.092679 0.251860 0.534876 -1.960238 5.550000
6.000000 -1.997772 -0.514797 -0.845785 2.001787 0.226977 0.531514 -1.712315 5.600000
5.236353 -1.949843 -0.543432 -0.845624 1.916862 0.213355 0.526130 -1.687059 5.650000
5.227502 -2.114390 -0.571434 -0.843735 1.833455 0.194915 0.519751 -1.652525 5.700000
5.161956 -1.846949 -0.598656 -0.840309 1.749662 0.177598 0.512604 -1.691314 5.750000
5.249869 -1.488744 -0.625009 -0.835399 1.667634 0.162418 0.504518 -1.601828 5.800000
4.848830 -1.211708 -0.650423 -0.828993 1.592488 0.154258 0.495260 -1.428612 5.850000
4.804539 -1.463940 -0.674836 -0.821133 1.526152 0.149516 0.485044 -1.249472 5.900000
5.684526 -1.359954 -0.698192 -0.811908 1.463188 0.147652 0.474714 -1.266328 5.950000
4.814696 -1.248282 -0.720399 -0.801167 1.400795 0.155261 0.464821 -1.234227 6.000000
4.495762 -1.002715 -0.741387 -0.788961 1.340675 0.156733 0.455232 -1.178113 6.050000
4.950525 -1.394037 -0.761147 -0.775603 1.285151 0.158769 0.445542 -1.058677 6.100000
5.796606 -1.363455 -0.779615 -0.761094 1.229446 0.165548 0.436427 -1.156705 6.150000
4.854405 -0.933606 -0.796641 -0.745243 1.170668 0.178776 0.428408 -1.190599 6.200000
4.363247 -1.041831 -0.812173 -0.728166 1.115342 0.185353 0.420618 -1.042501 6.250000
3.544955 -0.953833 -0.826299 -0.710214 1.063894 0.189881 0.412826 -1.018599 6.300000
4.481828 -1.141934 -0.839133 -0.691707 1.014250 0.188169 0.405120 -0.972715 6.350000
4.394128 -0.783694 -0.850635 -0.672669 0.964146 0.195478 0.397865 -1.024939 6.400000
4.888033 -1.045103 -0.860679 -0.653000 0.916137 0.203292 0.390823 -0.910429 6.450000
4.389932 -0.617500 -0.869182 -0.632678 0.869176 0.216382 0.384256 -0.962110 6.500000
3.613898 -0.746973 -0.876131 -0.611781 0.825065 0.226220 0.377833 -0.820532 6.550000
2.781428 -0.439454 -0.881709 -0.590571 0.784452 0.230624 0.371310 -0.805839 6.600000
3.369033 -0.239381 -0.886176 -0.569349 0.747800 0.229465 0.364408 -0.675496 6.650000
3.142020 -0.550426 -0.889561 -0.548147 0.718068 0.237544 0.356690 -0.530637 6.700000
2.935323 -0.996462 -0.891799 -0.526901 0.690027 0.244312 0.349133 -0.584927 6.750000
2.051733 -1.006976 -0.892992 -0.505726 0.655013 0.245889 0.343156 -0.791020 6.800000
1.939112 -1.302714 -0.893380 -0.484857 0.612613 0.236046 0.338543 -0.891657 6.850000
1.034605 -1.394333 -0.893180 -0.464484 0.563531 0.222735 0.334838 -1.050205 6.900000
1.969944 -1.489993 -0.892629 -0.444773 0.508110 0.198914 0.331559 -1.151538 6.950000
1.184818 -1.844569 -0.891749 -0.425733 0.448351 0.183016 0.328205 -1.227347 7.000000
1.458213 -1.498782 -0.890545 -0.407347 0.382348 0.157946 0.324855 -1.388426 7.050000
1.698491 -1.511642 -0.889160 -0.389666 0.314836 0.136058 0.320670 -1.320320 7.100000
2.449779 -1.725743 -0.887482 -0.372616 0.249623 0.118656 0.315483 -1.291185 7.150000
2.073081 -2.008796 -0.885290 -0.356124 0.183198 0.108859 0.309954 -1.355942 7.200000
1.940419 -1.510636 -0.882527 -0.340181 0.111666 0.094306 0.304415 -1.485593 7.250000
2.066760 -1.463748 -0.879341 -0.324824 0.041253 0.080096 0.298255 -1.349683 7.300000
2.355609 -1.158167 -0.875717 -0.310049 -0.024028 0.070264 0.291440 -1.271868 7.350000
3.159313 -0.986944 -0.871542 -0.295863 -0.083321 0.066439 0.284252 -1.120263 7.400000
2.301751 -0.642777 -0.866538 -0.282302 -0.135561 0.073483 0.277036 -0.987081 7.450000
1.477791 -0.498279 -0.860714 -0.269388 -0.179417 0.075903 0.269803 -0.791685 7.500000
0.899130 -0.327399 -0.854438 -0.257076 -0.214775 0.074067 0.262386 -0.640448 7.550000
0.000000 -0.467479 -0.848007 -0.245300 -0.242768 0.069860 0.254778 -0.495443 7.600000
0.000000 -0.862517 -0.841730 -0.233969 -0.267043 0.059005 0.247119 -0.477004 7.650000
0.779614 -1.074431 -0.835795 -0.223014 -0.295052 0.047577 0.239678 -0.625851 7.700000
1.537711 -1.362374 -0.830039 -0.212467 -0.330741 0.041646 0.232572 -0.782697 7.750000
0.757603 -1.773709 -0.824148 -0.202424 -0.375160 0.040607 0.225887 -0.970415 7.800000
1.443631 -1.698667 -0.818172 -0.192864 -0.430593 0.029430 0.219511 -1.213929 7.850000
0.546836 -1.521278 -0.812172 -0.183768 -0.493472 0.023347 0.213156 -1.290326 7.900000
0.841689 -1.582919 -0.806204 -0.175094 -0.556971 0.009528 0.206578 -1.254154 7.950000
1.159016 -1.554413 -0.800379 -0.166769 -0.619859 -0.000288 0.199694 -1.260130 8.000000
1.402665 -1.219419 -0.794565 -0.158866 -0.682603 -0.006160 0.192700 -1.250747 8.050000
1.125586 -1.144569 -0.788655 -0.151469 -0.741386 -0.007943 0.185794 -1.118488 8.100000
2.029997 -1.386782 -0.782651 -0.144588 -0.794829 -0.010375 0.179077 -1.030771 8.150000
2.532507 -1.733114 -0.776458 -0.138340 -0.847907 -0.003749 0.172683 -1.085379 8.200000
2.947043 -1.283753 -0.769893 -0.132970 -0.906661 0.006438 0.166844 -1.243601 8.250000
2.893233 -1.721810 -0.762887 -0.128645 -0.965968 0.020414 0.161699 -1.142834 8.300000
2.781763 -1.962399 -0.755466 -0.125446 -1.026645 0.033452 0.157348 -1.267476 8.350000
2.388536 -2.042102 -0.747739 -0.123336 -1.094163 0.043849 0.153844 -1.412847 8.400000
2.722724 -1.558482 -0.739855 -0.122198 -1.167408 0.049307 0.151026 -1.503797 8.450000
2.601585 -1.854496 -0.731906 -0.122016 -1.238531 0.058359 0.148587 -1.361892 8.500000
3.423773 -1.385794 -0.723941 -0.122838 -1.308122 0.066461 0.146613 -1.414421 8.550000
3.494822 -1.672924 -0.716000 -0.124812 -1.374475 0.082702 0.145123 -1.261711 8.600000
4.013747 -1.325059 -0.708125 -0.128126 -1.438838 0.099480 0.144356 -1.306933 8.650000
4.994825 -0.861985 -0.700401 -0.132883 -1.501030 0.120904 0.144305 -1.196598 8.700000
4.889566 -0.505881 -0.692907 -0.139399 -1.554517 0.152318 0.144562 -0.973255 8.750000
4.871019 -0.493421 -0.685729 -0.147838 -1.596446 0.183798 0.144622 -0.734361 8.800000
5.673159 -0.269822 -0.678942 -0.158122 -1.629891 0.215553 0.144433 -0.617947 8.850000
6.000000 -0.407111 -0.672612 -0.170376 -1.656744 0.254825 0.143985 -0.473494 8.900000
5.683662 -0.680782 -0.666806 -0.184795 -1.680035 0.296304 0.143646 -0.460669 8.950000
6.000000 -0.223271 -0.661577 -0.201288 -1.706096 0.332665 0.144604 -0.570467 9.000000
6.000000 -0.531626 -0.656993 -0.219753 -1.731089 0.370693 0.145915 -0.444432 9.050000
6.000000 -1.012748 -0.653104 -0.240180 -1.755131 0.407342 0.147613 -0.511001 9.100000
5.148224 -0.672226 -0.649980 -0.262460 -1.787165 0.440795 0.152296 -0.744488 9.150000
5.839196 -0.531863 -0.647679 -0.286267 -1.823896 0.463763 0.158935 -0.727931 9.200000
5.344093 -0.823247 -0.646262 -0.311469 -1.858623 0.492326 0.165329 -0.669508 9.250000
5.255720 -0.431346 -0.645789 -0.338021 -1.894696 0.514502 0.172634 -0.763559 9.300000
5.145837 -0.802587 -0.646279 -0.365690 -1.929904 0.534803 0.179880 -0.658598 9.350000
4.580002 -1.148324 -0.647749 -0.394357 -1.965688 0.552750 0.187606 -0.761858 9.400000
4.475904 -1.376026 -0.650202 -0.423762 -2.009148 0.562257 0.198471 -0.954024 9.450000
4.510266 -1.236596 -0.653661 -0.453619 -2.061999 0.567051 0.212957 -1.137588 9.500000
4.867430 -1.097088 -0.658194 -0.483771 -2.119842 0.569384 0.229076 -1.173102 9.550000
4.803357 -1.017530 -0.663889 -0.514182 -2.177594 0.573723 0.244724 -1.142891 9.600000
4.791436 -0.539905 -0.670803 -0.544813 -2.233659 0.576684 0.259280 -1.106299 9.650000
5.427969 -0.059732 -0.678936 -0.575578 -2.283434 0.580679 0.270850 -0.911383 9.700000
5.202099 -0.233783 -0.688367 -0.606579 -2.321261 0.594232 0.277308 -0.636335 9.750000
4.292512 -0.193245 -0.699137 -0.637909 -2.351391 0.607774 0.280639 -0.576805 9.800000
3.385215 -0.148651 -0.711042 -0.669347 -2.379024 0.613153 0.282972 -0.533930 9.850000
2.390441 0.160172 -0.723766 -0.700574 -2.404643 0.610596 0.284372 -0.495179 9.900000
1.958368 0.056546 -0.736969 -0.731297 -2.425313 0.600811 0.283469 -0.347037 9.950000
1.742748 -0.066441 -0.750391 -0.761355 -2.441627 0.589135 0.280601 -0.308602 10.000000
2.184725 0.159328 -0.763916 -0.790685 -2.457810 0.576057 0.277638 -0.334971 10.050000
1.578836 -0.075254 -0.777589 -0.819346 -2.472263 0.568337 0.273950 -0.251061 10.100000
2.339268 -0.505098 -0.791378 -0.847351 -2.486187 0.555583 0.270080 -0.299814 10.150000
3.310460 -0.479436 -0.805319 -0.874714 -2.506737 0.548043 0.268860 -0.500057 10.200000
3.695574 -0.531587 -0.819744 -0.901614 -2.534282 0.547272 0.270349 -0.591489 10.250000
3.070173 -0.911108 -0.834905 -0.928177 -2.565741 0.548585 0.273317 -0.659381 10.300000
3.148422 -1.065569 -0.850744 -0.954301 -2.603914 0.541360 0.278729 -0.845246 10.350000
3.795987 -1.281722 -0.867137 -0.979819 -2.650382 0.531639 0.286887 -0.994785 10.400000
3.388762 -0.967227 -0.884215 -1.004711 -2.704463 0.524734 0.297350 -1.148704 10.450000
2.932574 -1.404895 -0.901992 -1.028911 -2.760463 0.512789 0.307770 -1.098374 10.500000
2.512854 -1.609515 -0.920254 -1.052295 -2.819523 0.495008 0.318340 -1.244160 10.550000
1.554995 -2.109143 -0.938758 -1.074723 -2.885712 0.470042 0.330082 -1.383271 10.600000
1.487941 -2.289523 -0.957128 -1.096051 -2.961790 0.431587 0.343085 -1.622995 10.650000
1.675656 -1.897207 -0.975041 -1.116195 -3.047452 0.388184 0.356199 -1.777672 10.700000
0.914654 -2.168498 -0.992458 -1.135192 -3.133787 0.346585 0.366419 -1.687655 10.750000
1.360742 -2.054350 -1.009228 -1.153136 3.063396 0.298731 0.373447 -1.741254 10.800000
1.657714 -2.169915 -1.025263 -1.170114 2.977179 0.256156 0.377496 -1.709627 10.850000
1.790890 -2.635757 -1.040747 -1.186198 2.891079 0.217747 0.378896 -1.728769 10.900000
1.523689 -2.258945 -1.055771 -1.201436 2.799797 0.179342 0.378628 -1.893579 10.950000
2.132848 -2.709203 -1.070281 -1.215904 2.707476 0.139588 0.375934 -1.809819 11.000000
2.109843 -2.766249 -1.084380 -1.229629 2.613451 0.106624 0.371106 -1.929514 11.050000
2.071055 -3.000000 -1.098185 -1.242603 2.515302 0.073374 0.364492 -1.984958 11.100000
2.612745 -2.501543 -1.111683 -1.254880 2.413263 0.040127 0.355947 -2.078691 11.150000
2.228091 -2.249519 -1.124979 -1.266412 2.313638 0.015626 0.345547 -1.929378 11.200000
2.498900 -2.630744 -1.138143 -1.277157 2.221518 -0.006593 0.333839 -1.778222 11.250000
3.410849 -2.663543 -1.151181 -1.287105 2.130399 -0.023509 0.321290 -1.853541 11.300000
4.317147 -3.000000 -1.164223 -1.296020 2.036619 -0.030873 0.308348 -1.891235 11.350000
5.105955 -3.000000 -1.177404 -1.303521 1.938181 -0.029805 0.295568 -2.024501 11.400000
5.329706 -3.000000 -1.190748 -1.309243 1.835517 -0.021439 0.283488 -2.074232 11.450000
4.836555 -3.000000 -1.204151 -1.312956 1.731237 -0.010311 0.272526 -2.094196 11.500000
5.649950 -3.000000 -1.217402 -1.314735 1.626277 -0.002960 0.262631 -2.103090 11.550000
6.000000 -2.682497 -1.230298 -1.314530 1.520982 0.012886 0.253956 -2.108516 11.600000
5.963647 -2.961454 -1.242617 -1.312122 1.418682 0.033532 0.246891 -2.002215 11.650000
5.699043 -3.000000 -1.254117 -1.307521 1.316746 0.054042 0.241591 -2.065520 11.700000
4.753777 -2.894708 -1.264587 -1.300930 1.212342 0.071134 0.237949 -2.104741 11.750000
3.766366 -2.962403 -1.273925 -1.292768 1.107728 0.079163 0.235367 -2.083671 11.800000
3.582828 -3.000000 -1.282177 -1.283581 1.003060 0.078029 0.233136 -2.100182 11.850000
3.893168 -2.729504 -1.289386 -1.273724 0.897505 0.075269 0.230886 -2.118748 11.900000
4.629268 -2.480109 -1.295466 -1.263276 0.794149 0.076514 0.228529 -2.030350 11.950000
5.187001 -2.954231 -1.300176 -1.252166 0.696115 0.086512 0.226358 -1.911010 12.000000
6.000000 -2.505231 -1.303222 -1.240338 0.596905 0.101174 0.225239 -2.037164 12.050000
5.618865 -2.552267 -1.304290 -1.227820 0.498266 0.123080 0.225374 -1.927379 12.100000
6.000000 -2.117668 -1.303248 -1.214782 0.402513 0.141393 0.226659 -1.906881 12.150000
6.000000 -2.436897 -1.300071 -1.201466 0.311827 0.163892 0.228719 -1.746986 12.200000
5.109559 -1.971305 -1.294675 -1.188064 0.222821 0.185723 0.231966 -1.805097 12.250000
4.771567 -1.530836 -1.287302 -1.174852 0.136711 0.198928 0.235781 -1.662272 12.300000
4.516171 -1.573374 -1.278267 -1.162049 0.059804 0.211033 0.238884 -1.446786 12.350000
4.751973 -1.945847 -1.267737 -1.149784 -0.010518 0.222137 0.241517 -1.376795 12.400000
5.547171 -2.117477 -1.255773 -1.138174 -0.082563 0.234143 0.244941 -1.489327 12.450000
5.796092 -1.844197 -1.242236 -1.127371 -0.160245 0.250772 0.249959 -1.602080 12.500000
5.708074 -1.562955 -1.227013 -1.117561 -0.238853 0.268174 0.255889 -1.550989 12.550000
4.748984 -1.533979 -1.210183 -1.108892 -0.312923 0.285042 0.261664 -1.430644 12.600000
4.315087 -1.784814 -1.192087 -1.101401 -0.382808 0.293277 0.267045 -1.373641 12.650000
5.238880 -1.413181 -1.173135 -1.095059 -0.453547 0.296322 0.272711 -1.445924 12.700000
6.000000 -0.938901 -1.153340 -1.089988 -0.522789 0.307854 0.278201 -1.339878 12.750000
5.719474 -0.788654 -1.132444 -1.086438 -0.583490 0.328785 0.282343 -1.119745 12.800000
6.000000 -0.862336 -1.110428 -1.084519 -0.635202 0.349446 0.285077 -0.969644 12.850000
6.000000 -1.171571 -1.087381 -1.084275 -0.682686 0.373346 0.287464 -0.935514 12.900000
6.000000 -0.710826 -1.063377 -1.085779 -0.732554 0.395162 0.291218 -1.046314 12.950000
5.853482 -0.777850 -1.038569 -1.089060 -0.781373 0.416258 0.295259 -0.923698 13.000000
4.926098 -1.220020 -1.013090 -1.094112 -0.826836 0.436240 0.298868 -0.899290 13.050000
4.569467 -1.515784 -0.987234 -1.100758 -0.876463 0.444838 0.304143 -1.065219 13.100000
4.228661 -1.672244 -0.961365 -1.108769 -0.935136 0.445560 0.312266 -1.256449 13.150000
3.790214 -1.733285 -0.935754 -1.118000 -1.002051 0.438822 0.322563 -1.400211 13.200000
4.257093 -2.175358 -0.910649 -1.128271 -1.074457 0.424882 0.333683 -1.483892 13.250000
3.651367 -2.041966 -0.886173 -1.139549 -1.154324 0.411264 0.345933 -1.681073 13.300000
2.857282 -2.351843 -0.862469 -1.151736 -1.239200 0.388866 0.358127 -1.709077 13.350000
3.780057 -1.914578 -0.839731 -1.164456 -1.328127 0.356654 0.369314 -1.827904 13.400000
3.988794 -1.824805 -0.818001 -1.177678 -1.416164 0.333549 0.378112 -1.710902 13.450000
4.240678 -2.040158 -0.797233 -1.191631 -1.499368 0.314908 0.384173 -1.628913 13.500000
4.962509 -2.518606 -0.777448 -1.206388 -1.582070 0.298998 0.388898 -1.671733 13.550000
5.265961 -2.518278 -0.758718 -1.222098 -1.671085 0.286528 0.393957 -1.858766 13.600000
5.053513 -2.706145 -0.741163 -1.238867 -1.766013 0.273577 0.399192 -1.926671 13.650000
5.708156 -2.346894 -0.724885 -1.256586 -1.864944 0.256339 0.403974 -2.014985 13.700000
6.000000 -2.083631 -0.710006 -1.275226 -1.962855 0.245874 0.407401 -1.916913 13.750000
5.788040 -2.080731 -0.696690 -1.294909 -2.054873 0.241442 0.409157 -1.784694 13.800000
5.698984 -1.623592 -0.685034 -1.315558 -2.142597 0.237439 0.409855 -1.732259 13.850000
5.987267 -1.919694 -0.675088 -1.337010 -2.223801 0.236375 0.409249 -1.544372 13.900000
5.781409 -2.211624 -0.666953 -1.359211 -2.302000 0.239777 0.408260 -1.578682 13.950000
6.000000 -2.534772 -0.660689 -1.382022 -2.384417 0.238864 0.408106 -1.699445 14.000000
6.000000 -2.530671 -0.656323 -1.405241 -2.474119 0.235944 0.409085 -1.862653 14.050000
5.407098 -2.227705 -0.653898 -1.428686 -2.568972 0.230132 0.410586 -1.921536 14.100000
4.790768 -1.974416 -0.653304 -1.452095 -2.662495 0.219638 0.411245 -1.832904 14.150000
4.573480 -1.841901 -0.654309 -1.475209 -2.750450 0.206942 0.410256 -1.704478 14.200000
3.588936 -1.413939 -0.656752 -1.497870 -2.832758 0.196052 0.407758 -1.602495 14.250000
4.220315 -1.526615 -0.660380 -1.519935 -2.907080 0.181194 0.403514 -1.399105 14.300000
3.564323 -1.278405 -0.665148 -1.541351 -2.975751 0.176320 0.398199 -1.353705 14.350000
3.526880 -0.967881 -0.671045 -1.562080 -3.040161 0.168340 0.392231 -1.238140 14.400000
3.325772 -1.380594 -0.677923 -1.582070 -3.097223 0.164746 0.385335 -1.066922 14.450000
3.990039 -1.268741 -0.685739 -1.601294 3.130313 0.160682 0.378392 -1.147774 14.500000
4.075829 -1.386843 -0.694559 -1.619708 3.073154 0.162689 0.371822 -1.139610 14.550000
3.177166 -1.319583 -0.704514 -1.637256 3.014994 0.165407 0.365707 -1.181151 14.600000
2.562495 -1.301604 -0.715359 -1.653910 2.956173 0.159819 0.359820 -1.172340 14.650000
1.926929 -0.902677 -0.726706 -1.669696 2.897925 0.149486 0.353744 -1.158596 14.700000
2.365816 -0.993438 -0.738262 -1.684670 2.844603 0.136489 0.346892 -0.994889 14.750000
1.467727 -0.881531 -0.750015 -1.698842 2.796034 0.130786 0.339484 -0.952765 14.800000
0.829430 -0.588392 -0.761871 -1.712255 2.750244 0.118714 0.331783 -0.886301 14.850000
1.327953 -0.132072 -0.773520 -1.725046 2.710150 0.104191 0.323470 -0.734974 14.900000
2.240706 0.126737 -0.784995 -1.737232 2.680647 0.099893 0.314410 -0.474614 14.950000
1.692171 0.216634 -0.796666 -1.748664 2.663565 0.109812 0.304798 -0.234431 15.000000
1.034462 0.288779 -0.808665 -1.759304 2.656411 0.118508 0.294840 -0.068339 15.050000
0.706172 -0.203181 -0.820774 -1.769295 2.656366 0.123645 0.284659 0.054924 15.100000
1.672079 -0.420985 -0.832808 -1.778761 2.655263 0.125136 0.274937 -0.085664 15.150000
1.373413 -0.019780 -0.844874 -1.787654 2.646288 0.132676 0.266290 -0.256502 15.200000
1.463151 -0.434304 -0.857071 -1.795922 2.635533 0.136627 0.258143 -0.181252 15.250000
1.156714 -0.142316 -0.869350 -1.803605 2.622804 0.140695 0.250516 -0.314288 15.300000
1.226792 0.220854 -0.881644 -1.810742 2.608491 0.141361 0.243331 -0.263351 15.350000
1.611410 0.181161 -0.893915 -1.817371 2.600293 0.144775 0.235791 -0.082483 15.400000
1.970910 0.214330 -0.906287 -1.823448 2.598461 0.153713 0.227876 0.001147 15.450000
2.528695 0.415465 -0.918926 -1.828899 2.600182 0.166743 0.219847 0.061695 15.500000
1.748125 0.214726 -0.932021 -1.833638 2.606506 0.185777 0.211495 0.179298 15.550000
1.665731 0.453579 -0.945531 -1.837725 2.614889 0.197332 0.203094 0.157986 15.600000
2.183541 0.464020 -0.959273 -1.841294 2.625224 0.208105 0.194633 0.246429 15.650000
2.117774 0.486163 -0.973346 -1.844327 2.638970 0.224027 0.185842 0.297907 15.700000
1.721772 0.828011 -0.987844 -1.846809 2.654862 0.239081 0.176852 0.333888 15.750000
1.198408 0.512500 -1.002672 -1.848834 2.675989 0.250888 0.167102 0.493873 15.800000
0.851874 0.382086 -1.017655 -1.850544 2.699398 0.257592 0.157147 0.447858 15.850000
0.020060 0.012991 -1.032600 -1.852055 2.719677 0.259869 0.148039 0.371864 15.900000
0.101495 -0.354223 -1.047239 -1.853486 2.732971 0.252744 0.140555 0.180183 15.950000
0.000000 -0.423382 -1.061387 -1.854894 2.734873 0.244415 0.135421 -0.079011 16.000000
0.518522 -0.680970 -1.075016 -1.856257 2.726179 0.233541 0.132281 -0.251235 16.050000
0.224851 -0.465000 -1.088201 -1.857518 2.708124 0.226268 0.130729 -0.449650 16.100000
0.000000 -0.146968 -1.100978 -1.858646 2.685266 0.215734 0.129870 -0.462912 16.150000
0.000000 -0.581613 -1.113252 -1.859697 2.665587 0.204112 0.128384 -0.337414 16.200000
0.000000 -0.193578 -1.125009 -1.860705 2.645596 0.192925 0.126834 -0.449799 16.250000
0.000000 0.057956 -1.136264 -1.861672 2.625945 0.182272 0.125136 -0.346974 16.300000
0.773301 0.036250 -1.147051 -1.862607 2.613018 0.173213 0.122508 -0.186318 16.350000
1.238129 -0.250063 -1.157567 -1.863426 2.605878 0.172682 0.119211 -0.106955 16.400000
0.480289 0.044608 -1.168079 -1.863989 2.598414 0.176468 0.116080 -0.184001 16.450000
1.478440 0.048419 -1.178521 -1.864337 2.591478 0.173184 0.112989 -0.101374 16.500000
0.751426 0.084650 -1.188953 -1.864447 2.587723 0.179805 0.109611 -0.053450 16.550000
1.711400 0.582556 -1.199434 -1.864296 2.586217 0.179765 0.106071 -0.010688 16.600000
1.055154 0.337849 -1.210020 -1.863868 2.592170 0.189698 0.101666 0.225755 16.650000
0.243286 0.793972 -1.220792 -1.863150 2.604194 0.193928 0.096562 0.252565 16.700000
0.586390 0.929769 -1.231465 -1.862340 2.622478 0.191158 0.090767 0.457262 16.750000
0.178332 1.071872 -1.241973 -1.861514 2.649842 0.192598 0.083936 0.619218 16.800000
0.000000 1.203082 -1.252328 -1.860697 2.684673 0.190733 0.076324 0.757902 16.850000
0.000000 1.462104 -1.262425 -1.859971 2.725934 0.187539 0.068169 0.878045 16.900000
0.613013 1.546515 -1.272243 -1.859365 2.774310 0.184611 0.059439 1.036951 16.950000
1.504622 1.237258 -1.281927 -1.858845 2.829148 0.187378 0.050148 1.142783 17.000000
2.249631 0.949115 -1.291811 -1.858325 2.884277 0.197652 0.040881 1.072051 17.050000
1.847199 0.939302 -1.302242 -1.857740 2.933847 0.213507 0.032235 0.929414 17.100000
1.792692 0.657596 -1.313263 -1.857110 2.978378 0.224259 0.024196 0.860743 17.150000
1.408722 0.875816 -1.324740 -1.856494 3.017404 0.233475 0.017014 0.717938 17.200000
1.978485 0.425747 -1.336545 -1.855925 3.053837 0.238353 0.010309 0.737317 17.250000
2.199812 0.382177 -1.348701 -1.855424 3.085949 0.247980 0.004401 0.567286 17.300000
1.744944 0.698891 -1.361372 -1.854985 3.111475 0.259037 -0.000356 0.465368 17.350000
0.919496 0.584129 -1.374478 -1.854620 3.136915 0.265274 -0.005103 0.543718 17.400000
0.868497 0.330604 -1.387698 -1.854357 -3.119255 0.263421 -0.010022 0.537796 17.450000
0.106480 -0.097575 -1.400823 -1.854203 -3.095302 0.261051 -0.014159 0.432211 17.500000
0.000000 -0.369261 -1.413665 -1.854132 -3.080094 0.251776 -0.016460 0.200354 17.550000
0.273948 -0.189312 -1.426038 -1.854092 -3.076698 0.242113 -0.016502 -0.041394 17.600000
0.000000 -0.652396 -1.438004 -1.854052 -3.080402 0.235526 -0.015313 -0.101131 17.650000
0.711707 -0.465095 -1.449581 -1.853992 -3.091753 0.226787 -0.012926 -0.329865 17.700000
0.000000 -0.128989 -1.460891 -1.853892 -3.109486 0.225051 -0.009633 -0.374834 17.750000
0.300849 -0.097164 -1.471940 -1.853749 -3.125043 0.216676 -0.006858 -0.259608 17.800000
0.201562 -0.476909 -1.482642 -1.853572 -3.135962 0.211334 -0.004961 -0.184780 17.850000
0.096962 -0.683819 -1.493056 -1.853370 3.134707 0.205255 -0.002935 -0.303819 17.900000
0.149023 -0.681042 -1.503144 -1.853131 3.115380 0.198413 -0.000055 -0.453318 17.950000
0.000000 -0.442556 -1.512906 -1.852840 3.090588 0.192222 0.003398 -0.529959 18.000000
0.000000 -0.462959 -1.522327 -1.852494 3.065698 0.184774 0.006628 -0.472183 18.050000
0.000000 -0.601498 -1.531384 -1.852104 3.042670 0.177532 0.009377 -0.451340 18.100000
0.445152 -0.789688 -1.540090 -1.851675 3.018817 0.170473 0.012019 -0.497702 18.150000
0.262712 -0.506514 -1.548557 -1.851193 2.991136 0.167661 0.014950 -0.598233 18.200000
0.000000 -0.568548 -1.556849 -1.850646 2.963008 0.163144 0.017760 -0.534260 18.250000
0.023918 -1.066238 -1.564869 -1.850056 2.936485 0.156302 0.020179 -0.527459 18.300000
0.000000 -1.516535 -1.572570 -1.849435 2.904587 0.149694 0.022975 -0.725453 18.350000
0.000000 -1.896518 -1.579953 -1.848771 2.860610 0.142566 0.026778 -0.999447 18.400000
0.875081 -1.530849 -1.587007 -1.848051 2.802936 0.134913 0.031575 -1.270934 18.450000
0.147776 -1.225969 -1.593917 -1.847197 2.739973 0.135058 0.036566 -1.250535 18.500000
0.046258 -1.081303 -1.600708 -1.846207 2.680988 0.128252 0.040863 -1.125892 18.550000
0.000000 -1.128335 -1.607206 -1.845173 2.627830 0.120794 0.044197 -1.015058 18.600000
0.165538 -1.198852 -1.613395 -1.844129 2.577979 0.113179 0.046856 -0.983140 18.650000
0.000000 -1.217804 -1.619312 -1.843069 2.528459 0.107246 0.049157 -0.995974 18.700000
0.774292 -0.990697 -1.624966 -1.842003 2.478289 0.099810 0.051193 -1.009113 18.750000
1.752144 -0.734856 -1.630475 -1.840846 2.430159 0.099870 0.052881 -0.926667 18.800000
1.945968 -0.769983 -1.636152 -1.839336 2.387725 0.109327 0.054248 -0.788057 18.850000
1.758613 -0.870532 -1.642180 -1.837285 2.349769 0.120482 0.055517 -0.736538 18.900000
2.405212 -0.961238 -1.648523 -1.834693 2.312503 0.129455 0.056956 -0.752339 18.950000
2.604497 -0.516535 -1.655212 -1.831475 2.273646 0.143886 0.058816 -0.796732 19.000000
2.233339 -0.615802 -1.662326 -1.827481 2.238154 0.159790 0.060654 -0.641666 19.050000
1.980330 -0.506869 -1.669798 -1.822749 2.207061 0.171920 0.062272 -0.606308 19.100000
1.666817 -0.172702 -1.677504 -1.817404 2.178448 0.181379 0.063760 -0.545325 19.150000
1.126005 -0.543471 -1.685343 -1.811562 2.155818 0.188037 0.064570 -0.378319 19.200000
1.790551 -0.057803 -1.693197 -1.805402 2.135063 0.189557 0.065174 -0.444721 19.250000
1.969686 -0.149821 -1.701070 -1.798900 2.117412 0.197454 0.065390 -0.279006 19.300000
2.776598 0.167497 -1.709068 -1.791901 2.104828 0.207158 0.064983 -0.229520 19.350000
1.785729 0.583258 -1.717304 -1.784219 2.097756 0.224474 0.063855 -0.069290 19.400000
2.070329 0.815600 -1.725766 -1.775922 2.101602 0.232857 0.061049 0.197532 19.450000
1.995535 0.816056 -1.734406 -1.767181 2.118187 0.244545 0.056142 0.440440 19.500000
1.720720 0.602846 -1.743291 -1.757991 2.143732 0.255597 0.049676 0.567369 19.550000
1.555388 0.639477 -1.752407 -1.748462 2.171498 0.263574 0.042854 0.545956 19.600000
2.522457 0.561243 -1.761704 -1.738712 2.198936 0.269433 0.036189 0.551249 19.650000
2.253593 0.688317 -1.771304 -1.728615 2.225714 0.283769 0.029683 0.523256 19.700000
1.355594 0.200533 -1.781307 -1.718079 2.252947 0.294825 0.023058 0.561994 19.750000
0.590021 0.316473 -1.791544 -1.707355 2.276092 0.296770 0.017404 0.383753 19.800000
0.434658 0.032919 -1.801749 -1.696746 2.294066 0.291269 0.013049 0.340092 19.850000
0.633937 -0.101903 -1.811773 -1.686404 2.307194 0.284376 0.009915 0.199638 19.900000
0.000000 0.362890 -1.821610 -1.676299 2.313523 0.279478 0.008310 0.066613 19.950000
0.691139 0.308541 -1.831188 -1.666487 2.320246 0.268876 0.006716 0.190288 20.000000
1.595214 0.229244 -1.840537 -1.656953 2.331008 0.265120 0.004440 0.235740 20.050000
2.497458 0.559329 -1.849928 -1.647427 2.342570 0.269875 0.002086 0.227650 20.100000
3.316932 0.906389 -1.859658 -1.637615 2.357649 0.282781 -0.000965 0.361711 20.150000
3.008261 0.952608 -1.870028 -1.627278 2.381665 0.302665 -0.005966 0.575569 20.200000
3.008297 0.864625 -1.881141 -1.616412 2.414001 0.318600 -0.012938 0.703390 20.250000
2.137336 1.263510 -1.892963 -1.605148 2.449981 0.333496 -0.020870 0.732830 20.300000
2.817154 1.215551 -1.905343 -1.593691 2.491515 0.339107 -0.030133 0.907567 20.350000
2.343535 1.684705 -1.918265 -1.582154 2.538729 0.349976 -0.040719 0.973363 20.400000
2.554796 1.382208 -1.931773 -1.570590 2.593458 0.354806 -0.053105 1.188109 20.450000
2.871338 1.340624 -1.945821 -1.559135 2.652355 0.360122 -0.066315 1.171002 20.500000
3.856504 0.849681 -1.960504 -1.547800 2.710327 0.367222 -0.079096 1.151495 20.550000
3.502754 0.676234 -1.976077 -1.536521 2.762394 0.382922 -0.090315 0.957649 20.600000
2.509665 0.401737 -1.992645 -1.525280 2.805946 0.395091 -0.099310 0.804441 20.650000
2.717099 0.006793 -2.009881 -1.514209 2.841132 0.398258 -0.105868 0.624873 20.700000
3.061170 0.166133 -2.027596 -1.503354 2.865477 0.404565 -0.109213 0.376843 20.750000
3.952137 0.108320 -2.045901 -1.492644 2.882606 0.414806 -0.110492 0.315157 20.800000
4.876354 0.535120 -2.065058 -1.481999 2.896830 0.433317 -0.111024 0.259937 20.850000
5.738840 0.668249 -2.085448 -1.471337 2.913969 0.459195 -0.112716 0.410419 20.900000
6.000000 0.914222 -2.107429 -1.460645 2.938264 0.490845 -0.117127 0.547267 20.950000
5.344116 0.874051 -2.131193 -1.449989 2.970442 0.522141 -0.124785 0.721031 21.000000
4.694994 0.781605 -2.156578 -1.439529 3.008560 0.544640 -0.135037 0.796160 21.050000
5.314591 0.720566 -2.183213 -1.429433 3.048496 0.559297 -0.146144 0.802075 21.100000
4.601686 1.152823 -2.211034 -1.419791 3.088152 0.578555 -0.157235 0.787655 21.150000
4.645243 1.115874 -2.239953 -1.410689 3.132298 0.588764 -0.170248 0.958492 21.200000
5.610895 0.840429 -2.269732 -1.402259 -3.100968 0.596723 -0.185523 1.030828 21.250000
5.209974 0.968620 -2.300532 -1.394612 -3.051323 0.612359 -0.200552 0.965664 21.300000
5.127147 0.598896 -2.332404 -1.387824 -3.002270 0.622795 -0.215270 0.994784 21.350000
4.223438 1.064656 -2.365156 -1.381955 -2.956032 0.631945 -0.228537 0.872215 21.400000
3.616490 0.958757 -2.398495 -1.377002 -2.908724 0.631156 -0.241989 1.004745 21.450000
4.561252 1.169464 -2.431987 -1.372959 -2.857800 0.622664 -0.256414 1.030175 21.500000
5.121102 0.766463 -2.465636 -1.369901 -2.803528 0.621074 -0.271644 1.129252 21.550000
4.226399 0.831354 -2.499688 -1.367987 -2.750045 0.623959 -0.285989 1.025547 21.600000
3.460724 1.146713 -2.534009 -1.367202 -2.699240 0.618509 -0.298603 1.009853 21.650000
3.597062 0.998211 -2.568177 -1.367408 -2.645410 0.604053 -0.311738 1.128327 21.700000
3.469276 0.794307 -2.601977 -1.368564 -2.589056 0.589421 -0.324913 1.126676 21.750000
4.193974 1.023637 -2.635369 -1.370668 -2.534923 0.574279 -0.336095 1.049170 21.800000
3.620334 0.606746 -2.668444 -1.373791 -2.480907 0.565753 -0.346390 1.104674 21.850000
4.024163 1.098689 -2.701181 -1.377950 -2.429496 0.552811 -0.354848 0.969478 21.900000
3.521481 1.582391 -2.733532 -1.383112 -2.377354 0.543218 -0.362904 1.099347 21.950000
3.503736 1.375664 -2.765375 -1.389257 -2.315495 0.523847 -0.373834 1.341349 22.000000
3.393026 1.486841 -2.796489 -1.396282 -2.247736 0.501132 -0.385579 1.365164 22.050000
3.571037 1.703327 -2.826788 -1.404136 -2.178059 0.476270 -0.396424 1.414064 22.100000
4.404080 2.134194 -2.856221 -1.412793 -2.104545 0.450983 -0.406907 1.511238 22.150000
4.724740 1.813104 -2.884821 -1.422407 -2.023369 0.429094 -0.418196 1.705524 22.200000
4.789988 1.559538 -2.912594 -1.433145 -1.939335 0.408239 -0.428667 1.661781 22.250000
3.896590 1.915487 -2.939507 -1.445053 -1.859490 0.390248 -0.436397 1.548283 22.300000
2.974135 1.612990 -2.965459 -1.457912 -1.779728 0.363976 -0.442587 1.628416 22.350000
3.215584 1.732885 -2.990308 -1.471255 -1.700770 0.330121 -0.446629 1.540579 22.400000
3.422928 1.732532 -3.014038 -1.484908 -1.623704 0.300689 -0.448328 1.539849 22.450000
4.038492 1.400045 -3.036671 -1.498950 -1.546927 0.274427 -0.448378 1.530450 22.500000
4.926344 1.180857 -3.058204 -1.513558 -1.474220 0.257477 -0.446463 1.395997 22.550000
5.348851 0.768681 -3.078596 -1.529095 -1.408465 0.253891 -0.442819 1.253803 22.600000
4.674085 0.352277 -3.097767 -1.545873 -1.351998 0.260291 -0.437663 1.034616 22.650000
5.645338 -0.033765 -3.115692 -1.563860 -1.307621 0.267734 -0.430696 0.773568 22.700000
6.000000 0.045873 -3.132324 -1.583167 -1.276684 0.292124 -0.421798 0.497381 22.750000
5.764323 -0.390145 -3.147566 -1.604123 -1.254627 0.324239 -0.411920 0.397723 22.800000
5.776666 -0.087104 -3.161414 -1.626737 -1.241000 0.357839 -0.400846 0.172426 22.850000
5.671780 -0.417241 -3.173911 -1.650951 -1.232051 0.392919 -0.389289 0.185949 22.900000
5.763876 -0.111434 -3.185094 -1.676695 -1.226218 0.427378 -0.377436 0.061081 22.950000
6.000000 -0.444095 -3.195005 -1.703928 -1.221356 0.461879 -0.365873 0.128339 23.000000
5.884469 -0.091318 -3.203651 -1.732652 -1.217648 0.497812 -0.354423 0.030737 23.050000
6.000000 -0.354764 -3.211064 -1.762845 -1.213364 0.530988 -0.343715 0.131999 23.100000
6.000000 -0.405315 -3.217272 -1.794423 -1.208174 0.563522 -0.333818 0.081512 23.150000
6.000000 -0.309086 -3.222301 -1.827360 -1.205367 0.595840 -0.323409 0.035978 23.200000
5.284591 -0.066526 -3.226198 -1.861611 -1.203067 0.627073 -0.313222 0.054900 23.250000
4.466584 0.416611 -3.229050 -1.896950 -1.197151 0.648888 -0.305096 0.170742 23.300000
4.455180 0.063326 -3.230972 -1.932937 -1.181273 0.658165 -0.301976 0.436742 23.350000
3.789871 0.230727 -3.231981 -1.969274 -1.159581 0.664619 -0.301763 0.431789 23.400000
2.872645 -0.115733 -3.232125 -2.005762 -1.136138 0.663910 -0.302436 0.498609 23.450000
2.919657 -0.128303 -3.231550 -2.042033 -1.114212 0.655341 -0.302280 0.389818 23.500000
2.674679 -0.500370 -3.230368 -2.077934 -1.096489 0.649310 -0.300066 0.325318 23.550000
2.399576 -0.120894 -3.228630 -2.113473 -1.085528 0.644068 -0.294737 0.131768 23.600000
1.699194 0.053912 -3.226434 -2.148608 -1.077555 0.637754 -0.288202 0.181162 23.650000
2.367794 0.175937 -3.223892 -2.183142 -1.065850 0.623829 -0.283517 0.276099 23.700000
1.808571 0.223961 -3.220986 -2.217052 -1.049340 0.614911 -0.281025 0.373338 23.750000
1.161707 -0.253268 -3.217689 -2.250340 -1.028788 0.599684 -0.280224 0.440573 23.800000
2.021165 -0.078024 -3.214142 -2.282771 -1.011344 0.580308 -0.277884 0.273625 23.850000
2.658142 0.403070 -3.210341 -2.314465 -0.998210 0.571386 -0.273686 0.252931 23.900000
1.709418 -0.087111 -3.206101 -2.345740 -0.980412 0.567079 -0.271480 0.438844 23.950000
0.716417 -0.162350 -3.201451 -2.376501 -0.961435 0.553770 -0.269693 0.330945 24.000000
1.689105 0.027303 -3.196662 -2.406418 -0.947436 0.533671 -0.265818 0.237283 24.050000
2.314871 0.442440 -3.191746 -2.435549 -0.934891 0.524016 -0.261385 0.261170 24.100000
2.514576 0.418997 -3.186477 -2.464208 -0.916782 0.518661 -0.259118 0.443360 24.150000
2.853342 0.446447 -3.180723 -2.492498 -0.892293 0.513172 -0.259200 0.526679 24.200000
2.096026 0.934639 -3.174396 -2.520478 -0.864487 0.509865 -0.260410 0.579528 24.250000
2.846141 0.771108 -3.167555 -2.548029 -0.829304 0.496960 -0.264069 0.801198 24.300000
3.420233 0.971392 -3.160184 -2.575074 -0.788084 0.489152 -0.269453 0.842614 24.350000
3.743504 0.785428 -3.152068 -2.601787 -0.743166 0.485301 -0.275766 0.941983 24.400000
3.802228 0.874028 -3.143054 -2.628248 -0.696776 0.483664 -0.282266 0.917227 24.450000
4.239987 0.554908 -3.133081 -2.654464 -0.650215 0.482171 -0.288550 0.942499 24.500000
4.530662 0.270584 -3.122063 -2.680454 -0.606231 0.485456 -0.293738 0.831419 24.550000
3.720294 0.704500 -3.109868 -2.706301 -0.569237 0.493856 -0.296482 0.668614 24.600000
3.728569 1.001713 -3.096611 -2.731927 -0.533115 0.494612 -0.298970 0.765015 24.650000
3.047193 1.296268 -3.082471 -2.757154 -0.490235 0.492485 -0.303735 0.929991 24.700000
4.020308 1.072243 -3.067618 -2.781797 -0.438326 0.480013 -0.311233 1.121304 24.750000
4.147682 0.939661 -3.052020 -2.805780 -0.382261 0.474756 -0.319538 1.121672 24.800000
4.539082 1.044931 -3.035468 -2.829148 -0.327579 0.470907 -0.326895 1.072558 24.850000
3.901226 0.859152 -3.017874 -2.851891 -0.273379 0.470536 -0.333757 1.093283 24.900000
3.045415 1.229784 -2.999328 -2.873931 -0.220446 0.464365 -0.339815 1.032218 24.950000
3.376776 1.204436 -2.980203 -2.895144 -0.165573 0.449167 -0.345900 1.146970 25.000000
3.887500 0.843258 -2.960665 -2.915449 -0.107096 0.435495 -0.352334 1.186379 25.050000
4.712343 0.982300 -2.940555 -2.934839 -0.051235 0.427923 -0.357278 1.064318 25.100000
3.984553 0.692553 -2.919574 -2.953319 0.001967 0.429271 -0.361124 1.064179 25.150000
4.740270 0.399425 -2.897738 -2.970857 0.052017 0.425120 -0.363807 0.952281 25.200000
4.380917 0.154347 -2.875048 -2.987430 0.094957 0.431543 -0.364259 0.786435 25.250000
4.649824 -0.167958 -2.851405 -3.003037 0.129361 0.438607 -0.362256 0.610832 25.300000
5.574871 0.088948 -2.826809 -3.017696 0.153868 0.452851 -0.357437 0.394098 25.350000
5.518779 0.134871 -2.800968 -3.031388 0.173480 0.477620 -0.351536 0.391728 25.400000
6.000000 0.457107 -2.773732 -3.044073 0.193662 0.500739 -0.346382 0.414183 25.450000
6.000000 0.804222 -2.745088 -3.055704 0.218473 0.525331 -0.343467 0.562985 25.500000
6.000000 1.246788 -2.715056 -3.066187 0.252740 0.544548 -0.344658 0.783062 25.550000
6.000000 1.647343 -2.683810 -3.075415 0.299888 0.556740 -0.351253 1.068010 25.600000
5.940037 1.758349 -2.651568 -3.083250 0.361421 0.560879 -0.363614 1.355263 25.650000
6.000000 2.025192 -2.618578 -3.089559 0.433988 0.557556 -0.379927 1.524255 25.700000
6.000000 2.235339 -2.585070 -3.094239 0.515120 0.548697 -0.398718 1.696167 25.750000
5.440222 1.810063 -2.551268 -3.097205 0.604169 0.533673 -0.419192 1.843480 25.800000
5.967543 2.038594 -2.517497 -3.098492 0.693582 0.511510 -0.437844 1.748151 25.850000
5.117992 1.567986 -2.483894 -3.098094 0.782324 0.493432 -0.454323 1.794292 25.900000
5.259037 1.353911 -2.450644 -3.096077 0.867591 0.468590 -0.467626 1.639457 25.950000
4.905491 1.412830 -2.417909 -3.092567 0.945463 0.449502 -0.476698 1.496024 26.000000
5.018802 1.556441 -2.385747 -3.087608 1.019127 0.429823 -0.483061 1.455278 26.050000
5.777974 1.158020 -2.354254 -3.081265 1.092830 0.411391 -0.488215 1.486939 26.100000
5.184553 0.891428 -2.323412 -3.073380 1.163213 0.402530 -0.491480 1.347901 26.150000
5.757986 0.903960 -2.293241 -3.063915 1.226006 0.393382 -0.492023 1.185603 26.200000
6.000000 1.042501 -2.263777 -3.052859 1.283374 0.393554 -0.490840 1.118164 26.250000
5.973450 1.202006 -2.235029 -3.040046 1.339951 0.396584 -0.489558 1.141877 26.300000
5.273809 0.725014 -2.207088 -3.025483 1.399087 0.397618 -0.489136 1.213821 26.350000
4.423024 0.342509 -2.180090 -3.009398 1.455474 0.394002 -0.487866 1.061708 26.400000
4.979869 0.380969 -2.154112 -2.992145 1.502374 0.389066 -0.483819 0.841605 26.450000
5.754953 0.605521 -2.129151 -2.973752 1.541946 0.394573 -0.477902 0.752243 26.500000
5.263069 0.782350 -2.105214 -2.953916 1.580897 0.407757 -0.472306 0.800676 26.550000
5.037176 0.916857 -2.082359 -2.932649 1.623591 0.413721 -0.468278 0.895493 26.600000
4.247520 1.293853 -2.060656 -2.910218 1.671103 0.414491 -0.465919 0.992487 26.650000
4.517824 0.946046 -2.040157 -2.886969 1.726058 0.403299 -0.465640 1.179779 26.700000
3.649349 1.409358 -2.020912 -2.863132 1.783528 0.393495 -0.465647 1.125516 26.750000
2.783084 1.099928 -2.002916 -2.838901 1.844047 0.374088 -0.465908 1.273310 26.800000
3.365542 1.235323 -1.986087 -2.814746 1.906002 0.346518 -0.465493 1.211104 26.850000
2.817880 0.882764 -1.970397 -2.790738 1.967059 0.326103 -0.463828 1.227099 26.900000
3.083899 0.805560 -1.955831 -2.766872 2.024604 0.303813 -0.460495 1.091004 26.950000
3.893136 0.478797 -1.942351 -2.743173 2.076422 0.288750 -0.455314 0.992995 27.000000
4.710163 0.699385 -1.930077 -2.719377 2.121103 0.286575 -0.448532 0.815991 27.050000
3.960727 0.724713 -1.919212 -2.695132 2.161996 0.294770 -0.441329 0.819568 27.100000
3.037497 0.347664 -1.909767 -2.670472 2.203306 0.295821 -0.434608 0.831139 27.150000
3.523843 0.472287 -1.901519 -2.645755 2.240769 0.290895 -0.427254 0.684296 27.200000
3.887236 0.518134 -1.894412 -2.621047 2.274333 0.293294 -0.419331 0.660778 27.250000
4.668121 0.194328 -1.888569 -2.596208 2.307554 0.299518 -0.411728 0.667357 27.300000
5.528837 0.292628 -1.884166 -2.571070 2.337403 0.314953 -0.403902 0.541770 27.350000
4.869672 0.724683 -1.881464 -2.545372 2.363946 0.339871 -0.396028 0.523394 27.400000
5.860495 0.678328 -1.880478 -2.519151 2.394844 0.355618 -0.389925 0.693608 27.450000
5.394873 0.236441 -1.881242 -2.492484 2.431435 0.377164 -0.385926 0.762987 27.500000
5.087551 -0.065528 -1.883831 -2.465393 2.465692 0.394939 -0.381908 0.624611 27.550000
5.998647 -0.134901 -1.888104 -2.438027 2.491691 0.413606 -0.376095 0.437254 27.600000
6.000000 0.355705 -1.894169 -2.410292 2.510201 0.443976 -0.368664 0.317452 27.650000
6.000000 0.095451 -1.902166 -2.382088 2.530093 0.472617 -0.362382 0.463870 27.700000
6.000000 0.214157 -1.912048 -2.353519 2.552560 0.498994 -0.357576 0.438878 27.750000
6.000000 0.168648 -1.923778 -2.324660 2.575625 0.524140 -0.353583 0.480436 27.800000
5.869069 0.290930 -1.937316 -2.295595 2.599845 0.547815 -0.350569 0.488696 27.850000
6.000000 0.077315 -1.952599 -2.266422 2.625901 0.568512 -0.348783 0.548046 27.900000
6.000000 0.504653 -1.969590 -2.237225 2.651836 0.589683 -0.347381 0.496380 27.950000
5.646184 0.707933 -1.988280 -2.208063 2.680880 0.608531 -0.347759 0.649165 28.000000
5.342222 0.943329 -2.008546 -2.179111 2.717841 0.619486 -0.351893 0.811041 28.050000
4.741131 0.937412 -2.030197 -2.150599 2.763278 0.622791 -0.359817 0.985521 28.100000
5.475874 0.948023 -2.052982 -2.122768 2.814845 0.616803 -0.370105 1.067254 28.150000
5.945799 0.678316 -2.076882 -2.095730 2.869454 0.615591 -0.381227 1.112300 28.200000
6.000000 0.245782 -2.102121 -2.069499 2.922814 0.618656 -0.391419 1.033841 28.250000
6.000000 0.078801 -2.128786 -2.044097 2.968871 0.625382 -0.398178 0.834954 28.300000
6.000000 0.146832 -2.156884 -2.019523 3.006244 0.636213 -0.401087 0.679792 28.350000
5.647481 0.300802 -2.186405 -1.995777 3.038989 0.649000 -0.402106 0.636188 28.400000
6.000000 0.745400 -2.217223 -1.972903 3.072019 0.657772 -0.403486 0.680645 28.450000
5.642180 0.601079 -2.249267 -1.950987 3.111716 0.665654 -0.408180 0.883619 28.500000
6.000000 0.604158 -2.282421 -1.930156 -3.126090 0.666407 -0.415495 0.927024 28.550000
6.000000 0.752947 -2.316602 -1.910503 -3.079038 0.669033 -0.423396 0.952942 28.600000
6.000000 0.939269 -2.351808 -1.892111 -3.029309 0.669466 -0.432347 1.027682 28.650000
6.000000 0.529491 -2.387930 -1.875076 -2.974825 0.666405 -0.443196 1.138100 28.700000
6.000000 0.941501 -2.424856 -1.859486 -2.920898 0.663044 -0.453231 1.033784 28.750000
6.000000 0.720519 -2.462515 -1.845387 -2.865948 0.658458 -0.463265 1.149602 28.800000
5.913332 0.387147 -2.500789 -1.832849 -2.809344 0.652270 -0.473475 1.119350 28.850000
6.000000 -0.002021 -2.539587 -1.821903 -2.757341 0.647830 -0.480952 0.979578 28.900000
5.094175 -0.215843 -2.578905 -1.812550 -2.714414 0.649928 -0.483910 0.764828 28.950000
5.699526 -0.459089 -2.618613 -1.804689 -2.681424 0.649985 -0.482202 0.576621 29.000000
6.000000 -0.389384 -2.658708 -1.798263 -2.657964 0.661987 -0.476244 0.383439 29.050000
5.752262 -0.548435 -2.699435 -1.793330 -2.640733 0.680465 -0.467799 0.313741 29.100000
6.000000 -0.741754 -2.740810 -1.789863 -2.627856 0.698802 -0.457743 0.212086 29.150000
6.000000 -0.900172 -2.782851 -1.787817 -2.620982 0.722514 -0.445200 0.076513 29.200000
5.448182 -0.519957 -2.825649 -1.787155 -2.621065 0.749456 -0.429586 -0.066352 29.250000
5.382121 -0.464668 -2.869115 -1.787737 -2.622169 0.770711 -0.414014 0.014095 29.300000
5.805633 -0.840398 -2.913069 -1.789455 -2.619622 0.788416 -0.401013 0.080878 29.350000
6.000000 -0.424549 -2.957538 -1.792318 -2.618988 0.810352 -0.387396 -0.044163 29.400000
5.338811 -0.873622 -3.002653 -1.796341 -2.618310 0.833129 -0.374339 0.061007 29.450000
5.107371 -0.475116 -3.048271 -1.801432 -2.618947 0.849464 -0.360934 -0.074705 29.500000
5.615162 -0.496053 -3.094225 -1.807427 -2.620237 0.863242 -0.347633 0.013617 29.550000
6.000000 -0.820008 -3.140528 -1.814337 -2.618529 0.879723 -0.336647 0.050488 29.600000
6.000000 -0.347752 -3.187332 -1.822236 -2.619296 0.900183 -0.324480 -0.070578 29.650000
6.000000 0.036545 -3.234719 -1.831111 -2.619258 0.919387 -0.313294 0.059161 29.700000
6.000000 0.035562 -3.282595 -1.840969 -2.609878 0.933829 -0.308689 0.292802 29.750000
6.000000 -0.000780 -3.330814 -1.851871 -2.591740 0.944004 -0.310170 0.420047 29.800000
6.000000 0.414087 -3.379258 -1.863865 -2.569211 0.951809 -0.314668 0.476203 29.850000
5.751476 0.906804 -3.427822 -1.876992 -2.539765 0.956081 -0.323826 0.680141 29.900000
5.329977 0.463532 -3.476276 -1.891303 -2.497253 0.951461 -0.341547 0.985371 29.950000
4.410651 0.245910 -3.524278 -1.906792 -2.448586 0.939114 -0.362476 0.966566 30.000000
4.461604 0.328239 -3.571511 -1.923266 -2.402678 0.918909 -0.380260 0.882110 30.050000
4.928342 0.086559 -3.617822 -1.940573 -2.358636 0.900014 -0.395569 0.880950 30.100000
4.567862 0.558842 -3.663290 -1.958785 -2.317169 0.886840 -0.408176 0.790037 30.150000
4.933288 1.049512 -3.707923 -1.977903 -2.273554 0.868975 -0.421244 0.936988 30.200000
5.739546 1.271531 -3.751589 -1.997933 -2.219316 0.848168 -0.439751 1.199095 30.250000
4.784242 1.028181 -3.794236 -2.019082 -2.153549 0.827151 -0.463660 1.404555 30.300000
5.297817 0.915643 -3.835654 -2.041273 -2.083329 0.793190 -0.487950 1.404861 30.350000
4.696145 0.940756 -3.875705 -2.064370 -2.014240 0.764058 -0.509148 1.364803 30.400000
4.660006 0.584778 -3.914355 -2.088299 -1.946225 0.729506 -0.527437 1.356215 30.450000
4.692277 0.964857 -3.951532 -2.112884 -1.882441 0.697672 -0.541284 1.213706 30.500000
3.812948 0.852900 -3.987266 -2.138103 -1.819531 0.667032 -0.552808 1.290397 30.550000
3.413901 0.957808 -4.021478 -2.163708 -1.755482 0.627753 -0.562853 1.271365 30.600000
4.113153 1.077680 -4.054114 -2.189371 -1.691305 0.585540 -0.570730 1.289625 30.650000
4.749720 0.728780 -4.085199 -2.215125 -1.625618 0.549775 -0.577149 1.329163 30.700000
5.659221 0.714556 -4.114770 -2.241252 -1.562702 0.523116 -0.580796 1.202593 30.750000
5.363981 1.089221 -4.142852 -2.268121 -1.504471 0.509477 -0.581694 1.134490 30.800000
4.727342 0.858158 -4.169422 -2.295846 -1.444668 0.492349 -0.582506 1.241265 30.850000
4.694549 1.068634 -4.194456 -2.324124 -1.383981 0.469277 -0.582712 1.190685 30.900000
3.946684 0.988654 -4.217961 -2.352757 -1.323019 0.446640 -0.582025 1.238694 30.950000
3.986469 1.380246 -4.239971 -2.381514 -1.261620 0.417731 -0.580368 1.217011 31.000000
3.120602 1.060807 -4.260535 -2.410196 -1.197106 0.388062 -0.578401 1.342656 31.050000
2.959180 1.124495 -4.279737 -2.438562 -1.132228 0.351494 -0.575059 1.259955 31.100000
3.664627 1.607705 -4.297700 -2.466416 -1.069923 0.317258 -0.569597 1.232134 31.150000
3.985070 1.762901 -4.314395 -2.493873 -1.003780 0.288457 -0.563785 1.388201 31.200000
3.965246 2.009780 -4.329732 -2.521063 -0.931144 0.259354 -0.558083 1.497897 31.250000
3.670180 2.208524 -4.343704 -2.547962 -0.852654 0.227384 -0.552026 1.619858 31.300000
3.129638 2.190319 -4.356401 -2.574433 -0.768509 0.190407 -0.545099 1.725607 31.350000
2.671425 2.010296 -4.368009 -2.600293 -0.681608 0.148707 -0.536390 1.743259 31.400000
3.150861 1.799750 -4.378738 -2.625406 -0.596528 0.106824 -0.525240 1.667369 31.450000
3.870080 2.028878 -4.388578 -2.649833 -0.516578 0.076000 -0.511962 1.545852 31.500000
3.253991 1.547240 -4.397266 -2.673760 -0.438494 0.055793 -0.497646 1.571598 31.550000
2.487778 1.121556 -4.404775 -2.697197 -0.364915 0.035164 -0.482551 1.395409 31.600000
2.361130 1.356974 -4.411342 -2.720041 -0.301989 0.016566 -0.466784 1.153604 31.650000
2.300607 1.813859 -4.417091 -2.742254 -0.244877 0.002444 -0.450833 1.132485 31.700000
2.615702 2.269679 -4.422062 -2.763834 -0.183670 -0.012937 -0.434855 1.292526 31.750000
2.093671 2.667230 -4.426260 -2.784782 -0.112318 -0.029339 -0.418611 1.526411 31.800000
1.403590 2.414654 -4.429821 -2.805090 -0.029203 -0.054903 -0.401522 1.760493 31.850000
1.961165 2.218306 -4.433085 -2.824767 0.058632 -0.086428 -0.383101 1.752167 31.900000
1.367851 1.800311 -4.436054 -2.843844 0.143947 -0.108063 -0.363851 1.671763 31.950000
1.500405 1.774923 -4.438672 -2.862346 0.222121 -0.128744 -0.344604 1.482689 32.000000
1.184241 2.221849 -4.440968 -2.880285 0.293720 -0.142408 -0.325730 1.393814 32.050000
1.159784 2.467187 -4.442940 -2.897674 0.367096 -0.157409 -0.306612 1.522090 32.100000
1.221522 2.301885 -4.444660 -2.914567 0.447266 -0.172844 -0.286573 1.663140 32.150000
0.331225 2.499983 -4.446107 -2.930985 0.530279 -0.185974 -0.266057 1.658148 32.200000
0.051023 2.451427 -4.447413 -2.947036 0.615205 -0.205201 -0.245037 1.727945 32.250000
0.263167 2.159004 -4.448753 -2.962883 0.701870 -0.224383 -0.223324 1.737249 32.300000
0.383761 1.967674 -4.450066 -2.978539 0.785789 -0.237525 -0.201826 1.635570 32.350000
0.000000 1.636828 -4.451228 -2.993917 0.864438 -0.245290 -0.181363 1.527314 32.400000
0.000000 2.060445 -4.452236 -3.009022 0.936083 -0.252595 -0.162433 1.363020 32.450000
0.000000 1.694478 -4.453114 -3.023883 1.006872 -0.257629 -0.144002 1.455851 32.500000
0.222598 1.333875 -4.453827 -3.038485 1.076927 -0.260595 -0.126142 1.360811 32.550000
0.000000 0.936204 -4.454335 -3.052746 1.140021 -0.258664 -0.110161 1.187821 32.600000
0.000000 0.592362 -4.454647 -3.066621 1.193008 -0.256208 -0.096684 0.962131 32.650000
0.000000 0.853402 -4.454809 -3.080114 1.234459 -0.251559 -0.085894 0.725702 32.700000
0.736737 0.772476 -4.454847 -3.093198 1.270534 -0.245938 -0.076578 0.718631 32.750000
0.244789 1.086585 -4.454722 -3.105708 1.305515 -0.233151 -0.068005 0.685142 32.800000
0.024366 1.087945 -4.454431 -3.117599 1.342876 -0.225235 -0.059595 0.796374 32.850000
0.000000 0.867241 -4.454016 -3.129050 1.384245 -0.219543 -0.051016 0.851933 32.900000
0.000000 1.227256 -4.453493 -3.140124 1.425168 -0.213805 -0.042965 0.792670 32.950000
0.718225 1.215812 -4.452868 -3.150829 1.468043 -0.207950 -0.035065 0.908278 33.000000
1.429836 1.686089 -4.452123 -3.161004 1.514884 -0.195359 -0.027147 0.959263 33.050000
1.490469 1.613759 -4.451247 -3.170326 1.568697 -0.176354 -0.019110 1.166235 33.100000
2.049012 2.066868 -4.450264 -3.178637 1.628852 -0.157070 -0.011320 1.231342 33.150000
2.989094 1.929285 -4.449233 -3.185819 1.696125 -0.132792 -0.004003 1.431382 33.200000
2.081170 1.894994 -4.448269 -3.191558 1.768629 -0.100096 0.002141 1.464157 33.250000
2.407445 2.079080 -4.447470 -3.195907 1.841867 -0.076552 0.006674 1.465238 33.300000
1.490351 2.247320 -4.446914 -3.199059 1.917102 -0.050460 0.009843 1.533996 33.350000
2.309034 2.129256 -4.446636 -3.201212 1.996380 -0.033551 0.011876 1.623625 33.400000
1.728820 2.474395 -4.446716 -3.202452 2.077340 -0.009480 0.012709 1.615895 33.450000
2.508072 2.848292 -4.447245 -3.202805 2.161674 0.008378 0.012300 1.738510 33.500000
2.319268 2.544285 -4.448332 -3.202321 2.253865 0.032814 0.010508 1.920061 33.550000
3.221547 2.634127 -4.450129 -3.201000 2.348690 0.054293 0.007200 1.879472 33.600000
3.637582 2.339768 -4.452827 -3.198857 2.443155 0.082824 0.002323 1.896450 33.650000
3.186797 2.001610 -4.456716 -3.195852 2.535113 0.113418 -0.004195 1.797766 33.700000
3.715706 2.226786 -4.461828 -3.192167 2.620392 0.137855 -0.011691 1.638313 33.750000
3.292760 2.462776 -4.468200 -3.187968 2.702897 0.165407 -0.020232 1.659048 33.800000
3.637062 2.889670 -4.475851 -3.183413 2.788595 0.186821 -0.030329 1.754473 33.850000
3.932049 3.000000 -4.484750 -3.178700 2.881871 0.208944 -0.042497 1.946339 33.900000
4.669219 3.000000 -4.495003 -3.173995 2.982451 0.230787 -0.056855 2.058976 33.950000
4.971097 2.979366 -4.506779 -3.169481 3.086663 0.256234 -0.073047 2.103085 34.000000
5.407868 3.000000 -4.520216 -3.165374 -3.091022 0.280956 -0.090794 2.115991 34.050000
5.169901 2.833187 -4.535347 -3.161921 -2.984761 0.306026 -0.109967 2.133071 34.100000
5.929990 2.810303 -4.552044 -3.159355 -2.879501 0.325246 -0.129922 2.086737 34.150000
6.000000 3.000000 -4.570232 -3.157911 -2.775734 0.348170 -0.150417 2.068817 34.200000
5.299393 2.501077 -4.589869 -3.157834 -2.670373 0.367518 -0.172187 2.136241 34.250000
6.000000 2.673876 -4.610571 -3.159219 -2.567799 0.377207 -0.193515 1.992549 34.300000
5.702493 2.648800 -4.632116 -3.162177 -2.467750 0.390792 -0.214284 2.008726 34.350000
5.863414 2.252497 -4.654340 -3.166839 -2.367234 0.398108 -0.235200 2.013023 34.400000
5.597921 2.364022 -4.676978 -3.173239 -2.270466 0.405116 -0.254801 1.880999 34.450000
5.256113 2.354576 -4.699813 -3.181379 -2.176542 0.407904 -0.273243 1.877971 34.500000
5.666548 2.692052 -4.722554 -3.191142 -2.082654 0.405119 -0.291024 1.878620 34.550000
4.843096 3.000000 -4.745002 -3.202514 -1.985120 0.402503 -0.309066 2.003511 34.600000
5.261488 3.000000 -4.766895 -3.215337 -1.880383 0.386810 -0.327855 2.159993 34.650000
4.452017 3.000000 -4.787984 -3.229426 -1.770734 0.370770 -0.346107 2.216480 34.700000
5.125628 3.000000 -4.808100 -3.244577 -1.659346 0.344449 -0.362486 2.235140 34.750000
5.710080 2.578354 -4.827119 -3.260652 -1.547454 0.322893 -0.376499 2.239234 34.800000
6.000000 2.337941 -4.844950 -3.277846 -1.439784 0.307910 -0.387584 2.092288 34.850000
6.000000 2.792921 -4.861478 -3.296286 -1.339193 0.298562 -0.395809 1.954114 34.900000
5.992638 2.662928 -4.876580 -3.315942 -1.238290 0.288353 -0.403144 2.063457 34.950000
5.918801 2.930666 -4.890136 -3.336645 -1.135339 0.276396 -0.409810 2.055384 35.000000
5.667293 3.000000 -4.902055 -3.358214 -1.029969 0.261992 -0.415748 2.143674 35.050000
4.735281 2.624393 -4.912299 -3.380398 -0.921251 0.243135 -0.420818 2.195000 35.100000
4.507546 2.337649 -4.920984 -3.402819 -0.814937 0.217154 -0.423547 2.075926 35.150000
4.551873 2.188697 -4.928252 -3.425201 -0.715493 0.193828 -0.423301 1.924971 35.200000
5.018559 2.649183 -4.934104 -3.447478 -0.622554 0.175722 -0.420748 1.809608 35.250000
5.077903 2.738596 -4.938422 -3.469656 -0.528661 0.162479 -0.417395 1.926186 35.300000
5.233898 3.000000 -4.941123 -3.491673 -0.430272 0.148214 -0.413733 1.996609 35.350000
5.006759 2.877832 -4.942189 -3.513406 -0.327111 0.133798 -0.409683 2.109663 35.400000
4.280755 3.000000 -4.941677 -3.534707 -0.221810 0.117265 -0.404814 2.102307 35.450000
3.427041 3.000000 -4.939834 -3.555406 -0.115655 0.094927 -0.398727 2.136329 35.500000
4.151026 3.000000 -4.937059 -3.575371 -0.008658 0.066042 -0.390963 2.140626 35.550000
3.861621 3.000000 -4.933403 -3.594545 0.098256 0.046265 -0.381621 2.135329 35.600000
3.239626 3.000000 -4.928787 -3.612881 0.204840 0.026146 -0.371085 2.127839 35.650000
2.810981 3.000000 -4.923444 -3.630363 0.311023 0.002807 -0.359270 2.119319 35.700000
2.936522 2.643591 -4.917622 -3.647023 0.416763 -0.021639 -0.346070 2.110294 35.750000
2.012672 2.666798 -4.911378 -3.662860 0.518415 -0.040158 -0.331805 1.976954 35.800000
2.099471 2.374642 -4.904849 -3.677933 0.615989 -0.062764 -0.316715 1.932127 35.850000
2.999734 2.050596 -4.898172 -3.692316 0.708997 -0.079766 -0.301013 1.807495 35.900000
3.910731 2.251164 -4.891140 -3.705813 0.794582 -0.082852 -0.285632 1.641701 35.950000
3.750194 2.031274 -4.883466 -3.718064 0.876936 -0.074408 -0.271159 1.651607 36.000000
3.294509 1.989396 -4.875109 -3.728884 0.957367 -0.065536 -0.257791 1.577480 36.050000
2.838197 1.809989 -4.866251 -3.738335 1.034994 -0.058883 -0.245466 1.534477 36.100000
1.876844 1.637272 -4.857088 -3.746560 1.109348 -0.054412 -0.234010 1.452131 36.150000
1.898672 1.711189 -4.847835 -3.753821 1.179156 -0.056520 -0.223198 1.354294 36.200000
2.206566 1.331311 -4.838623 -3.760294 1.246497 -0.056618 -0.212813 1.341313 36.250000
1.720705 1.303326 -4.829457 -3.765893 1.309333 -0.051666 -0.203075 1.193024 36.300000
1.168491 1.439718 -4.820382 -3.770641 1.366871 -0.049195 -0.194038 1.118701 36.350000
1.099933 1.573952 -4.811484 -3.774769 1.423368 -0.050995 -0.185370 1.138556 36.400000
1.371036 1.085499 -4.802801 -3.778427 1.482005 -0.053231 -0.176843 1.198732 36.450000
1.149783 1.091358 -4.794341 -3.781572 1.537388 -0.051442 -0.168718 1.038172 36.500000
1.730736 0.954140 -4.786118 -3.784181 1.587330 -0.049975 -0.161139 0.968658 36.550000
2.660938 1.011275 -4.778156 -3.786166 1.633371 -0.041838 -0.154121 0.883994 36.600000
3.629652 0.595248 -4.770502 -3.787182 1.677129 -0.024480 -0.147822 0.868780 36.650000
4.115530 0.638737 -4.763242 -3.786816 1.715805 0.002577 -0.142459 0.699524 36.700000
4.214234 0.964537 -4.756479 -3.784774 1.749046 0.034427 -0.138032 0.638146 36.750000
5.043474 0.809680 -4.750290 -3.780985 1.783841 0.065893 -0.134583 0.742119 36.800000
4.148302 0.389701 -4.744782 -3.775327 1.820708 0.103643 -0.132223 0.734386 36.850000
4.912286 0.006073 -4.740008 -3.767903 1.852692 0.132615 -0.130391 0.565323 36.900000
4.035627 0.452074 -4.736005 -3.758806 1.874314 0.169475 -0.128243 0.326449 36.950000
3.654078 0.913242 -4.732776 -3.748118 1.892357 0.197452 -0.126238 0.389186 37.000000
3.570018 0.473289 -4.730250 -3.736198 1.918025 0.219537 -0.125773 0.613017 37.050000
2.574452 0.381966 -4.728423 -3.723237 1.946897 0.239440 -0.126204 0.549574 37.100000
2.650568 0.371808 -4.727222 -3.709524 1.972489 0.249871 -0.126360 0.481929 37.150000
2.007353 0.304860 -4.726570 -3.695290 1.995534 0.261037 -0.126246 0.444288 37.200000
1.628606 0.649120 -4.726413 -3.680682 2.016465 0.266161 -0.125872 0.398063 37.250000
1.865852 1.122595 -4.726649 -3.665937 2.039634 0.267190 -0.125990 0.515751 37.300000
1.000492 1.325637 -4.727280 -3.651121 2.072431 0.268695 -0.127970 0.766897 37.350000
1.674554 1.802305 -4.728258 -3.636422 2.116437 0.260005 -0.131901 0.968129 37.400000
2.245306 1.721092 -4.729588 -3.621935 2.172677 0.255391 -0.137743 1.244592 37.450000
2.243476 1.677627 -4.731447 -3.607485 2.237475 0.254132 -0.144815 1.334979 37.500000
2.983177 2.011196 -4.733925 -3.593029 2.304878 0.251757 -0.152024 1.358111 37.550000
3.419206 2.272186 -4.737146 -3.578508 2.376661 0.254739 -0.159801 1.493916 37.600000
3.585066 2.651340 -4.741315 -3.563833 2.455761 0.259210 -0.168844 1.647526 37.650000
4.224995 2.777192 -4.746544 -3.549055 2.543913 0.261863 -0.179463 1.847728 37.700000
3.966428 2.535455 -4.752984 -3.534239 2.639862 0.267054 -0.191426 1.970964 37.750000
3.882896 2.050168 -4.760690 -3.519512 2.737299 0.267688 -0.203436 1.933277 37.800000
3.012667 2.199955 -4.769567 -3.505049 2.828573 0.267784 -0.213859 1.747771 37.850000
3.669729 2.309841 -4.779376 -3.491009 2.915504 0.259874 -0.222862 1.732068 37.900000
3.390292 1.886822 -4.790032 -3.477498 3.003099 0.257147 -0.231349 1.766614 37.950000
3.414829 1.795239 -4.801571 -3.464579 3.087403 0.252042 -0.238680 1.627186 38.000000
2.649920 1.744505 -4.813902 -3.452317 -3.116965 0.248407 -0.244518 1.538912 38.050000
3.204969 1.792851 -4.826815 -3.440754 -3.041584 0.238397 -0.249173 1.484163 38.100000
3.243381 1.925464 -4.840227 -3.429929 -2.967516 0.233944 -0.253061 1.479245 38.150000
2.399162 1.566512 -4.854227 -3.419900 -2.892206 0.229211 -0.256779 1.526160 38.200000
3.344106 1.534715 -4.868572 -3.410661 -2.819189 0.217292 -0.259540 1.410930 38.250000
3.857882 1.484036 -4.883264 -3.402246 -2.750371 0.215874 -0.261215 1.350437 38.300000
4.038433 1.215404 -4.898583 -3.394805 -2.684110 0.220053 -0.262504 1.306483 38.350000
4.454120 0.995492 -4.914620 -3.388448 -2.622188 0.227196 -0.263315 1.187252 38.400000
3.628853 1.193231 -4.931443 -3.383286 -2.566648 0.240155 -0.263477 1.052943 38.450000
3.385585 1.380539 -4.948914 -3.379300 -2.513496 0.245782 -0.263604 1.071037 38.500000
2.663445 1.824288 -4.966746 -3.376371 -2.457651 0.247938 -0.264352 1.152069 38.550000
1.912981 1.594664 -4.984669 -3.374369 -2.394235 0.240483 -0.266291 1.355910 38.600000
1.384683 1.650969 -5.002338 -3.373060 -2.326477 0.224607 -0.268336 1.353976 38.650000
0.955370 1.607076 -5.019516 -3.372216 -2.258273 0.204130 -0.269499 1.370828 38.700000
1.402484 1.253356 -5.036064 -3.371648 -2.190097 0.180411 -0.269542 1.356997 38.750000
1.787349 1.544179 -5.052013 -3.371346 -2.126314 0.163428 -0.268053 1.213465 38.800000
1.541738 1.371447 -5.067508 -3.371472 -2.064329 0.151483 -0.265767 1.258995 38.850000
0.606146 1.345816 -5.082568 -3.372042 -2.002750 0.138074 -0.262954 1.210162 38.900000
0.185864 1.381912 -5.097086 -3.372801 -1.943205 0.117471 -0.259309 1.175328 38.950000
1.001152 1.703923 -5.110976 -3.373456 -1.884584 0.094396 -0.254795 1.169163 39.000000
1.196542 1.801812 -5.124304 -3.374094 -1.822807 0.079070 -0.249838 1.285132 39.050000
1.901772 1.482388 -5.137156 -3.374921 -1.756150 0.064930 -0.244656 1.368603 39.100000
1.525915 1.749330 -5.149578 -3.376130 -1.690194 0.058592 -0.239134 1.281582 39.150000
0.659447 1.531838 -5.161583 -3.377798 -1.624333 0.049528 -0.233445 1.343646 39.200000
0.008409 1.897713 -5.173148 -3.379623 -1.558791 0.033375 -0.227349 1.285475 39.250000
0.000000 1.907400 -5.184291 -3.381257 -1.491364 0.011771 -0.220614 1.395121 39.300000
0.000000 1.942590 -5.195064 -3.382549 -1.420274 -0.009530 -0.213086 1.440990 39.350000
0.000000 2.336369 -5.205519 -3.383518 -1.347379 -0.029784 -0.204742 1.469820 39.400000
0.055169 2.709723 -5.215707 -3.384187 -1.269434 -0.049781 -0.195499 1.624218 39.450000
0.000000 2.882911 -5.225681 -3.384585 -1.182592 -0.069769 -0.185086 1.818524 39.500000
0.725914 2.440833 -5.235504 -3.384735 -1.087771 -0.090150 -0.173328 1.952214 39.550000
1.295570 2.839188 -5.245144 -3.384821 -0.993321 -0.101374 -0.160937 1.843284 39.600000
1.146130 3.000000 -5.254444 -3.385145 -0.898208 -0.105424 -0.148420 1.944884 39.650000
1.460652 2.728773 -5.263339 -3.385792 -0.798203 -0.110022 -0.135665 2.039750 39.700000
0.987329 3.000000 -5.271775 -3.386786 -0.697983 -0.109850 -0.123172 1.979316 39.750000
0.558612 2.638828 -5.279746 -3.388093 -0.596848 -0.112554 -0.110949 2.053885 39.800000
1.483507 2.907297 -5.287393 -3.389582 -0.497064 -0.117294 -0.098984 1.954152 39.850000
0.579481 3.000000 -5.294573 -3.391299 -0.397629 -0.111628 -0.087500 2.013745 39.900000
0.712861 2.756648 -5.301262 -3.393235 -0.295334 -0.113374 -0.076314 2.069008 39.950000
0.000000 3.000000 -5.307600 -3.395305 -0.193781 -0.112222 -0.065548 2.004169 40.000000
0.675855 2.660412 -5.313692 -3.397474 -0.091738 -0.116318 -0.055001 2.067182 40.050000
0.000000 2.830685 -5.319517 -3.399728 0.008815 -0.112450 -0.044929 1.971152 40.100000
0.671024 3.000000 -5.325049 -3.402062 0.108126 -0.113611 -0.035397 1.997172 40.150000
0.563354 3.000000 -5.330266 -3.404451 0.210020 -0.107336 -0.026170 2.067124 40.200000
0.970873 3.000000 -5.335024 -3.406851 0.314128 -0.101136 -0.017545 2.093038 40.250000
1.697772 3.000000 -5.339253 -3.409197 0.419066 -0.090242 -0.009791 2.102957 40.300000
1.433088 2.704067 -5.342725 -3.411321 0.524329 -0.071998 -0.003376 2.107014 40.350000
1.578986 2.968307 -5.345392 -3.413095 0.626699 -0.056104 0.001414 2.004899 40.400000
2.062531 3.000000 -5.347348 -3.414453 0.728586 -0.038888 0.004809 2.061204 40.450000
1.217183 3.000000 -5.348561 -3.415226 0.832562 -0.017437 0.006724 2.092566 40.500000
0.720941 3.000000 -5.349186 -3.415420 0.937516 -0.004466 0.007311 2.103700 40.550000
1.154716 3.000000 -5.349505 -3.415239 1.042816 0.003434 0.007099 2.107613 40.600000
2.092631 3.000000 -5.349595 -3.414672 1.148236 0.014994 0.006161 2.108958 40.650000
1.696165 2.580268 -5.349397 -3.413413 1.253697 0.034630 0.004076 2.109391 40.700000
0.964094 2.604174 -5.348973 -3.411345 1.354869 0.049452 0.000904 1.962033 40.750000
0.826542 2.158594 -5.348489 -3.408738 1.451652 0.056443 -0.002784 1.916712 40.800000
1.777843 1.820732 -5.348043 -3.405813 1.542375 0.061444 -0.006503 1.740335 40.850000
1.501545 1.455420 -5.347675 -3.402399 1.623886 0.074748 -0.010238 1.549285 40.900000
1.615487 1.078937 -5.347432 -3.398371 1.695266 0.084736 -0.013946 1.336833 40.950000
1.387387 0.921359 -5.347358 -3.393802 1.755500 0.095297 -0.017334 1.104480 41.000000
2.133066 1.383727 -5.347476 -3.388748 1.806093 0.103324 -0.020326 0.940640 41.050000
2.497784 1.675547 -5.347843 -3.383122 1.856103 0.117779 -0.023590 1.046205 41.100000
3.187322 1.840138 -5.348572 -3.376721 1.912959 0.134577 -0.027922 1.206635 41.150000
4.121837 1.543854 -5.349809 -3.369383 1.977080 0.156453 -0.033648 1.339880 41.200000
3.873606 2.030589 -5.351781 -3.360855 2.042537 0.185560 -0.040493 1.286346 41.250000
4.172456 2.237527 -5.354638 -3.351112 2.111475 0.210355 -0.048878 1.448458 41.300000
3.714659 2.587904 -5.358486 -3.340298 2.188071 0.235523 -0.059424 1.594375 41.350000
3.191690 2.358810 -5.363391 -3.328616 2.273221 0.253484 -0.072281 1.783185 41.400000
2.991352 2.080966 -5.369282 -3.316429 2.362166 0.263933 -0.086241 1.776490 41.450000
2.882504 1.772874 -5.376074 -3.304004 2.448081 0.270846 -0.099687 1.676471 41.500000
2.917417 1.413970 -5.383717 -3.291495 2.527597 0.275909 -0.111785 1.527364 41.550000
3.391110 1.318721 -5.392188 -3.278987 2.598475 0.281263 -0.122042 1.336092 41.600000
4.246572 1.086642 -5.401581 -3.266474 2.662018 0.291147 -0.130839 1.222213 41.650000
4.035447 1.289054 -5.412157 -3.253879 2.719280 0.309021 -0.138614 1.087366 41.700000
3.162058 0.956104 -5.424033 -3.241219 2.774239 0.324073 -0.146290 1.108943 41.750000
3.409229 0.837567 -5.436947 -3.228685 2.826392 0.330439 -0.153451 0.993002 41.800000
4.171679 0.891382 -5.450741 -3.216381 2.873305 0.339494 -0.159401 0.896449 41.850000
3.359031 0.658931 -5.465621 -3.204288 2.917526 0.355495 -0.164905 0.875819 41.900000
2.741795 0.347500 -5.481541 -3.192463 2.958536 0.363733 -0.169769 0.777299 41.950000
3.381511 0.132502 -5.498149 -3.181000 2.992642 0.367292 -0.172834 0.607350 42.000000
4.277254 0.255964 -5.515447 -3.169892 3.018264 0.378543 -0.173715 0.436984 42.050000
4.305762 -0.077882 -5.533780 -3.159080 3.039141 0.398759 -0.173551 0.402483 42.100000
4.830365 -0.213006 -5.553334 -3.148549 3.055003 0.419621 -0.172222 0.248690 42.150000
5.641469 -0.582931 -5.574209 -3.138275 3.063652 0.446223 -0.168982 0.111503 42.200000
6.000000 -0.938206 -5.596684 -3.128195 3.062873 0.481444 -0.162909 -0.120192 42.250000
6.000000 -0.558760 -5.620992 -3.118204 3.049256 0.521282 -0.152427 -0.395923 42.300000
6.000000 -0.747322 -5.647159 -3.108178 3.029766 0.560430 -0.139706 -0.385046 42.350000
5.713401 -0.913427 -5.675097 -3.098042 3.008485 0.597940 -0.126139 -0.458730 42.400000
5.620582 -0.995685 -5.704654 -3.087715 2.982536 0.631558 -0.110448 -0.568024 42.450000
5.463623 -1.065640 -5.735655 -3.077099 2.951552 0.663009 -0.092374 -0.662066 42.500000
4.639507 -0.754918 -5.767948 -3.066088 2.916196 0.691368 -0.072149 -0.744471 42.550000
4.059788 -1.034925 -5.801211 -3.054637 2.881108 0.709907 -0.052180 -0.670252 42.600000
4.028952 -1.046862 -5.835044 -3.042779 2.845241 0.721383 -0.032101 -0.756696 42.650000
4.116499 -0.553178 -5.869235 -3.030477 2.805846 0.731182 -0.010608 -0.814857 42.700000
3.139229 -0.879984 -5.903731 -3.017678 2.769555 0.740285 0.008774 -0.658188 42.750000
2.479740 -0.891048 -5.938289 -3.004464 2.734881 0.739067 0.026767 -0.723508 42.800000
1.672348 -0.758543 -5.972512 -2.990948 2.697456 0.730794 0.045472 -0.770354 42.850000
1.879471 -0.367777 -6.006058 -2.977249 2.659553 0.714427 0.063453 -0.750387 42.900000
2.529606 -0.855144 -6.038810 -2.963441 2.626481 0.700305 0.077968 -0.592697 42.950000
1.809683 -0.930983 -6.070974 -2.949457 2.593388 0.692174 0.091750 -0.717996 43.000000
2.512323 -1.014974 -6.102507 -2.935274 2.554773 0.676308 0.107465 -0.816392 43.050000
1.638997 -1.309591 -6.133366 -2.920855 2.511537 0.666047 0.124494 -0.904011 43.100000
2.478997 -1.403635 -6.163472 -2.906201 2.461769 0.645882 0.143521 -1.067398 43.150000
2.758437 -1.701131 -6.192750 -2.891281 2.405110 0.631575 0.164421 -1.185213 43.200000
2.179990 -2.025440 -6.221320 -2.875911 2.340974 0.617002 0.187345 -1.358201 43.250000
2.015716 -2.120342 -6.249021 -2.860138 2.267326 0.593004 0.212691 -1.560071 43.300000
2.139186 -2.063490 -6.275625 -2.844113 2.185814 0.563505 0.238985 -1.683246 43.350000
1.893223 -2.186025 -6.301056 -2.827901 2.100731 0.532333 0.263984 -1.716044 43.400000
2.102638 -1.866727 -6.325276 -2.811601 2.013212 0.496493 0.286965 -1.775733 43.450000
1.463482 -1.962166 -6.348278 -2.795296 1.927090 0.462113 0.306460 -1.683368 43.500000
1.308980 -2.006643 -6.370081 -2.779141 1.843008 0.422005 0.322338 -1.679464 43.550000
0.668348 -2.309300 -6.390684 -2.763367 1.758726 0.380354 0.335260 -1.688802 43.600000
0.264683 -2.503432 -6.410120 -2.748206 1.671181 0.331576 0.345833 -1.794121 43.650000
0.291393 -2.798336 -6.428443 -2.733954 1.578525 0.277454 0.353924 -1.893203 43.700000
0.522454 -3.000000 -6.445771 -2.720741 1.480022 0.222045 0.359150 -2.022292 43.750000
0.620003 -3.000000 -6.462242 -2.708537 1.375772 0.167653 0.361133 -2.126592 43.800000
0.000000 -2.558549 -6.477997 -2.697265 1.268666 0.114853 0.359349 -2.150104 43.850000
0.000000 -2.898642 -6.493226 -2.686983 1.165745 0.060892 0.353291 -1.989963 43.900000
0.000000 -3.000000 -6.508113 -2.677708 1.064737 0.010967 0.343592 -2.038935 43.950000
0.623435 -3.000000 -6.522787 -2.669333 0.961504 -0.036564 0.330710 -2.080497 44.000000
0.000000 -2.624046 -6.537268 -2.661621 0.857266 -0.074961 0.315087 -2.086016 44.050000
0.912049 -2.584218 -6.551622 -2.654443 0.756942 -0.113729 0.297416 -1.947976 44.100000
1.656529 -2.929904 -6.565800 -2.647623 0.661550 -0.138138 0.278560 -1.878182 44.150000
2.301898 -3.000000 -6.579492 -2.640827 0.564863 -0.152681 0.258920 -1.973552 44.200000
1.618200 -3.000000 -6.592420 -2.633846 0.464441 -0.159324 0.238827 -2.033620 44.250000
1.199359 -3.000000 -6.604567 -2.626687 0.362107 -0.169919 0.218591 -2.056149 44.300000
1.051467 -3.000000 -6.616132 -2.619455 0.259047 -0.181390 0.198165 -2.065009 44.350000
1.548435 -3.000000 -6.627195 -2.612182 0.155678 -0.191016 0.177635 -2.069374 44.400000
2.411247 -2.925661 -6.637624 -2.604855 0.052119 -0.192840 0.157373 -2.073028 44.450000
3.022471 -2.740143 -6.647056 -2.597485 -0.050877 -0.183696 0.138163 -2.051362 44.500000
3.899798 -2.948185 -6.655119 -2.590174 -0.151394 -0.166249 0.120901 -1.981820 44.550000
3.591092 -2.663010 -6.661475 -2.583114 -0.251974 -0.139129 0.105841 -2.033767 44.600000
3.226267 -2.241078 -6.666048 -2.576500 -0.351355 -0.113876 0.093271 -1.955187 44.650000
3.868266 -2.386342 -6.669064 -2.570463 -0.443961 -0.090657 0.083336 -1.778027 44.700000
4.353081 -2.114706 -6.670553 -2.565194 -0.532477 -0.060812 0.075731 -1.765197 44.750000
3.922276 -2.336230 -6.670408 -2.560958 -0.617798 -0.026501 0.070502 -1.663838 44.800000
4.575631 -2.694025 -6.668766 -2.557892 -0.702214 0.003083 0.067417 -1.706586 44.850000
5.506526 -2.839611 -6.665762 -2.556145 -0.791799 0.037404 0.066453 -1.853964 44.900000
5.775002 -3.000000 -6.661338 -2.556079 -0.887662 0.078478 0.068192 -1.963286 44.950000
6.000000 -3.000000 -6.655581 -2.558010 -0.988697 0.119574 0.073047 -2.062310 45.000000
6.000000 -2.759326 -6.648746 -2.562120 -1.092914 0.159991 0.080982 -2.100652 45.050000
6.000000 -2.948009 -6.641146 -2.568503 -1.195955 0.197699 0.091381 -2.033251 45.100000
6.000000 -3.000000 -6.633116 -2.577165 -1.298934 0.232344 0.104090 -2.079316 45.150000
5.590054 -3.000000 -6.624991 -2.588068 -1.404019 0.263387 0.119146 -2.118734 45.200000
6.000000 -2.789849 -6.617112 -2.601031 -1.510482 0.286900 0.135992 -2.137948 45.250000
5.351493 -2.395043 -6.609772 -2.615939 -1.615562 0.311075 0.153760 -2.077130 45.300000
5.312514 -2.333624 -6.603207 -2.632596 -1.714862 0.327047 0.171083 -1.922010 45.350000
6.000000 -2.248621 -6.597588 -2.650706 -1.808792 0.341054 0.187597 -1.848522 45.400000
5.167368 -2.406896 -6.593107 -2.670267 -1.899672 0.359616 0.203868 -1.796629 45.450000
6.000000 -2.433273 -6.589891 -2.691076 -1.990721 0.367635 0.220487 -1.839887 45.500000
6.000000 -2.808743 -6.588083 -2.712937 -2.083601 0.380419 0.237690 -1.871886 45.550000
5.924332 -2.317529 -6.587884 -2.735801 -2.181578 0.388731 0.256405 -2.023959 45.600000
5.909992 -1.851913 -6.589388 -2.759396 -2.279479 0.393575 0.274857 -1.912013 45.650000
5.447920 -2.145169 -6.592645 -2.783516 -2.369165 0.398968 0.290678 -1.709016 45.700000
6.000000 -1.820679 -6.597607 -2.807925 -2.455541 0.399345 0.305218 -1.741980 45.750000
5.298670 -1.609980 -6.604313 -2.832456 -2.539711 0.404128 0.318750 -1.641594 45.800000
4.990779 -1.383296 -6.612734 -2.856943 -2.618522 0.403128 0.330371 -1.528648 45.850000
4.410025 -0.887723 -6.622667 -2.881148 -2.691296 0.400928 0.339758 -1.401445 45.900000
4.497331 -0.806545 -6.633921 -2.904913 -2.754565 0.397067 0.345939 -1.162786 45.950000
3.560300 -1.131078 -6.646401 -2.928174 -2.808885 0.397968 0.349311 -1.028185 46.000000
2.800459 -1.470473 -6.659909 -2.950837 -2.862137 0.390410 0.352156 -1.093079 46.050000
2.997177 -1.420649 -6.674023 -2.972720 -2.921254 0.373051 0.356023 -1.249424 46.100000
3.777362 -1.520710 -6.688560 -2.993728 -2.985035 0.355631 0.360223 -1.294635 46.150000
4.660472 -1.897629 -6.703701 -3.013861 -3.051330 0.344562 0.364257 -1.348994 46.200000
4.150080 -1.865640 -6.719770 -3.033099 -3.123439 0.338846 0.369183 -1.511632 46.250000
4.932594 -1.662836 -6.736757 -3.051355 3.082626 0.325593 0.374614 -1.564700 46.300000
4.514524 -1.804419 -6.754644 -3.068543 3.005959 0.319843 0.379214 -1.509983 46.350000
3.567480 -1.562042 -6.773452 -3.084593 2.929618 0.310160 0.383164 -1.538913 46.400000
3.787686 -1.308928 -6.792793 -3.099512 2.854977 0.292608 0.385853 -1.457608 46.450000
3.741447 -1.737029 -6.812475 -3.113314 2.785848 0.280501 0.386528 -1.325684 46.500000
3.323413 -1.765725 -6.832520 -3.125972 2.716630 0.268357 0.386623 -1.427545 46.550000
3.260032 -2.033812 -6.852749 -3.137510 2.643830 0.250926 0.386640 -1.476106 46.600000
3.334500 -1.914567 -6.872990 -3.147971 2.566726 0.231344 0.386441 -1.589722 46.650000
2.928770 -1.785928 -6.893172 -3.157355 2.487316 0.212071 0.385535 -1.585823 46.700000
3.384438 -1.667809 -6.913198 -3.165715 2.409566 0.190808 0.383272 -1.530840 46.750000
2.570882 -1.863744 -6.933059 -3.173037 2.335041 0.176575 0.379685 -1.459534 46.800000
3.240061 -1.804489 -6.952684 -3.179383 2.260935 0.155946 0.375258 -1.497568 46.850000
3.185606 -2.250494 -6.972017 -3.184782 2.186362 0.142571 0.370141 -1.485981 46.900000
2.370685 -2.547330 -6.991108 -3.189135 2.107565 0.127623 0.364874 -1.641381 46.950000
1.565453 -2.603667 -7.009782 -3.192656 2.020737 0.102310 0.359315 -1.804478 47.000000
1.735558 -2.796949 -7.027833 -3.195736 1.928303 0.068500 0.352454 -1.878670 47.050000
1.396794 -2.342280 -7.045224 -3.198547 1.831758 0.036578 0.343827 -1.966685 47.100000
0.858547 -2.157518 -7.061995 -3.201145 1.737364 0.004944 0.333280 -1.829253 47.150000
1.346679 -2.228890 -7.078176 -3.203692 1.649503 -0.026164 0.321051 -1.703149 47.200000
0.372292 -2.689573 -7.093822 -3.206148 1.565145 -0.048555 0.307681 -1.674418 47.250000
0.183872 -3.000000 -7.108992 -3.208602 1.477039 -0.079089 0.293021 -1.824700 47.300000
0.413105 -2.708222 -7.123772 -3.211319 1.381059 -0.111390 0.276366 -1.986763 47.350000
0.000000 -2.384286 -7.138250 -3.214253 1.283098 -0.138777 0.258080 -1.938654 47.400000
0.108909 -1.889975 -7.152499 -3.217363 1.190109 -0.164813 0.239112 -1.802181 47.450000
0.000000 -1.781768 -7.166564 -3.220610 1.106717 -0.183488 0.220525 -1.569138 47.500000
0.470086 -1.544395 -7.180439 -3.223896 1.032086 -0.197899 0.202799 -1.435836 47.550000
1.351344 -1.348747 -7.194060 -3.227080 0.964388 -0.203828 0.186145 -1.292883 47.600000
1.114953 -1.674339 -7.207218 -3.229860 0.903538 -0.198235 0.171045 -1.160114 47.650000
1.604275 -1.354020 -7.219791 -3.232116 0.843582 -0.193650 0.156822 -1.229312 47.700000
1.924520 -1.582365 -7.231721 -3.233823 0.784665 -0.183370 0.143543 -1.140218 47.750000
2.534615 -1.461497 -7.242848 -3.234876 0.726215 -0.169408 0.131298 -1.191574 47.800000
2.564360 -1.593702 -7.252990 -3.235181 0.667237 -0.149478 0.120119 -1.171125 47.850000
3.299788 -1.289927 -7.262011 -3.234713 0.607433 -0.129317 0.110090 -1.215657 47.900000
2.372051 -0.878814 -7.269741 -3.233457 0.549327 -0.102098 0.101546 -1.121982 47.950000
2.955540 -1.260830 -7.276199 -3.231530 0.498844 -0.082920 0.094751 -0.923588 48.000000
3.248274 -1.169541 -7.281434 -3.229064 0.450980 -0.058296 0.089129 -0.983762 48.050000
3.074233 -1.199142 -7.285272 -3.226050 0.401972 -0.031681 0.084532 -0.977816 48.100000
4.004837 -1.061512 -7.287700 -3.222572 0.352792 -0.007428 0.080979 -0.988380 48.150000
3.073689 -1.459018 -7.288567 -3.218667 0.304710 0.024889 0.078528 -0.941396 48.200000
2.315470 -1.177357 -7.287903 -3.214435 0.253843 0.047173 0.077183 -1.076073 48.250000
1.579569 -1.005753 -7.286121 -3.210083 0.201376 0.061474 0.076593 -1.028995 48.300000
1.577897 -1.483754 -7.283587 -3.205751 0.152398 0.068791 0.076264 -0.941512 48.350000
2.276341 -1.340335 -7.280487 -3.201513 0.101192 0.075595 0.076316 -1.087728 48.400000
2.025194 -1.499934 -7.276682 -3.197395 0.046498 0.088250 0.076922 -1.098771 48.450000
2.425232 -1.535516 -7.272100 -3.193441 -0.010335 0.097802 0.078084 -1.165684 48.500000
2.482014 -1.285084 -7.266741 -3.189710 -0.069857 0.110309 0.079853 -1.209471 48.550000
3.290144 -1.393699 -7.260539 -3.186266 -0.128179 0.122844 0.081985 -1.133888 48.600000
3.475900 -1.664143 -7.253337 -3.183195 -0.185137 0.142376 0.084590 -1.143488 48.650000
2.506921 -1.807382 -7.244971 -3.180609 -0.245402 0.162259 0.088275 -1.252593 48.700000
2.338005 -1.571569 -7.235703 -3.178544 -0.310950 0.171382 0.093079 -1.355171 48.750000
2.745202 -1.073850 -7.225865 -3.176995 -0.377442 0.178022 0.098194 -1.311068 48.800000
2.129781 -1.347561 -7.215460 -3.176023 -0.437114 0.188688 0.102640 -1.104399 48.850000
1.939680 -1.424022 -7.204573 -3.175630 -0.492757 0.193450 0.106728 -1.119552 48.900000
1.858366 -1.648866 -7.193424 -3.175757 -0.549778 0.195744 0.111007 -1.156506 48.950000
1.292034 -2.052341 -7.182117 -3.176389 -0.610521 0.196277 0.115719 -1.259264 49.000000
0.386003 -1.901481 -7.170837 -3.177454 -0.679092 0.189852 0.121219 -1.455592 49.050000
0.555201 -2.025338 -7.159904 -3.178741 -0.752591 0.173925 0.126613 -1.480520 49.100000
1.106404 -2.074219 -7.149456 -3.180120 -0.828209 0.159313 0.131274 -1.535786 49.150000
0.198299 -2.008883 -7.139374 -3.181691 -0.906143 0.149518 0.135373 -1.575513 49.200000
0.000000 -1.655053 -7.129707 -3.183363 -0.984664 0.131163 0.138603 -1.566343 49.250000
0.000600 -1.830213 -7.120580 -3.184906 -1.059085 0.112179 0.140321 -1.430090 49.300000
0.539008 -2.116614 -7.111962 -3.186269 -1.130811 0.094325 0.140804 -1.437456 49.350000
1.298710 -1.939235 -7.103761 -3.187553 -1.205785 0.081515 0.140693 -1.545228 49.400000
0.489846 -1.730455 -7.095846 -3.189026 -1.282397 0.075972 0.140188 -1.522513 49.450000
0.058295 -1.258770 -7.088212 -3.190666 -1.356018 0.063769 0.139064 -1.434857 49.500000
1.007970 -1.600786 -7.080909 -3.192199 -1.421636 0.049671 0.136966 -1.219815 49.550000
1.073114 -1.687366 -7.073891 -3.193767 -1.483671 0.045795 0.134402 -1.256385 49.600000
1.474241 -2.084952 -7.067123 -3.195603 -1.547862 0.042497 0.131836 -1.304435 49.650000
2.044386 -1.838875 -7.060618 -3.197800 -1.617925 0.042228 0.129461 -1.473686 49.700000
2.643814 -1.840941 -7.054410 -3.200556 -1.690993 0.046960 0.127367 -1.452268 49.750000
3.113244 -1.564468 -7.048574 -3.204117 -1.763390 0.057386 0.125719 -1.444913 49.800000
2.202995 -1.447471 -7.043216 -3.208688 -1.832620 0.072455 0.124631 -1.339703 49.850000
2.971140 -1.030999 -7.038375 -3.214119 -1.897104 0.079377 0.123868 -1.252084 49.900000
2.852387 -0.957878 -7.034101 -3.220337 -1.954140 0.094485 0.123167 -1.056138 49.950000
