0.153216 0.391620 -0.272131 -0.732900 2.369420 0.365519 0.000000 0.527520 0.000000
0.000000 0.401089 -0.285038 -0.720416 2.393642 0.352771 -0.006201 0.450327 0.050000
0.263876 0.402956 -0.297544 -0.708467 2.415199 0.338955 -0.011306 0.416004 0.100000
0.000000 0.535167 -0.309675 -0.697008 2.435554 0.328018 -0.015762 0.400153 0.150000
0.000000 0.120352 -0.321439 -0.686020 2.456865 0.314921 -0.020112 0.447349 0.200000
0.000000 0.599502 -0.332798 -0.675522 2.475193 0.302318 -0.023464 0.301492 0.250000
0.255857 0.996133 -0.343756 -0.665482 2.493645 0.290126 -0.026565 0.423680 0.300000
0.309057 1.005983 -0.354384 -0.655862 2.521105 0.280340 -0.031250 0.649366 0.350000
0.000000 1.196907 -0.364764 -0.646637 2.556832 0.270850 -0.037211 0.766051 0.400000
0.301820 0.806831 -0.374857 -0.637850 2.598854 0.258211 -0.043873 0.898660 0.450000
0.316211 1.245027 -0.384669 -0.629502 2.641243 0.248481 -0.050040 0.808316 0.500000
0.000000 1.443304 -0.394261 -0.621536 2.685335 0.238794 -0.056002 0.939164 0.550000
0.087170 1.229296 -0.403571 -0.613988 2.736196 0.225632 -0.062519 1.077397 0.600000
0.000000 1.113283 -0.412548 -0.606879 2.789502 0.213136 -0.068733 1.057563 0.650000
0.835264 0.700889 -0.421187 -0.600183 2.840864 0.200090 -0.073962 1.003946 0.700000
0.355003 0.471949 -0.429657 -0.593819 2.885834 0.195650 -0.077789 0.818317 0.750000
0.254143 0.629749 -0.438039 -0.587726 2.921734 0.187705 -0.080049 0.639073 0.800000
0.822704 0.948448 -0.446209 -0.581910 2.952999 0.179547 -0.081421 0.614322 0.850000
1.298036 0.925230 -0.454281 -0.576338 2.986950 0.176623 -0.082966 0.730070 0.900000
1.135332 1.285674 -0.462490 -0.570981 3.024773 0.177708 -0.084925 0.777228 0.950000
1.552530 1.668396 -0.470897 -0.565846 3.068276 0.176460 -0.087535 0.942367 1.000000
0.996480 1.776421 -0.479536 -0.560965 3.121756 0.177740 -0.091321 1.167288 1.050000
1.468032 2.161615 -0.488343 -0.556378 -3.099066 0.172372 -0.096000 1.307847 1.100000
1.540925 1.939923 -0.497265 -0.552123 -3.027830 0.169979 -0.101435 1.512132 1.150000
2.237594 2.131176 -0.506387 -0.548242 -2.952165 0.167197 -0.107077 1.514258 1.200000
2.774228 1.736306 -0.515847 -0.544798 -2.874384 0.170101 -0.112789 1.586414 1.250000
1.957901 1.727335 -0.525874 -0.541905 -2.798386 0.177565 -0.118360 1.470972 1.300000
2.530981 1.389603 -0.536353 -0.539575 -2.726263 0.177242 -0.123446 1.421359 1.350000
1.574597 1.844739 -0.547184 -0.537824 -2.659382 0.182688 -0.127809 1.274913 1.400000
1.050513 1.811133 -0.558249 -0.536624 -2.592499 0.178646 -0.132068 1.384880 1.450000
0.495897 2.158303 -0.569199 -0.535817 -2.522297 0.168906 -0.136257 1.418254 1.500000
0.777369 2.356639 -0.579800 -0.535252 -2.447307 0.153103 -0.140211 1.560128 1.550000
0.051541 2.651862 -0.589983 -0.534872 -2.365588 0.138837 -0.143926 1.688766 1.600000
0.463949 3.000000 -0.599668 -0.534571 -2.276641 0.116564 -0.147101 1.844101 1.650000
0.000000 2.765459 -0.608808 -0.534260 -2.179171 0.096925 -0.149488 2.024652 1.700000
0.000000 2.936942 -0.617426 -0.533878 -2.078479 0.072840 -0.150463 2.005550 1.750000
0.157239 3.000000 -0.625520 -0.533300 -1.976698 0.049427 -0.149748 2.056546 1.800000
0.268798 2.787102 -0.633172 -0.532533 -1.872743 0.028123 -0.147494 2.094636 1.850000
0.000000 3.000000 -0.640467 -0.531623 -1.769843 0.009282 -0.143817 2.031440 1.900000
0.000000 2.539268 -0.647461 -0.530538 -1.666796 -0.010782 -0.138839 2.081543 1.950000
0.037866 2.304232 -0.654205 -0.529229 -1.566965 -0.028727 -0.132683 1.935425 2.000000
0.669707 2.464154 -0.660756 -0.527740 -1.474228 -0.043522 -0.125759 1.796123 2.050000
0.672007 2.167308 -0.667134 -0.526267 -1.384302 -0.050527 -0.118450 1.800169 2.100000
1.422057 2.287684 -0.673331 -0.524977 -1.297356 -0.055893 -0.111109 1.694208 2.150000
1.433615 1.787768 -0.679286 -0.524057 -1.212567 -0.052921 -0.104034 1.697044 2.200000
1.146769 2.104117 -0.684913 -0.523667 -1.132934 -0.048476 -0.097607 1.515795 2.250000
1.483536 1.627119 -0.690199 -0.523737 -1.055875 -0.045871 -0.091695 1.560076 2.300000
1.033399 1.245601 -0.695102 -0.524253 -0.982410 -0.039212 -0.086343 1.401861 2.350000
1.254601 1.493942 -0.699604 -0.525173 -0.918284 -0.035431 -0.081696 1.192587 2.400000
0.820140 1.556496 -0.703706 -0.526432 -0.858529 -0.028882 -0.077551 1.197114 2.450000
0.000000 1.251905 -0.707426 -0.527969 -0.797931 -0.026382 -0.073724 1.223256 2.500000
0.000000 1.719366 -0.710959 -0.529552 -0.739746 -0.031056 -0.070027 1.118339 2.550000
0.000000 1.628068 -0.714442 -0.531052 -0.680065 -0.035399 -0.066234 1.250772 2.600000
0.000000 1.154734 -0.717879 -0.532480 -0.616883 -0.039571 -0.062296 1.273352 2.650000
0.000000 0.915667 -0.721271 -0.533848 -0.558060 -0.042898 -0.058452 1.102761 2.700000
0.428840 0.851997 -0.724609 -0.535170 -0.507684 -0.045157 -0.054887 0.934213 2.750000
0.000000 1.107938 -0.727794 -0.536499 -0.463862 -0.042642 -0.051654 0.831563 2.800000
0.000000 1.601246 -0.730825 -0.537835 -0.420801 -0.043969 -0.048573 0.884311 2.850000
0.000000 1.912734 -0.733794 -0.539138 -0.370458 -0.045524 -0.045320 1.101284 2.900000
0.831769 2.234287 -0.736712 -0.540415 -0.309260 -0.047427 -0.041755 1.316967 2.950000
0.142887 1.939014 -0.739398 -0.541730 -0.237342 -0.041805 -0.038059 1.529005 3.000000
1.095663 2.353440 -0.741829 -0.543088 -0.161535 -0.042635 -0.034487 1.506602 3.050000
1.911618 2.807594 -0.743939 -0.544477 -0.082072 -0.034382 -0.031143 1.650341 3.100000
2.525869 2.706312 -0.745325 -0.545904 0.006847 -0.018905 -0.028416 1.871623 3.150000
2.806226 2.488707 -0.745677 -0.547293 0.101811 0.001738 -0.026885 1.919345 3.200000
3.092519 2.460063 -0.744832 -0.548508 0.196050 0.024346 -0.026856 1.859916 3.250000
2.352866 2.880676 -0.742726 -0.549393 0.288112 0.048756 -0.028354 1.827819 3.300000
3.118786 2.937441 -0.739550 -0.549852 0.383528 0.064960 -0.031280 1.966471 3.350000
3.593260 2.981621 -0.735401 -0.549758 0.483936 0.086977 -0.035678 2.038159 3.400000
4.236085 2.751148 -0.730143 -0.548869 0.587075 0.111714 -0.041795 2.080546 3.450000
3.600218 2.740124 -0.723721 -0.546924 0.689213 0.140578 -0.049575 2.016169 3.500000
2.812395 2.539150 -0.716322 -0.543820 0.789267 0.161410 -0.058678 1.990664 3.550000
2.991978 2.522999 -0.708369 -0.539717 0.886495 0.173095 -0.068286 1.911808 3.600000
2.215596 2.145610 -0.700106 -0.534685 0.981108 0.184983 -0.078052 1.878589 3.650000
1.425698 2.588680 -0.691731 -0.528836 1.070790 0.188530 -0.087337 1.732206 3.700000
2.169726 2.171264 -0.683514 -0.522498 1.160432 0.183499 -0.096261 1.837121 3.750000
3.163644 2.125940 -0.675531 -0.515697 1.249117 0.184659 -0.104622 1.727799 3.800000
2.310865 1.651743 -0.667705 -0.508072 1.333846 0.194618 -0.112516 1.670671 3.850000
2.772267 1.245277 -0.660097 -0.499625 1.411765 0.196483 -0.119536 1.475628 3.900000
3.148284 1.223775 -0.652785 -0.490463 1.478946 0.203681 -0.125030 1.244806 3.950000
3.696035 1.508735 -0.645787 -0.480409 1.538174 0.215005 -0.129599 1.139154 4.000000
3.126943 1.882252 -0.639154 -0.469284 1.596957 0.230678 -0.134527 1.203938 4.050000
2.600211 1.963352 -0.632972 -0.457158 1.662037 0.238834 -0.140845 1.375640 4.100000
2.414327 2.445187 -0.627319 -0.444366 1.733790 0.239869 -0.148288 1.479714 4.150000
2.408097 2.898427 -0.622248 -0.431154 1.814131 0.236585 -0.156881 1.700757 4.200000
3.168356 3.000000 -0.617814 -0.417662 1.906419 0.229742 -0.166874 1.950943 4.250000
2.565307 3.000000 -0.614137 -0.403836 2.007735 0.226826 -0.177667 2.080518 4.300000
1.841368 3.000000 -0.611267 -0.389758 2.113140 0.215943 -0.188222 2.127728 4.350000
1.568194 3.000000 -0.609070 -0.375795 2.220006 0.196958 -0.197496 2.143849 4.400000
1.685237 2.743682 -0.607391 -0.362191 2.327327 0.174835 -0.204938 2.147773 4.450000
0.880552 2.313877 -0.606174 -0.348994 2.432087 0.154454 -0.210190 2.057280 4.500000
0.219852 1.992042 -0.605263 -0.336292 2.529511 0.128920 -0.212801 1.869506 4.550000
0.433381 2.225456 -0.604366 -0.324230 2.617507 0.100774 -0.212687 1.679166 4.600000
0.000000 2.467983 -0.603384 -0.312785 2.701691 0.076900 -0.210706 1.686143 4.650000
0.980512 2.840086 -0.602250 -0.301915 2.788528 0.049450 -0.207373 1.772729 4.700000
1.193240 2.455999 -0.601061 -0.291523 2.881917 0.030785 -0.202922 1.935849 4.750000
1.462866 2.218221 -0.600062 -0.281492 2.976439 0.015117 -0.197496 1.857179 4.800000
1.875212 2.307750 -0.599375 -0.271781 3.065921 0.004609 -0.191343 1.740208 4.850000
2.325903 1.830670 -0.599174 -0.262377 -3.130641 -0.000181 -0.184917 1.726641 4.900000
2.999575 1.386151 -0.599668 -0.253306 -3.049481 0.001489 -0.178608 1.547141 4.950000
3.637910 1.117902 -0.601125 -0.244644 -2.978912 0.012543 -0.172829 1.310228 5.000000
4.513403 1.350565 -0.603846 -0.236508 -2.919114 0.032114 -0.167851 1.109741 5.050000
5.500504 1.425876 -0.608140 -0.229057 -2.863534 0.060394 -0.163948 1.113764 5.100000
4.705040 1.487357 -0.614340 -0.222501 -2.806888 0.096787 -0.161529 1.148460 5.150000
5.630848 1.168015 -0.622367 -0.216954 -2.748276 0.124107 -0.160633 1.191027 5.200000
6.000000 1.156616 -0.632121 -0.212538 -2.691579 0.159431 -0.160863 1.091317 5.250000
6.000000 0.920260 -0.643752 -0.209474 -2.638292 0.197515 -0.162144 1.047173 5.300000
5.132518 0.650724 -0.657197 -0.207887 -2.588977 0.234884 -0.164189 0.940426 5.350000
4.438347 0.590220 -0.672152 -0.207736 -2.546219 0.264072 -0.166162 0.789666 5.400000
4.938413 0.838486 -0.688217 -0.208855 -2.509338 0.286895 -0.167713 0.697434 5.450000
4.610391 0.799484 -0.705271 -0.211237 -2.472860 0.313466 -0.169792 0.755648 5.500000
4.400539 0.885327 -0.723242 -0.214925 -2.434638 0.335414 -0.172827 0.772112 5.550000
3.866219 1.383078 -0.741928 -0.219855 -2.394773 0.353976 -0.176715 0.817758 5.600000
3.219244 0.887057 -0.761087 -0.225923 -2.347696 0.364819 -0.182750 1.038045 5.650000
2.867322 1.249551 -0.780401 -0.232951 -2.298326 0.368247 -0.189381 0.948827 5.700000
3.386630 1.218953 -0.799644 -0.240768 -2.248007 0.367577 -0.196094 1.051097 5.750000
4.033509 0.812878 -0.818767 -0.249404 -2.194431 0.370397 -0.203465 1.087706 5.800000
4.231899 1.287564 -0.837862 -0.259075 -2.143959 0.379476 -0.209960 0.949893 5.850000
3.366131 1.146853 -0.856980 -0.269937 -2.092950 0.389424 -0.216746 1.075038 5.900000
2.918507 1.453942 -0.875936 -0.281835 -2.039071 0.389590 -0.224261 1.080006 5.950000
2.419947 1.358500 -0.894502 -0.294477 -1.981621 0.383920 -0.232399 1.201920 6.000000
2.288867 1.374324 -0.912510 -0.307633 -1.921021 0.372202 -0.240735 1.219678 6.050000
1.493099 1.376259 -0.929866 -0.321140 -1.859647 0.358822 -0.248438 1.233329 6.100000
1.262264 1.544803 -0.946491 -0.334764 -1.797818 0.337830 -0.255229 1.238563 6.150000
0.845737 1.076519 -0.962330 -0.348251 -1.734065 0.314319 -0.261249 1.301955 6.200000
0.334842 1.216464 -0.977380 -0.361437 -1.673330 0.288513 -0.265284 1.147636 6.250000
1.155330 1.151683 -0.991682 -0.374123 -1.616453 0.260119 -0.267252 1.128676 6.300000
0.341641 1.646144 -1.005289 -0.386400 -1.561068 0.240896 -0.267921 1.090856 6.350000
0.145748 1.823964 -1.018249 -0.398275 -1.501725 0.213387 -0.268284 1.258633 6.400000
0.000000 2.003786 -1.030599 -0.409487 -1.434948 0.182403 -0.268444 1.392015 6.450000
0.555751 2.149959 -1.042402 -0.419947 -1.361976 0.149031 -0.267796 1.508211 6.500000
1.130418 2.619022 -1.053702 -0.429748 -1.283799 0.120339 -0.266060 1.603200 6.550000
0.142325 2.807665 -1.064491 -0.439143 -1.197740 0.095482 -0.263503 1.806312 6.600000
0.000000 3.000000 -1.074868 -0.448024 -1.103348 0.059802 -0.259629 1.945158 6.650000
0.000000 3.000000 -1.085021 -0.456166 -1.002771 0.022622 -0.253619 2.057493 6.700000
0.660018 3.000000 -1.095060 -0.463601 -0.898865 -0.013310 -0.245210 2.091401 6.750000
0.878692 2.567110 -1.104961 -0.470538 -0.794064 -0.040722 -0.234735 2.098307 6.800000
0.625445 2.253743 -1.114620 -0.477213 -0.693604 -0.062145 -0.222961 1.944798 6.850000
0.348422 2.712708 -1.124031 -0.483695 -0.601315 -0.081074 -0.210576 1.773595 6.900000
0.266304 3.000000 -1.133271 -0.489972 -0.509782 -0.100060 -0.197428 1.871609 6.950000
1.031499 2.650732 -1.142420 -0.496055 -0.412199 -0.118941 -0.183029 2.008857 7.000000
1.825332 2.382435 -1.151327 -0.502062 -0.313906 -0.128218 -0.168088 1.935021 7.050000
1.726263 2.104546 -1.159611 -0.508134 -0.220710 -0.126712 -0.153858 1.812862 7.100000
1.304483 2.278533 -1.167069 -0.514277 -0.134277 -0.123122 -0.140894 1.667527 7.150000
2.279178 2.558271 -1.173791 -0.520420 -0.050676 -0.121608 -0.128789 1.675585 7.200000
2.523276 2.163291 -1.179638 -0.526516 0.036164 -0.110291 -0.117225 1.781907 7.250000
1.939316 1.699920 -1.184336 -0.532498 0.122358 -0.095752 -0.106895 1.681906 7.300000
2.179954 1.938694 -1.187978 -0.538279 0.200476 -0.084965 -0.098213 1.474323 7.350000
2.336475 2.105168 -1.190660 -0.543779 0.274345 -0.070956 -0.090769 1.479959 7.400000
1.712529 1.967491 -1.192329 -0.548905 0.350209 -0.055559 -0.084269 1.545236 7.450000
1.487725 1.693976 -1.193141 -0.553630 0.426793 -0.045999 -0.078633 1.521831 7.500000
1.755602 2.155856 -1.193321 -0.557973 0.499719 -0.037967 -0.073775 1.411499 7.550000
2.598531 2.252952 -1.192898 -0.561882 0.573929 -0.027423 -0.069548 1.538402 7.600000
2.793171 2.494906 -1.191705 -0.565178 0.653372 -0.009532 -0.066152 1.626273 7.650000
3.405821 2.110208 -1.189632 -0.567666 0.738253 0.009327 -0.063916 1.750074 7.700000
3.733595 1.879248 -1.186649 -0.569157 0.823137 0.033358 -0.063039 1.659555 7.750000
3.088209 2.135618 -1.182738 -0.569428 0.902681 0.060013 -0.063544 1.540507 7.800000
2.482386 2.287383 -1.178086 -0.568489 0.981073 0.079642 -0.065302 1.588268 7.850000
1.982127 2.717337 -1.173002 -0.566554 1.062658 0.092368 -0.068098 1.663801 7.900000
1.731357 2.565085 -1.167735 -0.563837 1.151223 0.098939 -0.071840 1.849735 7.950000
2.458322 3.000000 -1.162462 -0.560503 1.244185 0.102012 -0.076064 1.866212 8.000000
1.470276 2.835584 -1.157235 -0.556460 1.342190 0.110620 -0.080926 2.027707 8.050000
1.989544 2.499949 -1.152154 -0.551801 1.443614 0.108660 -0.086106 2.029099 8.100000
2.530546 2.050135 -1.147318 -0.546661 1.541637 0.111330 -0.090863 1.911293 8.150000
2.165967 2.310291 -1.142766 -0.540820 1.631272 0.119385 -0.095135 1.706722 8.200000
1.573978 2.493499 -1.138561 -0.534270 1.717073 0.123734 -0.099339 1.722975 8.250000
1.071955 2.492047 -1.134737 -0.527286 1.805331 0.121580 -0.103680 1.795934 8.300000
0.413485 2.320944 -1.131280 -0.520163 1.895920 0.114005 -0.107757 1.823238 8.350000
0.507408 2.627190 -1.128113 -0.513191 1.985589 0.100290 -0.110932 1.771466 8.400000
1.432695 2.899214 -1.125170 -0.506494 2.076763 0.087405 -0.113250 1.861027 8.450000
0.904898 3.000000 -1.122547 -0.499875 2.173596 0.082470 -0.115260 1.990989 8.500000
1.522861 3.000000 -1.120279 -0.493280 2.275556 0.071765 -0.116936 2.073446 8.550000
0.886134 3.000000 -1.118381 -0.486730 2.380079 0.066606 -0.118106 2.102497 8.600000
1.356786 2.986904 -1.116839 -0.480248 2.485493 0.055456 -0.118663 2.112164 8.650000
1.403409 3.000000 -1.115623 -0.473881 2.591051 0.049049 -0.118548 2.110331 8.700000
0.583075 3.000000 -1.114826 -0.467583 2.696670 0.043356 -0.117983 2.113749 8.750000
0.000000 2.642167 -1.114281 -0.461451 2.802376 0.030362 -0.116733 2.114114 8.800000
0.000000 3.000000 -1.113676 -0.455595 2.904391 0.013272 -0.114333 1.987313 8.850000
0.000000 3.000000 -1.112885 -0.450008 3.006066 -0.002720 -0.110811 2.066196 8.900000
0.580687 2.509275 -1.111911 -0.444635 3.110176 -0.017917 -0.106261 2.093359 8.950000
1.580615 2.506090 -1.110905 -0.439429 -3.073113 -0.025866 -0.101075 1.929497 9.000000
2.324450 2.579823 -1.110261 -0.434399 -2.978428 -0.022829 -0.095988 1.867936 9.050000
2.036182 2.331125 -1.110377 -0.429640 -2.884922 -0.012227 -0.091556 1.871843 9.100000
2.723363 2.423218 -1.111323 -0.425243 -2.793858 -0.003895 -0.087916 1.784760 9.150000
2.764169 2.875019 -1.113139 -0.421324 -2.704602 0.011122 -0.085161 1.785556 9.200000
2.582135 3.000000 -1.115912 -0.418031 -2.610596 0.025683 -0.083517 1.948629 9.250000
1.592848 2.516829 -1.119511 -0.415428 -2.510105 0.037416 -0.082951 2.053771 9.300000
1.722344 2.803739 -1.123616 -0.413423 -2.411264 0.039740 -0.082845 1.921654 9.350000
1.639558 2.838082 -1.128003 -0.411936 -2.313628 0.043317 -0.082924 1.975094 9.400000
1.255325 2.848218 -1.132619 -0.410997 -2.213945 0.045731 -0.083273 2.007003 9.450000
1.819841 2.775994 -1.137337 -0.410532 -2.113151 0.044305 -0.083678 2.022210 9.500000
1.427768 3.000000 -1.142123 -0.410589 -2.012620 0.048153 -0.084148 2.002362 9.550000
0.976260 2.761505 -1.146942 -0.411202 -1.910407 0.047942 -0.084792 2.074173 9.600000
0.974691 2.794899 -1.151668 -0.412182 -1.808393 0.043487 -0.085231 2.016031 9.650000
1.849609 2.848825 -1.156243 -0.413420 -1.707868 0.039322 -0.085299 2.006502 9.700000
2.456046 2.692543 -1.160668 -0.415112 -1.607089 0.043411 -0.085374 2.022108 9.750000
2.336684 2.811093 -1.164908 -0.417582 -1.507417 0.053075 -0.085901 1.973042 9.800000
2.650497 2.765883 -1.168874 -0.420909 -1.408052 0.061188 -0.087034 1.997626 9.850000
3.000847 2.830975 -1.172461 -0.425083 -1.308361 0.071679 -0.088802 1.991269 9.900000
3.414464 2.411143 -1.175534 -0.430188 -1.208176 0.084679 -0.091375 2.012816 9.950000
2.779733 2.896289 -1.177929 -0.436300 -1.111610 0.101091 -0.094658 1.872971 10.000000
3.202059 2.778887 -1.179576 -0.443272 -1.014423 0.110412 -0.098780 1.994832 10.050000
3.852640 3.000000 -1.180409 -0.450937 -0.914566 0.122344 -0.103712 1.999093 10.100000
3.849289 2.729923 -1.180209 -0.459363 -0.812260 0.138777 -0.109723 2.080087 10.150000
3.909231 2.508618 -1.178806 -0.468498 -0.710133 0.153682 -0.116636 2.016151 10.200000
3.315568 2.557658 -1.176133 -0.478180 -0.612237 0.168281 -0.123896 1.916587 10.250000
4.282224 2.638859 -1.172263 -0.488177 -0.516927 0.176271 -0.131382 1.899057 10.300000
3.779555 2.481094 -1.167103 -0.498370 -0.421277 0.191871 -0.139464 1.923638 10.350000
4.237747 2.758735 -1.160570 -0.508644 -0.326409 0.201273 -0.148000 1.878886 10.400000
4.519281 2.753777 -1.152694 -0.518819 -0.230020 0.213117 -0.157200 1.963547 10.450000
4.420917 2.345519 -1.143360 -0.528759 -0.130924 0.225263 -0.167324 1.995764 10.500000
5.062899 2.803558 -1.132590 -0.538291 -0.034940 0.235399 -0.177352 1.865549 10.550000
4.984509 2.652971 -1.120335 -0.547251 0.061747 0.249588 -0.188020 1.983615 10.600000
5.197335 2.947234 -1.106581 -0.555455 0.160721 0.260441 -0.199577 1.977301 10.650000
4.755264 3.000000 -1.091435 -0.562717 0.262629 0.270421 -0.212039 2.082467 10.700000
4.663192 3.000000 -1.075121 -0.568887 0.368470 0.272967 -0.225272 2.141863 10.750000
3.725144 2.841218 -1.057935 -0.573871 0.476238 0.272060 -0.238473 2.165434 10.800000
3.719493 2.570305 -1.040254 -0.577691 0.583166 0.260905 -0.250576 2.119601 10.850000
4.604386 2.166405 -1.022389 -0.580414 0.685900 0.249985 -0.260641 2.008336 10.900000
4.547107 2.153448 -1.004267 -0.581884 0.780979 0.249209 -0.268553 1.824906 10.950000
4.201073 2.231374 -0.985831 -0.581941 0.870114 0.249187 -0.275117 1.752263 11.000000
5.032321 2.090595 -0.967265 -0.580632 0.957754 0.245757 -0.281084 1.753273 11.050000
4.665330 1.701756 -0.948633 -0.577850 1.043979 0.250047 -0.286613 1.703900 11.100000
3.842283 2.121684 -0.930000 -0.573499 1.124564 0.252380 -0.291126 1.544082 11.150000
4.776464 2.509652 -0.911600 -0.567829 1.204385 0.246804 -0.295278 1.634916 11.200000
5.372517 2.242133 -0.893562 -0.560849 1.291243 0.246789 -0.300377 1.812007 11.250000
4.697642 2.252140 -0.875936 -0.552280 1.381046 0.250483 -0.305907 1.784877 11.300000
4.163065 1.908684 -0.858874 -0.542195 1.470120 0.247412 -0.311132 1.779039 11.350000
4.076563 2.273636 -0.842537 -0.530930 1.555407 0.240542 -0.315182 1.651941 11.400000
3.493420 2.415153 -0.827017 -0.518670 1.640383 0.232836 -0.318617 1.734104 11.450000
3.902798 2.045667 -0.812385 -0.505653 1.729442 0.217856 -0.321894 1.814784 11.500000
4.730004 2.089660 -0.798704 -0.491994 1.817159 0.207524 -0.324031 1.709805 11.550000
5.656485 2.374418 -0.786092 -0.477456 1.901910 0.206380 -0.325307 1.684195 11.600000
5.906526 2.737927 -0.774756 -0.461739 1.988835 0.212757 -0.327042 1.778529 11.650000
6.000000 3.000000 -0.764906 -0.444749 2.082629 0.217871 -0.330137 1.946591 11.700000
5.396341 3.000000 -0.756691 -0.426633 2.184497 0.219544 -0.334606 2.102405 11.750000
4.740579 3.000000 -0.750138 -0.407719 2.291249 0.212671 -0.339458 2.157966 11.800000
4.910839 3.000000 -0.745122 -0.388427 2.399680 0.198546 -0.343576 2.175525 11.850000
5.371141 2.502637 -0.741595 -0.368995 2.508574 0.185812 -0.346570 2.178964 11.900000
4.488389 2.356539 -0.739701 -0.349470 2.612431 0.179890 -0.348055 2.004394 11.950000
5.170034 2.220182 -0.739384 -0.330010 2.709258 0.169202 -0.348006 1.887158 12.000000
6.000000 2.224882 -0.740634 -0.310751 2.800894 0.167777 -0.346923 1.793168 12.050000
6.000000 1.905062 -0.743788 -0.291693 2.889580 0.175643 -0.345739 1.759960 12.100000
6.000000 1.582243 -0.749018 -0.272947 2.973903 0.185386 -0.344578 1.633124 12.150000
5.785479 1.310850 -0.756312 -0.254676 3.050763 0.198372 -0.343116 1.466868 12.200000
5.605586 1.358849 -0.765605 -0.237026 3.119330 0.212875 -0.341243 1.300471 12.250000
5.967774 1.506241 -0.776777 -0.220126 -3.100247 0.227597 -0.339393 1.251540 12.300000
5.243344 1.216293 -0.789805 -0.204103 -3.036590 0.245213 -0.338363 1.290360 12.350000
5.517650 0.874700 -0.804513 -0.189065 -2.974648 0.256270 -0.337693 1.200451 12.400000
5.153927 0.934621 -0.820737 -0.175098 -2.919379 0.272568 -0.336382 1.033548 12.450000
5.147434 1.020241 -0.838410 -0.162264 -2.869084 0.287213 -0.334753 0.985348 12.500000
4.633212 0.680854 -0.857379 -0.150609 -2.819419 0.301603 -0.333579 1.000155 12.550000
4.490530 0.293860 -0.877446 -0.140149 -2.772888 0.312149 -0.332183 0.877262 12.600000
5.188407 -0.041484 -0.898434 -0.130867 -2.734888 0.324903 -0.329278 0.668601 12.650000
6.000000 -0.010981 -0.920468 -0.122826 -2.708009 0.348744 -0.324296 0.434161 12.700000
6.000000 0.245020 -0.943873 -0.116168 -2.689162 0.382861 -0.317969 0.332239 12.750000
5.913080 0.313716 -0.968775 -0.110963 -2.670945 0.416035 -0.312166 0.391606 12.800000
5.321393 0.504911 -0.995054 -0.107203 -2.649579 0.445873 -0.307944 0.457280 12.850000
6.000000 0.280305 -1.022458 -0.104824 -2.623487 0.467147 -0.305804 0.574305 12.900000
6.000000 0.322227 -1.050890 -0.103856 -2.595551 0.493151 -0.304789 0.547554 12.950000
6.000000 0.312549 -1.080400 -0.104390 -2.567942 0.518258 -0.304207 0.557108 13.000000
6.000000 0.342425 -1.110898 -0.106434 -2.539930 0.542181 -0.304279 0.563941 13.050000
5.178721 0.696068 -1.142288 -0.109996 -2.511169 0.564795 -0.305110 0.585431 13.100000
5.315789 0.946100 -1.174307 -0.114973 -2.477505 0.576747 -0.308277 0.743521 13.150000
5.396999 0.965048 -1.206678 -0.121297 -2.435298 0.585652 -0.315123 0.923711 13.200000
5.591915 0.988004 -1.239275 -0.129030 -2.386413 0.591587 -0.324738 1.020594 13.250000
5.870291 1.029747 -1.271998 -0.138236 -2.333750 0.596715 -0.335799 1.079688 13.300000
5.367682 1.484558 -1.304780 -0.149005 -2.278412 0.602158 -0.347807 1.128951 13.350000
4.904769 1.221665 -1.337428 -0.161295 -2.216273 0.598455 -0.362349 1.330138 13.400000
5.552421 1.271170 -1.369613 -0.174918 -2.150033 0.587307 -0.377744 1.321592 13.450000
5.206385 1.559755 -1.401236 -0.189888 -2.083432 0.581101 -0.392334 1.340844 13.500000
4.781335 1.930000 -1.432214 -0.206228 -2.012982 0.568519 -0.407545 1.460573 13.550000
5.451038 1.793304 -1.462298 -0.223715 -1.934574 0.546505 -0.424505 1.647726 13.600000
6.000000 2.145523 -1.491342 -0.242318 -1.851478 0.527074 -0.441472 1.672434 13.650000
5.853425 2.304105 -1.519301 -0.262219 -1.763874 0.508888 -0.458395 1.810245 13.700000
5.985941 2.184294 -1.546032 -0.283385 -1.670208 0.484244 -0.475507 1.918427 13.750000
6.000000 1.707545 -1.571387 -0.305675 -1.574421 0.458386 -0.491006 1.912968 13.800000
5.584947 1.914449 -1.595279 -0.329029 -1.483878 0.435484 -0.502580 1.735776 13.850000
5.246925 2.142680 -1.617665 -0.353302 -1.397008 0.410939 -0.511123 1.737158 13.900000
5.921549 2.268339 -1.638511 -0.378225 -1.307917 0.381771 -0.518328 1.812380 13.950000
5.425059 2.034008 -1.657737 -0.403745 -1.215349 0.356779 -0.524468 1.877865 14.000000
5.356604 2.407002 -1.675290 -0.429783 -1.123376 0.327965 -0.528441 1.809459 14.050000
5.469463 2.726812 -1.691190 -0.456125 -1.030003 0.298265 -0.530688 1.906996 14.100000
5.824079 2.724498 -1.705416 -0.482644 -0.930548 0.266182 -0.532026 2.045277 14.150000
6.000000 3.000000 -1.717903 -0.509275 -0.827113 0.235713 -0.531796 2.082829 14.200000
6.000000 2.673929 -1.728569 -0.535975 -0.720022 0.205585 -0.529925 2.181056 14.250000
5.469054 2.383902 -1.737384 -0.562633 -0.613541 0.177499 -0.525789 2.090706 14.300000
4.531295 2.514450 -1.744417 -0.589092 -0.513170 0.150672 -0.519002 1.945436 14.350000
4.450246 2.184006 -1.749925 -0.615121 -0.416355 0.119699 -0.510072 1.927039 14.400000
4.483196 2.372704 -1.754107 -0.640568 -0.323887 0.093425 -0.499152 1.790868 14.450000
5.399005 2.310060 -1.756943 -0.665402 -0.234083 0.071681 -0.486912 1.798008 14.500000
6.000000 2.137105 -1.758220 -0.689616 -0.144904 0.061206 -0.474057 1.772139 14.550000
6.000000 2.550213 -1.757593 -0.713174 -0.058455 0.059996 -0.461175 1.697245 14.600000
6.000000 2.438725 -1.754947 -0.735955 0.029878 0.059146 -0.448809 1.817035 14.650000
6.000000 2.783672 -1.750367 -0.757807 0.120870 0.058184 -0.436924 1.821723 14.700000
5.476118 2.454946 -1.743939 -0.778577 0.215573 0.056523 -0.425554 1.946019 14.750000
5.036086 2.497402 -1.735892 -0.798149 0.310778 0.051217 -0.414345 1.873429 14.800000
5.939186 2.946901 -1.726514 -0.816456 0.404054 0.044533 -0.403075 1.859305 14.850000
6.000000 3.000000 -1.715799 -0.833342 0.501495 0.045655 -0.392189 2.013146 14.900000
6.000000 3.000000 -1.703701 -0.848605 0.604328 0.045871 -0.381902 2.087628 14.950000
5.159551 3.000000 -1.690381 -0.862123 0.709482 0.046296 -0.372074 2.114012 15.000000
5.708015 3.000000 -1.676153 -0.873917 0.815433 0.039879 -0.362392 2.122145 15.050000
5.170816 2.845290 -1.661227 -0.883943 0.921599 0.040082 -0.352829 2.124106 15.100000
4.223660 2.464603 -1.645754 -0.892132 1.026230 0.037364 -0.343460 2.070024 15.150000
5.220747 2.411617 -1.630065 -0.898710 1.125218 0.029869 -0.333897 1.914610 15.200000
4.257672 2.677821 -1.614275 -0.903598 1.218719 0.035642 -0.324500 1.838029 15.250000
4.267598 2.708744 -1.598503 -0.906768 1.312557 0.033256 -0.315572 1.904581 15.300000
4.309763 2.781774 -1.582956 -0.908446 1.408810 0.031154 -0.306862 1.939659 15.350000
4.509722 2.303571 -1.567756 -0.908642 1.506911 0.029885 -0.298386 1.977973 15.400000
4.423719 2.437004 -1.553027 -0.907324 1.601274 0.033122 -0.290173 1.821910 15.450000
4.842508 2.393347 -1.538896 -0.904478 1.692070 0.037837 -0.282447 1.811725 15.500000
4.720214 1.936125 -1.525505 -0.900074 1.782116 0.047458 -0.275435 1.793472 15.550000
4.489492 2.334730 -1.513001 -0.894108 1.866843 0.058353 -0.269109 1.622561 15.600000
4.278702 2.472574 -1.501490 -0.886724 1.950273 0.067837 -0.263595 1.702713 15.650000
4.028931 2.632149 -1.491044 -0.878128 2.037784 0.074135 -0.258949 1.785054 15.700000
3.734897 2.927417 -1.481706 -0.868539 2.129625 0.076876 -0.254980 1.874414 15.750000
4.407026 2.451776 -1.473483 -0.858192 2.227372 0.075218 -0.251508 2.012682 15.800000
5.257037 2.353528 -1.466496 -0.847140 2.324579 0.080503 -0.248229 1.895015 15.850000
4.863978 2.379924 -1.461061 -0.835234 2.417074 0.095461 -0.245478 1.817826 15.900000
4.829258 2.237095 -1.457328 -0.822550 2.507445 0.107192 -0.243558 1.800264 15.950000
5.031608 2.497936 -1.455275 -0.809322 2.595817 0.119005 -0.242297 1.743993 16.000000
4.985113 2.348660 -1.454970 -0.795699 2.685165 0.132025 -0.241969 1.818678 16.050000
4.206493 1.956395 -1.456452 -0.781851 2.775416 0.143805 -0.242516 1.795569 16.100000
3.659842 1.663046 -1.459543 -0.768020 2.860872 0.149405 -0.243086 1.646172 16.150000
3.379685 1.982668 -1.463950 -0.754421 2.938407 0.152285 -0.243041 1.480182 16.200000
2.667567 1.770666 -1.469481 -0.741184 3.013888 0.153134 -0.242899 1.531499 16.250000
3.230633 1.759329 -1.475869 -0.728420 3.088801 0.147545 -0.242562 1.473336 16.300000
4.049872 1.659218 -1.483059 -0.716192 -3.121533 0.148129 -0.241889 1.444886 16.350000
4.319181 1.644669 -1.491344 -0.704563 -3.050677 0.157020 -0.241269 1.396692 16.400000
4.861236 1.484321 -1.500930 -0.693628 -2.981532 0.168673 -0.240994 1.373013 16.450000
5.651304 1.983100 -1.511939 -0.683514 -2.914829 0.185718 -0.241123 1.305465 16.500000
6.000000 2.438577 -1.524587 -0.674392 -2.844937 0.208326 -0.242674 1.467891 16.550000
6.000000 1.978594 -1.538968 -0.666473 -2.764702 0.229601 -0.246893 1.706527 16.600000
6.000000 2.081970 -1.554960 -0.659936 -2.681399 0.248477 -0.252584 1.637343 16.650000
5.362276 2.455039 -1.572391 -0.654919 -2.599128 0.266291 -0.258988 1.652365 16.700000
4.587843 2.411197 -1.590939 -0.651458 -2.512335 0.275081 -0.266836 1.797506 16.750000
4.849218 2.192698 -1.610125 -0.649448 -2.421253 0.273791 -0.275459 1.839460 16.800000
5.056695 2.139827 -1.629685 -0.648869 -2.331060 0.274287 -0.283566 1.778405 16.850000
5.748094 1.978525 -1.649561 -0.649830 -2.243326 0.276700 -0.291000 1.737817 16.900000
6.000000 1.825603 -1.669735 -0.652522 -2.158520 0.285755 -0.297940 1.666329 16.950000
6.000000 2.200859 -1.690175 -0.657146 -2.077540 0.297581 -0.304469 1.586077 17.000000
6.000000 2.584546 -1.710728 -0.663759 -1.995107 0.307578 -0.311741 1.695480 17.050000
6.000000 2.177023 -1.731164 -0.672324 -1.905007 0.312982 -0.320914 1.880116 17.100000
6.000000 2.016710 -1.751240 -0.682780 -1.813143 0.316262 -0.330394 1.806883 17.150000
5.292204 2.356578 -1.770771 -0.695082 -1.725213 0.320078 -0.338875 1.724063 17.200000
5.456660 2.189535 -1.789567 -0.709002 -1.636333 0.315722 -0.347276 1.816736 17.250000
6.000000 2.380101 -1.807448 -0.724320 -1.546197 0.311479 -0.355370 1.792731 17.300000
5.927033 2.138777 -1.824274 -0.741105 -1.454813 0.310866 -0.363310 1.853365 17.350000
6.000000 2.430522 -1.839892 -0.759346 -1.363960 0.308915 -0.370746 1.790966 17.400000
6.000000 2.352471 -1.854166 -0.778921 -1.272036 0.306271 -0.378025 1.873113 17.450000
5.088850 1.882415 -1.866964 -0.799690 -1.178280 0.301888 -0.385197 1.876646 17.500000
5.037914 2.011624 -1.878265 -0.821318 -1.089318 0.290937 -0.390561 1.707947 17.550000
5.860915 1.757251 -1.888096 -0.843524 -1.004491 0.281592 -0.394266 1.687792 17.600000
6.000000 2.068696 -1.896305 -0.866365 -0.923023 0.281697 -0.396875 1.586493 17.650000
6.000000 1.966099 -1.902707 -0.889910 -0.841552 0.282801 -0.399455 1.661173 17.700000
6.000000 1.544243 -1.907233 -0.914011 -0.758709 0.282823 -0.402238 1.653838 17.750000
6.000000 1.921662 -1.909839 -0.938518 -0.680537 0.285137 -0.404020 1.496872 17.800000
6.000000 2.321923 -1.910486 -0.963303 -0.603482 0.287787 -0.405687 1.574068 17.850000
5.313942 2.196418 -1.909175 -0.988181 -0.519653 0.286355 -0.408729 1.751792 17.900000
5.117485 2.419951 -1.906079 -1.012859 -0.431409 0.275789 -0.412158 1.773878 17.950000
4.900192 2.238955 -1.901415 -1.037085 -0.340206 0.261765 -0.415264 1.859666 18.000000
4.897134 2.206065 -1.895321 -1.060686 -0.248256 0.245529 -0.417393 1.823033 18.050000
4.597069 2.022799 -1.887882 -1.083547 -0.157949 0.230647 -0.418148 1.792928 18.100000
3.728811 1.553745 -1.879199 -1.105572 -0.070653 0.215259 -0.417417 1.710586 18.150000
3.747062 1.683419 -1.869555 -1.126680 0.008891 0.196980 -0.414516 1.501296 18.200000
2.781726 1.695865 -1.859127 -1.146839 0.082785 0.183125 -0.410063 1.459383 18.250000
3.351182 1.348960 -1.848148 -1.166046 0.155261 0.162106 -0.404678 1.440668 18.300000
3.590938 1.644895 -1.836715 -1.184291 0.223230 0.150221 -0.398128 1.297436 18.350000
4.559467 1.713790 -1.824637 -1.201523 0.289473 0.142559 -0.391179 1.344857 18.400000
5.431022 1.806063 -1.811691 -1.217630 0.357985 0.143609 -0.384557 1.389197 18.450000
6.000000 1.634073 -1.797556 -1.232412 0.428975 0.152018 -0.378669 1.443024 18.500000
6.000000 2.092880 -1.782035 -1.245656 0.499982 0.165913 -0.373546 1.403761 18.550000
6.000000 1.752214 -1.765144 -1.257211 0.574668 0.177852 -0.369741 1.561156 18.600000
5.402038 1.819015 -1.747063 -1.266995 0.651004 0.188847 -0.366862 1.501785 18.650000
5.470886 1.586393 -1.728049 -1.275013 0.726156 0.194724 -0.364391 1.504242 18.700000
4.726488 2.078170 -1.708336 -1.281283 0.798954 0.202416 -0.362026 1.420346 18.750000
3.916338 1.996731 -1.688159 -1.285877 0.874239 0.201878 -0.360319 1.568982 18.800000
3.518896 2.005207 -1.667908 -1.289064 0.953514 0.192048 -0.358935 1.597107 18.850000
3.032894 2.358898 -1.647852 -1.291071 1.033709 0.178635 -0.357062 1.608063 18.900000
2.598897 2.620039 -1.628171 -1.292093 1.117862 0.159538 -0.354811 1.736871 18.950000
1.709670 2.697483 -1.609029 -1.292363 1.208739 0.134209 -0.352007 1.874604 19.000000
2.097851 2.479136 -1.590571 -1.292223 1.304598 0.099654 -0.347768 1.945859 19.050000
1.300052 2.962320 -1.572817 -1.291812 1.400212 0.070818 -0.341496 1.886414 19.100000
0.507334 3.000000 -1.555732 -1.291234 1.498705 0.035267 -0.333366 2.027798 19.150000
0.000000 2.668232 -1.539294 -1.290885 1.601768 -0.007112 -0.322827 2.082884 19.200000
0.000000 3.000000 -1.523396 -1.291044 1.702866 -0.050121 -0.309564 1.976328 19.250000
0.000000 2.882483 -1.507906 -1.291752 1.803776 -0.089451 -0.293816 2.046445 19.300000
0.000000 2.506564 -1.492707 -1.292934 1.905476 -0.125293 -0.275860 2.023839 19.350000
0.526182 2.730922 -1.477714 -1.294484 2.002444 -0.155500 -0.256622 1.877763 19.400000
1.443159 2.410536 -1.462935 -1.296177 2.097022 -0.176283 -0.236585 1.901246 19.450000
1.556715 2.522889 -1.448518 -1.297638 2.189012 -0.184388 -0.216610 1.795593 19.500000
1.799774 2.650257 -1.434626 -1.298621 2.278839 -0.188073 -0.197241 1.797676 19.550000
2.670355 3.000000 -1.421354 -1.299056 2.370125 -0.187398 -0.178258 1.846660 19.600000
2.385759 3.000000 -1.408926 -1.298779 2.466689 -0.177537 -0.159602 1.992972 19.650000
2.706881 3.000000 -1.397486 -1.297754 2.567975 -0.169270 -0.141624 2.049796 19.700000
3.658409 2.508715 -1.387108 -1.296057 2.671134 -0.156288 -0.124816 2.073408 19.750000
4.626754 2.084626 -1.378125 -1.293660 2.770079 -0.132109 -0.110375 1.911924 19.800000
5.376924 2.000689 -1.371026 -1.290557 2.859608 -0.096813 -0.099292 1.703198 19.850000
6.000000 2.340607 -1.366239 -1.286850 2.941632 -0.053775 -0.091508 1.595124 19.900000
6.000000 2.612361 -1.364071 -1.282716 3.023814 -0.005883 -0.086677 1.679991 19.950000
5.178239 2.512046 -1.364613 -1.278407 3.111687 0.039935 -0.084836 1.814553 20.000000
5.313955 2.311183 -1.367585 -1.274214 -3.080271 0.076062 -0.085742 1.832288 20.050000
5.255614 2.148120 -1.372726 -1.270397 -2.990501 0.112010 -0.088852 1.769133 20.100000
5.790706 2.179334 -1.379939 -1.267186 -2.904393 0.146011 -0.093753 1.688460 20.150000
5.839055 2.093983 -1.389193 -1.264812 -2.820481 0.183296 -0.100427 1.671504 20.200000
6.000000 1.902015 -1.400452 -1.263508 -2.737912 0.218924 -0.108857 1.637450 20.250000
6.000000 1.972415 -1.413573 -1.263470 -2.658357 0.254115 -0.118566 1.557941 20.300000
6.000000 1.621357 -1.428394 -1.264863 -2.580521 0.287105 -0.129554 1.556942 20.350000
6.000000 1.545304 -1.444708 -1.267814 -2.506288 0.318269 -0.141145 1.432160 20.400000
5.957677 1.380129 -1.462324 -1.272416 -2.436833 0.347982 -0.152818 1.358200 20.450000
6.000000 1.159207 -1.481049 -1.278729 -2.371443 0.375898 -0.164462 1.271254 20.500000
6.000000 0.990375 -1.500711 -1.286801 -2.311180 0.403265 -0.175560 1.156652 20.550000
6.000000 1.210399 -1.521165 -1.296662 -2.256459 0.430018 -0.185790 1.048287 20.600000
6.000000 1.617692 -1.542266 -1.308323 -2.202856 0.455212 -0.196349 1.091838 20.650000
5.808357 1.309420 -1.563829 -1.321789 -2.143116 0.476842 -0.209496 1.274722 20.700000
4.851623 1.582127 -1.585612 -1.337021 -2.080274 0.493790 -0.224043 1.245066 20.750000
4.154636 1.498582 -1.607305 -1.353764 -2.015276 0.499223 -0.239361 1.342779 20.800000
3.333604 1.360237 -1.628574 -1.371638 -1.947716 0.495748 -0.255082 1.358656 20.850000
3.449621 0.952007 -1.649176 -1.390276 -1.880981 0.483710 -0.269581 1.317304 20.900000
4.235626 0.899728 -1.669018 -1.409492 -1.819962 0.474196 -0.281095 1.147380 20.950000
4.957556 0.954289 -1.688154 -1.429475 -1.765222 0.473950 -0.289877 1.055255 21.000000
5.746071 0.481722 -1.706629 -1.450548 -1.712949 0.480781 -0.297648 1.038851 21.050000
5.554786 0.158808 -1.724439 -1.473025 -1.666295 0.496451 -0.303581 0.852445 21.100000
4.601720 -0.320474 -1.741575 -1.497023 -1.629602 0.513539 -0.306262 0.641778 21.150000
4.792655 -0.067519 -1.758033 -1.522271 -1.605739 0.526356 -0.304481 0.346031 21.200000
4.728429 0.050879 -1.773857 -1.548607 -1.589756 0.543732 -0.300046 0.298786 21.250000
5.652619 0.047869 -1.789059 -1.576036 -1.574101 0.560022 -0.295840 0.325146 21.300000
4.656187 0.356916 -1.803618 -1.604711 -1.557424 0.583887 -0.292422 0.341156 21.350000
4.644037 0.631422 -1.817503 -1.634550 -1.536527 0.595911 -0.291126 0.480202 21.400000
4.060953 1.013391 -1.830642 -1.665232 -1.507371 0.604046 -0.293561 0.665566 21.450000
4.823626 1.021507 -1.842941 -1.696520 -1.467210 0.601830 -0.300700 0.911468 21.500000
5.016134 0.556080 -1.854274 -1.728346 -1.418216 0.602647 -0.311348 1.033749 21.550000
4.803023 0.826135 -1.864533 -1.760842 -1.369945 0.604845 -0.321329 0.913758 21.600000
5.218579 1.116716 -1.873691 -1.793955 -1.322735 0.604814 -0.330559 0.968679 21.650000
5.121363 0.696364 -1.881677 -1.827644 -1.270295 0.605612 -0.341741 1.111460 21.700000
4.249609 0.219405 -1.888399 -1.861868 -1.217382 0.604473 -0.352691 1.018472 21.750000
4.877036 -0.147272 -1.893923 -1.896374 -1.172827 0.598684 -0.359524 0.792503 21.800000
3.999290 -0.340228 -1.898297 -1.931149 -1.140275 0.604547 -0.360965 0.539702 21.850000
4.549259 -0.635236 -1.901598 -1.966211 -1.118996 0.607536 -0.357601 0.333685 21.900000
4.405043 -0.997581 -1.903908 -2.001564 -1.108726 0.620919 -0.349660 0.100576 21.950000
4.372220 -1.424683 -1.905262 -2.037383 -1.111499 0.638592 -0.336259 -0.184677 22.000000
4.154616 -1.224117 -1.905789 -2.073749 -1.130025 0.662092 -0.315988 -0.521512 22.050000
4.695734 -0.904701 -1.905663 -2.110723 -1.158768 0.686206 -0.291241 -0.618876 22.100000
5.395509 -0.664468 -1.904976 -2.148399 -1.187639 0.713411 -0.266797 -0.546035 22.150000
5.557183 -1.152022 -1.903696 -2.186993 -1.211355 0.743274 -0.245311 -0.418228 22.200000
4.835672 -1.452309 -1.901817 -2.226632 -1.236138 0.773012 -0.223461 -0.559182 22.250000
4.348427 -1.734121 -1.899528 -2.267194 -1.269674 0.796463 -0.197004 -0.761434 22.300000
3.992090 -1.615088 -1.897112 -2.308438 -1.313939 0.815679 -0.164793 -0.985289 22.350000
3.084873 -1.921545 -1.894826 -2.350185 -1.365240 0.830126 -0.129056 -1.061841 22.400000
3.964604 -1.976369 -1.892900 -2.392116 -1.423147 0.833937 -0.090293 -1.236685 22.450000
4.297967 -2.242555 -1.891516 -2.434186 -1.488295 0.843253 -0.048253 -1.358514 22.500000
5.031173 -2.043501 -1.890821 -2.476597 -1.561139 0.851659 -0.002570 -1.536409 22.550000
5.309686 -2.024113 -1.891008 -2.519473 -1.638592 0.861785 0.044851 -1.564959 22.600000
4.349360 -2.522065 -1.892237 -2.562887 -1.717645 0.868957 0.092126 -1.599606 22.650000
4.020514 -2.155175 -1.894634 -2.606487 -1.803941 0.860568 0.142231 -1.824974 22.700000
4.363962 -2.063767 -1.898287 -2.649758 -1.894548 0.842682 0.192388 -1.809108 22.750000
4.199791 -2.015090 -1.903226 -2.692518 -1.984484 0.823026 0.239188 -1.796690 22.800000
3.998585 -1.983738 -1.909448 -2.734644 -2.074193 0.797293 0.282760 -1.796900 22.850000
4.370188 -1.718446 -1.916882 -2.775910 -2.164129 0.765630 0.323083 -1.803515 22.900000
5.009320 -1.537121 -1.925497 -2.816228 -2.251926 0.735142 0.358829 -1.723839 22.950000
5.010028 -1.222214 -1.935370 -2.855709 -2.335563 0.710055 0.389418 -1.637302 23.000000
4.651236 -1.262900 -1.946544 -2.894410 -2.413290 0.686110 0.414501 -1.494574 23.050000
5.489703 -1.041726 -1.958909 -2.932242 -2.486879 0.659816 0.435320 -1.455288 23.100000
6.000000 -1.403230 -1.972521 -2.969225 -2.556871 0.642673 0.452573 -1.358926 23.150000
5.147613 -1.335753 -1.987607 -3.005479 -2.627598 0.628940 0.468796 -1.456754 23.200000
4.993167 -1.172369 -2.004046 -3.040828 -2.700898 0.604688 0.484588 -1.472565 23.250000
5.859845 -1.529236 -2.021580 -3.075069 -2.772919 0.579420 0.497964 -1.415741 23.300000
5.076525 -1.513523 -2.040318 -3.108200 -2.846782 0.560723 0.510499 -1.522635 23.350000
4.432146 -1.211877 -2.060195 -3.140119 -2.923912 0.532019 0.522586 -1.556074 23.400000
4.075413 -0.784250 -2.080817 -3.170678 -2.998731 0.499064 0.531670 -1.449979 23.450000
3.897645 -0.767630 -2.101950 -3.199858 -3.065176 0.469520 0.535859 -1.235634 23.500000
3.163020 -1.248807 -2.123513 -3.227706 -3.123928 0.444899 0.536124 -1.126842 23.550000
4.008738 -0.895060 -2.145300 -3.254245 3.099296 0.413586 0.535598 -1.251411 23.600000
4.319576 -1.323251 -2.167293 -3.279464 3.039275 0.391432 0.533949 -1.159692 23.650000
3.869212 -1.374883 -2.189748 -3.303350 2.977984 0.372286 0.531847 -1.274128 23.700000
4.829544 -0.926576 -2.212556 -3.325885 2.912532 0.346903 0.529907 -1.333039 23.750000
4.495472 -1.014012 -2.235784 -3.347025 2.850193 0.333916 0.526366 -1.180217 23.800000
3.566119 -0.926978 -2.259584 -3.366726 2.792258 0.321818 0.521386 -1.141017 23.850000
3.563093 -0.518043 -2.283659 -3.385073 2.736809 0.303740 0.515409 -1.082681 23.900000
3.149706 -0.197788 -2.307818 -3.402141 2.688073 0.291508 0.507619 -0.889998 23.950000
2.514175 -0.061288 -2.332045 -3.417974 2.649793 0.283609 0.497624 -0.666989 24.000000
1.703095 0.317089 -2.356213 -3.432686 2.621143 0.277083 0.485883 -0.497191 24.050000
1.199666 0.681360 -2.380117 -3.446447 2.603123 0.270655 0.472364 -0.248792 24.100000
1.006915 0.917540 -2.403619 -3.459420 2.598702 0.268697 0.456674 0.044588 24.150000
0.742644 0.599437 -2.426725 -3.471694 2.608259 0.273585 0.438859 0.311481 24.200000
1.032724 0.445868 -2.449458 -3.483343 2.624180 0.279285 0.420405 0.324509 24.250000
1.610886 0.280252 -2.471852 -3.494395 2.638874 0.286384 0.402791 0.269376 24.300000
1.567001 -0.109598 -2.494070 -3.504787 2.649643 0.296141 0.386539 0.171416 24.350000
2.297249 -0.459763 -2.516181 -3.514492 2.652222 0.300687 0.372559 -0.046977 24.400000
1.453675 -0.332196 -2.538241 -3.523461 2.642475 0.305674 0.361740 -0.315715 24.450000
1.534112 -0.333507 -2.560137 -3.531722 2.624234 0.298660 0.353114 -0.403635 24.500000
1.946266 -0.306195 -2.581676 -3.539374 2.602856 0.291391 0.345360 -0.445970 24.550000
2.746549 0.087408 -2.602950 -3.546370 2.580337 0.287925 0.338034 -0.453364 24.600000
3.289478 -0.384439 -2.624212 -3.552570 2.562093 0.294189 0.330094 -0.293414 24.650000
3.683885 -0.434622 -2.645743 -3.557815 2.544332 0.305651 0.322470 -0.405399 24.700000
3.010903 -0.746296 -2.667674 -3.561996 2.521839 0.318445 0.316320 -0.485937 24.750000
3.399146 -0.415659 -2.689880 -3.565162 2.492850 0.321886 0.312004 -0.654321 24.800000
4.314150 0.076000 -2.712232 -3.567355 2.461516 0.327969 0.308465 -0.604916 24.850000
3.708098 0.074648 -2.734950 -3.568387 2.437484 0.345505 0.303542 -0.381757 24.900000
3.324604 0.133736 -2.758112 -3.568223 2.421540 0.360185 0.297050 -0.268285 24.950000
2.495887 0.432267 -2.781551 -3.567034 2.410454 0.372796 0.289678 -0.183881 25.000000
1.752356 0.089501 -2.805072 -3.565033 2.406002 0.379891 0.280861 -0.010648 25.050000
1.061423 0.365216 -2.828440 -3.562490 2.404170 0.380832 0.271671 -0.057611 25.100000
0.873617 0.436384 -2.851416 -3.559649 2.403865 0.375897 0.262386 0.037411 25.150000
0.098366 0.662622 -2.873889 -3.556656 2.408132 0.371009 0.252211 0.125688 25.200000
0.559675 0.389140 -2.895746 -3.553672 2.418492 0.361088 0.240828 0.274948 25.250000
1.275140 0.748827 -2.916992 -3.550747 2.431420 0.356497 0.229242 0.246087 25.300000
0.932578 0.609386 -2.937864 -3.547706 2.447519 0.359481 0.217254 0.384097 25.350000
1.201177 0.869830 -2.958469 -3.544510 2.467212 0.359923 0.204748 0.402457 25.400000
1.754050 0.910585 -2.978823 -3.541193 2.490643 0.363502 0.191682 0.522334 25.450000
2.304219 1.318464 -2.999117 -3.537667 2.518984 0.372866 0.177673 0.602795 25.500000
3.208066 0.950727 -3.019595 -3.533829 2.554879 0.388125 0.161844 0.809031 25.550000
3.541247 0.607127 -3.040580 -3.529568 2.594076 0.411056 0.145147 0.764819 25.600000
3.754107 0.531006 -3.062302 -3.524807 2.627936 0.434323 0.130001 0.608614 25.650000
3.974722 0.890140 -3.084824 -3.519543 2.655405 0.456914 0.116851 0.502679 25.700000
3.886387 0.741327 -3.108199 -3.513790 2.683171 0.480193 0.103584 0.597861 25.750000
3.182512 1.161066 -3.132446 -3.507621 2.712790 0.501437 0.089695 0.588841 25.800000
3.529677 1.448924 -3.157381 -3.501200 2.746924 0.515197 0.074261 0.757834 25.850000
2.540361 1.520571 -3.182941 -3.494679 2.790432 0.531645 0.055483 0.959000 25.900000
3.350075 1.619642 -3.208989 -3.488245 2.841966 0.537539 0.033949 1.087620 25.950000
2.694721 1.542454 -3.235478 -3.482040 2.899260 0.549311 0.010587 1.192351 26.000000
3.271120 1.340690 -3.262404 -3.476163 2.959566 0.552677 -0.013470 1.218724 26.050000
3.199702 1.586716 -3.289704 -3.470707 3.018868 0.559368 -0.036524 1.163307 26.100000
4.046020 1.963483 -3.317437 -3.465720 3.079232 0.563209 -0.059454 1.242786 26.150000
3.141900 1.844320 -3.345718 -3.461298 -3.136548 0.572090 -0.084742 1.429630 26.200000
2.285882 2.200267 -3.374441 -3.457573 -3.063855 0.569146 -0.111441 1.474337 26.250000
1.415197 2.424395 -3.403092 -3.454617 -2.985597 0.554772 -0.139005 1.634480 26.300000
0.491612 2.007882 -3.431167 -3.452440 -2.899479 0.528314 -0.167508 1.788393 26.350000
1.314110 1.885579 -3.458172 -3.450944 -2.812544 0.491011 -0.193353 1.703450 26.400000
1.561959 1.996619 -3.484067 -3.450037 -2.729523 0.461166 -0.214889 1.629503 26.450000
1.770538 1.891107 -3.509083 -3.449726 -2.647668 0.432931 -0.233586 1.643019 26.500000
2.712157 1.425749 -3.533298 -3.450001 -2.566454 0.406052 -0.249827 1.610516 26.550000
2.725498 1.136849 -3.556935 -3.450957 -2.491220 0.389483 -0.262537 1.426243 26.600000
3.702209 1.581470 -3.580201 -3.452683 -2.425177 0.375922 -0.271485 1.241566 26.650000
2.978768 1.479029 -3.603272 -3.455319 -2.360541 0.371743 -0.279350 1.331566 26.700000
2.037254 1.504844 -3.626122 -3.458894 -2.293961 0.359589 -0.287058 1.331537 26.750000
1.355058 1.337950 -3.648433 -3.463108 -2.227142 0.338435 -0.293761 1.339409 26.800000
1.244453 1.074397 -3.669956 -3.467644 -2.161953 0.311914 -0.298709 1.275895 26.850000
1.408555 0.934502 -3.690625 -3.472333 -2.101893 0.287167 -0.301197 1.143434 26.900000
0.844383 1.411190 -3.710512 -3.477184 -2.048009 0.267325 -0.301423 1.026335 26.950000
0.379910 1.106119 -3.729624 -3.482111 -1.993085 0.242601 -0.300981 1.152463 27.000000
1.206523 0.683254 -3.747881 -3.486874 -1.937336 0.214260 -0.299647 1.084888 27.050000
1.393980 1.037739 -3.765373 -3.491566 -1.888710 0.197741 -0.296421 0.884856 27.100000
0.633843 0.579049 -3.782242 -3.496437 -1.843248 0.185099 -0.292381 0.927418 27.150000
0.332345 0.526329 -3.798478 -3.501358 -1.801486 0.167609 -0.287526 0.762401 27.200000
0.000000 0.814893 -3.814067 -3.506122 -1.766272 0.150815 -0.281593 0.657561 27.250000
0.623941 0.925651 -3.829027 -3.510611 -1.731695 0.132104 -0.275360 0.717306 27.300000
1.471088 1.071601 -3.843395 -3.514895 -1.693874 0.118999 -0.269246 0.786397 27.350000
1.860339 1.512699 -3.857235 -3.519308 -1.652064 0.113131 -0.263425 0.874668 27.400000
2.490318 1.671956 -3.870570 -3.524108 -1.602339 0.108620 -0.258287 1.086585 27.450000
2.970548 1.990660 -3.883386 -3.529478 -1.543604 0.107332 -0.253920 1.241613 27.500000
3.898360 2.116822 -3.895640 -3.535617 -1.476192 0.107911 -0.250361 1.428295 27.550000
3.586973 2.302148 -3.907244 -3.542776 -1.401203 0.114822 -0.247709 1.553120 27.600000
2.982118 2.767131 -3.918101 -3.551011 -1.320126 0.116769 -0.245886 1.671936 27.650000
2.963942 2.615960 -3.928182 -3.560014 -1.230328 0.110289 -0.244704 1.885825 27.700000
3.604764 2.417719 -3.937471 -3.569548 -1.135298 0.102304 -0.243480 1.910948 27.750000
4.255113 2.759428 -3.945859 -3.579678 -1.041554 0.101184 -0.241892 1.848721 27.800000
4.429365 3.000000 -3.953141 -3.590590 -0.946247 0.105824 -0.240614 1.947720 27.850000
5.159240 3.000000 -3.959143 -3.602312 -0.845303 0.110188 -0.240123 2.069895 27.900000
4.884965 3.000000 -3.963656 -3.614833 -0.740499 0.119927 -0.240468 2.115070 27.950000
4.764358 2.998843 -3.966540 -3.628042 -0.634244 0.126172 -0.241519 2.132472 28.000000
4.054618 2.607613 -3.967813 -3.641685 -0.527429 0.130693 -0.242991 2.139219 28.050000
3.689814 2.654334 -3.967613 -3.655484 -0.424391 0.129496 -0.244169 2.004830 28.100000
4.103077 2.790146 -3.966144 -3.669194 -0.325094 0.126064 -0.244805 1.972301 28.150000
3.139570 2.583082 -3.963400 -3.682697 -0.225431 0.126404 -0.245351 2.008297 28.200000
3.686476 3.000000 -3.959538 -3.695849 -0.126780 0.118064 -0.245493 1.947370 28.250000
3.278535 3.000000 -3.954680 -3.708527 -0.025790 0.114344 -0.245419 2.071460 28.300000
3.804035 2.873107 -3.948858 -3.720643 0.079063 0.105710 -0.245195 2.114898 28.350000
4.121730 3.000000 -3.942100 -3.732096 0.183937 0.102348 -0.244527 2.084959 28.400000
5.050236 3.000000 -3.934275 -3.742761 0.289163 0.102051 -0.243780 2.118394 28.450000
4.743167 3.000000 -3.925195 -3.752444 0.395442 0.110131 -0.243432 2.131004 28.500000
3.902049 2.570114 -3.914849 -3.760965 0.502148 0.114919 -0.243617 2.136506 28.550000
3.606201 2.219956 -3.903606 -3.768329 0.604637 0.113086 -0.243544 1.987856 28.600000
4.244444 2.258622 -3.891780 -3.774590 0.698824 0.111371 -0.242679 1.808523 28.650000
4.674699 1.990208 -3.879382 -3.779627 0.787696 0.117521 -0.241573 1.755028 28.700000
3.886622 2.284042 -3.866337 -3.783211 0.872072 0.129024 -0.240664 1.638484 28.750000
4.218299 2.340550 -3.852820 -3.785360 0.955799 0.133051 -0.240212 1.701139 28.800000
3.535793 2.146341 -3.839041 -3.786135 1.042173 0.139165 -0.240335 1.746950 28.850000
4.110692 1.802811 -3.825169 -3.785602 1.128011 0.138855 -0.240566 1.694702 28.900000
3.611486 1.860974 -3.811328 -3.783769 1.208554 0.145619 -0.240441 1.549352 28.950000
3.933086 1.386029 -3.797599 -3.780617 1.284983 0.148841 -0.240187 1.513320 29.000000
3.688256 1.662713 -3.784093 -3.776187 1.355187 0.156995 -0.239557 1.322703 29.050000
3.794640 2.005282 -3.770881 -3.770469 1.422036 0.163705 -0.238961 1.347941 29.100000
3.934762 1.544594 -3.758066 -3.763534 1.493428 0.169689 -0.239239 1.487753 29.150000
3.139456 1.748444 -3.745746 -3.755382 1.564582 0.176784 -0.239785 1.375075 29.200000
3.859233 1.933795 -3.734003 -3.746207 1.634193 0.176665 -0.240307 1.405055 29.250000
4.486501 1.799342 -3.722919 -3.736081 1.706794 0.182192 -0.241335 1.487250 29.300000
4.720384 1.916471 -3.712615 -3.724764 1.780727 0.192769 -0.242912 1.472751 29.350000
5.343300 1.759072 -3.703226 -3.712144 1.855492 0.204646 -0.245152 1.512583 29.400000
4.640695 2.045285 -3.694914 -3.698135 1.929981 0.221684 -0.248032 1.473595 29.450000
4.163960 2.431912 -3.687774 -3.682873 2.006313 0.230574 -0.251811 1.566451 29.500000
4.873094 2.633637 -3.681789 -3.666760 2.089823 0.231758 -0.256921 1.746561 29.550000
5.708440 2.299717 -3.677068 -3.649918 2.181303 0.236030 -0.263343 1.890221 29.600000
6.000000 2.278243 -3.673884 -3.632222 2.273972 0.246647 -0.270203 1.827414 29.650000
5.494370 1.994671 -3.672478 -3.613644 2.364509 0.259479 -0.277218 1.799510 29.700000
5.391157 2.096106 -3.672880 -3.594406 2.451291 0.267695 -0.283944 1.689669 29.750000
4.721654 2.043092 -3.675029 -3.574775 2.535672 0.274786 -0.290457 1.686714 29.800000
4.276999 1.904817 -3.678796 -3.555024 2.619465 0.274877 -0.296837 1.668181 29.850000
4.683823 1.672458 -3.683957 -3.535428 2.701227 0.270977 -0.302476 1.611098 29.900000
4.280040 1.682893 -3.690500 -3.516101 2.778687 0.272221 -0.307000 1.503667 29.950000
5.029645 1.648631 -3.698413 -3.497129 2.852750 0.270654 -0.310706 1.464653 30.000000
5.685828 1.726074 -3.707754 -3.478593 2.925184 0.276445 -0.314078 1.437220 30.050000
5.062798 2.194204 -3.718803 -3.460533 2.997607 0.287761 -0.317778 1.457584 30.100000
5.839477 2.216823 -3.731494 -3.443092 3.075756 0.289932 -0.322893 1.641255 30.150000
6.000000 2.325063 -3.745753 -3.426451 -3.122981 0.295842 -0.329357 1.724517 30.200000
6.000000 2.724355 -3.761680 -3.410773 -3.034628 0.300461 -0.336736 1.798654 30.250000
6.000000 2.304938 -3.779166 -3.396238 -2.939674 0.300890 -0.345442 1.971952 30.300000
6.000000 2.201718 -3.798036 -3.383015 -2.843506 0.299620 -0.354026 1.888702 30.350000
6.000000 1.912162 -3.818162 -3.371236 -2.751010 0.299136 -0.361463 1.822192 30.400000
5.423268 2.318038 -3.839421 -3.361014 -2.663618 0.300342 -0.367558 1.693978 30.450000
4.428625 2.742352 -3.861566 -3.352379 -2.576080 0.295364 -0.373382 1.792144 30.500000
4.519945 2.896848 -3.884106 -3.345202 -2.481017 0.276780 -0.379800 1.979162 30.550000
5.240211 3.000000 -3.906688 -3.339384 -2.378562 0.255130 -0.386016 2.097932 30.600000
4.483055 3.000000 -3.929294 -3.335052 -2.271468 0.237776 -0.391399 2.172154 30.650000
4.622372 2.892086 -3.951777 -3.332184 -2.162211 0.212238 -0.395286 2.192887 30.700000
4.287365 3.000000 -3.973930 -3.330655 -2.053596 0.188916 -0.397033 2.156342 30.750000
4.302014 2.856935 -3.995647 -3.330406 -1.945205 0.163388 -0.396804 2.174364 30.800000
4.506334 2.487780 -4.016816 -3.331347 -1.837918 0.139754 -0.394558 2.123944 30.850000
4.002686 2.543089 -4.037385 -3.333522 -1.736163 0.122339 -0.390297 1.970490 30.900000
3.371629 2.605819 -4.057286 -3.336872 -1.638818 0.103907 -0.384547 1.928733 30.950000
3.031946 2.877222 -4.076433 -3.341119 -1.542316 0.081584 -0.377538 1.929517 31.000000
2.744591 2.509480 -4.094787 -3.346009 -1.443182 0.056612 -0.369288 2.019230 31.050000
3.425005 2.681937 -4.112347 -3.351368 -1.345214 0.031694 -0.359518 1.914884 31.100000
3.945209 2.727498 -4.129075 -3.357295 -1.248930 0.016212 -0.348673 1.932556 31.150000
4.476495 2.816492 -4.144854 -3.364038 -1.151715 0.007158 -0.337382 1.952240 31.200000
4.358760 2.897244 -4.159524 -3.371767 -1.053009 0.004200 -0.326088 1.989644 31.250000
5.219875 2.918782 -4.172966 -3.380486 -0.952315 0.000891 -0.314978 2.031049 31.300000
4.679012 2.427788 -4.184986 -3.390227 -0.850100 0.006560 -0.304353 2.054009 31.350000
5.161333 2.435773 -4.195447 -3.400927 -0.752190 0.010156 -0.294391 1.889585 31.400000
5.037381 2.071129 -4.204244 -3.412451 -0.659368 0.021364 -0.285258 1.832937 31.450000
5.416688 2.089927 -4.211229 -3.424714 -0.572095 0.034197 -0.277120 1.682213 31.500000
6.000000 1.679187 -4.216277 -3.437596 -0.489414 0.052668 -0.270118 1.633414 31.550000
5.286642 1.501231 -4.219141 -3.451035 -0.412549 0.078683 -0.264382 1.467165 31.600000
5.165948 1.759221 -4.219814 -3.464847 -0.342940 0.100196 -0.259695 1.336912 31.650000
5.019215 2.007573 -4.218469 -3.478799 -0.274802 0.120672 -0.256123 1.382926 31.700000
4.670421 1.759291 -4.215200 -3.492708 -0.202377 0.137787 -0.253993 1.498071 31.750000
4.182256 1.653756 -4.210173 -3.506383 -0.128701 0.150741 -0.252820 1.455748 31.800000
3.341326 1.859770 -4.203622 -3.519662 -0.057494 0.159605 -0.251985 1.400881 31.850000
2.969419 2.244323 -4.195902 -3.532416 0.014120 0.160240 -0.251476 1.455713 31.900000
2.155581 1.894116 -4.187356 -3.544558 0.091629 0.155409 -0.251548 1.619895 31.950000
2.216170 1.840290 -4.178329 -3.556050 0.170779 0.142652 -0.251285 1.555236 32.000000
1.529661 1.341988 -4.169017 -3.566891 0.247172 0.131959 -0.250102 1.507144 32.050000
0.892796 1.616255 -4.159566 -3.577112 0.316597 0.117830 -0.247658 1.299071 32.100000
1.883028 1.936828 -4.150245 -3.586810 0.381923 0.099961 -0.244199 1.311354 32.150000
1.129405 1.730247 -4.140978 -3.595963 0.451018 0.091054 -0.240502 1.434320 32.200000
0.375428 1.991678 -4.131732 -3.604567 0.521936 0.075254 -0.236425 1.405780 32.250000
0.839997 2.297028 -4.122817 -3.612805 0.594597 0.052915 -0.231606 1.487700 32.300000
1.150643 1.861340 -4.114281 -3.620740 0.673097 0.034435 -0.226084 1.630101 32.350000
0.521330 1.534897 -4.105966 -3.628294 0.751570 0.020170 -0.219832 1.524121 32.400000
0.028173 1.986001 -4.097891 -3.635523 0.823010 0.003350 -0.212872 1.357065 32.450000
0.000000 1.943210 -4.090195 -3.642614 0.893637 -0.016494 -0.205227 1.453330 32.500000
0.000000 2.421028 -4.082917 -3.649680 0.966921 -0.035814 -0.196812 1.474286 32.550000
0.906465 2.622730 -4.076012 -3.656747 1.045892 -0.055012 -0.187500 1.656525 32.600000
1.649473 2.288955 -4.069331 -3.663659 1.132870 -0.065995 -0.177321 1.799939 32.650000
0.705213 2.738753 -4.062680 -3.670080 1.220964 -0.068710 -0.167013 1.734220 32.700000
0.000000 2.320412 -4.056075 -3.676047 1.311636 -0.079426 -0.156507 1.870780 32.750000
0.000000 2.468992 -4.049618 -3.681923 1.402302 -0.094972 -0.145512 1.771406 32.800000
0.578838 2.848597 -4.043307 -3.687839 1.491308 -0.108239 -0.134086 1.786364 32.850000
0.000000 3.000000 -4.037090 -3.693635 1.584739 -0.114976 -0.122072 1.928168 32.900000
0.684845 2.941914 -4.030929 -3.699295 1.684246 -0.126225 -0.109344 2.034577 32.950000
0.000000 2.727475 -4.024810 -3.704767 1.786517 -0.129326 -0.096295 2.053354 33.000000
0.000000 2.398431 -4.018721 -3.710012 1.887199 -0.136691 -0.083461 1.985394 33.050000
0.174129 2.073788 -4.012628 -3.715144 1.982365 -0.141487 -0.071179 1.844388 33.100000
0.000000 1.684228 -4.006562 -3.720083 2.069683 -0.142270 -0.059924 1.675138 33.150000
0.000000 1.717927 -4.000550 -3.724799 2.147447 -0.142682 -0.049988 1.466851 33.200000
0.997577 1.384140 -3.994599 -3.729314 2.218736 -0.141687 -0.041065 1.395330 33.250000
0.527423 1.569702 -3.988877 -3.733434 2.284092 -0.130360 -0.033333 1.240910 33.300000
0.000000 2.069187 -3.983485 -3.737084 2.346277 -0.123067 -0.026587 1.245988 33.350000
0.000000 2.138243 -3.978276 -3.740451 2.414031 -0.120558 -0.019803 1.437120 33.400000
0.243130 1.739093 -3.973165 -3.743620 2.488910 -0.117668 -0.012773 1.542642 33.450000
0.990476 1.491522 -3.968204 -3.746550 2.563049 -0.111933 -0.006271 1.438397 33.500000
0.148315 1.194240 -3.963605 -3.749131 2.631101 -0.098849 -0.000945 1.303119 33.550000
0.000000 1.048631 -3.959364 -3.751407 2.691416 -0.093664 0.003227 1.132898 33.600000
0.457716 1.441302 -3.955284 -3.753518 2.744350 -0.089797 0.006580 1.001811 33.650000
0.959674 1.427590 -3.951438 -3.755451 2.797071 -0.081598 0.009576 1.094830 33.700000
0.125845 1.652119 -3.948038 -3.757145 2.852845 -0.068796 0.012239 1.131243 33.750000
0.000000 1.837485 -3.945002 -3.758647 2.912304 -0.063968 0.014638 1.233220 33.800000
0.000000 1.396426 -3.942113 -3.760033 2.977223 -0.060183 0.017016 1.347523 33.850000
0.000000 1.402492 -3.939344 -3.761314 3.041242 -0.056366 0.019100 1.229710 33.900000
0.000000 1.442853 -3.936696 -3.762502 3.101347 -0.052636 0.020789 1.181169 33.950000
0.189278 1.709233 -3.934168 -3.763606 -3.122944 -0.048954 0.022218 1.175377 34.000000
0.116644 1.713239 -3.931804 -3.764636 -3.061362 -0.043460 0.023493 1.274237 34.050000
0.000000 1.227826 -3.929629 -3.765602 -2.996398 -0.038638 0.024599 1.318157 34.100000
0.000000 0.843403 -3.927596 -3.766511 -2.935192 -0.035126 0.025375 1.152844 34.150000
0.000000 1.019987 -3.925668 -3.767369 -2.883809 -0.032038 0.025746 0.931422 34.200000
0.000000 1.510832 -3.923839 -3.768186 -2.838157 -0.029248 0.025872 0.898759 34.250000
0.000000 1.114233 -3.922104 -3.768965 -2.788242 -0.026406 0.025986 1.075034 34.300000
0.839643 1.296109 -3.920461 -3.769711 -2.736575 -0.023603 0.026028 1.001272 34.350000
1.620384 1.031682 -3.919086 -3.770510 -2.685465 -0.013126 0.025813 1.038238 34.400000
1.219944 1.325128 -3.918298 -3.771541 -2.635986 0.004130 0.025098 0.952008 34.450000
0.233811 0.972895 -3.918134 -3.772869 -2.586281 0.016964 0.023870 1.026511 34.500000
0.568185 0.754981 -3.918274 -3.774345 -2.537867 0.020021 0.022424 0.923298 34.550000
1.140782 1.167497 -3.918569 -3.775897 -2.495460 0.025801 0.020974 0.789564 34.600000
1.307570 0.820233 -3.919171 -3.777657 -2.453182 0.036595 0.019319 0.889181 34.650000
1.001372 0.983640 -3.920185 -3.779743 -2.411255 0.048423 0.017396 0.799038 34.700000
0.073898 1.311331 -3.921552 -3.782138 -2.370689 0.056817 0.015284 0.820898 34.750000
0.969712 1.016254 -3.923033 -3.784647 -2.325722 0.056238 0.012955 0.960248 34.800000
0.949873 1.403211 -3.924602 -3.787277 -2.279140 0.063887 0.010522 0.909501 34.850000
0.159230 1.301527 -3.926376 -3.790181 -2.230063 0.070932 0.007802 1.037154 34.900000
0.641348 0.942283 -3.928209 -3.793214 -2.177677 0.070205 0.004903 1.055873 34.950000
1.300251 0.768576 -3.930040 -3.796320 -2.128580 0.073773 0.002218 0.924951 35.000000
2.002459 0.414697 -3.932001 -3.799721 -2.085956 0.083150 -0.000238 0.796066 35.050000
2.856372 -0.030925 -3.934227 -3.803685 -2.051825 0.098579 -0.002433 0.593182 35.100000
2.889720 -0.400496 -3.936859 -3.808519 -2.030031 0.121323 -0.004039 0.309573 35.150000
3.172267 -0.420020 -3.939965 -3.814375 -2.022968 0.143564 -0.004546 0.003106 35.200000
3.948209 -0.696931 -3.943570 -3.821277 -2.027747 0.167648 -0.003846 -0.176888 35.250000
4.439800 -0.983965 -3.947793 -3.829393 -2.042511 0.198043 -0.001766 -0.391465 35.300000
4.025063 -1.110130 -3.952793 -3.838911 -2.068476 0.231765 0.002303 -0.621504 35.350000
4.843370 -1.120867 -3.958626 -3.849746 -2.104190 0.260074 0.008510 -0.787587 35.400000
4.571356 -1.189894 -3.965402 -3.861865 -2.145962 0.294430 0.016498 -0.873225 35.450000
4.139387 -1.558051 -3.973242 -3.875250 -2.191572 0.324305 0.026015 -0.943000 35.500000
3.926646 -1.941328 -3.982111 -3.889627 -2.243742 0.348054 0.037665 -1.121289 35.550000
4.691914 -2.039345 -3.991983 -3.904721 -2.306299 0.367321 0.052375 -1.350413 35.600000
5.260103 -2.372701 -4.003015 -3.920447 -2.377760 0.390824 0.069940 -1.489356 35.650000
4.835466 -2.576645 -4.015486 -3.936816 -2.457541 0.415915 0.090550 -1.675648 35.700000
5.082687 -2.767191 -4.029460 -3.953594 -2.545754 0.432499 0.114184 -1.830687 35.750000
5.154891 -3.000000 -4.044921 -3.970480 -2.641172 0.446507 0.140226 -1.966469 35.800000
5.090833 -2.614792 -4.061908 -3.987233 -2.743563 0.455665 0.168403 -2.108104 35.850000
5.517676 -2.963514 -4.080357 -4.003581 -2.846730 0.459786 0.196308 -2.033537 35.900000
5.032745 -2.769146 -4.100258 -4.019330 -2.951413 0.463391 0.224052 -2.138559 35.950000
5.854236 -2.858851 -4.121468 -4.034252 -3.057646 0.457961 0.251244 -2.116576 36.000000
6.000000 -2.463041 -4.143929 -4.048161 3.118843 0.456386 0.277376 -2.148041 36.050000
5.686067 -2.816343 -4.167709 -4.060889 3.014987 0.453721 0.301477 -2.028226 36.100000
5.932688 -2.760815 -4.192611 -4.072299 2.911066 0.444922 0.324352 -2.115343 36.150000
5.240049 -2.287485 -4.218425 -4.082245 2.804849 0.434572 0.346415 -2.131686 36.200000
5.664652 -2.735539 -4.244873 -4.090668 2.702874 0.417312 0.365328 -1.973990 36.250000
5.251282 -2.833107 -4.271759 -4.097532 2.601206 0.402368 0.382345 -2.075987 36.300000
4.679734 -3.000000 -4.298896 -4.102793 2.495346 0.379685 0.398548 -2.146071 36.350000
4.558767 -2.551483 -4.325907 -4.106570 2.385694 0.348315 0.413111 -2.225017 36.400000
4.236460 -2.144398 -4.352531 -4.108989 2.278337 0.316480 0.424108 -2.090472 36.450000
4.464095 -2.307253 -4.378656 -4.110144 2.179561 0.286615 0.430499 -1.891361 36.500000
5.144174 -2.498584 -4.404256 -4.110054 2.085612 0.262214 0.433829 -1.868527 36.550000
4.378002 -2.486061 -4.429372 -4.108553 1.990587 0.244117 0.435823 -1.922371 36.600000
4.770015 -1.989382 -4.453897 -4.105703 1.894164 0.218609 0.436489 -1.931134 36.650000
4.809135 -2.135893 -4.477719 -4.101605 1.802824 0.200799 0.434863 -1.749869 36.700000
5.221745 -1.949179 -4.500815 -4.096153 1.715923 0.186941 0.431674 -1.728335 36.750000
5.867980 -1.627813 -4.523120 -4.089261 1.631795 0.179494 0.427573 -1.648395 36.800000
5.163486 -1.667414 -4.544561 -4.080695 1.553709 0.182327 0.422694 -1.497692 36.850000
5.397873 -1.795092 -4.565040 -4.070486 1.480163 0.181617 0.417479 -1.450821 36.900000
4.848739 -2.036969 -4.584455 -4.058797 1.406823 0.183735 0.412472 -1.478666 36.950000
4.857575 -2.364765 -4.602724 -4.045789 1.330014 0.179211 0.408038 -1.578370 37.000000
4.518664 -2.506671 -4.619781 -4.031705 1.246542 0.171707 0.404274 -1.735649 37.050000
5.014650 -2.071784 -4.635578 -4.016752 1.156593 0.158223 0.400771 -1.844050 37.100000
4.639836 -2.366837 -4.650032 -4.001008 1.067811 0.150968 0.396574 -1.725292 37.150000
5.364312 -2.521067 -4.663069 -3.984517 0.979843 0.141471 0.391935 -1.783483 37.200000
6.000000 -3.000000 -4.674584 -3.967326 0.888471 0.137822 0.387396 -1.858981 37.250000
5.352570 -2.708101 -4.684333 -3.949343 0.789766 0.136910 0.383610 -2.056535 37.300000
4.375457 -2.408970 -4.692279 -3.930765 0.687883 0.128873 0.379906 -2.023637 37.350000
4.174026 -2.573136 -4.698659 -3.911988 0.590206 0.114793 0.375154 -1.902254 37.400000
4.305705 -3.000000 -4.703654 -3.893261 0.494792 0.101206 0.369451 -1.911743 37.450000
3.432124 -2.633467 -4.707276 -3.874690 0.394784 0.087842 0.363361 -2.062581 37.500000
2.743690 -2.878618 -4.709713 -3.856445 0.293936 0.067342 0.356299 -1.983125 37.550000
2.948062 -3.000000 -4.711312 -3.838693 0.193234 0.042341 0.347858 -2.034685 37.600000
2.150763 -3.000000 -4.712198 -3.821490 0.089848 0.020175 0.338085 -2.090002 37.650000
2.740655 -3.000000 -4.712526 -3.804856 -0.015092 -0.007806 0.326812 -2.103596 37.700000
2.925029 -2.556612 -4.712342 -3.788802 -0.120289 -0.027665 0.314150 -2.103203 37.750000
2.295368 -2.834349 -4.711449 -3.773354 -0.220816 -0.041266 0.300788 -1.943687 37.800000
3.151694 -2.440007 -4.709923 -3.758528 -0.319106 -0.057471 0.286925 -1.981043 37.850000
3.347418 -2.008917 -4.707711 -3.744388 -0.414445 -0.062131 0.272938 -1.853175 37.900000
4.006065 -1.586691 -4.704578 -3.731094 -0.501219 -0.059953 0.259728 -1.649827 37.950000
3.580038 -1.555982 -4.700362 -3.718842 -0.576988 -0.046485 0.247883 -1.416331 38.000000
3.413648 -1.171240 -4.695057 -3.707758 -0.644785 -0.033724 0.237406 -1.311167 38.050000
3.553499 -1.054207 -4.688839 -3.697840 -0.704974 -0.019684 0.228082 -1.122879 38.100000
4.174350 -0.951561 -4.681771 -3.689150 -0.757549 -0.001848 0.219832 -0.997399 38.150000
4.677484 -0.921014 -4.673787 -3.681856 -0.804760 0.023214 0.212636 -0.903940 38.200000
4.075202 -0.563732 -4.664788 -3.676176 -0.848496 0.053424 0.206531 -0.853010 38.250000
4.062391 -0.252983 -4.654882 -3.672110 -0.886596 0.078793 0.201227 -0.691427 38.300000
4.765673 -0.020408 -4.644234 -3.669565 -0.915557 0.105806 0.196213 -0.490864 38.350000
4.856147 -0.125208 -4.632790 -3.668673 -0.934713 0.141092 0.191150 -0.297293 38.400000
4.830594 -0.216421 -4.620478 -3.669566 -0.948064 0.177481 0.186111 -0.243402 38.450000
4.424228 -0.369259 -4.607343 -3.672214 -0.960594 0.212523 0.181482 -0.257396 38.500000
3.611773 -0.505389 -4.593504 -3.676489 -0.975524 0.241923 0.177697 -0.332787 38.550000
3.410331 -0.642300 -4.579196 -3.682110 -0.994894 0.261640 0.175102 -0.431907 38.600000
3.060685 -1.088076 -4.564619 -3.688848 -1.019519 0.277526 0.173852 -0.541410 38.650000
3.026633 -1.089700 -4.549923 -3.696567 -1.053189 0.287419 0.174702 -0.777934 38.700000
3.383984 -1.269855 -4.535251 -3.705167 -1.095338 0.294507 0.177474 -0.894012 38.750000
3.296039 -1.602259 -4.520655 -3.714695 -1.143594 0.302951 0.181686 -1.020530 38.800000
3.806784 -1.622177 -4.506209 -3.725182 -1.199924 0.307895 0.187744 -1.208007 38.850000
3.995065 -1.792520 -4.491994 -3.736687 -1.262925 0.315140 0.195312 -1.299948 38.900000
3.773929 -1.846162 -4.478076 -3.749322 -1.330937 0.321799 0.204069 -1.406154 38.950000
3.552222 -1.790253 -4.464580 -3.763028 -1.403150 0.324109 0.213699 -1.473270 39.000000
4.270473 -1.647428 -4.451638 -3.777642 -1.477064 0.322822 0.223404 -1.482453 39.050000
4.196594 -1.671145 -4.439329 -3.793228 -1.549830 0.327667 0.232594 -1.435781 39.100000
5.058746 -2.116946 -4.427727 -3.809875 -1.621387 0.331137 0.241397 -1.428251 39.150000
5.550371 -1.974203 -4.416947 -3.827687 -1.697530 0.340039 0.251331 -1.593919 39.200000
5.244695 -1.933499 -4.407157 -3.846852 -1.777731 0.350664 0.262425 -1.612503 39.250000
5.326195 -1.809846 -4.398496 -3.867282 -1.858240 0.356703 0.273679 -1.609390 39.300000
5.401790 -1.934731 -4.391064 -3.888795 -1.937460 0.362543 0.284541 -1.566841 39.350000
5.860089 -1.755684 -4.384968 -3.911297 -2.016724 0.367674 0.295350 -1.599745 39.400000
5.498880 -2.025349 -4.380350 -3.934754 -2.095294 0.375991 0.305963 -1.551506 39.450000
4.602684 -1.951112 -4.377295 -3.959032 -2.175261 0.378888 0.316908 -1.635413 39.500000
5.366494 -2.364599 -4.375701 -3.983713 -2.257266 0.371275 0.327860 -1.643807 39.550000
6.000000 -1.959907 -4.375590 -4.008611 -2.343931 0.367711 0.339347 -1.799112 39.600000
5.188862 -1.757886 -4.377207 -4.033778 -2.431445 0.368451 0.350527 -1.715383 39.650000
5.307123 -2.199912 -4.380536 -4.059044 -2.514204 0.362698 0.359909 -1.611198 39.700000
6.000000 -1.780435 -4.385460 -4.084172 -2.598253 0.356603 0.368969 -1.732318 39.750000
5.568988 -1.778996 -4.392122 -4.109096 -2.681861 0.356419 0.377373 -1.628488 39.800000
5.338588 -2.176857 -4.400561 -4.133715 -2.762126 0.353081 0.384536 -1.588415 39.850000
5.671392 -1.771072 -4.410604 -4.157820 -2.845291 0.345425 0.391874 -1.718213 39.900000
6.000000 -2.050197 -4.422215 -4.181259 -2.928402 0.340409 0.398526 -1.621187 39.950000
5.522447 -1.921572 -4.435497 -4.203941 -3.011311 0.338033 0.404699 -1.685518 40.000000
5.084048 -2.369848 -4.450336 -4.225716 -3.094964 0.330234 0.410510 -1.663700 40.050000
4.467124 -2.512382 -4.466431 -4.246440 3.100622 0.315802 0.416380 -1.815733 40.100000
4.314652 -2.872415 -4.483407 -4.266001 3.006773 0.291972 0.422186 -1.919915 40.150000
4.789764 -3.000000 -4.500958 -4.284337 2.906090 0.263036 0.427373 -2.078980 40.200000
4.545839 -3.000000 -4.519022 -4.301380 2.799341 0.235492 0.431418 -2.172981 40.250000
3.942221 -3.000000 -4.537530 -4.317083 2.689912 0.204742 0.433509 -2.197595 40.300000
3.243376 -2.850063 -4.556214 -4.331509 2.580003 0.169176 0.432997 -2.196147 40.350000
2.909454 -2.777652 -4.574765 -4.344817 2.471998 0.129903 0.429362 -2.131868 40.400000
3.422120 -3.000000 -4.592996 -4.357167 2.367083 0.091568 0.422629 -2.071752 40.450000
4.321716 -3.000000 -4.610954 -4.368543 2.262091 0.060533 0.413562 -2.117669 40.500000
3.700848 -2.645806 -4.628837 -4.378704 2.155913 0.039781 0.402927 -2.126315 40.550000
3.070368 -3.000000 -4.646647 -4.387589 2.053280 0.017564 0.390962 -1.998711 40.600000
3.928792 -3.000000 -4.664208 -4.395417 1.951198 -0.007648 0.377707 -2.070766 40.650000
4.516479 -2.605464 -4.681494 -4.402134 1.847027 -0.023079 0.363426 -2.091529 40.700000
4.147513 -2.931931 -4.698551 -4.407403 1.746342 -0.028755 0.348921 -1.957801 40.750000
3.643484 -2.970097 -4.715296 -4.411144 1.646534 -0.035277 0.334540 -2.023370 40.800000
2.719840 -2.991606 -4.731603 -4.413577 1.544315 -0.045356 0.320004 -2.058928 40.850000
2.103173 -3.000000 -4.747393 -4.415051 1.440832 -0.062135 0.304952 -2.076629 40.900000
1.133505 -3.000000 -4.762659 -4.415926 1.336803 -0.082066 0.289048 -2.082647 40.950000
0.912029 -3.000000 -4.777472 -4.416542 1.232691 -0.107972 0.271996 -2.081071 41.000000
0.459884 -2.998493 -4.791928 -4.417117 1.128733 -0.132404 0.253691 -2.077131 41.050000
0.613495 -2.639780 -4.806122 -4.417727 1.024993 -0.157377 0.234221 -2.072616 41.100000
0.958530 -2.424598 -4.820098 -4.418348 0.925129 -0.176020 0.214282 -1.943247 41.150000
0.954084 -1.946574 -4.833766 -4.418804 0.831575 -0.186330 0.194829 -1.819153 41.200000
1.007970 -1.551221 -4.847028 -4.418980 0.746947 -0.191665 0.176736 -1.600280 41.250000
0.656478 -1.970352 -4.859804 -4.418845 0.673580 -0.191769 0.160650 -1.368887 41.300000
0.000000 -1.601844 -4.872093 -4.418438 0.603348 -0.192940 0.145527 -1.431815 41.350000
0.000000 -1.869941 -4.884069 -4.417892 0.534910 -0.198422 0.131007 -1.321846 41.400000
0.000000 -2.048981 -4.895836 -4.417274 0.467225 -0.202240 0.116869 -1.377980 41.450000
0.000000 -2.336747 -4.907388 -4.416558 0.395698 -0.205175 0.102496 -1.470189 41.500000
0.000000 -2.616430 -4.918718 -4.415715 0.318004 -0.207371 0.087578 -1.616286 41.550000
0.072192 -2.607439 -4.929820 -4.414712 0.232525 -0.208714 0.071917 -1.778294 41.600000
0.035598 -2.720975 -4.940659 -4.413515 0.141848 -0.207957 0.055999 -1.839671 41.650000
0.000000 -2.415483 -4.951195 -4.412106 0.047958 -0.205835 0.040243 -1.905867 41.700000
0.506996 -2.391567 -4.961406 -4.410485 -0.044938 -0.202137 0.025363 -1.823766 41.750000
0.000000 -2.267272 -4.971145 -4.408681 -0.135027 -0.192016 0.011843 -1.786262 41.800000
0.033588 -1.886589 -4.980386 -4.406724 -0.222670 -0.185413 -0.000354 -1.728869 41.850000
0.840273 -1.547738 -4.989224 -4.404636 -0.304508 -0.177449 -0.010931 -1.569338 41.900000
0.628879 -1.339925 -4.997465 -4.402524 -0.377567 -0.161424 -0.019390 -1.380855 41.950000
1.509701 -1.521135 -5.005002 -4.400489 -0.442148 -0.147505 -0.025847 -1.224439 42.000000
1.395773 -1.232745 -5.011729 -4.398654 -0.503420 -0.125557 -0.030931 -1.226193 42.050000
0.817696 -1.004373 -5.017536 -4.397145 -0.561624 -0.105275 -0.034673 -1.116778 42.100000
0.625398 -0.563531 -5.022620 -4.395921 -0.613589 -0.091197 -0.037139 -0.979739 42.150000
0.000000 -0.400431 -5.027182 -4.394911 -0.655934 -0.079799 -0.038465 -0.743342 42.200000
0.974583 -0.393464 -5.031417 -4.394015 -0.688090 -0.075125 -0.038938 -0.563807 42.250000
0.269757 -0.180834 -5.035289 -4.393296 -0.713694 -0.061908 -0.038871 -0.470711 42.300000
0.000000 0.233787 -5.038777 -4.392792 -0.733474 -0.056052 -0.038387 -0.335021 42.350000
0.285515 0.640385 -5.042077 -4.392352 -0.743459 -0.053445 -0.037476 -0.089058 42.400000
0.000000 0.537632 -5.045205 -4.391979 -0.739409 -0.048996 -0.036062 0.221236 42.450000
0.000000 0.504129 -5.048182 -4.391669 -0.724850 -0.047859 -0.034339 0.347970 42.500000
0.153604 0.133486 -5.051067 -4.391376 -0.705978 -0.046925 -0.032539 0.401261 42.550000
0.391897 0.015226 -5.053836 -4.391123 -0.689383 -0.044457 -0.030896 0.275781 42.600000
0.639013 0.235764 -5.056419 -4.390966 -0.678807 -0.039587 -0.029533 0.159058 42.650000
1.400961 0.667020 -5.058729 -4.390970 -0.670048 -0.032514 -0.028309 0.188432 42.700000
1.494122 0.799085 -5.060590 -4.391272 -0.655202 -0.018838 -0.027088 0.385066 42.750000
2.466230 0.969898 -5.061861 -4.391974 -0.631575 -0.005097 -0.025978 0.542672 42.800000
2.055501 1.081011 -5.062353 -4.393188 -0.600285 0.016932 -0.025244 0.691771 42.850000
2.004043 1.183309 -5.061973 -4.394938 -0.562402 0.034117 -0.025089 0.809400 42.900000
1.152453 0.915072 -5.060817 -4.397103 -0.519215 0.049991 -0.025544 0.906108 42.950000
0.619409 1.251519 -5.059077 -4.399522 -0.475596 0.057303 -0.026347 0.846182 43.000000
0.990986 1.558514 -5.057043 -4.402004 -0.430352 0.059273 -0.027338 0.950458 43.050000
1.019838 1.270115 -5.054752 -4.404507 -0.378100 0.064285 -0.028720 1.117718 43.100000
0.783313 1.223291 -5.052124 -4.407039 -0.323235 0.069165 -0.030359 1.081749 43.150000
1.645990 1.671518 -5.049213 -4.409558 -0.270110 0.071614 -0.031997 1.047743 43.200000
1.540904 1.992449 -5.045884 -4.412075 -0.213260 0.081691 -0.034031 1.205202 43.250000
0.616867 2.223225 -5.041981 -4.414587 -0.147575 0.089797 -0.036905 1.395482 43.300000
0.985641 2.313876 -5.037768 -4.416999 -0.073054 0.088263 -0.040389 1.561014 43.350000
1.517864 1.871135 -5.033393 -4.419256 0.007880 0.089482 -0.044153 1.661197 43.400000
2.425731 2.321293 -5.028668 -4.421331 0.087423 0.095278 -0.047894 1.539074 43.450000
1.717091 2.244923 -5.023285 -4.423154 0.167743 0.108812 -0.052128 1.656218 43.500000
1.164542 2.144057 -5.017254 -4.424658 0.251101 0.114525 -0.057002 1.675331 43.550000
0.947685 1.833381 -5.010916 -4.425851 0.334036 0.114371 -0.061837 1.646555 43.600000
1.595439 1.961002 -5.004477 -4.426764 0.412765 0.112062 -0.066091 1.521503 43.650000
1.913951 2.396113 -4.997869 -4.427344 0.488754 0.115679 -0.070019 1.518588 43.700000
2.328086 1.913801 -4.990931 -4.427468 0.569266 0.121245 -0.074453 1.677945 43.750000
1.857663 1.563324 -4.983585 -4.427015 0.649918 0.129938 -0.079143 1.565427 43.800000
1.240963 1.743954 -4.975903 -4.425966 0.723189 0.134253 -0.083348 1.391123 43.850000
1.554903 1.416116 -4.968125 -4.424473 0.792622 0.132720 -0.087122 1.386857 43.900000
1.649589 1.485247 -4.960338 -4.422576 0.858404 0.134269 -0.090417 1.262134 43.950000
0.862990 1.720591 -4.952502 -4.420204 0.920747 0.136789 -0.093365 1.235401 44.000000
1.187360 1.303839 -4.944750 -4.417488 0.984734 0.131443 -0.096308 1.313201 44.050000
1.433645 0.956742 -4.937170 -4.414518 1.046849 0.129328 -0.098801 1.188660 44.100000
1.495759 1.368721 -4.929697 -4.411182 1.100964 0.130488 -0.100443 1.000927 44.150000
1.725710 1.141045 -4.922307 -4.407419 1.153136 0.132332 -0.101916 1.076146 44.200000
2.325473 0.812246 -4.915003 -4.403174 1.205420 0.136121 -0.103448 1.022384 44.250000
3.161486 0.914819 -4.907741 -4.398271 1.252250 0.146009 -0.104629 0.870404 44.300000
3.657674 1.346315 -4.900448 -4.392402 1.294938 0.163802 -0.105782 0.841142 44.350000
4.470700 1.605425 -4.893099 -4.385291 1.341421 0.184875 -0.107977 0.998645 44.400000
4.055297 1.942325 -4.885731 -4.376684 1.396275 0.211246 -0.112073 1.173003 44.450000
3.570307 2.376359 -4.878464 -4.366553 1.460806 0.230841 -0.118453 1.379957 44.500000
2.918215 2.404608 -4.871489 -4.355181 1.536974 0.242570 -0.127298 1.630252 44.550000
2.405451 2.285109 -4.864969 -4.342923 1.621711 0.245255 -0.137704 1.742424 44.600000
1.657701 2.544846 -4.859001 -4.330131 1.708879 0.241408 -0.148126 1.744372 44.650000
2.198983 2.873858 -4.853606 -4.317169 1.798853 0.228975 -0.158154 1.839585 44.700000
1.665782 3.000000 -4.848810 -4.304152 1.895295 0.219407 -0.168169 1.993201 44.750000
1.940584 2.733384 -4.844625 -4.291157 1.997890 0.202527 -0.177846 2.093618 44.800000
2.507381 3.000000 -4.841034 -4.278308 2.100875 0.187518 -0.186067 2.035346 44.850000
1.861841 3.000000 -4.838121 -4.265477 2.204750 0.177059 -0.193194 2.107401 44.900000
2.477178 3.000000 -4.835863 -4.252742 2.310847 0.159482 -0.199293 2.131873 44.950000
2.552587 2.697436 -4.834252 -4.240170 2.417660 0.147321 -0.204135 2.139119 45.000000
2.446196 2.594876 -4.833393 -4.227696 2.521570 0.136535 -0.207634 2.034571 45.050000
2.120740 2.865523 -4.833279 -4.215367 2.621116 0.126008 -0.209814 1.959327 45.100000
1.275667 3.000000 -4.833819 -4.203280 2.721034 0.112515 -0.211105 2.025895 45.150000
1.262301 3.000000 -4.834739 -4.191589 2.824355 0.090602 -0.211330 2.094582 45.200000
0.673116 2.796667 -4.835824 -4.180369 2.929727 0.068884 -0.210055 2.115844 45.250000
0.492306 2.793662 -4.836919 -4.169617 3.033579 0.043247 -0.206981 2.048544 45.300000
0.223804 2.742567 -4.837854 -4.159307 3.135183 0.018076 -0.202085 2.019480 45.350000
0.436950 2.428623 -4.838542 -4.149374 -3.047944 -0.007446 -0.195518 1.987233 45.400000
0.000000 2.364345 -4.839007 -4.139757 -2.952240 -0.027921 -0.187595 1.860790 45.450000
0.862636 2.737355 -4.839248 -4.130390 -2.861303 -0.049417 -0.178649 1.787680 45.500000
0.000000 2.580304 -4.839406 -4.121267 -2.768882 -0.061282 -0.168880 1.892160 45.550000
0.512655 2.384533 -4.839511 -4.112347 -2.674796 -0.079819 -0.158358 1.873806 45.600000
0.619449 2.657547 -4.839530 -4.103583 -2.583365 -0.090970 -0.147369 1.795742 45.650000
1.607070 2.914759 -4.839632 -4.095042 -2.491601 -0.099392 -0.136103 1.863935 45.700000
1.824431 2.794571 -4.840038 -4.086879 -2.394987 -0.097759 -0.124669 1.981667 45.750000
2.059210 2.980216 -4.840948 -4.079301 -2.295859 -0.093105 -0.113671 1.983436 45.800000
1.474354 3.000000 -4.842389 -4.072429 -2.194731 -0.085308 -0.103368 2.050806 45.850000
1.986709 2.814010 -4.844254 -4.066239 -2.091256 -0.082190 -0.093668 2.083008 45.900000
2.197845 2.968516 -4.846467 -4.060759 -1.988654 -0.073019 -0.084801 2.030193 45.950000
2.962459 3.000000 -4.849030 -4.056180 -1.886090 -0.061071 -0.077019 2.066558 46.000000
2.078870 3.000000 -4.851908 -4.052743 -1.782032 -0.041626 -0.070600 2.091816 46.050000
1.321349 3.000000 -4.854972 -4.050426 -1.677156 -0.030395 -0.065512 2.101723 46.100000
1.155135 2.511776 -4.858053 -4.048846 -1.571956 -0.025989 -0.061173 2.105683 46.150000
1.080513 2.602216 -4.861068 -4.047781 -1.471633 -0.022323 -0.057364 1.935528 46.200000
1.321189 2.675258 -4.863969 -4.047172 -1.375735 -0.018670 -0.054015 1.905356 46.250000
0.915737 3.000000 -4.866703 -4.047046 -1.280031 -0.012495 -0.051122 1.920403 46.300000
1.277561 2.946009 -4.869240 -4.047340 -1.180493 -0.010230 -0.048585 2.041192 46.350000
1.502950 3.000000 -4.871540 -4.048017 -1.077708 -0.004573 -0.046398 2.066106 46.400000
1.419289 3.000000 -4.873501 -4.049165 -0.973583 0.003152 -0.044776 2.094207 46.450000
2.294896 2.615111 -4.875061 -4.050761 -0.868575 0.009944 -0.043752 2.104456 46.500000
1.984956 2.738304 -4.876047 -4.052882 -0.767183 0.024929 -0.043528 1.973197 46.550000
2.265019 2.552372 -4.876324 -4.055540 -0.668637 0.036606 -0.044220 1.969370 46.600000
2.527380 2.551180 -4.875853 -4.058628 -0.572120 0.050427 -0.045718 1.902378 46.650000
1.687600 2.918352 -4.874500 -4.062108 -0.477724 0.066049 -0.048095 1.877616 46.700000
2.504778 3.000000 -4.872374 -4.065808 -0.380300 0.072712 -0.051294 1.999506 46.750000
1.679883 2.915487 -4.869475 -4.069605 -0.278176 0.085906 -0.055343 2.073323 46.800000
1.692265 2.792083 -4.865827 -4.073400 -0.174587 0.090215 -0.059975 2.070763 46.850000
2.481396 3.000000 -4.861639 -4.077056 -0.072331 0.093936 -0.064655 2.026938 46.900000
2.799759 2.789657 -4.856754 -4.080510 0.030703 0.104106 -0.069747 2.084912 46.950000
3.635147 2.770941 -4.850965 -4.083666 0.133421 0.116128 -0.075448 2.032819 47.000000
4.627340 3.000000 -4.844074 -4.086371 0.234350 0.134804 -0.081923 2.008780 47.050000
5.570446 3.000000 -4.835768 -4.088391 0.336933 0.160805 -0.089974 2.082764 47.100000
5.211152 3.000000 -4.825779 -4.089404 0.441910 0.192999 -0.100180 2.112229 47.150000
5.217959 2.658538 -4.814193 -4.089165 0.547908 0.218872 -0.112354 2.126266 47.200000
6.000000 2.785323 -4.801317 -4.087545 0.650960 0.242463 -0.125476 2.015506 47.250000
5.085082 2.701772 -4.787239 -4.084303 0.751976 0.270859 -0.139702 2.024930 47.300000
5.191156 2.988165 -4.772238 -4.079366 0.852578 0.287707 -0.154974 2.003867 47.350000
5.253277 2.513221 -4.756706 -4.072804 0.955601 0.302189 -0.171368 2.101942 47.400000
5.528831 2.925930 -4.740874 -4.064561 1.056972 0.314792 -0.187791 1.975332 47.450000
4.859014 2.833118 -4.724931 -4.054569 1.158764 0.327061 -0.204671 2.080285 47.500000
4.136571 2.641659 -4.709165 -4.042951 1.263042 0.329544 -0.222063 2.090304 47.550000
4.830829 2.175198 -4.693889 -4.030075 1.365783 0.323323 -0.238336 2.030116 47.600000
4.863884 2.241754 -4.679251 -4.016006 1.461911 0.323896 -0.252291 1.845880 47.650000
4.408682 2.083496 -4.665330 -4.000634 1.552967 0.324817 -0.264651 1.803832 47.700000
4.461744 1.922902 -4.652249 -3.984135 1.641100 0.321094 -0.275808 1.733099 47.750000
4.359424 2.359403 -4.640101 -3.966677 1.725322 0.318257 -0.285472 1.649135 47.800000
4.886652 2.793797 -4.628967 -3.948355 1.811445 0.312741 -0.294996 1.776268 47.850000
5.480459 2.373142 -4.618971 -3.929209 1.906212 0.307643 -0.305782 1.981558 47.900000
6.000000 1.949771 -4.610299 -3.909159 2.003189 0.305963 -0.316405 1.909775 47.950000
6.000000 2.278849 -4.603147 -3.888098 2.093560 0.310767 -0.325290 1.733773 48.000000
5.514917 2.303971 -4.597661 -3.866047 2.181808 0.315266 -0.333723 1.788328 48.050000
4.894526 2.032275 -4.593857 -3.843287 2.272141 0.313108 -0.342390 1.820310 48.100000
5.687634 1.878048 -4.591624 -3.820191 2.360690 0.305115 -0.350011 1.734984 48.150000
4.885307 1.664570 -4.591034 -3.796856 2.444882 0.306060 -0.356189 1.646754 48.200000
3.910825 1.968449 -4.592104 -3.773390 2.523984 0.301364 -0.360929 1.534234 48.250000
3.472786 2.231009 -4.594511 -3.750144 2.602585 0.287580 -0.364892 1.599302 48.300000
3.207875 1.773753 -4.597952 -3.727398 2.685981 0.267474 -0.368715 1.717262 48.350000
2.458139 1.403556 -4.602243 -3.705302 2.768258 0.245917 -0.370936 1.591643 48.400000
2.622897 1.134708 -4.607162 -3.683943 2.842338 0.222256 -0.370383 1.398369 48.450000
3.450172 1.386496 -4.612611 -3.663331 2.906942 0.205955 -0.367352 1.210857 48.500000
3.855293 1.736166 -4.618843 -3.643384 2.967827 0.200112 -0.363400 1.222412 48.550000
3.915125 1.611861 -4.626114 -3.624084 3.032822 0.196550 -0.359979 1.358000 48.600000
4.717436 1.218371 -4.634469 -3.605488 3.100991 0.192429 -0.356929 1.367065 48.650000
5.015211 1.633080 -4.644075 -3.587654 -3.117972 0.198118 -0.353460 1.222357 48.700000
4.242724 1.560933 -4.655160 -3.570653 -3.054113 0.206808 -0.350424 1.318949 48.750000
3.897288 1.818266 -4.667529 -3.554566 -2.987750 0.207036 -0.348054 1.333462 48.800000
4.137013 1.758199 -4.680844 -3.539440 -2.918160 0.202721 -0.346150 1.435154 48.850000
4.219722 1.377007 -4.694996 -3.525335 -2.845864 0.199704 -0.344512 1.453733 48.900000
4.358115 1.851367 -4.709992 -3.512328 -2.777049 0.199377 -0.342335 1.318188 48.950000
3.675482 2.171721 -4.725831 -3.500490 -2.707683 0.200286 -0.340358 1.439074 49.000000
3.430168 1.846277 -4.742285 -3.489813 -2.630916 0.191555 -0.339291 1.606173 49.050000
3.190850 1.474520 -4.759052 -3.480231 -2.552180 0.180108 -0.337947 1.550815 49.100000
2.348534 1.557594 -4.775992 -3.471708 -2.479299 0.169758 -0.335301 1.387573 49.150000
2.697067 1.855318 -4.792899 -3.464110 -2.411049 0.154383 -0.331557 1.347134 49.200000
3.505396 1.965863 -4.809665 -3.457367 -2.341074 0.142427 -0.327475 1.437950 49.250000
4.258395 2.362459 -4.826430 -3.451664 -2.266982 0.137008 -0.323516 1.514128 49.300000
4.385149 2.647579 -4.843347 -3.447266 -2.186216 0.136252 -0.320199 1.689722 49.350000
5.275239 2.219016 -4.860406 -3.444322 -2.096777 0.133276 -0.317724 1.860602 49.400000
5.832115 2.392942 -4.877573 -3.443026 -2.006331 0.138543 -0.315478 1.771637 49.450000
4.937228 1.895850 -4.894848 -3.443694 -1.916880 0.149451 -0.313750 1.802170 49.500000
4.548271 2.283964 -4.912032 -3.446245 -1.831597 0.153594 -0.312083 1.635242 49.550000
3.940319 1.861577 -4.928894 -3.450389 -1.747626 0.154701 -0.310521 1.711794 49.600000
3.903311 1.587892 -4.945263 -3.455862 -1.665623 0.151133 -0.308702 1.587131 49.650000
3.372716 1.424088 -4.961034 -3.462503 -1.590615 0.150514 -0.306072 1.435508 49.700000
3.736647 1.009584 -4.976143 -3.470177 -1.522395 0.148086 -0.302736 1.310864 49.750000
2.930991 0.923126 -4.990537 -3.478848 -1.462844 0.153003 -0.298640 1.100124 49.800000
3.759497 1.166931 -5.004194 -3.488418 -1.411425 0.153858 -0.293934 0.973159 49.850000
3.225802 1.117786 -5.017073 -3.498885 -1.361709 0.163370 -0.289407 1.010975 49.900000
3.445908 1.272780 -5.029126 -3.510265 -1.311189 0.167534 -0.285372 1.010022 49.950000
