0.469625 0.265043 -0.880495 -0.598627 2.693777 -0.173068 0.000000 -0.686981 0.000000
1.066972 0.311699 -0.872955 -0.602281 2.671244 -0.162122 -0.002698 -0.261170 0.050000
1.228382 0.185237 -0.866033 -0.605660 2.664968 -0.146064 -0.003304 -0.014024 0.100000
1.212974 -0.285810 -0.859847 -0.608671 2.666593 -0.129153 -0.003036 0.071012 0.150000
1.234374 0.087387 -0.854396 -0.611305 2.665946 -0.113021 -0.002984 -0.082421 0.200000
1.562474 -0.150849 -0.849658 -0.613583 2.663818 -0.097296 -0.003045 -0.009600 0.250000
2.377001 -0.102602 -0.845675 -0.615477 2.661677 -0.079119 -0.003074 -0.070285 0.300000
2.391629 -0.164198 -0.842656 -0.616880 2.657792 -0.054051 -0.003153 -0.083811 0.350000
2.485070 -0.008367 -0.840732 -0.617716 2.652677 -0.029784 -0.003197 -0.117511 0.400000
3.170544 0.444813 -0.839881 -0.617991 2.648104 -0.005558 -0.003149 -0.069983 0.450000
2.410027 0.426718 -0.840221 -0.617633 2.650641 0.024106 -0.003079 0.150530 0.500000
3.190391 0.478381 -0.841691 -0.616679 2.661319 0.045559 -0.003249 0.265036 0.550000
3.916869 0.447029 -0.844265 -0.615169 2.676869 0.073431 -0.003808 0.348283 0.600000
4.596868 0.233935 -0.848226 -0.612991 2.695144 0.106969 -0.004861 0.379464 0.650000
4.219735 0.376137 -0.853833 -0.610065 2.712136 0.145531 -0.006220 0.307822 0.700000
3.912859 0.082856 -0.861101 -0.606425 2.728118 0.179091 -0.007864 0.329328 0.750000
4.878071 -0.048100 -0.869835 -0.602195 2.741538 0.208504 -0.009442 0.218914 0.800000
4.289960 -0.294680 -0.880129 -0.597356 2.749329 0.245794 -0.010371 0.104178 0.850000
3.689599 -0.252964 -0.892001 -0.591898 2.749913 0.276267 -0.010110 -0.064834 0.900000
4.522520 -0.371632 -0.905126 -0.585928 2.744550 0.300048 -0.008658 -0.142202 0.950000
4.858645 -0.582981 -0.919497 -0.579417 2.734882 0.330654 -0.006179 -0.235309 1.000000
5.000086 -0.859739 -0.935296 -0.572239 2.719278 0.363158 -0.002091 -0.374554 1.050000
5.382409 -1.224371 -0.952534 -0.564309 2.695339 0.395556 0.004483 -0.562700 1.100000
5.224628 -1.236206 -0.971209 -0.555503 2.660403 0.429790 0.014651 -0.806645 1.150000
6.000000 -1.309822 -0.991227 -0.545701 2.616562 0.460366 0.028092 -0.932497 1.200000
6.000000 -0.966793 -1.012556 -0.534737 2.567349 0.495769 0.043939 -1.025661 1.250000
5.848098 -0.795299 -1.035184 -0.522440 2.518465 0.528680 0.060296 -0.942285 1.300000
5.194677 -1.138964 -1.058934 -0.508795 2.474150 0.558211 0.075410 -0.844482 1.350000
4.810928 -0.673262 -1.083526 -0.493896 2.429233 0.579474 0.091081 -0.941928 1.400000
4.584824 -1.101288 -1.108639 -0.477868 2.385814 0.595565 0.106155 -0.812862 1.450000
5.386023 -1.336005 -1.134075 -0.460807 2.341957 0.607935 0.121370 -0.928899 1.500000
6.000000 -1.579417 -1.159790 -0.442584 2.291210 0.625016 0.139559 -1.083379 1.550000
6.000000 -1.113804 -1.185817 -0.422920 2.232175 0.644016 0.161529 -1.257455 1.600000
5.043532 -1.551636 -1.212031 -0.401684 2.171889 0.660159 0.184018 -1.169284 1.650000
4.152779 -1.214415 -1.238142 -0.379074 2.109493 0.664335 0.207188 -1.310053 1.700000
4.368546 -1.612399 -1.263748 -0.355479 2.045643 0.657704 0.230152 -1.254266 1.750000
5.297433 -1.324574 -1.288665 -0.331071 1.979099 0.650483 0.253276 -1.390674 1.800000
4.599403 -1.406591 -1.312866 -0.305650 1.910772 0.649477 0.276199 -1.350792 1.850000
3.994805 -1.754028 -1.336271 -0.279227 1.842611 0.640040 0.297990 -1.374382 1.900000
3.168674 -1.384295 -1.358677 -0.252161 1.769731 0.621377 0.320460 -1.520966 1.950000
2.712709 -1.042450 -1.379914 -0.224862 1.695788 0.593224 0.341352 -1.448077 2.000000
3.673736 -1.540292 -1.399949 -0.197669 1.627879 0.563016 0.357471 -1.290493 2.050000
3.207075 -1.280823 -1.418827 -0.170479 1.559921 0.541548 0.371810 -1.410730 2.100000
3.244035 -1.286943 -1.436535 -0.143241 1.490745 0.514754 0.384909 -1.362597 2.150000
3.036045 -0.899297 -1.453083 -0.116091 1.423192 0.489142 0.395670 -1.341659 2.200000
2.954238 -1.185157 -1.468498 -0.089085 1.360628 0.464509 0.403131 -1.181909 2.250000
2.039019 -0.739168 -1.482829 -0.062273 1.300520 0.440922 0.408473 -1.216375 2.300000
2.581522 -1.097995 -1.496161 -0.035885 1.244268 0.411601 0.411307 -1.053560 2.350000
1.987133 -0.704080 -1.508553 -0.009968 1.189897 0.389387 0.412484 -1.111923 2.400000
2.911859 -0.857995 -1.520039 0.015476 1.138032 0.363919 0.412012 -0.978196 2.450000
3.586719 -1.323343 -1.530609 0.040556 1.089302 0.349877 0.410040 -0.970775 2.500000
2.591740 -1.023664 -1.540103 0.065592 1.035851 0.340146 0.408904 -1.143623 2.550000
1.700859 -0.762508 -1.548568 0.090447 0.979861 0.320243 0.407820 -1.100219 2.600000
2.330469 -1.143607 -1.556251 0.114748 0.928420 0.295507 0.404883 -0.972130 2.650000
2.299372 -1.611241 -1.563199 0.138487 0.877441 0.278072 0.401198 -1.054768 2.700000
2.568025 -1.932116 -1.569350 0.161749 0.818702 0.257056 0.398432 -1.264601 2.750000
3.445642 -2.231636 -1.574705 0.184498 0.749605 0.233966 0.396653 -1.468309 2.800000
3.720951 -2.605166 -1.579114 0.206833 0.670753 0.214839 0.395463 -1.656086 2.850000
3.740557 -2.626902 -1.582423 0.228832 0.582031 0.193842 0.394626 -1.859258 2.900000
4.068796 -2.307824 -1.584627 0.250426 0.486760 0.170479 0.393252 -1.937196 2.950000
4.828758 -2.003232 -1.585684 0.271583 0.392505 0.151882 0.390371 -1.846279 3.000000
3.984411 -2.420226 -1.585351 0.292352 0.304453 0.144782 0.386070 -1.698405 3.050000
4.831584 -2.275362 -1.583642 0.312664 0.216888 0.130899 0.381244 -1.788898 3.100000
5.205651 -2.385926 -1.580588 0.332411 0.128026 0.125349 0.376094 -1.768329 3.150000
4.449225 -2.654718 -1.575939 0.351535 0.038716 0.123880 0.370954 -1.799020 3.200000
5.217301 -2.579960 -1.569849 0.369911 -0.054330 0.114183 0.365964 -1.905003 3.250000
5.781414 -2.201148 -1.562395 0.387409 -0.149906 0.111383 0.360933 -1.915992 3.300000
6.000000 -1.826852 -1.553334 0.403868 -0.241888 0.116333 0.355844 -1.784541 3.350000
5.773450 -2.227210 -1.542545 0.419107 -0.325779 0.127628 0.350759 -1.600135 3.400000
5.065180 -2.008718 -1.530107 0.432987 -0.407965 0.137724 0.346375 -1.676222 3.450000
4.378912 -1.771263 -1.516355 0.445469 -0.490371 0.141207 0.342546 -1.627572 3.500000
4.709995 -1.544204 -1.501686 0.456605 -0.568685 0.140502 0.338517 -1.520892 3.550000
4.772915 -1.892386 -1.486241 0.466362 -0.641076 0.146041 0.334159 -1.393554 3.600000
4.878300 -1.616049 -1.470022 0.474627 -0.712990 0.152570 0.330244 -1.471873 3.650000
4.808574 -2.014162 -1.453119 0.481331 -0.784590 0.160327 0.326781 -1.402584 3.700000
5.553559 -1.746309 -1.435645 0.486428 -0.858178 0.166563 0.324053 -1.523484 3.750000
6.000000 -1.903732 -1.417644 0.489772 -0.932963 0.179195 0.322044 -1.475664 3.800000
6.000000 -1.543133 -1.399098 0.491114 -1.007933 0.195566 0.320918 -1.517848 3.850000
6.000000 -1.575646 -1.380125 0.490349 -1.080567 0.212403 0.320355 -1.404987 3.900000
6.000000 -1.167458 -1.360889 0.487456 -1.149917 0.230045 0.320200 -1.374438 3.950000
5.159604 -1.214016 -1.341549 0.482432 -1.213984 0.249303 0.320038 -1.212067 4.000000
5.678091 -0.899813 -1.322302 0.475464 -1.273184 0.262128 0.319745 -1.163336 4.050000
6.000000 -1.118053 -1.303290 0.466636 -1.327405 0.281452 0.319163 -1.024976 4.100000
6.000000 -0.883339 -1.284565 0.455780 -1.379395 0.303995 0.318972 -1.052369 4.150000
6.000000 -1.337323 -1.266233 0.442877 -1.429915 0.326281 0.319271 -0.979283 4.200000
5.066428 -1.271922 -1.248419 0.427987 -1.483041 0.346487 0.320985 -1.127502 4.250000
4.866941 -1.051265 -1.231286 0.411426 -1.540671 0.355079 0.324288 -1.172380 4.300000
5.804798 -1.439633 -1.214965 0.393539 -1.597515 0.361569 0.327567 -1.110320 4.350000
6.000000 -1.362335 -1.199549 0.374216 -1.656553 0.375241 0.331745 -1.235318 4.400000
6.000000 -1.106853 -1.185174 0.353305 -1.719133 0.388191 0.337283 -1.264972 4.450000
6.000000 -0.630792 -1.171962 0.330870 -1.780094 0.400903 0.342722 -1.185588 4.500000
5.929866 -0.731498 -1.160000 0.306985 -1.833316 0.416340 0.346304 -0.972639 4.550000
5.403880 -0.568706 -1.149336 0.281710 -1.880437 0.433156 0.348551 -0.920183 4.600000
6.000000 -0.492640 -1.139978 0.255249 -1.924068 0.445939 0.350116 -0.836451 4.650000
6.000000 -0.159923 -1.131975 0.227646 -1.964041 0.465398 0.350942 -0.771755 4.700000
5.751772 0.080111 -1.125403 0.198829 -1.998167 0.486833 0.350322 -0.613339 4.750000
6.000000 0.547051 -1.120245 0.168879 -2.024054 0.509057 0.347331 -0.442446 4.800000
6.000000 0.495388 -1.116481 0.137791 -2.038501 0.538158 0.340635 -0.165409 4.850000
6.000000 0.546170 -1.114081 0.105478 -2.043333 0.570581 0.330720 -0.040878 4.900000
6.000000 0.558864 -1.112981 0.071936 -2.042952 0.604020 0.319095 0.047119 4.950000
6.000000 0.663918 -1.113110 0.037178 -2.039149 0.637506 0.306366 0.099486 5.000000
6.000000 0.636516 -1.114395 0.001226 -2.032186 0.670801 0.292520 0.171789 5.050000
5.459477 0.180574 -1.116753 -0.035903 -2.022824 0.703484 0.277832 0.200026 5.100000
4.615642 -0.088554 -1.120062 -0.074051 -2.017662 0.728062 0.265642 0.023888 5.150000
5.194539 0.331306 -1.124184 -0.112821 -2.022291 0.740245 0.258936 -0.188285 5.200000
4.674691 0.291480 -1.129122 -0.152061 -2.030049 0.756231 0.254147 -0.128075 5.250000
4.323889 0.013708 -1.134861 -0.191760 -2.035994 0.767385 0.248623 -0.111135 5.300000
3.329180 -0.339269 -1.141292 -0.231710 -2.044492 0.773998 0.244745 -0.217919 5.350000
3.966435 -0.373194 -1.148300 -0.271565 -2.061026 0.768468 0.245427 -0.421884 5.400000
3.527050 -0.453489 -1.155911 -0.311168 -2.085476 0.766371 0.250363 -0.543261 5.450000
3.236141 -0.211014 -1.164195 -0.350486 -2.115320 0.758234 0.257962 -0.640056 5.500000
3.062141 -0.365563 -1.173090 -0.389324 -2.146000 0.747149 0.265526 -0.593073 5.550000
2.645416 -0.016802 -1.182538 -0.427586 -2.176782 0.734581 0.272626 -0.633875 5.600000
2.794108 0.269450 -1.192460 -0.465159 -2.205131 0.719335 0.277899 -0.513680 5.650000
3.270812 0.645267 -1.202794 -0.502053 -2.225841 0.708867 0.278838 -0.333798 5.700000
3.559731 1.007084 -1.213583 -0.538490 -2.235521 0.707432 0.274083 -0.078270 5.750000
3.740023 1.460891 -1.224874 -0.574743 -2.231216 0.713905 0.262427 0.222672 5.800000
3.964854 1.116213 -1.236639 -0.611059 -2.210205 0.727373 0.242564 0.580985 5.850000
4.834258 1.492472 -1.248805 -0.647658 -2.179754 0.744656 0.218243 0.633580 5.900000
3.931111 1.529736 -1.261404 -0.684810 -2.142879 0.769970 0.190822 0.821752 5.950000
3.329816 1.494544 -1.274275 -0.722564 -2.098538 0.786136 0.159681 0.940924 6.000000
2.536496 1.076916 -1.287081 -0.760651 -2.049921 0.794946 0.126821 1.000660 6.050000
2.647765 0.963199 -1.299564 -0.798774 -2.003273 0.793643 0.096091 0.884566 6.100000
2.845603 0.999643 -1.311630 -0.836744 -1.961423 0.791081 0.069189 0.803436 6.150000
2.307173 1.210017 -1.323299 -0.874593 -1.921566 0.788852 0.044395 0.795474 6.200000
2.732233 1.438525 -1.334505 -0.912232 -1.879216 0.780491 0.019196 0.890453 6.250000
3.052246 1.302626 -1.345160 -0.949639 -1.830566 0.774961 -0.008440 1.040291 6.300000
3.938521 1.587507 -1.355216 -0.986976 -1.777733 0.770650 -0.037269 1.072835 6.350000
3.169242 1.247973 -1.364646 -1.024485 -1.720188 0.772292 -0.067675 1.214238 6.400000
3.705990 1.699803 -1.373350 -1.062137 -1.660995 0.764198 -0.097794 1.164420 6.450000
3.796457 1.271552 -1.381250 -1.099817 -1.598124 0.758427 -0.128605 1.331468 6.500000
3.911567 0.855319 -1.388256 -1.137595 -1.533738 0.750859 -0.158847 1.258217 6.550000
3.955393 1.097875 -1.394348 -1.175450 -1.475891 0.743784 -0.184212 1.082701 6.600000
4.634649 0.666005 -1.399541 -1.213377 -1.421038 0.736335 -0.206836 1.110523 6.650000
4.134013 0.547565 -1.403788 -1.251489 -1.369620 0.734936 -0.226679 0.967546 6.700000
3.319574 0.526780 -1.407096 -1.289794 -1.324177 0.729609 -0.242591 0.865040 6.750000
3.637285 0.659882 -1.409553 -1.327974 -1.282355 0.717285 -0.255798 0.815180 6.800000
4.237969 0.724225 -1.411191 -1.365900 -1.240672 0.707755 -0.268153 0.849140 6.850000
4.988518 0.739565 -1.411921 -1.403736 -1.196932 0.702729 -0.280894 0.896014 6.900000
4.473968 1.074873 -1.411597 -1.441716 -1.151198 0.703334 -0.294116 0.930704 6.950000
4.597988 0.580678 -1.410158 -1.479800 -1.100369 0.696188 -0.309316 1.084071 7.000000
5.106408 0.414068 -1.407595 -1.517798 -1.049467 0.689450 -0.323731 0.968497 7.050000
5.180554 0.873751 -1.403838 -1.555809 -1.004239 0.689362 -0.334724 0.856186 7.100000
5.942888 0.379746 -1.398820 -1.593913 -0.957698 0.688678 -0.345992 0.989884 7.150000
5.474500 0.174416 -1.392401 -1.632163 -0.911756 0.694692 -0.356615 0.865330 7.200000
6.000000 0.195872 -1.384545 -1.670579 -0.872269 0.698697 -0.363819 0.731663 7.250000
6.000000 0.454564 -1.375252 -1.709151 -0.837130 0.709229 -0.368803 0.681234 7.300000
6.000000 0.389066 -1.364446 -1.747917 -0.800731 0.718427 -0.374517 0.765971 7.350000
5.851987 0.766156 -1.352120 -1.786760 -0.761883 0.725674 -0.381489 0.786875 7.400000
6.000000 0.903773 -1.338298 -1.825537 -0.717939 0.728149 -0.391006 0.951705 7.450000
6.000000 1.291438 -1.322974 -1.864070 -0.666545 0.727223 -0.404064 1.087947 7.500000
6.000000 1.660855 -1.306128 -1.902182 -0.606049 0.720214 -0.421213 1.304063 7.550000
5.996741 1.723683 -1.287786 -1.939626 -0.534095 0.705218 -0.443088 1.541272 7.600000
6.000000 2.057061 -1.268009 -1.976141 -0.453461 0.683239 -0.467501 1.666399 7.650000
5.587379 1.686466 -1.246883 -2.011510 -0.365140 0.654493 -0.493241 1.839817 7.700000
6.000000 1.369644 -1.224612 -2.045511 -0.275086 0.619010 -0.516769 1.772452 7.750000
6.000000 1.868448 -1.201269 -2.078077 -0.190588 0.590253 -0.534973 1.628889 7.800000
5.179482 2.157147 -1.176822 -2.109190 -0.105610 0.560381 -0.550986 1.750155 7.850000
4.277134 2.030694 -1.151597 -2.138719 -0.013915 0.517223 -0.566773 1.892121 7.900000
3.549663 2.332693 -1.126143 -2.166577 0.080607 0.463485 -0.579777 1.885325 7.950000
3.940872 2.317977 -1.100930 -2.192809 0.177477 0.401886 -0.589149 1.969818 8.000000
3.531154 1.913448 -1.076112 -2.217482 0.276202 0.343945 -0.594536 1.972750 8.050000
4.124867 2.270101 -1.051704 -2.240684 0.370153 0.287984 -0.594631 1.806068 8.100000
4.207280 2.465544 -1.027617 -2.262467 0.461850 0.241780 -0.590904 1.849609 8.150000
4.396875 2.398133 -1.003727 -2.282815 0.556379 0.196501 -0.584772 1.915717 8.200000
5.313412 2.706818 -0.980017 -2.301732 0.651745 0.155029 -0.576042 1.897226 8.250000
4.320498 3.000000 -0.956309 -2.319080 0.749236 0.123279 -0.565376 1.984497 8.300000
4.593893 3.000000 -0.932684 -2.334904 0.852051 0.081000 -0.552913 2.103590 8.350000
3.743635 3.000000 -0.909330 -2.349350 0.958097 0.042378 -0.538077 2.129746 8.400000
3.229509 2.618642 -0.886342 -2.362546 1.064496 -0.000642 -0.520699 2.123114 8.450000
2.268302 2.219852 -0.863864 -2.374748 1.166326 -0.040992 -0.500854 1.971686 8.500000
1.441024 1.778557 -0.841972 -2.386202 1.258861 -0.079739 -0.479269 1.760372 8.550000
2.118537 2.248756 -0.820726 -2.397190 1.339641 -0.114507 -0.456867 1.506800 8.600000
2.216810 2.740354 -0.800070 -2.407642 1.416868 -0.137039 -0.433967 1.571316 8.650000
1.346423 3.000000 -0.779931 -2.417375 1.501251 -0.159431 -0.409907 1.771941 8.700000
1.838578 3.000000 -0.760282 -2.426609 1.594671 -0.191051 -0.383945 1.936876 8.750000
1.132749 3.000000 -0.741075 -2.435432 1.693197 -0.216043 -0.356285 1.994120 8.800000
0.293690 3.000000 -0.722249 -2.443846 1.793459 -0.243664 -0.327475 2.012761 8.850000
1.028206 3.000000 -0.703693 -2.452125 1.894257 -0.274244 -0.297507 2.017945 8.900000
0.475000 2.559911 -0.685370 -2.460191 1.995221 -0.292728 -0.266808 2.020800 8.950000
0.537316 2.966585 -0.667281 -2.467897 2.091819 -0.309994 -0.236842 1.868807 9.000000
0.715569 2.612884 -0.649409 -2.475246 2.187922 -0.321949 -0.207038 1.961491 9.050000
0.000000 2.825417 -0.631803 -2.482114 2.283459 -0.327789 -0.177795 1.875502 9.100000
0.000000 2.496166 -0.614427 -2.488528 2.378638 -0.336230 -0.149167 1.925130 9.150000
0.000000 2.151202 -0.597210 -2.494545 2.472158 -0.340409 -0.121503 1.832214 9.200000
0.000000 2.434171 -0.580220 -2.500113 2.559294 -0.340138 -0.096214 1.678829 9.250000
0.638181 2.610094 -0.563528 -2.505207 2.644623 -0.336778 -0.072344 1.728211 9.300000
0.000000 2.266473 -0.547314 -2.509735 2.733563 -0.325189 -0.048896 1.816967 9.350000
0.265295 2.740820 -0.531620 -2.513688 2.821938 -0.317231 -0.026992 1.732648 9.400000
1.120517 2.727309 -0.516425 -2.517123 2.912700 -0.304611 -0.005954 1.876262 9.450000
0.336164 2.469096 -0.502031 -2.519989 3.008045 -0.281988 0.014187 1.929882 9.500000
1.197280 2.031363 -0.488497 -2.522335 3.102528 -0.265114 0.032139 1.861370 9.550000
0.976155 1.945655 -0.475876 -2.524264 -3.092836 -0.239173 0.046842 1.680355 9.600000
0.710281 2.389686 -0.464324 -2.525884 -3.011722 -0.215221 0.058392 1.579785 9.650000
1.441454 2.747734 -0.453714 -2.527283 -2.929183 -0.193362 0.068426 1.703005 9.700000
1.751584 2.679080 -0.444145 -2.528559 -2.838902 -0.163712 0.077580 1.880098 9.750000
1.457012 2.981342 -0.435829 -2.529870 -2.743690 -0.130767 0.084926 1.921371 9.800000
1.698515 2.606229 -0.428714 -2.531335 -2.644087 -0.100481 0.090235 2.042384 9.850000
1.205348 2.543953 -0.422713 -2.533071 -2.544581 -0.068558 0.093154 1.952245 9.900000
0.453200 2.578390 -0.417676 -2.535150 -2.448617 -0.042638 0.093781 1.895163 9.950000
1.152187 2.673780 -0.413279 -2.537467 -2.354153 -0.024896 0.092857 1.884787 10.000000
0.431612 3.000000 -0.409431 -2.540070 -2.259068 -0.001445 0.090580 1.913526 10.050000
0.000000 2.766048 -0.406057 -2.542990 -2.159744 0.014565 0.087025 2.038580 10.100000
0.471319 3.000000 -0.402930 -2.546035 -2.058913 0.025599 0.082615 2.000780 10.150000
0.878517 3.000000 -0.399996 -2.549225 -1.956884 0.040078 0.077408 2.068842 10.200000
0.057139 2.562038 -0.397277 -2.552752 -1.852743 0.057221 0.071154 2.092595 10.250000
0.000000 3.000000 -0.394679 -2.556507 -1.752368 0.064814 0.064364 1.946624 10.300000
0.194727 2.844582 -0.392106 -2.560269 -1.652076 0.070643 0.057330 2.048235 10.350000
0.000000 3.000000 -0.389533 -2.564052 -1.550185 0.077205 0.050008 2.030425 10.400000
0.000000 2.903080 -0.386941 -2.567831 -1.447251 0.080751 0.042510 2.078880 10.450000
0.129428 2.465375 -0.384317 -2.571534 -1.343785 0.083146 0.035018 2.062595 10.500000
0.137856 2.458486 -0.381652 -2.575164 -1.245319 0.085420 0.027910 1.902489 10.550000
0.000000 2.624230 -0.378942 -2.578728 -1.151981 0.086597 0.021238 1.841026 10.600000
0.269768 2.232200 -0.376205 -2.582176 -1.058869 0.085614 0.014800 1.877663 10.650000
0.063290 2.212786 -0.373430 -2.585517 -0.968653 0.086346 0.008767 1.751122 10.700000
0.000000 2.642677 -0.370623 -2.588751 -0.882697 0.084390 0.003237 1.695842 10.750000
0.000000 2.966071 -0.367833 -2.591816 -0.794017 0.081288 -0.002112 1.830274 10.800000
0.000000 2.551771 -0.365079 -2.594694 -0.697665 0.077609 -0.007500 1.996749 10.850000
0.421782 2.719057 -0.362374 -2.597377 -0.600312 0.073379 -0.012489 1.911398 10.900000
0.531630 2.810828 -0.359652 -2.599923 -0.503925 0.072618 -0.017086 1.939573 10.950000
1.376207 2.979124 -0.356820 -2.602385 -0.405691 0.072266 -0.021586 1.982746 11.000000
2.059722 3.000000 -0.353684 -2.604821 -0.304356 0.079066 -0.026332 2.058196 11.050000
2.919517 2.937304 -0.349918 -2.607283 -0.200429 0.091165 -0.031759 2.093163 11.100000
1.971604 2.820501 -0.345194 -2.609742 -0.096031 0.109945 -0.038181 2.084454 11.150000
1.700723 3.000000 -0.339580 -2.612074 0.006924 0.118322 -0.045272 2.041207 11.200000
2.636075 3.000000 -0.333412 -2.614161 0.110390 0.122821 -0.052641 2.089502 11.250000
2.916340 2.805648 -0.326596 -2.615898 0.215391 0.134660 -0.060506 2.107762 11.300000
2.505711 2.935034 -0.318931 -2.617143 0.319009 0.147619 -0.068887 2.047477 11.350000
2.767778 3.000000 -0.310545 -2.617810 0.422109 0.155110 -0.077685 2.072650 11.400000
2.200270 3.000000 -0.301580 -2.617825 0.526702 0.163325 -0.086930 2.105860 11.450000
1.997396 2.710273 -0.292209 -2.617166 0.632371 0.164495 -0.096331 2.118990 11.500000
2.605250 2.321853 -0.282683 -2.615896 0.735515 0.162781 -0.105085 2.023104 11.550000
2.539204 2.096166 -0.273005 -2.613935 0.831676 0.166665 -0.112793 1.851574 11.600000
2.182220 2.030032 -0.263155 -2.611183 0.920063 0.170068 -0.119554 1.706937 11.650000
2.183824 2.098149 -0.253263 -2.607712 1.003118 0.170145 -0.125548 1.627635 11.700000
1.912588 1.857380 -0.243441 -2.603590 1.084332 0.169903 -0.131111 1.621952 11.750000
1.948066 1.501089 -0.233776 -2.598882 1.162833 0.167064 -0.136062 1.531743 11.800000
2.291705 1.071004 -0.224328 -2.593647 1.234589 0.165456 -0.139914 1.363099 11.850000
2.005401 1.460587 -0.215088 -2.587802 1.296103 0.168751 -0.142452 1.129821 11.900000
2.391008 1.032089 -0.206069 -2.581338 1.353941 0.169778 -0.144570 1.177379 11.950000
1.587095 0.822913 -0.197308 -2.574247 1.408755 0.174791 -0.146357 1.034409 12.000000
1.253670 1.155968 -0.188840 -2.566637 1.456364 0.173474 -0.147261 0.888602 12.050000
1.444071 0.672889 -0.180709 -2.558776 1.502564 0.169341 -0.147877 0.951320 12.100000
1.627732 0.206803 -0.172929 -2.550706 1.545606 0.167747 -0.147991 0.790404 12.150000
2.587095 -0.159068 -0.165486 -2.542330 1.577758 0.170122 -0.146796 0.526490 12.200000
1.832969 -0.150405 -0.158363 -2.533360 1.596226 0.184094 -0.144096 0.242796 12.250000
2.470057 0.132683 -0.151538 -2.523738 1.604296 0.192603 -0.140253 0.094747 12.300000
1.734719 0.314521 -0.144993 -2.513496 1.610094 0.207166 -0.136295 0.133624 12.350000
1.955760 -0.013248 -0.138728 -2.502687 1.619490 0.213711 -0.133059 0.232409 12.400000
2.668392 -0.115687 -0.132745 -2.491456 1.628805 0.222110 -0.129963 0.148636 12.450000
2.852953 -0.394021 -0.127047 -2.479596 1.633791 0.237593 -0.126342 0.059630 12.500000
3.698128 -0.550009 -0.121625 -2.466910 1.632165 0.255324 -0.121736 -0.108593 12.550000
3.155172 -0.231106 -0.116458 -2.453172 1.622371 0.281508 -0.115696 -0.267001 12.600000
4.111393 0.011219 -0.111503 -2.438342 1.610355 0.301880 -0.109260 -0.218514 12.650000
4.086598 0.368841 -0.106741 -2.422369 1.602978 0.329562 -0.103893 -0.089094 12.700000
4.375574 0.568109 -0.102188 -2.405098 1.604711 0.354616 -0.100805 0.137230 12.750000
4.776574 0.671458 -0.097891 -2.386542 1.617365 0.379873 -0.100713 0.347861 12.800000
3.805462 0.676564 -0.093926 -2.366615 1.639083 0.406571 -0.103396 0.504488 12.850000
4.297164 1.024377 -0.090358 -2.345527 1.666659 0.422242 -0.108033 0.589585 12.900000
4.383162 1.163910 -0.087253 -2.323459 1.701306 0.440561 -0.115032 0.775275 12.950000
4.168043 1.603964 -0.084724 -2.300359 1.744226 0.457204 -0.124867 0.924182 13.000000
4.857670 1.616787 -0.082876 -2.276357 1.797334 0.468694 -0.138165 1.169267 13.050000
4.515585 1.416852 -0.081866 -2.251469 1.859160 0.483331 -0.154448 1.289060 13.100000
4.296447 1.519408 -0.081820 -2.225747 1.923092 0.492347 -0.171403 1.272379 13.150000
4.959359 1.921380 -0.082770 -2.199431 1.987774 0.497314 -0.188358 1.311169 13.200000
4.531353 2.089691 -0.084832 -2.172558 2.058279 0.505112 -0.207119 1.485836 13.250000
4.247605 2.259270 -0.088111 -2.145256 2.136591 0.504422 -0.228207 1.627377 13.300000
4.597562 2.268666 -0.092588 -2.117861 2.221528 0.496676 -0.250681 1.752467 13.350000
4.299828 2.711463 -0.098308 -2.090546 2.310798 0.488366 -0.273395 1.810792 13.400000
4.897225 2.490092 -0.105280 -2.063481 2.406705 0.472285 -0.296818 1.996504 13.450000
4.098991 2.223166 -0.113540 -2.036823 2.506340 0.457859 -0.319586 1.990950 13.500000
5.041543 1.935591 -0.123003 -2.010736 2.603137 0.435012 -0.339305 1.896581 13.550000
5.859260 2.111302 -0.133665 -1.985293 2.693986 0.422305 -0.355273 1.759596 13.600000
6.000000 1.859789 -0.145858 -1.960392 2.782338 0.417080 -0.369368 1.773092 13.650000
6.000000 1.682584 -0.159740 -1.936090 2.868574 0.412852 -0.382020 1.689979 13.700000
6.000000 1.590576 -0.175299 -1.912515 2.950330 0.409783 -0.392680 1.595298 13.750000
5.824284 1.408393 -0.192490 -1.889788 3.028088 0.407901 -0.401653 1.525947 13.800000
4.835447 1.620733 -0.211219 -1.868027 3.101686 0.405887 -0.408985 1.432120 13.850000
4.786390 2.017050 -0.231157 -1.847342 -3.108730 0.394546 -0.415484 1.472385 13.900000
4.597485 2.172624 -0.251967 -1.827828 -3.030477 0.379425 -0.422590 1.633007 13.950000
3.991290 2.606450 -0.273462 -1.809573 -2.945432 0.358458 -0.430211 1.749592 14.000000
4.383841 2.935990 -0.295321 -1.792607 -2.852267 0.327040 -0.437955 1.943794 14.050000
3.858406 2.751262 -0.317338 -1.776962 -2.749780 0.293987 -0.445342 2.123402 14.100000
2.871544 2.299718 -0.339351 -1.762622 -2.643851 0.254402 -0.450455 2.112563 14.150000
2.114297 2.545687 -0.361003 -1.749403 -2.543256 0.210026 -0.451318 1.936805 14.200000
2.873597 2.358867 -0.381996 -1.737041 -2.446081 0.162554 -0.448416 1.944847 14.250000
2.939221 2.496081 -0.402371 -1.725494 -2.351005 0.125815 -0.442488 1.867572 14.300000
3.862877 2.283799 -0.422315 -1.714862 -2.257304 0.092812 -0.434312 1.876241 14.350000
3.653854 2.597411 -0.441984 -1.705316 -2.165811 0.072074 -0.424504 1.794701 14.400000
3.150507 2.928570 -0.461466 -1.696996 -2.073859 0.051189 -0.413729 1.869660 14.450000
4.089946 2.934703 -0.480626 -1.689738 -1.976297 0.024714 -0.401943 2.008075 14.500000
4.126457 2.666505 -0.499446 -1.683608 -1.874508 0.007329 -0.389099 2.054449 14.550000
4.988364 2.397488 -0.517952 -1.678815 -1.774155 -0.006505 -0.375570 1.972354 14.600000
5.359766 2.408896 -0.536105 -1.675598 -1.679240 -0.007251 -0.362029 1.844876 14.650000
4.864347 2.076944 -0.553824 -1.674264 -1.588248 -0.000933 -0.349186 1.802018 14.700000
4.286960 2.470271 -0.570965 -1.674775 -1.502057 0.004304 -0.337159 1.667001 14.750000
3.564681 2.760260 -0.587401 -1.676857 -1.416076 0.005435 -0.325782 1.758118 14.800000
3.599968 2.726884 -0.603069 -1.680137 -1.324147 -0.001462 -0.314639 1.896526 14.850000
3.366650 3.000000 -0.617924 -1.684385 -1.228197 -0.008065 -0.303425 1.934884 14.900000
3.720710 2.943777 -0.631918 -1.689498 -1.128258 -0.016733 -0.292055 2.044127 14.950000
2.905938 3.000000 -0.644975 -1.695434 -1.025505 -0.021328 -0.280568 2.062695 15.000000
2.910876 3.000000 -0.657093 -1.702044 -0.921629 -0.032137 -0.268899 2.087666 15.050000
3.633735 2.984728 -0.668323 -1.709117 -0.817022 -0.041090 -0.256889 2.095030 15.100000
3.599130 2.995273 -0.678499 -1.716731 -0.712362 -0.041306 -0.244960 2.091947 15.150000
3.716340 2.540233 -0.687446 -1.724918 -0.607680 -0.040186 -0.233485 2.094975 15.200000
4.507073 2.939888 -0.695082 -1.733587 -0.507552 -0.035037 -0.222754 1.936675 15.250000
4.106783 2.484944 -0.701156 -1.742724 -0.408243 -0.021106 -0.213126 2.022181 15.300000
3.326142 2.010876 -0.705554 -1.752217 -0.310867 -0.009662 -0.204728 1.894270 15.350000
3.670426 2.404443 -0.708500 -1.761822 -0.222438 -0.002429 -0.197304 1.677320 15.400000
3.924405 2.035945 -0.710065 -1.771386 -0.136839 0.009315 -0.190758 1.737683 15.450000
3.223360 1.987557 -0.710126 -1.780810 -0.053103 0.024157 -0.185211 1.628996 15.500000
3.922704 1.998485 -0.708809 -1.789962 0.026636 0.033494 -0.180502 1.569817 15.550000
3.914757 2.456005 -0.706146 -1.798723 0.104597 0.049876 -0.176640 1.551810 15.600000
3.338999 2.904979 -0.702034 -1.806968 0.186855 0.064892 -0.173980 1.714145 15.650000
2.908800 3.000000 -0.696708 -1.814600 0.279102 0.071876 -0.172545 1.939848 15.700000
2.203927 2.669538 -0.690502 -1.821573 0.379521 0.072825 -0.171828 2.057465 15.750000
1.488047 3.000000 -0.683752 -1.827906 0.480235 0.067223 -0.170967 1.983221 15.800000
2.091657 3.000000 -0.676804 -1.833704 0.581984 0.055091 -0.169550 2.071608 15.850000
1.293090 2.795991 -0.669723 -1.838960 0.686464 0.048637 -0.167609 2.102228 15.900000
1.599233 2.904597 -0.662572 -1.843702 0.789779 0.035587 -0.164967 2.040331 15.950000
1.982057 2.989892 -0.655454 -1.847994 0.892229 0.026485 -0.161585 2.054939 16.000000
2.115711 2.582075 -0.648285 -1.851709 0.995984 0.021498 -0.157832 2.089303 16.050000
1.493976 2.101749 -0.641037 -1.854737 1.096613 0.019142 -0.153883 1.957649 16.100000
1.294609 1.734435 -0.633797 -1.857154 1.188099 0.013527 -0.149677 1.736857 16.150000
1.843357 1.307037 -0.626667 -1.859105 1.268612 0.008996 -0.145199 1.516908 16.200000
1.695533 1.284987 -0.619636 -1.860483 1.337342 0.012502 -0.140755 1.268041 16.250000
1.222275 1.624068 -0.612703 -1.861175 1.397492 0.016514 -0.136567 1.153734 16.300000
1.730461 1.859333 -0.605927 -1.861325 1.457442 0.016343 -0.132611 1.233352 16.350000
2.508588 1.413343 -0.599339 -1.860940 1.522630 0.020286 -0.128944 1.356899 16.400000
1.631748 1.886234 -0.592959 -1.859742 1.587191 0.031727 -0.125738 1.241898 16.450000
1.139903 1.519453 -0.586832 -1.857779 1.652994 0.034638 -0.123014 1.371950 16.500000
1.326852 1.694034 -0.580982 -1.855402 1.719224 0.033035 -0.120414 1.288927 16.550000
2.091009 1.466974 -0.575424 -1.852692 1.784540 0.033607 -0.117862 1.319422 16.600000
2.505113 1.719265 -0.570226 -1.849449 1.848443 0.041700 -0.115559 1.246982 16.650000
1.703609 2.120260 -0.565497 -1.845436 1.912646 0.053467 -0.113807 1.312242 16.700000
1.954232 2.303678 -0.561247 -1.840795 1.983361 0.056467 -0.112710 1.490620 16.750000
1.495975 2.595991 -0.557470 -1.835709 2.061940 0.060566 -0.112157 1.631461 16.800000
0.834316 2.493296 -0.554171 -1.830280 2.148194 0.059122 -0.112022 1.793476 16.850000
0.207515 2.447639 -0.551227 -1.824782 2.238588 0.050978 -0.111751 1.818191 16.900000
0.000000 2.490249 -0.548456 -1.819470 2.329274 0.037342 -0.110794 1.810233 16.950000
0.961146 2.207464 -0.545712 -1.814475 2.420116 0.022436 -0.108949 1.821348 17.000000
0.348542 2.204255 -0.543114 -1.809652 2.508337 0.017674 -0.106495 1.722884 17.050000
0.702925 2.278625 -0.540718 -1.804928 2.593336 0.008169 -0.103647 1.683033 17.100000
1.016785 2.476708 -0.538480 -1.800334 2.677806 0.002734 -0.100444 1.693980 17.150000
1.706942 2.324433 -0.536535 -1.795793 2.764697 0.000469 -0.097125 1.769792 17.200000
2.589868 1.929795 -0.535102 -1.791239 2.852441 0.004977 -0.093990 1.744062 17.250000
2.745642 2.276321 -0.534534 -1.786610 2.935229 0.018485 -0.091478 1.591141 17.300000
2.368441 2.382603 -0.535067 -1.781934 3.016719 0.033325 -0.089882 1.658433 17.350000
1.498927 2.514026 -0.536622 -1.777322 3.101539 0.043826 -0.089166 1.724355 17.400000
1.454773 2.590594 -0.538873 -1.772880 -3.093306 0.045477 -0.088949 1.797741 17.450000
2.366431 2.225970 -0.541574 -1.768671 -3.001809 0.046290 -0.088920 1.853307 17.500000
2.542226 2.582854 -0.544898 -1.764770 -2.912323 0.055780 -0.089149 1.743616 17.550000
2.433434 2.882943 -0.549052 -1.761294 -2.822616 0.066452 -0.090037 1.831024 17.600000
1.803488 3.000000 -0.553980 -1.758324 -2.726977 0.074819 -0.091805 1.971844 17.650000
2.617800 2.768433 -0.559436 -1.755864 -2.625663 0.076033 -0.094137 2.065242 17.700000
2.271849 2.542154 -0.565379 -1.753999 -2.523784 0.084360 -0.096762 2.017986 17.750000
1.517671 2.399696 -0.571823 -1.752833 -2.425701 0.089288 -0.099538 1.921336 17.800000
1.540233 2.767386 -0.578495 -1.752239 -2.332143 0.087283 -0.102036 1.834898 17.850000
1.252079 3.000000 -0.585219 -1.752117 -2.237523 0.085109 -0.104382 1.933889 17.900000
0.692474 2.564398 -0.591903 -1.752416 -2.137368 0.079248 -0.106699 2.052594 17.950000
1.368072 3.000000 -0.598401 -1.752961 -2.037973 0.068251 -0.108285 1.941372 18.000000
1.431562 2.933828 -0.604711 -1.753772 -1.937612 0.063633 -0.109319 2.054259 18.050000
2.276231 2.802803 -0.610880 -1.754990 -1.834395 0.059231 -0.110115 2.071464 18.100000
2.502361 2.520937 -0.616917 -1.756810 -1.731986 0.062867 -0.110821 2.031654 18.150000
1.677396 3.000000 -0.622806 -1.759464 -1.633716 0.068985 -0.111660 1.917973 18.200000
2.031884 2.965961 -0.628459 -1.762787 -1.534085 0.066869 -0.112687 2.046068 18.250000
3.004098 3.000000 -0.633800 -1.766631 -1.430778 0.067422 -0.113796 2.080441 18.300000
2.294570 2.551494 -0.638724 -1.771260 -1.326039 0.076590 -0.115303 2.105175 18.350000
2.166468 2.715896 -0.643142 -1.776673 -1.225108 0.079188 -0.116971 1.956818 18.400000
2.539569 3.000000 -0.647038 -1.782627 -1.127143 0.080745 -0.118572 1.961124 18.450000
3.121762 3.000000 -0.650329 -1.789109 -1.026107 0.084981 -0.120509 2.063419 18.500000
3.879864 3.000000 -0.652848 -1.796221 -0.921846 0.093633 -0.123048 2.100948 18.550000
3.564079 2.780606 -0.654339 -1.804099 -0.816381 0.108383 -0.126457 2.115582 18.600000
4.233600 3.000000 -0.654667 -1.812672 -0.712662 0.119403 -0.130567 2.045337 18.650000
4.130070 2.997899 -0.653705 -1.821830 -0.608845 0.135570 -0.135564 2.098840 18.700000
3.703370 2.817197 -0.651309 -1.831464 -0.503323 0.149057 -0.141655 2.119117 18.750000
3.928254 2.861981 -0.647566 -1.841320 -0.398965 0.157385 -0.148220 2.064782 18.800000
4.858461 2.425238 -0.642519 -1.851201 -0.295797 0.166780 -0.155084 2.062729 18.850000
5.678277 1.940293 -0.635931 -1.861020 -0.197122 0.184454 -0.162128 1.910163 18.900000
5.800343 1.882373 -0.627428 -1.870684 -0.108224 0.210321 -0.169069 1.682692 18.950000
5.902175 1.839535 -0.616840 -1.880036 -0.027153 0.237299 -0.176213 1.577342 19.000000
6.000000 1.348050 -0.604192 -1.888879 0.050159 0.264267 -0.184003 1.524296 19.050000
5.635853 1.772862 -0.589532 -1.897032 0.120639 0.292017 -0.191650 1.325051 19.100000
4.704796 1.906401 -0.573020 -1.904351 0.189182 0.315045 -0.199931 1.406370 19.150000
5.340885 1.852110 -0.555092 -1.910739 0.262002 0.326494 -0.209739 1.494542 19.200000
4.355914 1.699526 -0.535953 -1.916074 0.337288 0.341668 -0.220477 1.515143 19.250000
4.410974 1.570743 -0.515815 -1.920285 0.411763 0.346252 -0.231159 1.471197 19.300000
5.083137 1.275339 -0.494991 -1.923376 0.483512 0.351000 -0.241034 1.408667 19.350000
5.756473 1.322584 -0.473422 -1.925218 0.550122 0.362610 -0.249666 1.275688 19.400000
5.870521 0.836052 -0.450931 -1.925601 0.612912 0.380567 -0.257699 1.241987 19.450000
6.000000 0.352768 -0.427482 -1.924374 0.669451 0.400443 -0.264531 1.047216 19.500000
5.523590 0.290038 -0.403107 -1.921468 0.714155 0.424572 -0.268516 0.776502 19.550000
4.606159 -0.106311 -0.377909 -1.916929 0.748798 0.446802 -0.269996 0.628058 19.600000
5.138951 0.170112 -0.352158 -1.910982 0.773770 0.463134 -0.268757 0.397249 19.650000
5.663294 0.519563 -0.325916 -1.903706 0.793560 0.485681 -0.266185 0.395432 19.700000
5.189673 0.838962 -0.299069 -1.894944 0.817385 0.510768 -0.265495 0.542507 19.750000
5.387072 0.736424 -0.271738 -1.884698 0.850289 0.527123 -0.268544 0.750436 19.800000
5.558471 0.684938 -0.244128 -1.873015 0.889610 0.542091 -0.274277 0.815766 19.850000
5.230164 0.722796 -0.216308 -1.859829 0.930831 0.556993 -0.280964 0.832457 19.900000
4.328427 0.488953 -0.188411 -1.845182 0.973227 0.567393 -0.288259 0.861134 19.950000
5.286178 0.974193 -0.160694 -1.829322 1.014173 0.569173 -0.294878 0.786671 20.000000
5.000045 1.249174 -0.133219 -1.812249 1.057994 0.578203 -0.302629 0.947394 20.050000
5.021391 0.978673 -0.106049 -1.793856 1.110601 0.579983 -0.313901 1.133705 20.100000
4.109484 1.330308 -0.079376 -1.774233 1.166819 0.579488 -0.326263 1.118381 20.150000
4.494464 1.752874 -0.053392 -1.753610 1.226461 0.568047 -0.339359 1.249998 20.200000
4.079986 1.617317 -0.028277 -1.732158 1.295190 0.555220 -0.355122 1.468679 20.250000
4.162053 1.902902 -0.004175 -1.709969 1.369826 0.534671 -0.371777 1.510860 20.300000
4.102785 2.079074 0.018801 -1.687199 1.448901 0.511770 -0.388344 1.633642 20.350000
4.579335 2.121711 0.040564 -1.663944 1.533818 0.484349 -0.404970 1.745294 20.400000
3.680652 1.846980 0.061043 -1.640219 1.622729 0.458383 -0.420722 1.801651 20.450000
3.874581 1.816900 0.080208 -1.616218 1.710471 0.424084 -0.433610 1.719261 20.500000
3.540378 1.558728 0.098078 -1.592152 1.795045 0.393521 -0.443088 1.669635 20.550000
3.665564 1.902268 0.114682 -1.568078 1.875073 0.362939 -0.449150 1.547819 20.600000
2.711489 1.856503 0.130051 -1.544054 1.954510 0.334552 -0.453185 1.617100 20.650000
2.084727 2.241391 0.144274 -1.520312 2.035450 0.297163 -0.455540 1.617455 20.700000
1.235197 1.940088 0.157545 -1.497216 2.120083 0.252979 -0.456186 1.744542 20.750000
2.197462 1.861661 0.170106 -1.475074 2.205221 0.202407 -0.454021 1.668448 20.800000
2.985660 2.013904 0.181998 -1.453792 2.286616 0.165450 -0.448794 1.595227 20.850000
3.853731 2.413709 0.192998 -1.432990 2.366892 0.138586 -0.441794 1.611036 20.900000
4.207698 2.539022 0.202860 -1.412402 2.451646 0.118958 -0.434144 1.755067 20.950000
3.593856 2.339739 0.211399 -1.391912 2.542165 0.100912 -0.426079 1.849162 21.000000
4.570584 2.045876 0.218686 -1.371629 2.633427 0.078470 -0.417029 1.806285 21.050000
4.760433 1.935342 0.224622 -1.351562 2.720075 0.069709 -0.407042 1.678755 21.100000
4.661055 1.736578 0.228926 -1.331644 2.801363 0.067145 -0.396810 1.586492 21.150000
4.026698 1.610162 0.231547 -1.311953 2.877504 0.067604 -0.386636 1.475540 21.200000
3.686234 1.978552 0.232631 -1.292621 2.948618 0.065788 -0.376555 1.382296 21.250000
3.728747 2.466051 0.232400 -1.273774 3.020535 0.061429 -0.366734 1.479761 21.300000
3.115681 2.098211 0.230979 -1.255499 3.100790 0.054477 -0.357329 1.696997 21.350000
3.259442 1.749635 0.228573 -1.237873 -3.099012 0.041625 -0.347771 1.645372 21.400000
3.234900 1.963576 0.225300 -1.220946 -3.021079 0.034224 -0.337798 1.494103 21.450000
3.809995 1.872845 0.221124 -1.204764 -2.945899 0.029166 -0.327788 1.510311 21.500000
4.296829 1.808780 0.215944 -1.189406 -2.871175 0.030849 -0.318031 1.482777 21.550000
5.007455 2.218884 0.209562 -1.174999 -2.798022 0.038620 -0.308834 1.448708 21.600000
5.261064 1.777793 0.201783 -1.161715 -2.721577 0.052207 -0.300651 1.588955 21.650000
5.300170 1.929487 0.192519 -1.149737 -2.645111 0.068426 -0.293537 1.485835 21.700000
5.466733 2.382429 0.181818 -1.139204 -2.570334 0.085739 -0.287514 1.503461 21.750000
4.571305 2.670950 0.169786 -1.130236 -2.490085 0.102365 -0.282998 1.680515 21.800000
4.595164 2.377189 0.156749 -1.122800 -2.400988 0.107081 -0.279903 1.855891 21.850000
5.136938 2.259828 0.143042 -1.116825 -2.309306 0.111205 -0.277372 1.817652 21.900000
5.123009 2.447330 0.128714 -1.112466 -2.220040 0.121403 -0.275197 1.762210 21.950000
6.000000 2.042488 0.113842 -1.109867 -2.130544 0.131215 -0.273771 1.810461 22.000000
6.000000 2.102591 0.098501 -1.109237 -2.043657 0.149901 -0.273019 1.685487 22.050000
6.000000 2.024997 0.082778 -1.110785 -1.960070 0.169128 -0.273108 1.662488 22.100000
5.681443 2.399891 0.066885 -1.114517 -1.877936 0.188089 -0.274146 1.629004 22.150000
6.000000 2.676777 0.051055 -1.120338 -1.792843 0.202064 -0.276546 1.755851 22.200000
6.000000 2.913677 0.035521 -1.128182 -1.700678 0.215412 -0.280748 1.907368 22.250000
5.201842 2.990434 0.020509 -1.138023 -1.601153 0.224784 -0.286701 2.050709 22.300000
5.690051 2.914092 0.006257 -1.149549 -1.496277 0.223409 -0.293566 2.130976 22.350000
6.000000 3.000000 -0.007036 -1.162561 -1.389651 0.224947 -0.300465 2.133933 22.400000
6.000000 3.000000 -0.019173 -1.177111 -1.282012 0.227886 -0.307459 2.166506 22.450000
5.072049 2.614214 -0.029963 -1.193104 -1.173316 0.229241 -0.314538 2.179484 22.500000
5.120420 2.864466 -0.039346 -1.210175 -1.068133 0.222467 -0.320566 2.049641 22.550000
5.920656 3.000000 -0.047305 -1.228006 -0.964455 0.216269 -0.325683 2.090477 22.600000
6.000000 3.000000 -0.053650 -1.246598 -0.858120 0.215853 -0.330790 2.152547 22.650000
6.000000 3.000000 -0.058182 -1.265908 -0.749839 0.214574 -0.335943 2.174968 22.700000
5.772394 3.000000 -0.060825 -1.285733 -0.640852 0.212283 -0.340879 2.183129 22.750000
6.000000 3.000000 -0.061580 -1.305822 -0.531616 0.207153 -0.345386 2.185729 22.800000
5.596914 2.648829 -0.060429 -1.325963 -0.422313 0.203676 -0.349408 2.186244 22.850000
5.253720 2.802020 -0.057409 -1.345942 -0.316592 0.197772 -0.352389 2.063211 22.900000
4.429295 2.739431 -0.052690 -1.365529 -0.213174 0.189648 -0.354435 2.071626 22.950000
4.250675 3.000000 -0.046577 -1.384512 -0.110207 0.174175 -0.355472 2.049752 23.000000
3.563387 2.599443 -0.039351 -1.402740 -0.005369 0.156663 -0.355494 2.129194 23.050000
3.119946 2.585064 -0.031275 -1.420126 0.097703 0.134401 -0.353823 2.011873 23.100000
2.335088 2.431661 -0.022631 -1.436646 0.196777 0.111142 -0.350196 1.958339 23.150000
1.770806 2.770778 -0.013709 -1.452335 0.292386 0.083717 -0.344666 1.877327 23.200000
1.220692 2.298458 -0.004807 -1.467285 0.388720 0.052577 -0.337381 1.960436 23.250000
0.655153 2.708897 0.003841 -1.481626 0.482565 0.019697 -0.328083 1.814785 23.300000
0.000000 3.000000 0.012064 -1.495514 0.575799 -0.015642 -0.316839 1.898963 23.350000
0.000000 3.000000 0.019674 -1.509167 0.674477 -0.056479 -0.303317 2.025152 23.400000
0.000000 2.805663 0.026632 -1.522758 0.776890 -0.095296 -0.287269 2.063159 23.450000
0.000000 2.924056 0.033063 -1.536344 0.878309 -0.129899 -0.269189 2.002314 23.500000
0.000000 2.733219 0.039099 -1.549945 0.978897 -0.160296 -0.249484 2.017741 23.550000
0.760717 2.764064 0.044863 -1.563561 1.077920 -0.186259 -0.228645 1.953349 23.600000
1.679417 2.680115 0.050540 -1.577001 1.175204 -0.200813 -0.207351 1.940320 23.650000
2.055125 3.000000 0.056345 -1.589864 1.271250 -0.203156 -0.186397 1.907544 23.700000
1.060341 3.000000 0.062368 -1.601816 1.369648 -0.199783 -0.165878 2.012070 23.750000
0.457505 3.000000 0.068550 -1.612972 1.471427 -0.203779 -0.145553 2.052916 23.800000
0.580760 2.575341 0.074817 -1.623663 1.574556 -0.210679 -0.125333 2.069975 23.850000
0.235463 2.097096 0.081158 -1.633942 1.673927 -0.212822 -0.106044 1.928899 23.900000
0.000000 2.111775 0.087552 -1.643801 1.763951 -0.214401 -0.088715 1.707752 23.950000
0.000000 1.717426 0.093982 -1.653321 1.847081 -0.215340 -0.072958 1.630019 24.000000
0.815743 1.425118 0.100435 -1.662517 1.923580 -0.213970 -0.058770 1.456365 24.050000
0.087279 0.980935 0.106806 -1.671186 1.991285 -0.203092 -0.046707 1.277826 24.100000
0.183324 0.729113 0.113041 -1.679311 2.048236 -0.197799 -0.036984 1.033563 24.150000
1.153347 0.245328 0.119156 -1.687039 2.094071 -0.190655 -0.029384 0.826384 24.200000
0.174835 0.471947 0.124985 -1.694170 2.127266 -0.173921 -0.024068 0.535814 24.250000
1.058279 0.137778 0.130502 -1.700743 2.152594 -0.166479 -0.020181 0.483339 24.300000
1.399240 0.131302 0.135702 -1.706805 2.172222 -0.150856 -0.017275 0.319508 24.350000
0.564079 0.416160 0.140415 -1.712151 2.185742 -0.132466 -0.015323 0.230580 24.400000
0.823359 0.072576 0.144712 -1.716911 2.199246 -0.122501 -0.013580 0.302255 24.450000
1.346450 -0.268484 0.148681 -1.721220 2.211467 -0.110456 -0.012104 0.197344 24.500000
1.382466 0.210548 0.152211 -1.724954 2.215800 -0.093865 -0.011372 -0.004516 24.550000
0.469992 0.312463 0.155233 -1.728039 2.218071 -0.077533 -0.010852 0.086765 24.600000
0.000000 -0.061175 0.157888 -1.730663 2.225002 -0.070360 -0.010122 0.181215 24.650000
0.233500 0.218739 0.160387 -1.733097 2.231155 -0.067808 -0.009477 0.075265 24.700000
0.000000 -0.174129 0.162763 -1.735395 2.236564 -0.063168 -0.008905 0.135285 24.750000
0.418417 -0.613504 0.165023 -1.737561 2.239666 -0.060842 -0.008467 0.001555 24.800000
1.257775 -0.635686 0.167138 -1.739569 2.232549 -0.054597 -0.008470 -0.260483 24.850000
1.060515 -0.613643 0.168928 -1.741195 2.215358 -0.040667 -0.008761 -0.411241 24.900000
1.162478 -0.451382 0.170318 -1.742334 2.192867 -0.029023 -0.009021 -0.480766 24.950000
1.622038 -0.342323 0.171347 -1.743011 2.169683 -0.016852 -0.009095 -0.449961 25.000000
2.366457 -0.468506 0.171969 -1.743127 2.148871 -0.000895 -0.008921 -0.389090 25.050000
3.192026 -0.027222 0.172060 -1.742457 2.128856 0.021369 -0.008470 -0.409283 25.100000
4.124473 0.186043 0.171469 -1.740708 2.113157 0.050411 -0.007795 -0.236697 25.150000
3.293055 -0.084183 0.170028 -1.737563 2.106362 0.086922 -0.007219 -0.053072 25.200000
2.750106 -0.125611 0.167767 -1.733051 2.103367 0.114288 -0.006759 -0.065508 25.250000
3.080594 -0.021618 0.164883 -1.727497 2.099419 0.135576 -0.006177 -0.090067 25.300000
2.741284 0.093643 0.161432 -1.720976 2.095753 0.159117 -0.005585 -0.059476 25.350000
2.505412 -0.343231 0.157439 -1.713529 2.094601 0.178582 -0.005263 0.007130 25.400000
2.344078 -0.820329 0.152992 -1.705306 2.090877 0.195124 -0.004579 -0.141814 25.450000
2.223891 -0.448508 0.148175 -1.696404 2.076007 0.209573 -0.002260 -0.423782 25.500000
1.819852 -0.108902 0.143076 -1.686885 2.054951 0.222295 0.001058 -0.419103 25.550000
2.660347 0.184780 0.137785 -1.676870 2.037935 0.230699 0.003764 -0.276692 25.600000
2.055675 0.574497 0.132261 -1.666288 2.029589 0.246587 0.005043 -0.077047 25.650000
1.420603 0.277851 0.126468 -1.655126 2.033343 0.256314 0.004185 0.200594 25.700000
1.832624 -0.178439 0.120509 -1.643680 2.044153 0.259786 0.002054 0.229030 25.750000
1.931976 -0.143159 0.114402 -1.632012 2.050750 0.266916 0.000754 0.052237 25.800000
2.925626 -0.047307 0.108115 -1.620019 2.051063 0.274676 0.000672 -0.031842 25.850000
3.111550 0.250326 0.101549 -1.607480 2.049287 0.291357 0.001009 -0.038580 25.900000
3.637781 0.479562 0.094591 -1.594175 2.050740 0.309111 0.000653 0.085061 25.950000
4.320020 0.910742 0.087156 -1.579999 2.059564 0.331044 -0.001399 0.251467 26.000000
4.925940 1.298481 0.079080 -1.564766 2.079581 0.358342 -0.006305 0.520606 26.050000
5.276602 0.947024 0.070153 -1.548313 2.113841 0.389783 -0.015273 0.815659 26.100000
4.651147 1.057134 0.060179 -1.530582 2.154778 0.422561 -0.026618 0.821989 26.150000
4.562339 1.513220 0.049143 -1.511759 2.197283 0.447492 -0.038912 0.873022 26.200000
5.461585 1.873286 0.037086 -1.492116 2.246752 0.469372 -0.053793 1.080443 26.250000
6.000000 2.265489 0.023811 -1.471680 2.307483 0.496608 -0.072925 1.318179 26.300000
5.346011 2.464420 0.009006 -1.450431 2.380690 0.524514 -0.097151 1.575240 26.350000
5.840995 2.822532 -0.007385 -1.428683 2.464791 0.540948 -0.125827 1.763024 26.400000
6.000000 2.828046 -0.025383 -1.406779 2.559061 0.555860 -0.158444 1.976946 26.450000
6.000000 3.000000 -0.045109 -1.384965 2.660593 0.565583 -0.193647 2.072393 26.500000
6.000000 2.889108 -0.066538 -1.363552 2.767312 0.568494 -0.230182 2.181696 26.550000
6.000000 2.958418 -0.089565 -1.342850 2.876721 0.565130 -0.266490 2.195824 26.600000
6.000000 3.000000 -0.114051 -1.323119 2.987653 0.556036 -0.301646 2.237398 26.650000
5.935315 3.000000 -0.139825 -1.304587 3.100612 0.541278 -0.335404 2.276627 26.700000
5.158960 2.839657 -0.166678 -1.287446 -3.068160 0.520842 -0.367090 2.297919 26.750000
4.311916 2.670974 -0.194219 -1.271814 -2.954573 0.489837 -0.395232 2.253747 26.800000
4.197384 2.188694 -0.221919 -1.257681 -2.844062 0.449986 -0.418457 2.178694 26.850000
5.168406 2.403589 -0.249470 -1.244973 -2.740938 0.411955 -0.435495 1.978265 26.900000
5.698025 2.461188 -0.277026 -1.233734 -2.642057 0.384929 -0.448349 1.976068 26.950000
5.346741 2.274580 -0.304802 -1.224124 -2.542790 0.362090 -0.459089 1.990994 27.000000
5.200069 1.864253 -0.332706 -1.216182 -2.445128 0.336634 -0.467319 1.924706 27.050000
4.689674 2.152811 -0.360562 -1.209855 -2.354012 0.314135 -0.472050 1.746616 27.100000
5.480793 2.093107 -0.388214 -1.205052 -2.265795 0.289197 -0.474475 1.775501 27.150000
5.547435 1.714589 -0.415612 -1.201824 -2.177479 0.272322 -0.475514 1.758390 27.200000
6.000000 1.361302 -0.442789 -1.200334 -2.093836 0.259721 -0.474685 1.609177 27.250000
5.545990 1.031245 -0.469740 -1.200720 -2.018894 0.257596 -0.471839 1.416653 27.300000
5.563766 1.139103 -0.496410 -1.203027 -1.953905 0.258036 -0.467226 1.211561 27.350000
4.991563 1.615104 -0.522699 -1.207196 -1.894676 0.262679 -0.461854 1.164197 27.400000
4.374092 1.538007 -0.548472 -1.213082 -1.831907 0.260016 -0.457405 1.323931 27.450000
4.937847 1.243929 -0.573532 -1.220346 -1.764666 0.249318 -0.453609 1.359564 27.500000
4.990629 1.110146 -0.597792 -1.228933 -1.699495 0.245911 -0.449232 1.260727 27.550000
5.397655 1.123985 -0.621222 -1.238978 -1.639145 0.246458 -0.444104 1.166076 27.600000
6.000000 0.746694 -0.643765 -1.250574 -1.581863 0.253023 -0.438777 1.130294 27.650000
5.024587 0.905463 -0.665353 -1.263928 -1.529864 0.268466 -0.433092 0.971484 27.700000
4.954785 0.775693 -0.685926 -1.278926 -1.481519 0.276770 -0.427365 0.963690 27.750000
4.561965 1.128820 -0.705435 -1.295273 -1.434830 0.285420 -0.421800 0.910973 27.800000
4.998725 1.278868 -0.723842 -1.312804 -1.386054 0.289222 -0.417089 1.025403 27.850000
5.258750 1.348166 -0.741081 -1.331429 -1.331663 0.294039 -0.413864 1.135762 27.900000
5.502564 1.472114 -0.757048 -1.351194 -1.272714 0.298727 -0.411898 1.212048 27.950000
5.157463 1.357563 -0.771639 -1.372094 -1.209803 0.303402 -0.411050 1.293422 28.000000
4.399003 1.174302 -0.784794 -1.393985 -1.145358 0.303889 -0.410666 1.285510 28.050000
5.177673 1.595817 -0.796563 -1.416540 -1.083175 0.298629 -0.409691 1.211579 28.100000
5.200435 1.260566 -0.806899 -1.439690 -1.018970 0.299750 -0.409119 1.338864 28.150000
6.000000 1.464680 -0.815672 -1.463483 -0.954085 0.300706 -0.408732 1.266711 28.200000
6.000000 1.140170 -0.822728 -1.487975 -0.889399 0.309184 -0.408554 1.314663 28.250000
5.970879 0.935993 -0.827914 -1.513190 -0.826521 0.318343 -0.408361 1.214977 28.300000
5.555384 1.042096 -0.831191 -1.539022 -0.769149 0.329956 -0.407366 1.096711 28.350000
5.907894 0.786743 -0.832603 -1.565308 -0.714576 0.338874 -0.406177 1.087969 28.400000
4.969670 1.056674 -0.832142 -1.591934 -0.663012 0.352458 -0.404713 0.988517 28.450000
5.965416 0.845290 -0.829910 -1.618727 -0.611840 0.357096 -0.403560 1.050532 28.500000
5.382552 1.056338 -0.825899 -1.645581 -0.560782 0.370924 -0.402740 0.999448 28.550000
4.526241 1.335097 -0.820042 -1.672448 -0.509076 0.378472 -0.402528 1.061227 28.600000
4.175029 1.372378 -0.812660 -1.699032 -0.452168 0.374896 -0.403797 1.196700 28.650000
3.792531 1.615409 -0.804052 -1.725078 -0.390277 0.365339 -0.406057 1.268456 28.700000
3.048781 1.449871 -0.794423 -1.750420 -0.323430 0.349664 -0.408945 1.387567 28.750000
3.721450 1.698547 -0.784076 -1.774896 -0.254512 0.326323 -0.411282 1.370035 28.800000
4.415113 1.930398 -0.773058 -1.798468 -0.183689 0.308902 -0.412977 1.450072 28.850000
4.157150 2.408047 -0.761112 -1.821145 -0.107871 0.295640 -0.414920 1.564755 28.900000
4.303429 2.826738 -0.748232 -1.842861 -0.023375 0.275374 -0.417660 1.780379 28.950000
4.372765 2.340252 -0.734572 -1.863514 0.072254 0.250593 -0.421031 2.006345 29.000000
3.463644 2.069515 -0.720207 -1.883028 0.169815 0.225987 -0.422887 1.910041 29.050000
3.939842 1.912374 -0.705363 -1.901408 0.261288 0.197314 -0.421904 1.769114 29.100000
3.184180 1.768317 -0.690133 -1.918656 0.346366 0.178084 -0.418545 1.650732 29.150000
3.268097 1.719731 -0.674569 -1.934786 0.425889 0.156188 -0.413402 1.544421 29.200000
4.084347 1.618450 -0.658811 -1.949839 0.501215 0.138869 -0.406898 1.477107 29.250000
3.752543 1.288289 -0.642677 -1.963696 0.573102 0.132376 -0.399658 1.407772 29.300000
4.395356 0.805605 -0.626088 -1.976270 0.639067 0.126952 -0.391819 1.252215 29.350000
5.108453 1.037439 -0.608993 -1.987464 0.694516 0.133951 -0.383311 0.999830 29.400000
5.821658 0.570617 -0.591151 -1.997027 0.743894 0.151051 -0.374996 0.978961 29.450000
6.000000 0.695646 -0.572385 -2.004702 0.787537 0.177543 -0.367049 0.791767 29.500000
6.000000 0.837533 -0.552614 -2.010308 0.826185 0.207577 -0.359605 0.759797 29.550000
5.656610 0.755184 -0.531916 -2.013809 0.865490 0.236490 -0.353355 0.808143 29.600000
5.668759 0.290724 -0.510472 -2.015272 0.905772 0.260928 -0.348238 0.804890 29.650000
6.000000 0.726997 -0.488433 -2.014761 0.940921 0.287204 -0.343001 0.623991 29.700000
6.000000 0.641438 -0.465821 -2.012211 0.974685 0.316392 -0.338391 0.717184 29.750000
6.000000 1.055917 -0.442710 -2.007587 1.011005 0.343443 -0.335209 0.734991 29.800000
5.266232 1.275224 -0.419231 -2.000922 1.052748 0.367069 -0.334195 0.914018 29.850000
4.602473 1.717005 -0.395645 -1.992412 1.103322 0.378918 -0.336085 1.087275 29.900000
4.373704 1.394994 -0.372285 -1.982401 1.164741 0.378933 -0.341052 1.335620 29.950000
4.928583 1.681968 -0.349408 -1.971137 1.231109 0.374069 -0.347031 1.321232 30.000000
4.727434 1.726195 -0.327096 -1.958587 1.300096 0.372758 -0.353364 1.423899 30.050000
4.050834 1.477597 -0.305446 -1.944736 1.373006 0.367119 -0.360327 1.483828 30.100000
3.883558 1.702691 -0.284607 -1.929844 1.445242 0.355112 -0.366393 1.415232 30.150000
3.566768 1.594915 -0.264671 -1.914148 1.517551 0.341442 -0.371612 1.468715 30.200000
3.948168 1.313970 -0.245699 -1.897817 1.590402 0.324631 -0.375979 1.447546 30.250000
3.347225 1.516618 -0.227725 -1.880870 1.659456 0.313623 -0.378596 1.330762 30.300000
3.810042 1.544126 -0.210761 -1.863378 1.726696 0.298207 -0.380087 1.354466 30.350000
3.134931 1.439100 -0.194834 -1.845418 1.794920 0.287076 -0.381095 1.371340 30.400000
3.422474 1.504340 -0.179955 -1.827086 1.862478 0.270403 -0.381253 1.334996 30.450000
2.830472 1.770419 -0.166118 -1.808502 1.929394 0.257408 -0.380575 1.339970 30.500000
3.717157 1.805067 -0.153306 -1.789776 1.999199 0.238007 -0.379664 1.436909 30.550000
2.752215 2.164611 -0.141560 -1.770911 2.072458 0.225922 -0.378573 1.485426 30.600000
2.444374 1.974082 -0.130867 -1.751990 2.151000 0.202750 -0.377409 1.632516 30.650000
3.211246 1.951546 -0.121063 -1.733336 2.232142 0.176468 -0.375241 1.614086 30.700000
3.927694 2.187592 -0.112202 -1.714879 2.312253 0.159157 -0.371769 1.592321 30.750000
3.454577 1.731308 -0.104510 -1.696387 2.394014 0.148744 -0.367823 1.666065 30.800000
2.875838 1.847244 -0.098027 -1.677883 2.473264 0.136058 -0.363069 1.524313 30.850000
3.371579 2.134001 -0.092586 -1.659552 2.548975 0.120762 -0.357382 1.505732 30.900000
3.420672 2.530209 -0.088176 -1.641446 2.626997 0.110145 -0.351401 1.600189 30.950000
3.639665 2.223785 -0.084876 -1.623566 2.712182 0.097634 -0.345526 1.778664 31.000000
4.072286 2.256509 -0.082709 -1.605968 2.799828 0.087192 -0.339306 1.733480 31.050000
3.190668 2.008622 -0.081814 -1.588667 2.886288 0.082464 -0.332767 1.725748 31.100000
3.972751 1.945073 -0.082084 -1.571761 2.969837 0.071805 -0.325817 1.630177 31.150000
4.446163 2.151207 -0.083504 -1.555327 3.049548 0.071295 -0.318591 1.567592 31.200000
4.096988 1.680732 -0.086354 -1.539406 3.129389 0.075907 -0.311760 1.618534 31.250000
4.346901 1.473036 -0.090623 -1.524095 -3.077250 0.079199 -0.305190 1.466090 31.300000
3.790655 1.964343 -0.096275 -1.509493 -3.007930 0.088315 -0.298763 1.327094 31.350000
3.358451 1.889830 -0.103205 -1.495672 -2.937948 0.092223 -0.292955 1.454006 31.400000
3.157726 2.188508 -0.111107 -1.482668 -2.864540 0.091147 -0.287634 1.478574 31.450000
3.568710 2.271159 -0.119770 -1.470502 -2.787171 0.087229 -0.282630 1.598069 31.500000
3.290817 2.671513 -0.129161 -1.459239 -2.705041 0.085982 -0.277951 1.675193 31.550000
2.314361 2.300302 -0.139221 -1.448935 -2.616238 0.080206 -0.273632 1.849169 31.600000
2.437580 2.167246 -0.149607 -1.439480 -2.525779 0.065508 -0.268880 1.779489 31.650000
2.651664 2.104661 -0.160120 -1.430793 -2.439028 0.054479 -0.263308 1.702011 31.700000
3.427901 2.005426 -0.170809 -1.422946 -2.355499 0.047672 -0.257267 1.647219 31.750000
3.793793 1.768015 -0.181805 -1.416129 -2.274822 0.050004 -0.251207 1.588792 31.800000
2.882825 1.954354 -0.193224 -1.410578 -2.198552 0.057775 -0.245478 1.478654 31.850000
2.516032 1.812951 -0.204913 -1.406220 -2.123912 0.057892 -0.240108 1.503292 31.900000
3.184002 1.707402 -0.216632 -1.402819 -2.049972 0.055357 -0.234827 1.460424 31.950000
3.414121 1.248593 -0.228356 -1.400449 -1.978583 0.060451 -0.229695 1.403570 32.000000
2.681387 1.195101 -0.240114 -1.399316 -1.913985 0.070064 -0.224788 1.208117 32.050000
3.080160 0.865647 -0.251806 -1.399324 -1.856540 0.075079 -0.220029 1.103883 32.100000
2.548289 0.504317 -0.263353 -1.400411 -1.806242 0.086082 -0.215349 0.930913 32.150000
3.386038 0.965382 -0.274715 -1.402554 -1.765918 0.094921 -0.210543 0.709469 32.200000
3.057615 0.737035 -0.285873 -1.405828 -1.728238 0.112205 -0.206109 0.788746 32.250000
3.990697 0.432634 -0.296801 -1.410315 -1.690229 0.125902 -0.202261 0.738151 32.300000
4.148005 0.095833 -0.307468 -1.416130 -1.657360 0.149333 -0.198536 0.594257 32.350000
3.503692 0.211016 -0.317864 -1.423506 -1.633381 0.175863 -0.194487 0.388531 32.400000
2.726165 0.312383 -0.327964 -1.432303 -1.615522 0.197114 -0.190191 0.332406 32.450000
2.726277 -0.140882 -0.337733 -1.442151 -1.598511 0.210639 -0.186149 0.346842 32.500000
3.338205 -0.449263 -0.347157 -1.452838 -1.586140 0.224894 -0.181681 0.166707 32.550000
2.651979 -0.729302 -0.356257 -1.464503 -1.584074 0.246854 -0.175787 -0.061863 32.600000
2.364971 -1.136206 -0.365078 -1.477126 -1.593903 0.264368 -0.167963 -0.306600 32.650000
1.637237 -1.495228 -0.373686 -1.490480 -1.617484 0.281438 -0.157612 -0.603878 32.700000
2.623163 -1.965452 -0.382161 -1.504334 -1.655868 0.293724 -0.144343 -0.896446 32.750000
3.340458 -1.496626 -0.390625 -1.518747 -1.709748 0.316752 -0.127663 -1.216748 32.800000
2.696018 -1.290293 -0.399255 -1.534078 -1.769552 0.345198 -0.109194 -1.180845 32.850000
3.666377 -1.456988 -0.408138 -1.550250 -1.825967 0.364598 -0.091203 -1.088922 32.900000
4.014857 -1.558514 -0.417364 -1.567246 -1.881149 0.390726 -0.073234 -1.115651 32.950000
3.756681 -1.931676 -0.427102 -1.585259 -1.938462 0.417847 -0.054214 -1.170572 33.000000
4.746548 -1.660902 -0.437459 -1.604188 -2.001829 0.440277 -0.032965 -1.341774 33.050000
5.186309 -1.668089 -0.448623 -1.624043 -2.068237 0.469197 -0.010308 -1.319507 33.100000
6.000000 -2.024534 -0.460831 -1.644962 -2.134195 0.498971 0.012821 -1.320725 33.150000
6.000000 -2.280759 -0.474326 -1.667001 -2.204274 0.532776 0.038203 -1.464334 33.200000
5.924005 -2.113501 -0.489330 -1.690070 -2.282164 0.562052 0.067354 -1.629752 33.250000
5.921664 -1.728134 -0.505932 -1.713865 -2.364097 0.585782 0.098613 -1.648375 33.300000
6.000000 -1.270606 -0.524163 -1.738113 -2.442996 0.605576 0.128759 -1.529264 33.350000
6.000000 -0.806474 -0.544028 -1.762630 -2.513533 0.623863 0.155254 -1.325179 33.400000
5.042648 -1.216981 -0.565508 -1.787302 -2.572621 0.641677 0.176565 -1.075444 33.450000
4.706178 -0.792176 -0.588374 -1.811917 -2.627993 0.649176 0.196003 -1.134178 33.500000
3.777288 -0.445607 -0.612341 -1.836201 -2.681041 0.652491 0.213875 -1.006783 33.550000
2.997620 -0.577099 -0.637113 -1.859981 -2.726109 0.648310 0.227403 -0.820836 33.600000
3.853565 -1.049707 -0.662304 -1.883105 -2.766257 0.637885 0.237984 -0.789727 33.650000
4.688387 -1.328505 -0.687918 -1.905556 -2.810661 0.633819 0.249935 -0.965593 33.700000
4.034707 -1.021115 -0.714297 -1.927350 -2.864422 0.633577 0.265632 -1.160849 33.750000
4.683154 -0.573560 -0.741423 -1.948366 -2.921739 0.624798 0.282171 -1.136588 33.800000
3.782602 -0.927605 -0.769260 -1.968545 -2.973516 0.623411 0.295437 -0.959180 33.850000
3.217388 -1.142205 -0.797722 -1.987876 -3.023189 0.613712 0.307128 -1.020585 33.900000
3.065077 -1.237781 -0.826423 -2.006255 -3.077412 0.596426 0.319891 -1.133759 33.950000
3.577526 -1.725304 -0.855135 -2.023605 -3.136592 0.575289 0.333525 -1.221687 34.000000
3.819113 -1.989033 -0.883873 -2.039869 3.079149 0.554797 0.349138 -1.444716 34.050000
3.903912 -2.320359 -0.912697 -2.054955 3.001436 0.530889 0.367098 -1.635484 34.100000
3.784917 -2.567812 -0.941537 -2.068776 2.914000 0.501830 0.386527 -1.831179 34.150000
3.330479 -2.466331 -0.970225 -2.081283 2.817761 0.465818 0.406263 -1.991403 34.200000
3.821727 -2.164910 -0.998487 -2.092513 2.717640 0.422447 0.423778 -2.008695 34.250000
4.039234 -1.964613 -1.026258 -2.102502 2.620299 0.384935 0.436966 -1.900614 34.300000
3.250598 -1.485994 -1.053672 -2.111222 2.528692 0.352925 0.445761 -1.780790 34.350000
3.292795 -1.829633 -1.080633 -2.118777 2.446197 0.319589 0.449915 -1.551628 34.400000
3.055267 -1.591576 -1.107048 -2.125291 2.367822 0.290171 0.451203 -1.577159 34.450000
2.892185 -1.842507 -1.132882 -2.130819 2.291411 0.260876 0.450412 -1.489818 34.500000
2.074752 -1.440983 -1.158080 -2.135446 2.215496 0.231680 0.447981 -1.537207 34.550000
1.224605 -1.934914 -1.182510 -2.139381 2.142600 0.198205 0.443469 -1.396306 34.600000
1.925281 -1.488364 -1.206006 -2.142956 2.069462 0.158506 0.437260 -1.509249 34.650000
1.458937 -1.722919 -1.228594 -2.146230 1.997709 0.128358 0.429307 -1.377427 34.700000
2.252743 -1.707584 -1.250372 -2.149149 1.928133 0.097119 0.419905 -1.399772 34.750000
3.081964 -1.642370 -1.271406 -2.151646 1.858249 0.075201 0.409545 -1.394491 34.800000
3.943023 -1.181722 -1.291832 -2.153360 1.789420 0.063399 0.398667 -1.362296 34.850000
3.562777 -1.657770 -1.311732 -2.153894 1.726704 0.064321 0.387620 -1.172613 34.900000
3.925009 -1.400862 -1.331090 -2.153120 1.665264 0.063253 0.376939 -1.271200 34.950000
3.480011 -1.592505 -1.349842 -2.151077 1.603277 0.066188 0.366691 -1.216012 35.000000
2.757375 -1.705422 -1.367932 -2.147812 1.541084 0.065617 0.356880 -1.264772 35.050000
1.931664 -1.742733 -1.385312 -2.143644 1.476066 0.057816 0.347356 -1.326661 35.100000
1.050242 -1.248648 -1.401980 -2.138974 1.408659 0.042369 0.337713 -1.363347 35.150000
1.152630 -0.962966 -1.417995 -2.134204 1.345474 0.022117 0.327450 -1.187268 35.200000
0.382275 -0.925974 -1.433403 -2.129455 1.291501 0.008489 0.316691 -0.996158 35.250000
0.000000 -0.705437 -1.448258 -2.124814 1.244632 -0.008008 0.305739 -0.891038 35.300000
0.884799 -1.072256 -1.462656 -2.120483 1.203992 -0.024216 0.294702 -0.750928 35.350000
0.892073 -0.645142 -1.476567 -2.116303 1.164293 -0.030623 0.283749 -0.827405 35.400000
0.665499 -0.777579 -1.489930 -2.112069 1.126678 -0.035355 0.273070 -0.693202 35.450000
0.787288 -0.915113 -1.502768 -2.107805 1.092373 -0.040282 0.262730 -0.680324 35.500000
1.744617 -0.615351 -1.515099 -2.103524 1.057005 -0.043789 0.252619 -0.728579 35.550000
2.584184 -0.351274 -1.526809 -2.099006 1.023265 -0.037248 0.242945 -0.632707 35.600000
1.922859 -0.256680 -1.537672 -2.093891 0.995878 -0.020675 0.234014 -0.480759 35.650000
0.942997 -0.062235 -1.547654 -2.088152 0.975005 -0.008524 0.225748 -0.367043 35.700000
0.046298 -0.168952 -1.556964 -2.082118 0.960496 -0.003795 0.217926 -0.227927 35.750000
0.000000 0.322127 -1.565853 -2.076142 0.949925 -0.006286 0.210406 -0.197849 35.800000
0.000000 0.790366 -1.574448 -2.070387 0.946203 -0.007093 0.203169 0.027390 35.850000
0.000000 1.167908 -1.582741 -2.064820 0.956483 -0.004051 0.196242 0.351151 35.900000
0.283915 1.359856 -1.590711 -2.059389 0.983071 0.003039 0.189525 0.675611 35.950000
0.806727 1.427741 -1.598307 -2.053988 1.023441 0.015732 0.182757 0.910041 36.000000
1.452014 1.746282 -1.605444 -2.048419 1.072732 0.034595 0.175607 1.043753 36.050000
0.502120 1.520367 -1.612030 -2.042417 1.130042 0.060108 0.167649 1.223652 36.100000
0.000000 1.754469 -1.618162 -2.036032 1.190960 0.075984 0.158954 1.214038 36.150000
0.650275 1.623151 -1.624033 -2.029577 1.254049 0.086314 0.149868 1.297713 36.200000
0.971628 1.703266 -1.629681 -2.023018 1.318522 0.101778 0.140421 1.283022 36.250000
1.575864 1.503476 -1.635092 -2.016149 1.383335 0.118861 0.130524 1.306048 36.300000
0.615444 1.833365 -1.640288 -2.008778 1.446743 0.139784 0.120222 1.239347 36.350000
0.672000 2.045126 -1.645342 -2.001025 1.511444 0.150279 0.109429 1.335300 36.400000
0.480072 1.635654 -1.650337 -1.993120 1.581646 0.160694 0.097914 1.455575 36.450000
0.959823 1.864318 -1.655318 -1.985119 1.651496 0.167787 0.086401 1.353378 36.500000
0.056500 1.406337 -1.660321 -1.976991 1.720413 0.177880 0.074966 1.397209 36.550000
0.000000 1.751298 -1.665354 -1.968870 1.785911 0.177831 0.064113 1.244603 36.600000
0.439627 1.408227 -1.670376 -1.961004 1.850035 0.176214 0.053844 1.311344 36.650000
0.206961 1.320050 -1.675414 -1.953321 1.912748 0.177784 0.044103 1.211370 36.700000
0.000000 1.086290 -1.680471 -1.945791 1.971155 0.176112 0.035240 1.135535 36.750000
0.166164 0.594400 -1.685498 -1.938522 2.024459 0.171707 0.027438 1.013077 36.800000
0.479284 1.036536 -1.690471 -1.931523 2.068144 0.168196 0.021217 0.765496 36.850000
0.231160 1.094807 -1.695421 -1.924688 2.108060 0.167288 0.015725 0.824138 36.900000
0.000000 0.670513 -1.700356 -1.918008 2.150712 0.163860 0.010159 0.875710 36.950000
0.201313 0.235474 -1.705216 -1.911581 2.190488 0.158084 0.005251 0.732958 37.000000
0.000000 -0.089127 -1.709986 -1.905400 2.220333 0.154127 0.001753 0.489008 37.050000
0.917089 -0.515038 -1.714643 -1.899443 2.237638 0.148330 -0.000172 0.230597 37.100000
0.000000 -0.673744 -1.719273 -1.893556 2.240380 0.151255 -0.000451 -0.090195 37.150000
0.556281 -0.619775 -1.723853 -1.887719 2.229115 0.145547 0.000755 -0.335596 37.200000
1.202764 -0.847255 -1.728314 -1.881980 2.209335 0.145180 0.002781 -0.444004 37.250000
0.706885 -1.095508 -1.732814 -1.876102 2.182991 0.150733 0.005471 -0.593097 37.300000
1.203101 -0.986466 -1.737347 -1.870052 2.148458 0.151275 0.009008 -0.767679 37.350000
0.247368 -0.807152 -1.741884 -1.863822 2.108914 0.156155 0.013039 -0.809127 37.400000
0.000000 -1.107257 -1.746351 -1.857507 2.069887 0.151769 0.016882 -0.758248 37.450000
0.000000 -0.685547 -1.750604 -1.851355 2.029309 0.145013 0.020603 -0.853294 37.500000
0.000000 -0.995257 -1.754621 -1.845416 1.990056 0.138364 0.023870 -0.731691 37.550000
0.937262 -1.010783 -1.758421 -1.839688 1.951650 0.131835 0.026761 -0.796726 37.600000
0.638604 -0.683530 -1.762086 -1.833966 1.910763 0.134016 0.029732 -0.834212 37.650000
1.403456 -0.759071 -1.765667 -1.828114 1.872184 0.133280 0.032399 -0.722543 37.700000
0.676116 -0.366811 -1.769187 -1.822030 1.836716 0.139689 0.034754 -0.699095 37.750000
1.300171 -0.130574 -1.772644 -1.815717 1.806480 0.139248 0.036581 -0.529881 37.800000
0.361001 0.203595 -1.776033 -1.809202 1.785043 0.145006 0.037508 -0.347535 37.850000
0.468365 -0.192985 -1.779351 -1.802563 1.774165 0.142343 0.037350 -0.111422 37.900000
1.083691 -0.447182 -1.782574 -1.795990 1.767551 0.140998 0.036754 -0.149398 37.950000
1.752286 -0.686372 -1.785737 -1.789313 1.756561 0.145206 0.036634 -0.277307 38.000000
0.900221 -0.694577 -1.788877 -1.782245 1.738050 0.155083 0.037384 -0.445305 38.050000
0.033057 -1.165149 -1.791962 -1.774847 1.713268 0.156316 0.038871 -0.535950 38.100000
0.282672 -0.782345 -1.794909 -1.767528 1.679891 0.148916 0.041185 -0.771500 38.150000
1.071146 -1.057049 -1.797684 -1.760433 1.642384 0.143772 0.043702 -0.733385 38.200000
0.162363 -1.476840 -1.800307 -1.753316 1.603161 0.145916 0.046274 -0.824522 38.250000
0.000000 -1.094480 -1.802768 -1.746217 1.556074 0.138872 0.049486 -1.032501 38.300000
0.000000 -0.719336 -1.805054 -1.739395 1.505956 0.130177 0.052613 -0.979124 38.350000
0.000000 -0.366928 -1.807183 -1.732881 1.461829 0.122069 0.054796 -0.807459 38.400000
0.756163 -0.772878 -1.809183 -1.726658 1.427682 0.114923 0.055821 -0.584684 38.450000
1.153697 -1.268700 -1.811046 -1.720531 1.396952 0.115295 0.056451 -0.638334 38.500000
1.731813 -1.452444 -1.812726 -1.714240 1.358743 0.118729 0.057731 -0.862935 38.550000
2.730093 -1.505278 -1.814151 -1.707589 1.310576 0.126519 0.059994 -1.041051 38.600000
3.307913 -1.386757 -1.815191 -1.700262 1.255643 0.142545 0.063239 -1.142966 38.650000
2.624076 -1.348885 -1.815681 -1.691972 1.198474 0.162858 0.067322 -1.144011 38.700000
2.724693 -1.668914 -1.815578 -1.682819 1.141641 0.175734 0.071899 -1.131329 38.750000
3.120090 -1.692056 -1.814881 -1.673005 1.081728 0.188357 0.077246 -1.249402 38.800000
2.828840 -1.658562 -1.813486 -1.662511 1.017519 0.203226 0.083595 -1.310835 38.850000
3.256623 -1.980918 -1.811336 -1.651412 0.951550 0.214028 0.090570 -1.326198 38.900000
2.603777 -2.353615 -1.808366 -1.639780 0.881554 0.227204 0.098516 -1.455547 38.950000
2.356672 -2.028117 -1.804575 -1.627774 0.803245 0.231817 0.107994 -1.648383 39.000000
2.389103 -2.091094 -1.800078 -1.615673 0.722005 0.232488 0.117762 -1.607831 39.050000
2.217426 -2.410845 -1.794905 -1.603592 0.641375 0.232485 0.127115 -1.616454 39.100000
2.486220 -2.440419 -1.789091 -1.591631 0.557057 0.229197 0.136664 -1.737878 39.150000
1.702405 -2.189020 -1.782629 -1.579870 0.468464 0.226616 0.146399 -1.796889 39.200000
2.215661 -1.760776 -1.775655 -1.568437 0.380571 0.215882 0.155257 -1.729468 39.250000
1.518956 -1.296605 -1.768245 -1.557396 0.299344 0.210823 0.162293 -1.547450 39.300000
1.014063 -0.871646 -1.760454 -1.546758 0.229014 0.201269 0.167061 -1.301198 39.350000
1.570159 -0.631543 -1.752547 -1.536570 0.171548 0.189987 0.169349 -1.033378 39.400000
0.896210 -0.692087 -1.744488 -1.526794 0.125943 0.186926 0.169671 -0.817982 39.450000
1.741183 -0.372440 -1.736288 -1.517403 0.087239 0.179315 0.168915 -0.739450 39.500000
1.200418 0.078826 -1.727893 -1.508382 0.054925 0.181362 0.167283 -0.572641 39.550000
0.412617 0.480722 -1.719217 -1.499703 0.033747 0.180906 0.164287 -0.303599 39.600000
0.000000 0.860758 -1.710538 -1.491343 0.027177 0.176459 0.159503 0.010316 39.650000
0.720180 0.554373 -1.702089 -1.483265 0.036962 0.171854 0.152837 0.347661 39.700000
1.093246 0.273080 -1.693750 -1.475418 0.055839 0.175853 0.145276 0.401784 39.750000
1.091372 0.280648 -1.685259 -1.467769 0.073504 0.182742 0.138061 0.314176 39.800000
0.621618 0.763878 -1.676547 -1.460304 0.088024 0.188609 0.131429 0.271150 39.850000
1.081007 1.262788 -1.667736 -1.453020 0.106510 0.190441 0.124447 0.449487 39.900000
1.155145 1.276667 -1.658820 -1.445877 0.137202 0.198259 0.115943 0.744321 39.950000
1.358268 1.653262 -1.649667 -1.438802 0.178606 0.207686 0.105997 0.893603 40.000000
1.813076 1.722351 -1.640225 -1.431726 0.229415 0.219315 0.094645 1.110729 40.050000
1.024701 1.262626 -1.630372 -1.424549 0.288477 0.234871 0.081852 1.235122 40.100000
1.321330 1.161897 -1.620233 -1.417240 0.346828 0.241409 0.069164 1.115620 40.150000
0.465609 1.659490 -1.609967 -1.409813 0.400052 0.249049 0.057512 1.025635 40.200000
1.193264 1.441544 -1.599731 -1.402315 0.455671 0.247767 0.045709 1.179154 40.250000
0.777096 1.074166 -1.589586 -1.394724 0.514234 0.252556 0.033713 1.165716 40.300000
0.878850 1.480657 -1.579495 -1.387008 0.568400 0.252219 0.022826 1.020693 40.350000
1.701528 1.750900 -1.569546 -1.379210 0.622082 0.252049 0.012401 1.114648 40.400000
1.440136 1.555870 -1.559594 -1.371190 0.681980 0.258792 0.001063 1.261712 40.450000
2.246315 1.420866 -1.549590 -1.362849 0.744822 0.261892 -0.010640 1.253644 40.500000
2.563971 1.372490 -1.539497 -1.354091 0.805999 0.271419 -0.021913 1.201231 40.550000
2.673273 1.357124 -1.529188 -1.344728 0.864943 0.282689 -0.032817 1.162421 40.600000
3.252046 1.152599 -1.518671 -1.334685 0.922471 0.293743 -0.043530 1.142117 40.650000
2.852077 1.375410 -1.507924 -1.323835 0.977158 0.309108 -0.053805 1.057332 40.700000
1.883649 1.458490 -1.497002 -1.312153 1.031449 0.319422 -0.064151 1.108285 40.750000
2.525595 1.164300 -1.486157 -1.299921 1.088475 0.319303 -0.074961 1.165639 40.800000
2.761259 1.624540 -1.475495 -1.287213 1.144336 0.324463 -0.085230 1.080870 40.850000
2.128679 1.254301 -1.464979 -1.273862 1.202389 0.330548 -0.095900 1.222756 40.900000
1.970112 0.967252 -1.454719 -1.259977 1.261342 0.329561 -0.106505 1.146417 40.950000
2.275049 1.162852 -1.444812 -1.245756 1.314631 0.327217 -0.115346 1.004392 41.000000
1.338645 1.520985 -1.435258 -1.231182 1.365225 0.327629 -0.123225 1.018051 41.050000
2.118000 1.250664 -1.426120 -1.216424 1.420254 0.318006 -0.131690 1.163976 41.100000
2.980993 1.229279 -1.417450 -1.201542 1.477379 0.314989 -0.140083 1.126467 41.150000
3.972489 1.574330 -1.409228 -1.186176 1.533044 0.319763 -0.147893 1.103752 41.200000
2.975093 1.121296 -1.401484 -1.169933 1.591764 0.332308 -0.156505 1.228924 41.250000
3.142232 1.434626 -1.394294 -1.152879 1.649923 0.334540 -0.164970 1.113644 41.300000
2.926512 1.635115 -1.387702 -1.135256 1.707625 0.337684 -0.173159 1.185358 41.350000
2.675065 1.778516 -1.381761 -1.117139 1.770007 0.336903 -0.182239 1.295249 41.400000
1.765560 2.275351 -1.376511 -1.098710 1.837695 0.331673 -0.192132 1.398064 41.450000
1.567366 2.540028 -1.371931 -1.080315 1.914138 0.314904 -0.203168 1.625871 41.500000
1.004087 2.616369 -1.367967 -1.062290 2.000819 0.292876 -0.214976 1.812117 41.550000
1.179812 2.822675 -1.364532 -1.044869 2.094244 0.263124 -0.226100 1.908717 41.600000
0.538388 2.479514 -1.361537 -1.028171 2.192793 0.233253 -0.235757 2.014933 41.650000
1.296103 2.598557 -1.358848 -1.012289 2.291043 0.197575 -0.242720 1.928067 41.700000
0.583396 2.825278 -1.356422 -0.997162 2.387641 0.170121 -0.247016 1.933789 41.750000
0.986358 2.501298 -1.354199 -0.982741 2.486620 0.135867 -0.249293 2.011134 41.800000
0.413675 2.860350 -1.352073 -0.969035 2.584536 0.106887 -0.249166 1.919256 41.850000
1.050876 3.000000 -1.349970 -0.955991 2.683097 0.073624 -0.246914 2.007173 41.900000
1.368728 3.000000 -1.347869 -0.943549 2.785700 0.046627 -0.242800 2.082997 41.950000
1.638646 3.000000 -1.345945 -0.931569 2.890542 0.023558 -0.237055 2.105787 42.000000
1.638005 2.578112 -1.344323 -0.919978 2.995986 0.004587 -0.229947 2.110372 42.050000
2.355124 2.897721 -1.343071 -0.908748 3.097163 -0.011286 -0.221784 1.960906 42.100000
3.057288 2.971408 -1.342382 -0.897872 -3.086310 -0.018312 -0.213109 2.017905 42.150000
2.773381 3.000000 -1.342577 -0.887400 -2.984065 -0.018092 -0.204466 2.064210 42.200000
2.086671 2.895072 -1.343724 -0.877412 -2.880076 -0.019812 -0.196044 2.090851 42.250000
1.507476 3.000000 -1.345568 -0.867928 -2.776339 -0.026602 -0.187597 2.063067 42.300000
2.422171 2.841788 -1.347809 -0.858900 -2.672424 -0.037358 -0.178792 2.088907 42.350000
3.198365 2.395326 -1.350507 -0.850403 -2.569341 -0.037761 -0.169902 2.042263 42.400000
2.524052 1.956551 -1.353973 -0.842700 -2.472302 -0.028387 -0.161785 1.868117 42.450000
2.913005 2.353645 -1.358174 -0.835884 -2.385337 -0.022478 -0.154661 1.645494 42.500000
2.636295 2.749010 -1.362992 -0.829988 -2.301370 -0.011769 -0.148357 1.704427 42.550000
3.471417 2.585043 -1.368361 -0.825068 -2.211330 -0.004555 -0.142778 1.870995 42.600000
3.720071 2.584323 -1.374246 -0.821260 -2.117634 0.010090 -0.138093 1.876363 42.650000
2.768149 2.144569 -1.380661 -0.818812 -2.023731 0.026979 -0.134625 1.879657 42.700000
2.521357 2.234971 -1.387391 -0.817601 -1.934259 0.035568 -0.132017 1.724009 42.750000
2.758941 2.320895 -1.394214 -0.817391 -1.848829 0.042543 -0.129891 1.697470 42.800000
3.502081 2.615531 -1.401033 -0.818178 -1.763337 0.051667 -0.128336 1.719071 42.850000
3.001473 3.000000 -1.407791 -0.820168 -1.674037 0.066822 -0.127747 1.834978 42.900000
2.121453 2.725313 -1.414370 -0.823371 -1.577007 0.075412 -0.128328 2.016746 42.950000
1.586928 2.940761 -1.420638 -0.827406 -1.477050 0.074881 -0.129305 1.986550 43.000000
1.422677 2.866464 -1.426540 -0.831899 -1.375831 0.069060 -0.130088 2.051297 43.050000
0.782760 2.468861 -1.432063 -0.836653 -1.273359 0.061633 -0.130421 2.047946 43.100000
0.000000 2.086563 -1.437248 -0.841469 -1.175109 0.049296 -0.129848 1.905229 43.150000
0.936877 2.009227 -1.442224 -0.846049 -1.085393 0.031797 -0.128004 1.713378 43.200000
0.870128 1.994597 -1.446987 -0.850460 -1.002705 0.025147 -0.125311 1.609839 43.250000
1.802801 2.248644 -1.451441 -0.854898 -0.923563 0.019040 -0.122281 1.562765 43.300000
1.262440 2.487685 -1.455457 -0.859519 -0.843287 0.021971 -0.119289 1.637087 43.350000
1.308168 2.601563 -1.458971 -0.864362 -0.758074 0.019294 -0.116479 1.753349 43.400000
0.616351 2.912105 -1.462055 -0.869300 -0.667926 0.016698 -0.113667 1.838931 43.450000
0.925073 2.799058 -1.464831 -0.874213 -0.571833 0.007220 -0.110611 1.981409 43.500000
1.452459 2.893283 -1.467374 -0.879031 -0.472417 0.000903 -0.107127 1.993156 43.550000
1.787601 2.753159 -1.469513 -0.883841 -0.371672 0.000014 -0.103511 2.030456 43.600000
1.651249 2.501494 -1.471056 -0.888687 -0.271194 0.002794 -0.100086 1.994649 43.650000
0.966973 2.194940 -1.471953 -0.893531 -0.174434 0.005144 -0.096948 1.892462 43.700000
0.793656 2.008366 -1.472389 -0.898285 -0.084103 0.002279 -0.093882 1.744246 43.750000
0.684821 2.231151 -1.472553 -0.902897 -0.000500 -0.000870 -0.090726 1.619100 43.800000
1.584565 2.638979 -1.472506 -0.907354 0.081376 -0.004344 -0.087487 1.651008 43.850000
1.956837 2.714109 -1.472069 -0.911626 0.168567 0.000411 -0.084397 1.811618 43.900000
2.411763 3.000000 -1.470976 -0.915633 0.261713 0.008116 -0.081819 1.900109 43.950000
2.371027 3.000000 -1.469084 -0.919264 0.360642 0.019408 -0.080021 2.035007 44.000000
1.874013 3.000000 -1.466371 -0.922410 0.463833 0.029622 -0.079113 2.084483 44.050000
2.859251 3.000000 -1.463025 -0.925045 0.568584 0.034746 -0.078832 2.102574 44.100000
2.588750 2.872335 -1.459032 -0.927033 0.673913 0.048768 -0.079296 2.109590 44.150000
2.358150 2.481994 -1.454354 -0.928213 0.778176 0.059732 -0.080637 2.068099 44.200000
2.456037 2.906354 -1.449189 -0.928605 0.877148 0.068502 -0.082416 1.916016 44.250000
1.630114 2.937426 -1.443658 -0.928188 0.975718 0.077619 -0.084761 2.011277 44.300000
0.700917 3.000000 -1.437959 -0.927087 1.077622 0.077982 -0.087536 2.057269 44.350000
0.000000 3.000000 -1.432371 -0.925661 1.181608 0.069077 -0.090009 2.095589 44.400000
0.542552 3.000000 -1.427066 -0.924271 1.286772 0.053562 -0.091539 2.108545 44.450000
1.277378 3.000000 -1.422037 -0.922965 1.392316 0.043485 -0.092073 2.112398 44.500000
1.790745 3.000000 -1.417205 -0.921459 1.497966 0.040567 -0.092106 2.113395 44.550000
1.424594 3.000000 -1.412563 -0.919475 1.603645 0.042528 -0.092104 2.113745 44.600000
0.766027 2.501987 -1.408154 -0.917001 1.709337 0.041007 -0.092118 2.113865 44.650000
0.355958 2.604441 -1.403990 -0.914298 1.809919 0.034086 -0.091670 1.938435 44.700000
0.766793 3.000000 -1.400029 -0.911610 1.906014 0.024271 -0.090547 1.909863 44.750000
0.000000 2.531918 -1.396267 -0.908937 2.005273 0.018435 -0.088978 2.039057 44.800000
0.000000 2.482025 -1.392653 -0.906353 2.103765 0.006028 -0.086805 1.920033 44.850000
0.000000 2.217953 -1.389089 -0.903995 2.197955 -0.005078 -0.083879 1.857470 44.900000
0.000000 2.308708 -1.385559 -0.901830 2.287383 -0.014831 -0.080389 1.738344 44.950000
0.195302 2.390915 -1.382051 -0.899824 2.373914 -0.023464 -0.076471 1.724903 45.000000
0.955562 2.544081 -1.378591 -0.897918 2.460862 -0.029521 -0.072227 1.749154 45.050000
1.269306 2.154671 -1.375352 -0.895957 2.550189 -0.028006 -0.067943 1.813750 45.100000
0.943976 1.700635 -1.372546 -0.893809 2.637531 -0.022958 -0.064046 1.698119 45.150000
1.670171 1.627411 -1.370188 -0.891507 2.716359 -0.019976 -0.060661 1.486861 45.200000
1.075721 1.190648 -1.368385 -0.889051 2.787467 -0.009404 -0.057855 1.373947 45.250000
0.523236 1.038107 -1.367170 -0.886470 2.850123 -0.003862 -0.055591 1.161809 45.300000
0.000000 1.516344 -1.366294 -0.883881 2.903921 -0.002827 -0.053576 1.010211 45.350000
0.000000 1.910029 -1.365514 -0.881359 2.957732 -0.006550 -0.051578 1.126790 45.400000
0.642069 2.150749 -1.364705 -0.878927 3.019803 -0.010549 -0.049450 1.328170 45.450000
1.194461 1.656249 -1.364014 -0.876561 3.091232 -0.008861 -0.047282 1.503570 45.500000
1.181886 1.866035 -1.363710 -0.874252 -3.119969 -0.001939 -0.045401 1.392080 45.550000
1.495256 1.685661 -1.363910 -0.872031 -3.049441 0.004858 -0.043938 1.424429 45.600000
0.830183 1.357206 -1.364664 -0.869943 -2.979757 0.014484 -0.042931 1.370729 45.650000
0.948169 1.255569 -1.365869 -0.868013 -2.915389 0.017955 -0.042218 1.224498 45.700000
0.024818 1.706862 -1.367384 -0.866244 -2.857060 0.022791 -0.041633 1.122550 45.750000
0.000000 1.857868 -1.369013 -0.864597 -2.797303 0.018827 -0.041108 1.250229 45.800000
0.961449 1.790908 -1.370538 -0.863006 -2.731598 0.014497 -0.040495 1.362195 45.850000
0.367105 1.694747 -1.372162 -0.861554 -2.662857 0.019154 -0.039950 1.384310 45.900000
1.159177 1.987815 -1.373949 -0.860281 -2.594405 0.018173 -0.039507 1.357564 45.950000
1.238033 2.262916 -1.375922 -0.859227 -2.523709 0.024505 -0.039249 1.456091 46.000000
2.008195 1.913356 -1.378221 -0.858519 -2.446814 0.031007 -0.039449 1.598539 46.050000
2.982378 2.253779 -1.380949 -0.858309 -2.368932 0.044324 -0.040205 1.527487 46.100000
2.810095 2.196962 -1.384331 -0.858909 -2.289763 0.065992 -0.041972 1.624780 46.150000
3.370801 2.369906 -1.388383 -0.860493 -2.207993 0.084835 -0.044956 1.643403 46.200000
4.084779 2.207663 -1.393022 -0.863170 -2.123772 0.107620 -0.049227 1.714691 46.250000
4.540944 1.853414 -1.398254 -0.867216 -2.038908 0.135562 -0.054925 1.684886 46.300000
5.109243 1.897359 -1.404025 -0.872888 -1.958690 0.166326 -0.061691 1.545476 46.350000
4.620909 1.456055 -1.410238 -0.880399 -1.882506 0.200750 -0.069575 1.508128 46.400000
4.603099 1.110621 -1.416707 -0.889740 -1.812175 0.229050 -0.077976 1.331350 46.450000
5.173142 1.320441 -1.423240 -0.900758 -1.751394 0.256367 -0.085827 1.128550 46.500000
5.264899 1.621403 -1.429735 -0.913532 -1.695134 0.287808 -0.093829 1.123462 46.550000
4.419576 2.102478 -1.436067 -0.928148 -1.635663 0.317765 -0.103500 1.240494 46.600000
4.543507 2.331819 -1.442048 -0.944338 -1.566924 0.336420 -0.116041 1.476466 46.650000
5.431723 2.713198 -1.447478 -0.961824 -1.487772 0.352439 -0.131554 1.662910 46.700000
4.957162 2.730643 -1.452147 -0.980707 -1.398378 0.372290 -0.150204 1.880271 46.750000
4.980739 2.753788 -1.455842 -1.000903 -1.301652 0.382955 -0.171136 1.975066 46.800000
5.946915 3.000000 -1.458411 -1.022115 -1.201492 0.389776 -0.192885 2.024865 46.850000
6.000000 3.000000 -1.459629 -1.044349 -1.097033 0.401087 -0.215752 2.136740 46.900000
6.000000 2.961583 -1.459260 -1.067569 -0.988856 0.407995 -0.239560 2.184234 46.950000
5.162333 3.000000 -1.457186 -1.091510 -0.879377 0.410707 -0.263277 2.194995 47.000000
5.556810 2.680413 -1.453468 -1.115760 -0.768988 0.401741 -0.286174 2.217867 47.050000
5.295243 2.410364 -1.448150 -1.140013 -0.661010 0.394512 -0.306924 2.119259 47.100000
5.852699 2.075163 -1.441221 -1.164118 -0.558754 0.384779 -0.324689 1.992838 47.150000
6.000000 1.773930 -1.432629 -1.187968 -0.463850 0.381678 -0.339342 1.830472 47.200000
6.000000 2.165892 -1.422239 -1.211515 -0.377171 0.382215 -0.351145 1.663587 47.250000
6.000000 1.860301 -1.410041 -1.234633 -0.291678 0.381958 -0.362253 1.744358 47.300000
5.719426 1.597026 -1.396093 -1.257138 -0.206695 0.380717 -0.372755 1.667532 47.350000
5.013551 1.916919 -1.380508 -1.278875 -0.126913 0.378476 -0.381361 1.543036 47.400000
4.291228 1.457523 -1.363566 -1.299699 -0.047792 0.369228 -0.389182 1.611390 47.450000
4.343630 1.180184 -1.345672 -1.319485 0.028669 0.354308 -0.395327 1.467733 47.500000
4.373094 1.392197 -1.327004 -1.338194 0.097351 0.344158 -0.398633 1.302662 47.550000
5.236262 1.285380 -1.307550 -1.355802 0.162729 0.336224 -0.400598 1.310854 47.600000
5.303543 0.960725 -1.287155 -1.372225 0.227204 0.336957 -0.402105 1.273512 47.650000
4.715408 1.053697 -1.265661 -1.387366 0.286932 0.340786 -0.402502 1.134879 47.700000
5.086148 1.007436 -1.243228 -1.401209 0.342974 0.341007 -0.402092 1.110103 47.750000
5.595973 0.986977 -1.219964 -1.413722 0.397674 0.345429 -0.401462 1.081939 47.800000
5.243309 0.494411 -1.195749 -1.424782 0.451234 0.355073 -0.400846 1.063568 47.850000
4.623305 0.534767 -1.170619 -1.434334 0.498830 0.364372 -0.399060 0.866118 47.900000
4.253772 0.525375 -1.144797 -1.442458 0.540034 0.371135 -0.395954 0.791516 47.950000
4.460141 0.705740 -1.118515 -1.449254 0.578527 0.375826 -0.392411 0.752983 48.000000
4.879721 0.914632 -1.091854 -1.454734 0.617684 0.382067 -0.389336 0.806951 48.050000
5.706592 0.941001 -1.064775 -1.458806 0.661101 0.389837 -0.387745 0.916530 48.100000
5.242789 0.755225 -1.037165 -1.461279 0.708718 0.402820 -0.387715 0.980842 48.150000
4.865099 1.146429 -1.009076 -1.462089 0.756623 0.410816 -0.388108 0.941058 48.200000
4.103424 0.735400 -0.980754 -1.461360 0.807505 0.413358 -0.389563 1.076830 48.250000
3.670053 1.144779 -0.952499 -1.459282 0.858586 0.408528 -0.390953 0.978941 48.300000
3.582479 1.238138 -0.924551 -1.456068 0.910730 0.399207 -0.392362 1.091512 48.350000
4.325229 1.261916 -0.897067 -1.451830 0.967690 0.386755 -0.394660 1.174920 48.400000
4.642666 1.298470 -0.870038 -1.446464 1.027684 0.379883 -0.397310 1.218531 48.450000
5.459527 1.483704 -0.843412 -1.439785 1.089522 0.375017 -0.400110 1.250415 48.500000
5.246123 1.623630 -0.817164 -1.431584 1.154436 0.375997 -0.403557 1.334640 48.550000
5.360879 1.334987 -0.791367 -1.421782 1.223703 0.372223 -0.407974 1.423335 48.600000
5.870283 1.719655 -0.766165 -1.410446 1.292842 0.369342 -0.412012 1.352459 48.650000
5.367574 1.789346 -0.741625 -1.397475 1.363754 0.369920 -0.416345 1.467663 48.700000
4.669958 2.022399 -0.717889 -1.382948 1.439245 0.362757 -0.421541 1.540947 48.750000
5.081015 1.800509 -0.695137 -1.367238 1.519560 0.346081 -0.427127 1.653645 48.800000
4.169676 1.880912 -0.673482 -1.350501 1.601112 0.332605 -0.431929 1.613742 48.850000
3.484592 1.675233 -0.652984 -1.332919 1.682093 0.311077 -0.435413 1.622632 48.900000
3.320440 1.894340 -0.633651 -1.314920 1.760997 0.284988 -0.436947 1.543428 48.950000
3.061834 2.097119 -0.615457 -1.296722 1.839389 0.258623 -0.436864 1.584052 49.000000
4.019609 2.533685 -0.598375 -1.278469 1.920997 0.229050 -0.435782 1.665415 49.050000
4.884784 2.731771 -0.582460 -1.260077 2.009569 0.205567 -0.434289 1.846952 49.100000
4.879463 2.610227 -0.567888 -1.241270 2.105806 0.186728 -0.432585 1.979419 49.150000
4.211398 2.896021 -0.554778 -1.221997 2.204801 0.167241 -0.429957 1.978834 49.200000
4.902330 3.000000 -0.543066 -1.202488 2.306515 0.141148 -0.426122 2.072026 49.250000
5.194438 3.000000 -0.532772 -1.182849 2.411989 0.120932 -0.421098 2.134628 49.300000
4.581345 2.747726 -0.524070 -1.163031 2.519233 0.103996 -0.414996 2.150912 49.350000
5.070683 2.958692 -0.516923 -1.143183 2.624237 0.084235 -0.407546 2.062587 49.400000
5.074758 3.000000 -0.511341 -1.123421 2.728489 0.071311 -0.399119 2.100104 49.450000
4.730586 2.868865 -0.507432 -1.103810 2.834219 0.059353 -0.390137 2.124027 49.500000
4.811461 3.000000 -0.505118 -1.084504 2.939241 0.046347 -0.380501 2.082826 49.550000
4.719308 2.952369 -0.504339 -1.065640 3.044217 0.036011 -0.370345 2.110727 49.600000
3.925158 2.650533 -0.505071 -1.047338 -3.133693 0.026530 -0.359813 2.101177 49.650000
3.605661 2.683455 -0.507088 -1.029712 -3.031898 0.013226 -0.348741 1.988533 49.700000
2.667300 2.506771 -0.510127 -1.012834 -2.933400 0.000543 -0.337114 1.955938 49.750000
2.038539 2.484759 -0.513893 -0.996709 -2.837861 -0.017474 -0.324837 1.877312 49.800000
1.919428 2.514797 -0.518040 -0.981275 -2.745173 -0.037797 -0.311750 1.835758 49.850000
2.917577 2.239476 -0.522425 -0.966482 -2.653618 -0.056306 -0.297885 1.826953 49.900000
2.176431 2.676319 -0.527244 -0.952446 -2.565287 -0.061840 -0.283860 1.722554 49.950000
