0.927399 0.211846 -0.787393 -0.220557 3.122937 -0.447161 0.000000 -0.736007 0.000000
1.766169 0.374064 -0.765695 -0.221044 3.097996 -0.421084 -0.007730 -0.309761 0.050000
2.481649 0.119501 -0.745468 -0.221572 3.090549 -0.388317 -0.009633 -0.017086 0.100000
3.208047 -0.344599 -0.727008 -0.222041 3.091213 -0.350316 -0.009137 0.038559 0.150000
3.428211 0.041559 -0.710579 -0.222422 3.088578 -0.307040 -0.009429 -0.128062 0.200000
2.683655 0.448006 -0.696320 -0.222723 3.084123 -0.263400 -0.010023 -0.056937 0.250000
1.851422 0.831342 -0.684022 -0.222935 3.087137 -0.228479 -0.009173 0.157169 0.300000
1.800851 0.963835 -0.673239 -0.223054 3.102682 -0.202767 -0.006490 0.435715 0.350000
0.977204 1.461024 -0.663707 -0.223075 3.130009 -0.178521 -0.002570 0.635002 0.400000
1.636248 1.398170 -0.655178 -0.223007 -3.113095 -0.162695 0.002381 0.932059 0.450000
2.480885 1.472325 -0.647584 -0.222862 -3.063261 -0.141006 0.007686 1.046603 0.500000
2.739255 1.004377 -0.641246 -0.222706 -3.008647 -0.111897 0.012338 1.127314 0.550000
3.501421 0.633115 -0.636370 -0.222641 -2.956367 -0.081248 0.015526 0.982812 0.600000
4.263571 0.468925 -0.633125 -0.222800 -2.913192 -0.044714 0.016953 0.770575 0.650000
4.347158 0.951067 -0.631775 -0.223347 -2.879352 -0.002641 0.016965 0.602699 0.700000
3.667139 0.931014 -0.632416 -0.224396 -2.846121 0.038604 0.015946 0.713422 0.750000
4.176181 1.318929 -0.634818 -0.225971 -2.809173 0.071991 0.013941 0.758961 0.800000
4.778859 1.775948 -0.638848 -0.228126 -2.766305 0.108818 0.010679 0.933950 0.850000
5.559876 1.539812 -0.644642 -0.231040 -2.712309 0.149717 0.005297 1.191848 0.900000
6.000000 1.888430 -0.652354 -0.234959 -2.652034 0.195846 -0.002324 1.216062 0.950000
6.000000 1.722026 -0.662060 -0.240138 -2.587139 0.243514 -0.012450 1.360006 1.000000
6.000000 1.321668 -0.673637 -0.246764 -2.519130 0.288253 -0.024938 1.361003 1.050000
5.047640 1.771276 -0.686863 -0.254947 -2.455291 0.330228 -0.038160 1.214060 1.100000
5.575446 1.514231 -0.701361 -0.264617 -2.391435 0.360502 -0.052617 1.325766 1.150000
5.851093 1.229622 -0.716849 -0.275777 -2.326435 0.393077 -0.068299 1.281893 1.200000
5.693199 1.382130 -0.733271 -0.288598 -2.265808 0.425991 -0.083673 1.161359 1.250000
5.895178 1.018015 -0.750472 -0.303112 -2.207427 0.455124 -0.099176 1.173947 1.300000
5.752679 0.859127 -0.768277 -0.319336 -2.152364 0.484226 -0.114225 1.047337 1.350000
5.127777 1.012952 -0.786556 -0.337264 -2.103176 0.510718 -0.127766 0.936341 1.400000
5.764229 0.951958 -0.805093 -0.356719 -2.055936 0.529795 -0.140933 0.952874 1.450000
5.199415 0.697158 -0.823756 -0.377683 -2.008575 0.553119 -0.154404 0.944615 1.500000
4.419319 0.680209 -0.842435 -0.400137 -1.964083 0.570034 -0.166927 0.848913 1.550000
5.009830 0.922920 -0.860927 -0.423756 -1.922933 0.579082 -0.178064 0.804061 1.600000
4.925708 1.298918 -0.879139 -0.448470 -1.880486 0.592277 -0.189699 0.885452 1.650000
5.468747 0.984924 -0.896987 -0.474350 -1.830830 0.601471 -0.204349 1.077871 1.700000
5.213580 0.880394 -0.914339 -0.501446 -1.777710 0.613300 -0.220333 1.052539 1.750000
6.000000 0.795922 -0.931107 -0.529767 -1.726346 0.621699 -0.235364 1.009667 1.800000
6.000000 0.999535 -0.947224 -0.559383 -1.677138 0.636741 -0.249332 0.966542 1.850000
5.042688 0.981516 -0.962618 -0.590409 -1.626915 0.649857 -0.263786 1.035730 1.900000
4.759519 0.739367 -0.977156 -0.622533 -1.574236 0.651635 -0.279129 1.068989 1.950000
4.502947 0.412733 -0.990738 -0.655390 -1.522843 0.650161 -0.293326 0.997688 2.000000
4.973546 0.824044 -1.003342 -0.688813 -1.477338 0.647877 -0.304219 0.843207 2.050000
4.535546 1.085249 -1.014957 -0.722827 -1.432545 0.649700 -0.314422 0.937943 2.100000
4.919254 1.147697 -1.025513 -0.757358 -1.381424 0.643948 -0.327121 1.088469 2.150000
5.913659 1.599956 -1.034917 -0.792280 -1.324288 0.638330 -0.341905 1.185329 2.200000
6.000000 1.924570 -1.042997 -0.827776 -1.258781 0.636937 -0.359847 1.405934 2.250000
6.000000 1.848155 -1.049559 -0.863885 -1.182206 0.629084 -0.381926 1.626339 2.300000
6.000000 1.512328 -1.054477 -0.900392 -1.098989 0.615662 -0.405555 1.693720 2.350000
5.496386 1.828779 -1.057691 -0.937110 -1.016935 0.600927 -0.426969 1.603474 2.400000
5.425127 1.490516 -1.059241 -0.973807 -0.934376 0.579546 -0.446793 1.686610 2.450000
6.000000 1.899823 -1.059192 -1.010222 -0.852644 0.556825 -0.464242 1.596341 2.500000
5.134674 1.546268 -1.057474 -1.046337 -0.769549 0.537647 -0.480404 1.709995 2.550000
5.688611 1.980145 -1.054158 -1.081956 -0.686529 0.509582 -0.494518 1.622974 2.600000
5.744127 2.316485 -1.049317 -1.116928 -0.601903 0.485215 -0.507169 1.742507 2.650000
6.000000 2.600719 -1.042893 -1.151177 -0.510052 0.455869 -0.520166 1.904086 2.700000
5.594195 2.195423 -1.034909 -1.184544 -0.410324 0.422865 -0.533113 2.057501 2.750000
5.877446 1.751229 -1.025494 -1.216860 -0.310215 0.385601 -0.543157 1.960043 2.800000
6.000000 2.240870 -1.014705 -1.248052 -0.218101 0.357337 -0.548367 1.754903 2.850000
5.642803 2.031343 -1.002461 -1.278107 -0.127715 0.332116 -0.551256 1.844013 2.900000
5.471266 1.943605 -0.988892 -1.306919 -0.036946 0.304047 -0.552386 1.792212 2.950000
4.896892 1.839719 -0.974169 -1.334411 0.050931 0.277661 -0.551114 1.729899 3.000000
4.087483 1.499894 -0.958499 -1.360540 0.135386 0.249808 -0.547549 1.656618 3.050000
4.012375 1.445866 -0.942207 -1.385317 0.213520 0.220738 -0.541335 1.490492 3.100000
4.764153 1.345545 -0.925460 -1.408770 0.285269 0.197512 -0.532953 1.391261 3.150000
4.761078 1.618014 -0.908083 -1.430841 0.352386 0.186350 -0.523371 1.304338 3.200000
5.242163 1.899476 -0.889927 -1.451448 0.419361 0.176564 -0.513641 1.364848 3.250000
4.485682 1.827023 -0.870978 -1.470508 0.491238 0.169106 -0.504467 1.490890 3.300000
4.306245 2.204174 -0.851410 -1.488026 0.566372 0.153588 -0.495396 1.509968 3.350000
5.080413 2.121298 -0.831504 -1.504092 0.645928 0.134988 -0.486208 1.649309 3.400000
5.574847 2.095050 -0.811250 -1.518611 0.728963 0.123030 -0.476796 1.667940 3.450000
6.000000 1.781895 -0.790516 -1.531368 0.812203 0.117059 -0.467212 1.661856 3.500000
5.162217 1.535191 -0.769253 -1.542160 0.891885 0.118580 -0.457529 1.543268 3.550000
5.228451 1.253272 -0.747615 -1.551002 0.965037 0.117310 -0.447654 1.403032 3.600000
5.350292 1.130146 -0.725785 -1.557973 1.030489 0.122301 -0.437576 1.238439 3.650000
5.147463 0.939032 -0.703809 -1.562984 1.089098 0.133124 -0.427616 1.122350 3.700000
5.206872 0.608195 -0.681770 -1.566020 1.141736 0.145843 -0.417914 1.000022 3.750000
5.937536 0.466887 -0.659752 -1.567086 1.186604 0.163657 -0.408269 0.818619 3.800000
5.799925 0.699867 -0.637740 -1.565985 1.223689 0.192400 -0.398733 0.682960 3.850000
6.000000 0.214450 -0.615751 -1.562600 1.258774 0.220279 -0.390021 0.717996 3.900000
6.000000 -0.182562 -0.593867 -1.556958 1.289874 0.251419 -0.381656 0.547599 3.950000
5.175647 0.132124 -0.572117 -1.549025 1.310542 0.287031 -0.372316 0.307208 4.000000
6.000000 -0.232846 -0.550559 -1.539004 1.326194 0.316343 -0.362751 0.319116 4.050000
6.000000 -0.669377 -0.529218 -1.526944 1.338286 0.354078 -0.353027 0.180576 4.100000
5.766717 -0.540176 -0.508033 -1.512692 1.340332 0.395200 -0.341287 -0.072774 4.150000
6.000000 -0.234637 -0.486956 -1.496335 1.334470 0.436116 -0.327712 -0.152477 4.200000
5.310210 0.104722 -0.465945 -1.477944 1.329331 0.477124 -0.314710 -0.060614 4.250000
6.000000 -0.306385 -0.445045 -1.457728 1.331796 0.506805 -0.304719 0.140858 4.300000
5.228122 -0.496236 -0.424313 -1.435784 1.337231 0.540501 -0.296207 0.083171 4.350000
4.699990 -0.724709 -0.403751 -1.412195 1.338364 0.567412 -0.286410 -0.027021 4.400000
3.824389 -0.527239 -0.383378 -1.387299 1.332662 0.590917 -0.274153 -0.185742 4.450000
4.004290 -0.857601 -0.363201 -1.361451 1.323222 0.606575 -0.260673 -0.191973 4.500000
3.682137 -0.815899 -0.343209 -1.334847 1.309638 0.624486 -0.245721 -0.337277 4.550000
3.879508 -1.171443 -0.323331 -1.307550 1.291014 0.639984 -0.228871 -0.402076 4.600000
4.389386 -1.455046 -0.303492 -1.279626 1.265792 0.658157 -0.209321 -0.587716 4.650000
4.500745 -1.839735 -0.283514 -1.250964 1.230452 0.682244 -0.185233 -0.802480 4.700000
3.636347 -1.946249 -0.263185 -1.221508 1.182956 0.707852 -0.155324 -1.066709 4.750000
3.120106 -2.328236 -0.242385 -1.191545 1.124745 0.724268 -0.120282 -1.242175 4.800000
4.103702 -2.462684 -0.221092 -1.161518 1.055942 0.733687 -0.080400 -1.481003 4.850000
3.149317 -2.182571 -0.199104 -1.131512 0.977149 0.748691 -0.035996 -1.651051 4.900000
2.921712 -1.850637 -0.176343 -1.101726 0.895052 0.749503 0.009088 -1.640658 4.950000
2.909351 -1.526580 -0.152986 -1.072546 0.816100 0.743491 0.050809 -1.538519 5.000000
3.830230 -1.705030 -0.129139 -1.044105 0.743320 0.734029 0.087415 -1.398046 5.050000
3.679038 -1.959415 -0.104715 -1.016317 0.672755 0.730361 0.121283 -1.425144 5.100000
2.995014 -2.419278 -0.079610 -0.989180 0.598065 0.721414 0.155812 -1.548649 5.150000
2.081384 -2.326784 -0.054014 -0.962974 0.513966 0.700656 0.193130 -1.783396 5.200000
1.805441 -2.066884 -0.028310 -0.938058 0.422795 0.666007 0.230917 -1.855357 5.250000
1.515227 -2.417489 -0.002849 -0.914610 0.331687 0.625861 0.264913 -1.799966 5.300000
2.052095 -2.363411 0.022138 -0.892644 0.238505 0.579917 0.295813 -1.910618 5.350000
1.216609 -2.238451 0.046600 -0.872123 0.142269 0.535872 0.323844 -1.935162 5.400000
0.375855 -2.402976 0.070370 -0.852984 0.046565 0.482776 0.347350 -1.897954 5.450000
0.163411 -2.253238 0.092994 -0.835138 -0.049483 0.421132 0.366213 -1.935368 5.500000
0.210685 -2.524371 0.114193 -0.818425 -0.144852 0.358229 0.379949 -1.884328 5.550000
0.000000 -2.286663 0.133942 -0.802654 -0.241012 0.296381 0.389140 -1.947878 5.600000
0.000000 -1.909153 0.152235 -0.787637 -0.336277 0.234604 0.393596 -1.870973 5.650000
0.000000 -1.422859 0.169122 -0.773186 -0.424688 0.178647 0.392890 -1.689882 5.700000
0.327314 -1.444125 0.184760 -0.759163 -0.501669 0.131244 0.387699 -1.425284 5.750000
0.000000 -1.745325 0.199388 -0.745522 -0.569756 0.094004 0.379663 -1.311633 5.800000
0.913597 -1.839253 0.213117 -0.732204 -0.636952 0.056396 0.370053 -1.365794 5.850000
0.683080 -1.682857 0.226122 -0.719238 -0.706681 0.028373 0.359295 -1.414387 5.900000
1.666495 -1.602823 0.238582 -0.706676 -0.776131 0.000452 0.347526 -1.368376 5.950000
1.491396 -1.631228 0.250681 -0.694631 -0.843009 -0.014961 0.335121 -1.313559 6.000000
2.276400 -1.908104 0.262587 -0.683237 -0.908247 -0.029563 0.322470 -1.297422 6.050000
1.532141 -1.502198 0.274397 -0.672607 -0.975845 -0.036209 0.309727 -1.392644 6.100000
1.436743 -1.144890 0.286109 -0.662737 -1.042227 -0.047861 0.297019 -1.278253 6.150000
2.025244 -1.308741 0.297628 -0.653490 -1.100838 -0.055775 0.284584 -1.091326 6.200000
1.619940 -0.887457 0.309019 -0.645008 -1.154837 -0.055217 0.272626 -1.071413 6.250000
1.188193 -1.030192 0.320292 -0.637344 -1.203547 -0.055686 0.261293 -0.899242 6.300000
0.406519 -0.787644 0.331369 -0.630339 -1.247847 -0.057895 0.250498 -0.875717 6.350000
0.000000 -0.386542 0.342155 -0.623733 -1.288622 -0.065480 0.240081 -0.768295 6.400000
0.298470 -0.014034 0.352586 -0.617286 -1.321081 -0.073352 0.230217 -0.554797 6.450000
0.000000 0.327172 0.362673 -0.611022 -1.341596 -0.074094 0.221226 -0.294133 6.500000
0.000000 -0.053516 0.372434 -0.604993 -1.348543 -0.073359 0.213264 -0.011614 6.550000
0.592697 0.358364 0.381862 -0.599172 -1.349256 -0.070815 0.205908 -0.016659 6.600000
0.000000 -0.031864 0.391000 -0.593699 -1.345375 -0.061593 0.199026 0.155018 6.650000
0.633805 -0.525383 0.399857 -0.588580 -1.339578 -0.057755 0.192449 0.083607 6.700000
0.000000 -0.766634 0.408446 -0.583798 -1.342294 -0.050402 0.185755 -0.168529 6.750000
0.000000 -0.549691 0.416776 -0.579299 -1.357347 -0.052231 0.178843 -0.408629 6.800000
0.508186 -0.445684 0.424822 -0.574898 -1.378793 -0.055367 0.171898 -0.445169 6.850000
0.071627 -0.788677 0.432619 -0.570701 -1.400394 -0.053498 0.165179 -0.421578 6.900000
0.000000 -0.323338 0.440179 -0.566717 -1.425044 -0.056231 0.158567 -0.550122 6.950000
0.078712 -0.726257 0.447492 -0.562819 -1.449090 -0.059181 0.152158 -0.425507 7.000000
0.000000 -1.142127 0.454570 -0.559014 -1.473172 -0.061092 0.145928 -0.526600 7.050000
0.000000 -1.374623 0.461424 -0.555290 -1.505617 -0.065070 0.139486 -0.745599 7.100000
0.878573 -1.764626 0.468072 -0.551605 -1.548451 -0.070519 0.132655 -0.943175 7.150000
0.000000 -1.933188 0.474537 -0.548143 -1.602468 -0.069142 0.125447 -1.185540 7.200000
0.000000 -1.938402 0.480841 -0.544877 -1.666598 -0.077105 0.117823 -1.355766 7.250000
0.440107 -1.762037 0.487012 -0.541597 -1.736492 -0.084975 0.109767 -1.429369 7.300000
0.019027 -1.659138 0.493054 -0.538414 -1.806953 -0.087773 0.101687 -1.394211 7.350000
0.000000 -1.505117 0.498976 -0.535351 -1.875147 -0.093320 0.093821 -1.341160 7.400000
0.000000 -1.786322 0.504804 -0.532326 -1.939914 -0.097703 0.086218 -1.260850 7.450000
0.447979 -1.470762 0.510544 -0.529354 -2.005014 -0.101293 0.078667 -1.333109 7.500000
1.297212 -1.628898 0.516156 -0.526545 -2.069162 -0.099834 0.071393 -1.245232 7.550000
1.056184 -1.966886 0.521484 -0.524169 -2.132074 -0.089818 0.064719 -1.268295 7.600000
0.784020 -2.025662 0.526440 -0.522327 -2.199426 -0.082239 0.058397 -1.406359 7.650000
1.200303 -2.253488 0.531076 -0.520891 -2.272036 -0.077302 0.052288 -1.486473 7.700000
0.952591 -1.863861 0.535353 -0.519860 -2.349730 -0.068436 0.046484 -1.603902 7.750000
1.898746 -1.554019 0.539224 -0.519233 -2.427171 -0.061615 0.041317 -1.508171 7.800000
1.886831 -1.480915 0.542534 -0.519073 -2.498175 -0.045429 0.037203 -1.354422 7.850000
1.610944 -1.790541 0.545084 -0.519457 -2.563282 -0.029336 0.034207 -1.262866 7.900000
1.582210 -1.912975 0.546912 -0.520276 -2.628657 -0.016192 0.031995 -1.341174 7.950000
2.171691 -2.227303 0.548069 -0.521426 -2.697980 -0.003806 0.030425 -1.420471 8.000000
2.451502 -2.626417 0.548435 -0.522893 -2.773301 0.013466 0.029669 -1.570286 8.050000
2.987036 -2.495496 0.547821 -0.524665 -2.857760 0.032347 0.030065 -1.776371 8.100000
3.707370 -2.603808 0.546054 -0.526673 -2.947523 0.055153 0.031860 -1.809110 8.150000
4.454099 -2.439449 0.542867 -0.528829 -3.039481 0.083378 0.035341 -1.861147 8.200000
5.264237 -2.861134 0.537965 -0.530986 -3.131423 0.116927 0.040721 -1.822962 8.250000
5.203040 -2.444569 0.531059 -0.532938 3.056618 0.155710 0.048629 -1.960968 8.300000
4.955027 -2.693191 0.522098 -0.534427 2.961338 0.191263 0.058773 -1.866265 8.350000
4.483775 -2.900406 0.511300 -0.535229 2.866409 0.221740 0.070782 -1.922607 8.400000
4.257830 -2.875105 0.499002 -0.535180 2.767456 0.244555 0.084856 -2.020342 8.450000
4.475327 -2.478582 0.485548 -0.534160 2.665578 0.262032 0.100389 -2.050737 8.500000
4.338349 -2.674812 0.471127 -0.532036 2.566705 0.279137 0.116046 -1.925867 8.550000
5.210601 -2.544091 0.455901 -0.528711 2.469623 0.292491 0.131890 -1.953971 8.600000
4.952205 -2.625731 0.439935 -0.523997 2.372864 0.311372 0.148228 -1.922868 8.650000
4.961418 -2.808618 0.423335 -0.517743 2.276089 0.324928 0.165128 -1.945757 8.700000
4.507068 -2.912362 0.406376 -0.509951 2.176548 0.335110 0.182921 -2.024307 8.750000
4.674725 -2.701589 0.389355 -0.500702 2.073322 0.337267 0.201411 -2.094234 8.800000
4.829312 -2.813099 0.372526 -0.490073 1.969934 0.338305 0.219399 -2.049879 8.850000
4.169240 -3.000000 0.356041 -0.478042 1.866665 0.338301 0.236777 -2.077366 8.900000
3.786905 -2.541742 0.340117 -0.464794 1.760522 0.328802 0.253880 -2.155666 8.950000
4.047164 -2.597592 0.324956 -0.450653 1.656574 0.314597 0.268957 -2.024559 9.000000
3.567717 -2.764844 0.310643 -0.435716 1.556136 0.302721 0.281775 -1.997558 9.050000
3.128518 -2.422444 0.297248 -0.420116 1.454830 0.284869 0.293263 -2.046228 9.100000
2.738444 -2.360368 0.284806 -0.404151 1.355571 0.263046 0.302497 -1.940799 9.150000
1.961945 -2.000106 0.273292 -0.388058 1.260379 0.239077 0.309059 -1.876304 9.200000
1.162042 -2.353250 0.262613 -0.372117 1.171125 0.210675 0.312655 -1.717491 9.250000
0.270998 -1.972239 0.252597 -0.356654 1.083470 0.176324 0.313915 -1.777378 9.300000
0.743934 -2.313197 0.243009 -0.342002 0.998112 0.135998 0.312537 -1.653732 9.350000
0.765290 -2.040869 0.233738 -0.328173 0.913433 0.102185 0.308900 -1.721031 9.400000
0.516202 -2.386229 0.224788 -0.315013 0.829657 0.070755 0.303366 -1.640551 9.450000
0.406197 -2.232192 0.216081 -0.302496 0.745074 0.038590 0.296163 -1.727486 9.500000
0.837563 -2.606502 0.207512 -0.290621 0.659498 0.007136 0.287311 -1.698341 9.550000
1.703410 -2.423217 0.199110 -0.279270 0.571126 -0.019093 0.277005 -1.816598 9.600000
2.381318 -2.335544 0.191101 -0.268227 0.480996 -0.035641 0.265680 -1.791785 9.650000
1.807230 -2.227934 0.183807 -0.257295 0.392643 -0.043238 0.254030 -1.748793 9.700000
1.472185 -2.629267 0.177268 -0.246470 0.306838 -0.053635 0.242310 -1.691906 9.750000
1.138574 -2.738722 0.171299 -0.235841 0.218711 -0.066116 0.230209 -1.813632 9.800000
1.209302 -2.352302 0.165741 -0.225446 0.125587 -0.081256 0.217397 -1.897441 9.850000
0.596954 -2.741947 0.160541 -0.215284 0.033846 -0.093132 0.204216 -1.789213 9.900000
1.211217 -3.000000 0.155605 -0.205349 -0.058458 -0.108737 0.190560 -1.886993 9.950000
1.540085 -3.000000 0.150948 -0.195627 -0.156523 -0.117711 0.176109 -2.014681 10.000000
0.888359 -2.977709 0.146803 -0.186136 -0.258621 -0.122267 0.161340 -2.061577 10.050000
0.000000 -3.000000 0.143113 -0.176870 -0.361976 -0.130924 0.146484 -2.071125 10.100000
0.000000 -2.666513 0.139567 -0.167723 -0.465865 -0.145504 0.131229 -2.082545 10.150000
0.000000 -2.325488 0.136031 -0.158608 -0.566698 -0.156862 0.115871 -1.969686 10.200000
0.000000 -2.391812 0.132574 -0.149533 -0.660471 -0.164696 0.101165 -1.807633 10.250000
0.000000 -2.349075 0.129246 -0.140522 -0.749796 -0.169837 0.087062 -1.771428 10.300000
0.000000 -2.470974 0.126089 -0.131594 -0.837552 -0.172930 0.073373 -1.743567 10.350000
0.000000 -2.565513 0.123134 -0.122769 -0.925729 -0.174334 0.059960 -1.778477 10.400000
0.000000 -3.000000 0.120407 -0.114065 -1.016063 -0.174248 0.046694 -1.827517 10.450000
0.897867 -3.000000 0.117934 -0.105503 -1.112520 -0.172858 0.033169 -2.002680 10.500000
0.908059 -3.000000 0.115826 -0.097297 -1.214562 -0.161623 0.019877 -2.068461 10.550000
1.054076 -2.766449 0.114144 -0.089679 -1.318712 -0.149004 0.007669 -2.093675 10.600000
1.582683 -3.000000 0.112836 -0.082722 -1.421295 -0.133899 -0.002940 -2.021947 10.650000
1.808860 -3.000000 0.111846 -0.076611 -1.524056 -0.113098 -0.011884 -2.079072 10.700000
2.068281 -3.000000 0.111082 -0.071533 -1.628618 -0.089828 -0.019040 -2.099962 10.750000
2.050209 -2.712284 0.110413 -0.067586 -1.733836 -0.064139 -0.024163 -2.107439 10.800000
2.214570 -2.997018 0.109692 -0.064790 -1.836333 -0.039109 -0.027115 -2.008875 10.850000
1.768665 -2.574363 0.108769 -0.063114 -1.938654 -0.013225 -0.028092 -2.073086 10.900000
2.254642 -2.859016 0.107546 -0.062419 -2.038632 0.007472 -0.027343 -1.946847 10.950000
1.960807 -2.462802 0.105907 -0.062619 -2.137556 0.031670 -0.025022 -2.001056 11.000000
2.046154 -2.894400 0.103743 -0.063651 -2.234091 0.051748 -0.021301 -1.880059 11.050000
1.215373 -2.555173 0.101008 -0.065363 -2.331252 0.071311 -0.016300 -1.988619 11.100000
1.158581 -2.794336 0.097770 -0.067519 -2.428347 0.081694 -0.010448 -1.908344 11.150000
0.450892 -3.000000 0.094153 -0.069885 -2.525380 0.090357 -0.004134 -1.963976 11.200000
0.145590 -3.000000 0.090295 -0.072289 -2.626300 0.091261 0.002547 -2.057419 11.250000
0.000000 -3.000000 0.086405 -0.074562 -2.730164 0.088364 0.009115 -2.091504 11.300000
0.859820 -2.619422 0.082599 -0.076645 -2.835103 0.083313 0.015232 -2.104033 11.350000
0.253427 -2.219654 0.078735 -0.078585 -2.936542 0.085703 0.020831 -1.975102 11.400000
0.199591 -2.582354 0.074779 -0.080397 -3.029795 0.081904 0.025699 -1.785559 11.450000
0.000000 -3.000000 0.070899 -0.082053 -3.120777 0.077257 0.029992 -1.844406 11.500000
0.093331 -3.000000 0.067169 -0.083558 3.065215 0.070142 0.034084 -2.015377 11.550000
0.000000 -2.956958 0.063627 -0.084920 2.962628 0.063386 0.037813 -2.077696 11.600000
0.509756 -3.000000 0.060282 -0.086162 2.858532 0.055461 0.040941 -2.084904 11.650000
1.264263 -3.000000 0.057045 -0.087273 2.753772 0.052131 0.043573 -2.102513 11.700000
1.557708 -3.000000 0.053654 -0.088150 2.648461 0.055542 0.046142 -2.108899 11.750000
1.973292 -3.000000 0.049926 -0.088662 2.542944 0.061155 0.048973 -2.111430 11.800000
2.251664 -3.000000 0.045787 -0.088679 2.437338 0.069979 0.052256 -2.112722 11.850000
1.401011 -3.000000 0.041193 -0.088056 2.331677 0.080540 0.056161 -2.113726 11.900000
0.753013 -3.000000 0.036333 -0.086857 2.225969 0.082205 0.060393 -2.114521 11.950000
0.270861 -2.622546 0.031503 -0.085340 2.120231 0.077193 0.064353 -2.114936 12.000000
1.082450 -2.863027 0.026872 -0.083736 2.018349 0.067727 0.067429 -1.982384 12.050000
0.227537 -3.000000 0.022412 -0.081983 1.918161 0.065941 0.069915 -2.019085 12.100000
0.174937 -3.000000 0.018126 -0.080111 1.815416 0.055715 0.071994 -2.080341 12.150000
0.000000 -2.874445 0.014073 -0.078338 1.710768 0.044963 0.073301 -2.101812 12.200000
0.289182 -2.547829 0.010234 -0.076724 1.606751 0.032930 0.073695 -2.064915 12.250000
0.306176 -2.350235 0.006577 -0.075241 1.507261 0.024496 0.073224 -1.935901 12.300000
0.207569 -1.978120 0.003077 -0.073807 1.413905 0.017245 0.072122 -1.817316 12.350000
0.000000 -1.525912 -0.000285 -0.072428 1.328238 0.010263 0.070508 -1.637240 12.400000
0.000000 -1.874665 -0.003538 -0.071157 1.253216 0.002826 0.068461 -1.398822 12.450000
0.000000 -2.039623 -0.006705 -0.070016 1.182371 -0.003730 0.066112 -1.430339 12.500000
0.000000 -2.384711 -0.009802 -0.068995 1.108729 -0.010050 0.063504 -1.504392 12.550000
0.000000 -2.628384 -0.012843 -0.068082 1.028996 -0.016372 0.060595 -1.661193 12.600000
0.000000 -3.000000 -0.015844 -0.067269 0.941604 -0.022735 0.057317 -1.810970 12.650000
0.911582 -2.791233 -0.018820 -0.066542 0.845552 -0.029096 0.053593 -2.000303 12.700000
1.477954 -2.296828 -0.021639 -0.065731 0.745663 -0.026521 0.049794 -1.996010 12.750000
1.527728 -2.036431 -0.024037 -0.064607 0.651009 -0.017960 0.046600 -1.818881 12.800000
2.345632 -1.615280 -0.025871 -0.063126 0.564717 -0.008385 0.044206 -1.657970 12.850000
2.043157 -1.163263 -0.026939 -0.061245 0.488078 0.009230 0.042722 -1.440168 12.900000
2.073808 -0.881704 -0.027117 -0.058981 0.423472 0.024177 0.042033 -1.180633 12.950000
1.504579 -0.630245 -0.026455 -0.056437 0.370706 0.039561 0.041799 -0.959264 13.000000
0.900051 -0.966462 -0.025072 -0.053715 0.328371 0.049676 0.041723 -0.759059 13.050000
1.432693 -1.333908 -0.023236 -0.050940 0.289344 0.053981 0.041754 -0.797418 13.100000
2.400883 -0.918736 -0.020973 -0.048147 0.244880 0.062754 0.042198 -0.960688 13.150000
1.846419 -0.555060 -0.017955 -0.045286 0.199279 0.080088 0.043088 -0.874441 13.200000
1.291917 -0.114686 -0.014111 -0.042378 0.160721 0.091974 0.043986 -0.690326 13.250000
0.630991 -0.071683 -0.009714 -0.039497 0.133666 0.098913 0.044328 -0.422242 13.300000
1.392473 -0.148795 -0.005054 -0.036686 0.116871 0.100060 0.044014 -0.266022 13.350000
0.753301 -0.294929 -0.000112 -0.033937 0.104982 0.108539 0.043406 -0.214828 13.400000
1.626662 -0.518494 0.005131 -0.031249 0.093312 0.110779 0.042848 -0.248542 13.450000
2.507330 -0.665021 0.010719 -0.028624 0.077806 0.120833 0.042682 -0.360121 13.500000
3.334704 -0.761529 0.017043 -0.026048 0.056488 0.138344 0.043216 -0.479756 13.550000
4.151128 -0.346019 0.024468 -0.023533 0.029681 0.162518 0.044639 -0.581298 13.600000
3.236637 -0.604813 0.033330 -0.021115 0.003864 0.193352 0.046391 -0.464769 13.650000
4.041956 -0.589748 0.043550 -0.018834 -0.020690 0.214517 0.048395 -0.512354 13.700000
3.679582 -0.617065 0.055049 -0.016741 -0.046840 0.242158 0.051017 -0.531841 13.750000
2.863072 -0.270228 0.067872 -0.014885 -0.074052 0.265178 0.054213 -0.554444 13.800000
3.240817 -0.270628 0.081688 -0.013290 -0.098195 0.279837 0.057057 -0.425843 13.850000
3.092244 -0.424508 0.096359 -0.011961 -0.117679 0.297713 0.059129 -0.360802 13.900000
3.728652 -0.269768 0.111900 -0.010915 -0.136566 0.313500 0.061241 -0.391664 13.950000
4.291111 -0.516960 0.128385 -0.010189 -0.154859 0.334568 0.063386 -0.345373 14.000000
3.642046 -0.742243 0.146046 -0.009843 -0.174324 0.359860 0.066065 -0.425141 14.050000
4.400449 -0.601414 0.164798 -0.009915 -0.199338 0.377516 0.070412 -0.560843 14.100000
3.931229 -0.202694 0.184598 -0.010470 -0.227759 0.401003 0.075912 -0.575068 14.150000
4.801562 -0.346798 0.205451 -0.011554 -0.252264 0.419415 0.080485 -0.422695 14.200000
4.830121 -0.722802 0.227403 -0.013198 -0.272925 0.445454 0.084120 -0.406216 14.250000
5.794519 -0.889872 0.250594 -0.015479 -0.297351 0.470141 0.089253 -0.555148 14.300000
6.000000 -0.700007 0.275150 -0.018534 -0.329184 0.501623 0.097271 -0.702318 14.350000
6.000000 -0.391850 0.301213 -0.022531 -0.364325 0.532891 0.106924 -0.704588 14.400000
5.634346 -0.373835 0.328719 -0.027542 -0.396277 0.562916 0.115748 -0.588515 14.450000
5.551290 -0.686129 0.357504 -0.033551 -0.424027 0.588637 0.123187 -0.529532 14.500000
4.671966 -1.092511 0.387388 -0.040538 -0.453339 0.611956 0.131547 -0.632634 14.550000
4.844513 -1.299506 0.418048 -0.048464 -0.491095 0.624172 0.143721 -0.852772 14.600000
4.186104 -1.190155 0.449190 -0.057351 -0.539132 0.634631 0.160391 -1.046173 14.650000
5.160445 -1.168120 0.480565 -0.067222 -0.592942 0.636069 0.179282 -1.101208 14.700000
5.214432 -1.433285 0.512109 -0.078167 -0.648682 0.644604 0.198588 -1.127463 14.750000
4.446414 -1.227538 0.543886 -0.090361 -0.708507 0.650616 0.219411 -1.251359 14.800000
3.802306 -0.871606 0.575606 -0.103730 -0.770620 0.646847 0.240591 -1.237459 14.850000
3.738254 -0.860787 0.606931 -0.118044 -0.828659 0.636986 0.258849 -1.103905 14.900000
4.730791 -0.367398 0.637720 -0.133164 -0.882197 0.627254 0.274041 -1.046502 14.950000
3.922339 -0.765050 0.668102 -0.149237 -0.928494 0.628917 0.285284 -0.833781 15.000000
3.453724 -1.143849 0.698113 -0.166275 -0.971892 0.623496 0.294805 -0.895278 15.050000
3.945601 -1.542295 0.727503 -0.184020 -1.021703 0.610726 0.306537 -1.074601 15.100000
4.643244 -1.992614 0.756144 -0.202461 -1.082119 0.597632 0.321969 -1.310655 15.150000
4.785144 -1.509342 0.783996 -0.221799 -1.155448 0.584324 0.341733 -1.583849 15.200000
3.846509 -1.712057 0.810960 -0.242145 -1.232819 0.569000 0.361666 -1.521444 15.250000
3.053828 -1.759711 0.836886 -0.263258 -1.310376 0.543514 0.379845 -1.573228 15.300000
3.850687 -2.072253 0.861599 -0.284678 -1.390110 0.508753 0.396519 -1.609730 15.350000
2.893144 -1.652724 0.885055 -0.306334 -1.474229 0.478662 0.412307 -1.734912 15.400000
3.631106 -1.665683 0.907236 -0.328102 -1.557863 0.439551 0.425271 -1.625395 15.450000
2.981135 -1.993941 0.928162 -0.349904 -1.637863 0.409728 0.434621 -1.579850 15.500000
3.965238 -1.503354 0.947866 -0.371722 -1.719621 0.373106 0.442240 -1.673731 15.550000
4.517441 -1.163379 0.966338 -0.393584 -1.799013 0.347821 0.447154 -1.522952 15.600000
4.803813 -1.531027 0.983524 -0.415854 -1.869656 0.333629 0.448647 -1.329673 15.650000
4.239687 -1.977385 0.999360 -0.438726 -1.937688 0.324157 0.448911 -1.383190 15.700000
5.090363 -2.251100 1.013835 -0.462048 -2.012153 0.305848 0.449948 -1.566906 15.750000
5.232514 -1.763605 1.026882 -0.485729 -2.095395 0.290657 0.451925 -1.735687 15.800000
4.386816 -1.517537 1.038363 -0.509836 -2.178861 0.277079 0.452985 -1.619741 15.850000
3.836444 -1.988061 1.048335 -0.534175 -2.255811 0.260172 0.451851 -1.477931 15.900000
3.224297 -1.962287 1.056976 -0.558451 -2.332907 0.238889 0.449764 -1.587689 15.950000
3.813649 -1.674240 1.064484 -0.582387 -2.413094 0.211132 0.446890 -1.613459 16.000000
4.671145 -1.697581 1.070870 -0.605943 -2.490826 0.191805 0.442412 -1.509618 16.050000
4.902159 -1.426867 1.075858 -0.629314 -2.565228 0.183698 0.436902 -1.471256 16.100000
5.527761 -0.968470 1.079224 -0.652594 -2.635390 0.181127 0.430748 -1.352036 16.150000
4.737431 -1.006600 1.080756 -0.675822 -2.696617 0.190254 0.423783 -1.128368 16.200000
5.474809 -1.435330 1.080452 -0.698934 -2.750697 0.196338 0.416440 -1.045960 16.250000
4.847769 -1.314638 1.078322 -0.721836 -2.806673 0.208479 0.410017 -1.176327 16.300000
4.408718 -1.214107 1.074396 -0.744421 -2.865848 0.213012 0.404618 -1.189053 16.350000
4.833741 -1.516103 1.068950 -0.766514 -2.924368 0.214070 0.399424 -1.156120 16.400000
5.638373 -1.873963 1.062020 -0.788030 -2.985041 0.218263 0.394876 -1.257033 16.450000
5.210880 -1.923763 1.053393 -0.808905 -3.053005 0.226196 0.391923 -1.436435 16.500000
5.037178 -1.979645 1.043092 -0.829012 -3.127510 0.226600 0.390315 -1.529956 16.550000
5.676218 -1.776604 1.031357 -0.848212 3.077509 0.223577 0.389277 -1.587766 16.600000
5.077073 -1.718386 1.018162 -0.866381 2.999608 0.226860 0.388226 -1.536188 16.650000
4.078899 -2.044821 1.003569 -0.883420 2.924010 0.225782 0.386904 -1.493855 16.700000
3.192219 -2.289603 0.988025 -0.899313 2.846387 0.214544 0.385628 -1.595076 16.750000
2.319281 -1.853497 0.972055 -0.914124 2.762998 0.192634 0.384313 -1.719746 16.800000
3.261960 -2.245725 0.956116 -0.927984 2.680351 0.164082 0.381431 -1.602051 16.850000
3.666655 -2.254093 0.940193 -0.940883 2.597612 0.145732 0.377300 -1.692279 16.900000
4.494902 -2.044840 0.924059 -0.952672 2.512006 0.130885 0.372618 -1.725624 16.950000
3.694309 -2.327178 0.907537 -0.963166 2.427622 0.125492 0.367366 -1.659483 17.000000
3.262907 -2.170199 0.890690 -0.972335 2.342490 0.113107 0.361844 -1.733392 17.050000
3.974438 -2.064259 0.873805 -0.980363 2.256730 0.097551 0.355707 -1.700898 17.100000
3.471760 -1.936154 0.856896 -0.987179 2.173241 0.091031 0.348962 -1.646517 17.150000
2.582480 -2.341419 0.839980 -0.992726 2.092936 0.082359 0.341807 -1.575715 17.200000
1.774677 -2.590130 0.823283 -0.997274 2.010763 0.065688 0.334293 -1.692259 17.250000
0.863176 -2.471750 0.807024 -1.001207 1.922353 0.040223 0.326041 -1.822111 17.300000
1.061369 -2.791152 0.791346 -1.004934 1.831208 0.007126 0.316273 -1.821762 17.350000
0.395458 -2.798094 0.776245 -1.008621 1.736968 -0.022884 0.304787 -1.928846 17.400000
0.000000 -2.758522 0.761664 -1.012386 1.639453 -0.057701 0.291431 -1.964172 17.450000
0.349101 -2.773899 0.747536 -1.016456 1.541426 -0.093186 0.276074 -1.956508 17.500000
1.233016 -3.000000 0.733765 -1.020787 1.443644 -0.121841 0.259039 -1.954105 17.550000
0.428792 -2.988691 0.720306 -1.025034 1.343698 -0.139584 0.240791 -2.030687 17.600000
0.000000 -2.623582 0.707107 -1.029134 1.241506 -0.162288 0.221494 -2.052868 17.650000
0.144800 -2.958961 0.694056 -1.033293 1.142413 -0.184508 0.201619 -1.930777 17.700000
0.092759 -3.000000 0.681108 -1.037483 1.043722 -0.201714 0.181102 -2.004798 17.750000
0.128037 -3.000000 0.668245 -1.041602 0.942254 -0.216583 0.159755 -2.047221 17.800000
0.000000 -3.000000 0.655457 -1.045575 0.839406 -0.227865 0.137984 -2.064398 17.850000
0.559561 -3.000000 0.642743 -1.049342 0.735950 -0.236966 0.116116 -2.073110 17.900000
0.866234 -3.000000 0.630211 -1.052771 0.632132 -0.237527 0.094587 -2.079483 17.950000
1.155151 -3.000000 0.618070 -1.055700 0.528008 -0.232288 0.073921 -2.085429 18.000000
0.189711 -2.549494 0.606503 -1.058063 0.423591 -0.221769 0.054501 -2.091197 18.050000
0.000000 -2.855870 0.595428 -1.059952 0.323522 -0.217756 0.036964 -1.937748 18.100000
0.421883 -2.706300 0.584656 -1.061496 0.225048 -0.213303 0.020571 -1.992832 18.150000
0.829882 -3.000000 0.574289 -1.062691 0.126304 -0.202993 0.005215 -1.962539 18.200000
0.000000 -3.000000 0.564560 -1.063540 0.025426 -0.187308 -0.008998 -2.057332 18.250000
0.167538 -2.855478 0.555401 -1.064087 -0.078478 -0.178005 -0.022231 -2.093208 18.300000
0.000000 -2.586628 0.546690 -1.064378 -0.182066 -0.165746 -0.034177 -2.056733 18.350000
0.000000 -2.588866 0.538448 -1.064458 -0.281780 -0.154171 -0.044393 -1.949737 18.400000
0.206395 -2.634348 0.530648 -1.064371 -0.378162 -0.141987 -0.053064 -1.911852 18.450000
0.693685 -3.000000 0.523338 -1.064181 -0.473824 -0.127359 -0.060448 -1.914269 18.500000
1.177221 -2.778818 0.516654 -1.064010 -0.573336 -0.107542 -0.066723 -2.044585 18.550000
1.470260 -2.288239 0.510761 -1.064041 -0.674658 -0.083081 -0.071336 -2.013287 18.600000
2.328015 -2.411459 0.505731 -1.064462 -0.769903 -0.056944 -0.073666 -1.826517 18.650000
3.029730 -2.519853 0.501648 -1.065532 -0.860442 -0.024130 -0.073769 -1.798950 18.700000
3.974959 -2.792155 0.498617 -1.067593 -0.951173 0.013873 -0.071578 -1.825548 18.750000
4.700388 -3.000000 0.496683 -1.071024 -1.045523 0.059150 -0.066658 -1.930911 18.800000
5.050145 -2.776718 0.495806 -1.076222 -1.145303 0.109086 -0.058371 -2.041562 18.850000
5.237829 -3.000000 0.495792 -1.083451 -1.246228 0.159108 -0.046718 -2.001847 18.900000
5.100876 -2.966544 0.496351 -1.092825 -1.348192 0.207193 -0.031779 -2.066128 18.950000
5.938510 -2.995490 0.497146 -1.104305 -1.451860 0.249922 -0.013776 -2.079031 19.000000
6.000000 -2.842623 0.497859 -1.117960 -1.556310 0.296045 0.007060 -2.096942 19.050000
6.000000 -3.000000 0.498170 -1.133853 -1.659886 0.337832 0.030256 -2.054706 19.100000
5.629172 -3.000000 0.497766 -1.151808 -1.763939 0.374526 0.055699 -2.101505 19.150000
4.669889 -3.000000 0.496378 -1.171512 -1.869686 0.402428 0.083134 -2.126464 19.200000
3.798676 -2.679986 0.493868 -1.192418 -1.976472 0.416174 0.111497 -2.144311 19.250000
3.039650 -2.647948 0.490255 -1.213897 -2.080799 0.417679 0.138715 -2.047280 19.300000
3.932765 -3.000000 0.485669 -1.235438 -2.181983 0.409030 0.163801 -2.008232 19.350000
3.113352 -3.000000 0.480073 -1.256912 -2.285741 0.405016 0.188326 -2.124271 19.400000
2.197135 -3.000000 0.473470 -1.278165 -2.393288 0.389121 0.212322 -2.170818 19.450000
2.708585 -3.000000 0.466184 -1.298769 -2.502377 0.361548 0.234218 -2.189856 19.500000
2.961185 -2.945509 0.458355 -1.318585 -2.612087 0.336590 0.253459 -2.197328 19.550000
2.166914 -2.787373 0.449909 -1.337658 -2.721473 0.312428 0.270025 -2.180800 19.600000
1.486859 -2.787019 0.441036 -1.355903 -2.828688 0.280445 0.283354 -2.117680 19.650000
0.611350 -2.631075 0.432121 -1.373217 -2.933812 0.242541 0.293150 -2.090338 19.700000
0.791037 -2.618220 0.423564 -1.389583 -3.036285 0.197924 0.299088 -2.018439 19.750000
1.518407 -3.000000 0.415540 -1.405086 -3.136126 0.157208 0.301368 -1.979456 19.800000
0.625856 -3.000000 0.407843 -1.419832 3.044750 0.123667 0.301180 -2.092214 19.850000
0.334642 -2.619457 0.400532 -1.433916 2.939142 0.081966 0.298489 -2.124326 19.900000
0.284550 -2.969116 0.393858 -1.447475 2.836690 0.041012 0.292641 -1.993361 19.950000
0.000000 -3.000000 0.387824 -1.460637 2.734999 0.002427 0.284087 -2.060950 20.000000
0.802774 -2.837781 0.382436 -1.473532 2.631102 -0.036844 0.272984 -2.088354 20.050000
0.000000 -2.701608 0.377504 -1.486183 2.528202 -0.065106 0.259810 -2.035267 20.100000
0.000000 -2.327053 0.372926 -1.498644 2.428508 -0.096728 0.245089 -1.963179 20.150000
0.798787 -2.068521 0.368747 -1.511050 2.335089 -0.123075 0.229321 -1.799174 20.200000
1.115858 -2.332454 0.364732 -1.523252 2.249683 -0.136596 0.213522 -1.641391 20.250000
0.782526 -2.436425 0.360651 -1.535022 2.166621 -0.144185 0.197875 -1.675890 20.300000
1.748713 -2.504714 0.356484 -1.546352 2.081335 -0.153384 0.182039 -1.727637 20.350000
1.184633 -2.814953 0.352154 -1.557094 1.993633 -0.151994 0.166257 -1.773707 20.400000
1.781898 -2.601832 0.347622 -1.567153 1.901169 -0.155048 0.150448 -1.904325 20.450000
2.309402 -2.589116 0.342916 -1.576498 1.806702 -0.150862 0.135001 -1.878996 20.500000
3.241205 -2.427808 0.338018 -1.584845 1.713107 -0.139882 0.120693 -1.867329 20.550000
2.654763 -2.669827 0.332964 -1.591834 1.621482 -0.118654 0.108133 -1.807879 20.600000
2.799932 -2.578988 0.327871 -1.597387 1.529166 -0.102326 0.097186 -1.874625 20.650000
3.292326 -2.419172 0.322871 -1.601628 1.435605 -0.084146 0.087663 -1.869150 20.700000
2.379532 -2.432433 0.318114 -1.604443 1.343827 -0.060782 0.079941 -1.811643 20.750000
1.777064 -2.571073 0.313707 -1.605981 1.253705 -0.045754 0.073805 -1.795964 20.800000
2.064519 -2.218674 0.309657 -1.606641 1.162616 -0.036298 0.068637 -1.840651 20.850000
2.749616 -2.322238 0.306017 -1.606542 1.073749 -0.023744 0.064402 -1.731422 20.900000
3.592972 -2.542506 0.302968 -1.605540 0.987292 -0.004645 0.061347 -1.727674 20.950000
4.517106 -2.310465 0.300782 -1.603424 0.898624 0.021671 0.059821 -1.806865 21.000000
4.286988 -2.611391 0.299809 -1.600006 0.809797 0.055650 0.060247 -1.754830 21.050000
4.026838 -2.530270 0.300252 -1.595347 0.719458 0.085906 0.062785 -1.844802 21.100000
3.324025 -2.070992 0.302110 -1.589731 0.627041 0.111992 0.067187 -1.851260 21.150000
3.602130 -1.674606 0.305256 -1.583488 0.539160 0.130372 0.072494 -1.689679 21.200000
3.869577 -1.382624 0.309637 -1.576827 0.460637 0.150949 0.077895 -1.482794 21.250000
2.884120 -1.581755 0.315372 -1.569814 0.391990 0.173730 0.083181 -1.291030 21.300000
3.519599 -1.862078 0.322294 -1.562628 0.327571 0.186470 0.088629 -1.286729 21.350000
3.229014 -1.693208 0.330309 -1.555413 0.260232 0.203746 0.094998 -1.392336 21.400000
4.177131 -1.959432 0.339459 -1.548262 0.191110 0.216801 0.102131 -1.375497 21.450000
3.193183 -1.474521 0.349858 -1.541269 0.119634 0.237107 0.110238 -1.470488 21.500000
3.456954 -1.171983 0.361436 -1.534552 0.050101 0.246994 0.118474 -1.331413 21.550000
2.999769 -0.968589 0.373982 -1.528217 -0.011587 0.259519 0.125561 -1.160354 21.600000
2.000993 -0.633945 0.387412 -1.522311 -0.065313 0.268154 0.131374 -1.009186 21.650000
1.079423 -0.855086 0.401358 -1.516844 -0.110183 0.268414 0.135463 -0.810804 21.700000
0.764634 -1.088908 0.415363 -1.511772 -0.150560 0.260723 0.138453 -0.804961 21.750000
0.474231 -1.268167 0.429136 -1.507055 -0.193317 0.249793 0.141507 -0.894097 21.800000
1.005730 -0.792711 0.442525 -1.502670 -0.241155 0.235420 0.144946 -1.004996 21.850000
1.228845 -0.817586 0.455584 -1.498626 -0.287593 0.226623 0.147638 -0.869608 21.900000
1.951131 -1.206787 0.468499 -1.494951 -0.329559 0.221002 0.149288 -0.815620 21.950000
2.200965 -1.200155 0.481479 -1.491712 -0.373936 0.221715 0.151197 -0.943529 22.000000
1.818832 -0.848810 0.494701 -1.489004 -0.422722 0.223678 0.153779 -1.000712 22.050000
2.720798 -0.368475 0.508097 -1.486830 -0.469643 0.222249 0.155975 -0.890242 22.100000
2.782510 0.052077 0.521770 -1.485250 -0.507382 0.231102 0.156725 -0.648768 22.150000
3.394834 0.345837 0.535929 -1.484365 -0.531784 0.243011 0.155472 -0.359706 22.200000
3.276530 0.522584 0.550730 -1.484238 -0.542237 0.263118 0.152020 -0.086397 22.250000
2.942229 0.404249 0.566293 -1.484893 -0.540365 0.283890 0.146442 0.139552 22.300000
3.877364 0.483649 0.582542 -1.486227 -0.531330 0.302110 0.139549 0.214263 22.350000
4.494265 0.316600 0.599598 -1.488263 -0.518597 0.328884 0.131914 0.287359 22.400000
5.124998 -0.129729 0.617762 -1.491123 -0.505094 0.360325 0.124101 0.255782 22.450000
4.300152 0.266298 0.637243 -1.494897 -0.497970 0.395197 0.117980 0.049125 22.500000
3.657679 0.110389 0.657926 -1.499530 -0.494080 0.420461 0.112823 0.101349 22.550000
2.953810 0.052791 0.679467 -1.504819 -0.490036 0.438741 0.107746 0.064016 22.600000
2.570121 -0.135623 0.701551 -1.510590 -0.488075 0.449431 0.103460 0.018838 22.650000
3.051797 0.175187 0.723923 -1.516715 -0.490027 0.455578 0.100576 -0.086827 22.700000
3.608932 0.132269 0.746577 -1.523208 -0.492360 0.465903 0.097914 -0.013406 22.750000
4.177015 0.577717 0.769721 -1.530163 -0.492391 0.481287 0.094592 0.009996 22.800000
3.506498 0.777106 0.793579 -1.537669 -0.486321 0.502073 0.089225 0.213160 22.850000
3.216338 0.696855 0.818145 -1.545636 -0.470279 0.516873 0.080347 0.408661 22.900000
3.951856 0.723386 0.843240 -1.553870 -0.447850 0.528802 0.069252 0.481420 22.950000
4.223729 0.686958 0.868965 -1.562344 -0.422350 0.546975 0.057116 0.533762 23.000000
4.922976 0.592350 0.895525 -1.571082 -0.395233 0.566605 0.044411 0.550186 23.050000
4.040129 0.235153 0.923109 -1.580100 -0.368451 0.591429 0.031852 0.525079 23.100000
4.395674 0.090464 0.951635 -1.589327 -0.346495 0.606448 0.021414 0.371061 23.150000
4.934646 0.190890 0.980940 -1.598713 -0.331740 0.623705 0.014234 0.234153 23.200000
5.599825 0.551579 1.011175 -1.608333 -0.320838 0.645054 0.008825 0.205417 23.250000
4.610904 0.973496 1.042571 -1.618244 -0.306770 0.671609 0.001902 0.343838 23.300000
5.556222 1.450232 1.075031 -1.628315 -0.282636 0.687646 -0.009887 0.595214 23.350000
5.930386 1.854364 1.108545 -1.638361 -0.243840 0.710881 -0.028946 0.919818 23.400000
5.493419 2.171802 1.143391 -1.648211 -0.188855 0.734448 -0.056353 1.240738 23.450000
5.401845 1.720277 1.179496 -1.657561 -0.119033 0.749158 -0.091418 1.517394 23.500000
4.537183 1.720674 1.216627 -1.666113 -0.044223 0.758249 -0.128512 1.485098 23.550000
4.624025 1.407216 1.254432 -1.673704 0.030123 0.755351 -0.164243 1.492576 23.600000
4.760409 1.568478 1.292607 -1.680236 0.101929 0.750560 -0.197156 1.397813 23.650000
5.351075 1.847407 1.331100 -1.685656 0.172799 0.744410 -0.228158 1.435574 23.700000
4.868005 2.194773 1.369947 -1.689850 0.248361 0.739428 -0.260293 1.571041 23.750000
4.333638 2.011665 1.408991 -1.692695 0.332502 0.723535 -0.295212 1.768107 23.800000
4.382753 1.610594 1.447793 -1.694163 0.421514 0.697338 -0.330078 1.791722 23.850000
4.814855 1.150218 1.486105 -1.694290 0.507403 0.670247 -0.360474 1.665526 23.900000
5.376266 1.146501 1.523972 -1.693070 0.584551 0.649571 -0.384202 1.453533 23.950000
5.582737 1.095977 1.561577 -1.690420 0.654825 0.636412 -0.403016 1.370634 24.000000
4.660334 0.610441 1.599007 -1.686247 0.721930 0.625821 -0.419141 1.321611 24.050000
4.584373 0.296446 1.636078 -1.680670 0.782235 0.609758 -0.431036 1.118532 24.100000
5.396982 0.516331 1.672649 -1.673859 0.832178 0.598993 -0.437466 0.906548 24.150000
4.771822 0.387572 1.708879 -1.665693 0.877187 0.598790 -0.441390 0.895589 24.200000
5.560527 0.136924 1.744763 -1.656150 0.920415 0.593654 -0.444325 0.840344 24.250000
5.713955 0.211992 1.780298 -1.645203 0.958928 0.598771 -0.445141 0.715795 24.300000
5.694329 0.495977 1.815606 -1.632679 0.993926 0.607200 -0.444619 0.688045 24.350000
5.381883 0.773019 1.850647 -1.618572 1.031186 0.613732 -0.445306 0.790635 24.400000
4.706808 0.683664 1.885255 -1.602984 1.075215 0.612894 -0.449006 0.950823 24.450000
4.214786 0.237489 1.919178 -1.586162 1.123874 0.602738 -0.454384 0.990213 24.500000
4.111490 0.525030 1.952232 -1.568375 1.168937 0.590376 -0.457627 0.831628 24.550000
3.187086 0.737130 1.984377 -1.549752 1.211544 0.578935 -0.459369 0.867423 24.600000
2.484375 0.531421 2.015498 -1.530545 1.257625 0.557106 -0.461950 0.962195 24.650000
2.165423 0.595119 2.045441 -1.511146 1.304527 0.529005 -0.463924 0.917380 24.700000
2.812290 0.226948 2.074170 -1.491787 1.350295 0.499730 -0.464456 0.911599 24.750000
1.820988 0.577387 2.101748 -1.472382 1.391514 0.480546 -0.462582 0.754709 24.800000
0.918250 0.227578 2.128227 -1.452979 1.430852 0.454251 -0.459495 0.809590 24.850000
0.918278 -0.238772 2.153576 -1.434010 1.467904 0.422260 -0.454984 0.684464 24.900000
1.200126 0.240707 2.177861 -1.415614 1.494882 0.398013 -0.446953 0.421727 24.950000
0.661593 0.159433 2.201187 -1.397629 1.517462 0.380295 -0.437598 0.473647 25.000000
1.040507 -0.266773 2.223590 -1.380093 1.540741 0.358161 -0.428442 0.456926 25.050000
0.328453 -0.510973 2.245112 -1.363003 1.558268 0.344027 -0.417873 0.262939 25.100000
0.747890 -0.961816 2.265829 -1.346351 1.565538 0.329823 -0.405052 0.047216 25.150000
0.898099 -0.575821 2.285821 -1.330094 1.559168 0.327537 -0.389452 -0.271956 25.200000
1.630258 -0.174606 2.305174 -1.313998 1.545144 0.330533 -0.372620 -0.288160 25.250000
1.073160 -0.450609 2.323927 -1.297847 1.535064 0.337956 -0.357284 -0.131253 25.300000
1.197260 -0.574711 2.342087 -1.281640 1.527598 0.338478 -0.343089 -0.164914 25.350000
2.153788 -0.337472 2.359680 -1.265477 1.517326 0.341261 -0.328709 -0.239248 25.400000
1.700345 -0.536013 2.376756 -1.249098 1.506945 0.352661 -0.314767 -0.181961 25.450000
0.982884 -0.037843 2.393346 -1.232404 1.496372 0.359288 -0.301197 -0.236020 25.500000
0.100948 -0.221531 2.409452 -1.215686 1.489465 0.357344 -0.289032 -0.058609 25.550000
0.966228 -0.666797 2.425038 -1.199346 1.486994 0.345486 -0.278438 -0.043022 25.600000
0.933444 -0.689162 2.440122 -1.183372 1.479781 0.343844 -0.267059 -0.228116 25.650000
1.413873 -0.246110 2.454777 -1.167528 1.465263 0.344416 -0.254294 -0.341651 25.700000
0.505175 -0.064651 2.469056 -1.151692 1.451535 0.348914 -0.242153 -0.220526 25.750000
0.646596 0.373237 2.482941 -1.135987 1.444346 0.342498 -0.232056 -0.081639 25.800000
0.305089 0.825879 2.496387 -1.120617 1.447425 0.334395 -0.224826 0.179069 25.850000
0.000000 0.999524 2.509339 -1.105661 1.465451 0.318960 -0.221300 0.506387 25.900000
0.000000 0.736106 2.521728 -1.091306 1.497313 0.297218 -0.220691 0.740011 25.950000
0.639604 0.883543 2.533536 -1.077639 1.534473 0.274765 -0.220681 0.744875 26.000000
1.117444 0.522657 2.544793 -1.064495 1.573350 0.258625 -0.220488 0.802512 26.050000
0.394290 0.751994 2.555527 -1.051601 1.610171 0.248195 -0.219560 0.684110 26.100000
0.000000 0.809948 2.565770 -1.038996 1.645279 0.232023 -0.218025 0.715703 26.150000
0.000000 1.081476 2.575557 -1.026929 1.682066 0.212401 -0.216361 0.750739 26.200000
0.000000 1.360960 2.584921 -1.015483 1.723017 0.192403 -0.214836 0.871588 26.250000
0.920266 1.421911 2.593882 -1.004656 1.771196 0.171155 -0.213697 1.033876 26.300000
1.347223 1.740440 2.602419 -0.994246 1.825571 0.157554 -0.212729 1.128063 26.350000
1.340651 1.819463 2.610473 -0.983961 1.886567 0.146600 -0.212041 1.289176 26.400000
1.065355 1.442825 2.618023 -0.973739 1.953802 0.134267 -0.211492 1.385969 26.450000
0.597836 1.869215 2.625101 -0.963662 2.020175 0.120176 -0.210243 1.282930 26.500000
0.033949 1.483019 2.631795 -0.953879 2.087599 0.102118 -0.208365 1.397072 26.550000
0.000000 1.775865 2.638247 -0.944593 2.154608 0.079835 -0.205553 1.296652 26.600000
0.605730 1.893009 2.644561 -0.935880 2.221295 0.058466 -0.201781 1.360883 26.650000
1.301255 1.551731 2.650687 -0.927599 2.291298 0.043004 -0.197387 1.428841 26.700000
2.232564 1.462894 2.656450 -0.919497 2.359855 0.035410 -0.192529 1.327627 26.750000
1.607836 1.268399 2.661576 -0.911290 2.424048 0.038334 -0.187613 1.250891 26.800000
0.980670 1.181914 2.666003 -0.902946 2.483548 0.036940 -0.182776 1.143648 26.850000
1.021633 0.967421 2.669946 -0.894661 2.538435 0.031287 -0.177847 1.062449 26.900000
1.693408 1.201221 2.673503 -0.886516 2.588158 0.027822 -0.172802 0.941934 26.950000
0.777299 1.165615 2.676526 -0.878419 2.636266 0.031438 -0.167907 0.977849 27.000000
1.415703 0.901719 2.679073 -0.870411 2.685228 0.026524 -0.163174 0.980183 27.050000
0.788674 0.977897 2.681199 -0.862537 2.731354 0.028658 -0.158498 0.877862 27.100000
0.000000 0.811781 2.682901 -0.854795 2.774744 0.025750 -0.153920 0.859882 27.150000
0.000000 0.532782 2.684488 -0.847307 2.815639 0.016403 -0.149274 0.784881 27.200000
0.000000 0.049015 2.686121 -0.840119 2.850738 0.008818 -0.144489 0.636483 27.250000
0.822202 0.385797 2.687777 -0.833204 2.875030 0.003822 -0.139665 0.365155 27.300000
0.941032 -0.098410 2.689240 -0.826491 2.893235 0.007940 -0.134975 0.363352 27.350000
1.313695 0.231290 2.690297 -0.819918 2.905822 0.014131 -0.130465 0.160987 27.400000
1.820201 -0.100437 2.690831 -0.813454 2.914680 0.024277 -0.126138 0.190603 27.450000
1.145215 -0.168696 2.690658 -0.807055 2.920831 0.039257 -0.121971 0.067771 27.500000
0.654373 -0.440988 2.689832 -0.800727 2.921561 0.048316 -0.117834 -0.029292 27.550000
1.576287 -0.263510 2.688628 -0.794522 2.915428 0.053553 -0.113594 -0.199369 27.600000
0.609494 -0.006116 2.686951 -0.788402 2.904961 0.067776 -0.109271 -0.217261 27.650000
0.000000 0.008899 2.684832 -0.782363 2.896827 0.072083 -0.105146 -0.117918 27.700000
0.000000 0.112728 2.682649 -0.776489 2.892615 0.069973 -0.101354 -0.056579 27.750000
0.573442 -0.368825 2.680549 -0.770815 2.891937 0.067445 -0.097872 0.022031 27.800000
0.965593 -0.847843 2.678399 -0.765302 2.888615 0.070682 -0.094377 -0.139480 27.850000
1.034994 -0.451280 2.675976 -0.759877 2.873655 0.078878 -0.090362 -0.428786 27.900000
1.760568 -0.449058 2.673173 -0.754489 2.852545 0.088058 -0.086033 -0.416833 27.950000
1.916949 -0.868206 2.669833 -0.749068 2.831912 0.103454 -0.081699 -0.409139 28.000000
2.462207 -0.614521 2.665786 -0.743535 2.806812 0.120072 -0.076913 -0.576141 28.050000
2.823959 -0.236274 2.660912 -0.737805 2.778537 0.141272 -0.071666 -0.556868 28.100000
3.060611 -0.557845 2.655064 -0.731783 2.755269 0.164358 -0.066709 -0.391892 28.150000
3.416619 -0.512673 2.648169 -0.725408 2.734386 0.188394 -0.061813 -0.438248 28.200000
2.573350 -0.432329 2.640157 -0.718606 2.712334 0.214760 -0.056544 -0.443220 28.250000
3.492013 -0.312964 2.631195 -0.711407 2.691020 0.232061 -0.051233 -0.412706 28.300000
4.103144 -0.215754 2.621320 -0.703792 2.672185 0.256909 -0.046218 -0.347627 28.350000
3.832402 -0.134533 2.610265 -0.695600 2.656869 0.286130 -0.041694 -0.272837 28.400000
4.139672 0.002219 2.598022 -0.686804 2.645268 0.311404 -0.037817 -0.198738 28.450000
3.707310 -0.240177 2.584636 -0.677419 2.638027 0.338266 -0.034870 -0.100566 28.500000
4.272296 -0.728044 2.570183 -0.667481 2.631670 0.359982 -0.032102 -0.149025 28.550000
3.552670 -0.625092 2.554690 -0.656971 2.617835 0.386345 -0.027307 -0.380671 28.600000
3.213673 -0.195082 2.538266 -0.645865 2.596565 0.405105 -0.020373 -0.461741 28.650000
3.889043 -0.589766 2.521189 -0.634268 2.577174 0.419731 -0.013992 -0.328658 28.700000
3.289954 -0.996047 2.503433 -0.622144 2.558113 0.439864 -0.007668 -0.424023 28.750000
3.969095 -1.061090 2.485048 -0.609456 2.530872 0.453464 0.001286 -0.641753 28.800000
4.247920 -1.394108 2.466111 -0.596133 2.494953 0.472347 0.013115 -0.779626 28.850000
4.809762 -1.708421 2.446550 -0.581982 2.450310 0.492157 0.028049 -0.982069 28.900000
5.516015 -1.367157 2.426362 -0.566806 2.394991 0.514808 0.046992 -1.203134 28.950000
4.862853 -1.061166 2.405511 -0.550339 2.335576 0.541284 0.067774 -1.179083 29.000000
5.638792 -1.039614 2.384148 -0.532555 2.280034 0.559401 0.087255 -1.060640 29.050000
6.000000 -0.625482 2.362379 -0.513435 2.228530 0.583089 0.105261 -1.008677 29.100000
5.009732 -0.169606 2.340155 -0.492786 2.183104 0.608903 0.120954 -0.832828 29.150000
4.925855 -0.578495 2.317627 -0.470766 2.148688 0.625522 0.131942 -0.575878 29.200000
5.898345 -0.873077 2.294958 -0.447624 2.118690 0.641018 0.140988 -0.620378 29.250000
6.000000 -1.154178 2.272127 -0.423197 2.083589 0.663454 0.152519 -0.768129 29.300000
5.575156 -0.671016 2.249172 -0.397277 2.039856 0.683371 0.168332 -0.959819 29.350000
5.499236 -1.117072 2.226311 -0.369950 1.994433 0.697152 0.184910 -0.870889 29.400000
4.879175 -0.844777 2.203709 -0.341354 1.946891 0.708046 0.202406 -1.015069 29.450000
4.191852 -0.824696 2.181574 -0.311677 1.897015 0.710916 0.220679 -0.986222 29.500000
3.946293 -1.026073 2.160096 -0.281249 1.848080 0.706393 0.237810 -0.974707 29.550000
3.228356 -1.269200 2.139405 -0.250315 1.797100 0.697964 0.255147 -1.055807 29.600000
3.848944 -1.657494 2.119640 -0.219140 1.740463 0.679959 0.274173 -1.192784 29.650000
3.635485 -1.666674 2.100916 -0.187807 1.674777 0.663410 0.296174 -1.406438 29.700000
3.917923 -1.283022 2.083336 -0.156315 1.601639 0.640445 0.319922 -1.506060 29.750000
4.520025 -1.638027 2.066967 -0.124734 1.529121 0.619110 0.341376 -1.409865 29.800000
4.159234 -2.006205 2.051828 -0.092921 1.455876 0.601871 0.361410 -1.506898 29.850000
4.468650 -2.432300 2.037985 -0.060933 1.375421 0.576332 0.382644 -1.684892 29.900000
4.053743 -2.526533 2.025521 -0.028947 1.284670 0.546827 0.405667 -1.909659 29.950000
3.585634 -2.342533 2.014481 0.002822 1.185791 0.507275 0.428667 -2.025599 30.000000
4.556978 -1.941921 2.004785 0.034032 1.085290 0.461185 0.448361 -1.997181 30.050000
4.197143 -2.056600 1.996437 0.064731 0.990034 0.426907 0.462793 -1.837289 30.100000
3.884622 -1.953727 1.989460 0.095033 0.898890 0.391678 0.473160 -1.810499 30.150000
4.023185 -1.749271 1.983730 0.124772 0.809951 0.355309 0.480237 -1.753347 30.200000
4.532418 -1.372146 1.979194 0.153905 0.725298 0.323830 0.483866 -1.646692 30.250000
3.677050 -1.120991 1.975958 0.182549 0.648362 0.303163 0.484062 -1.457205 30.300000
4.386275 -1.179837 1.973975 0.210686 0.580590 0.281490 0.481187 -1.277251 30.350000
5.255523 -1.093439 1.973246 0.238316 0.518426 0.271230 0.476558 -1.216566 30.400000
5.318029 -1.488111 1.974100 0.265604 0.459349 0.271839 0.471287 -1.154738 30.450000
5.042251 -1.744740 1.976719 0.292581 0.398118 0.272033 0.466669 -1.277397 30.500000
5.751163 -1.980086 1.981000 0.319095 0.330029 0.265671 0.463396 -1.424450 30.550000
5.570250 -1.742074 1.986966 0.345032 0.254604 0.261798 0.461376 -1.570513 30.600000
5.087219 -1.591916 1.994656 0.370284 0.176954 0.255210 0.459528 -1.539470 30.650000
4.735162 -1.237622 2.003878 0.394710 0.102004 0.246303 0.456831 -1.468212 30.700000
4.733820 -0.782182 2.014425 0.418212 0.033295 0.238662 0.452701 -1.302962 30.750000
4.425224 -0.979291 2.026238 0.440740 -0.024868 0.238189 0.446723 -1.056711 30.800000
4.453884 -0.646954 2.039275 0.462268 -0.076731 0.239146 0.439928 -1.022110 30.850000
3.557042 -0.792257 2.053459 0.482759 -0.123728 0.243697 0.432632 -0.876387 30.900000
4.374384 -0.859821 2.068583 0.502212 -0.167230 0.242239 0.425061 -0.864689 30.950000
3.522439 -1.211522 2.084596 0.520598 -0.211042 0.248684 0.417900 -0.885400 31.000000
2.724555 -1.345462 2.101428 0.537896 -0.259450 0.244777 0.411852 -1.031565 31.050000
2.514267 -0.893130 2.118611 0.554169 -0.314283 0.230420 0.406786 -1.145313 31.100000
3.145401 -1.390626 2.135869 0.569476 -0.367925 0.215717 0.401128 -1.016131 31.150000
4.037694 -1.456855 2.153296 0.583784 -0.422429 0.207395 0.395385 -1.145927 31.200000
3.996660 -1.092650 2.171159 0.596944 -0.482017 0.205378 0.390393 -1.226282 31.250000
4.026855 -1.228957 2.189566 0.608849 -0.540347 0.204126 0.385308 -1.120952 31.300000
4.754185 -1.151689 2.208475 0.619472 -0.596540 0.204714 0.380092 -1.125954 31.350000
4.092307 -0.704039 2.227973 0.628687 -0.652067 0.212763 0.375134 -1.099062 31.400000
4.179430 -1.066287 2.248014 0.636462 -0.701802 0.217659 0.369704 -0.914390 31.450000
5.083516 -0.796465 2.268461 0.642851 -0.749139 0.224726 0.364330 -0.971989 31.500000
5.587696 -0.854967 2.289413 0.647686 -0.795563 0.240694 0.359369 -0.895543 31.550000
6.000000 -0.640276 2.311028 0.650721 -0.840081 0.261939 0.354870 -0.887416 31.600000
5.968904 -0.967900 2.333353 0.651788 -0.882091 0.287637 0.350773 -0.804694 31.650000
6.000000 -0.679743 2.356342 0.650815 -0.925000 0.311811 0.347789 -0.901062 31.700000
6.000000 -0.909095 2.379857 0.647814 -0.968266 0.335302 0.345696 -0.838736 31.750000
5.444555 -0.447767 2.403785 0.642786 -1.012050 0.357714 0.344534 -0.905621 31.800000
6.000000 -0.691728 2.427934 0.635861 -1.053216 0.375366 0.343321 -0.760031 31.850000
6.000000 -0.646033 2.452229 0.627046 -1.092101 0.398591 0.342150 -0.792766 31.900000
6.000000 -1.084388 2.476625 0.616254 -1.131801 0.420546 0.341878 -0.796192 31.950000
6.000000 -1.294651 2.500998 0.603527 -1.176645 0.439188 0.343795 -0.976266 32.000000
6.000000 -1.320777 2.525170 0.588929 -1.230223 0.452776 0.348930 -1.145736 32.050000
6.000000 -1.034753 2.548951 0.572529 -1.290042 0.462386 0.356347 -1.235962 32.100000
6.000000 -0.929377 2.572177 0.554392 -1.349974 0.470949 0.363899 -1.171359 32.150000
5.325798 -0.594192 2.594739 0.534562 -1.406705 0.480180 0.370476 -1.107665 32.200000
5.321247 -0.681724 2.616527 0.513236 -1.457714 0.485233 0.375126 -0.953558 32.250000
6.000000 -0.850831 2.637472 0.490593 -1.504436 0.491947 0.378350 -0.920326 32.300000
6.000000 -0.568421 2.657522 0.466522 -1.551973 0.504046 0.382074 -0.975316 32.350000
6.000000 -0.509346 2.676595 0.440938 -1.598455 0.515966 0.385667 -0.895302 32.400000
5.464218 -0.366019 2.694629 0.413895 -1.641629 0.528929 0.388316 -0.839785 32.450000
5.988520 -0.107783 2.711582 0.385570 -1.681386 0.538063 0.389908 -0.760950 32.500000
5.116151 -0.304450 2.727425 0.355999 -1.715577 0.554581 0.389631 -0.624038 32.550000
5.638480 -0.350071 2.742159 0.325290 -1.747193 0.563705 0.388673 -0.639379 32.600000
5.959159 -0.140091 2.755762 0.293584 -1.779956 0.576721 0.388468 -0.668604 32.650000
6.000000 -0.385971 2.768159 0.260754 -1.811526 0.592811 0.388098 -0.602956 32.700000
6.000000 -0.556788 2.779305 0.226777 -1.843640 0.608328 0.388351 -0.674437 32.750000
5.338476 -0.144487 2.789144 0.191747 -1.880366 0.620711 0.390939 -0.782768 32.800000
5.821166 -0.123057 2.797669 0.155917 -1.916461 0.626655 0.393359 -0.674682 32.850000
5.752304 -0.498555 2.804881 0.119361 -1.948557 0.638875 0.394132 -0.616887 32.900000
6.000000 -0.566277 2.810733 0.082043 -1.982914 0.648675 0.396193 -0.743399 32.950000
5.179824 -0.255769 2.815159 0.044046 -2.022657 0.657305 0.400906 -0.836204 33.000000
4.202726 -0.572496 2.818177 0.005603 -2.062346 0.657751 0.405526 -0.761129 33.050000
4.337022 -0.669004 2.819970 -0.032858 -2.102946 0.648361 0.410296 -0.851618 33.100000
3.444066 -0.416510 2.820614 -0.071085 -2.147787 0.637940 0.416550 -0.931871 33.150000
4.079808 -0.252547 2.820198 -0.108862 -2.192608 0.619330 0.422090 -0.868205 33.200000
3.781319 -0.341089 2.818763 -0.146144 -2.233300 0.609496 0.425166 -0.770963 33.250000
3.554038 -0.187803 2.816277 -0.183015 -2.271479 0.598619 0.426760 -0.757211 33.300000
3.808494 -0.524149 2.812827 -0.219380 -2.307369 0.587358 0.427023 -0.686028 33.350000
3.777161 -0.400367 2.808416 -0.255245 -2.344390 0.578252 0.427503 -0.782531 33.400000
3.651280 -0.524939 2.803015 -0.290599 -2.383373 0.568062 0.428501 -0.776784 33.450000
4.313102 -0.699051 2.796661 -0.325387 -2.423450 0.556436 0.429603 -0.820188 33.500000
4.072559 -0.607224 2.789268 -0.359643 -2.466912 0.549371 0.431738 -0.907087 33.550000
4.324092 -0.409244 2.780778 -0.393362 -2.512352 0.539071 0.434283 -0.909640 33.600000
3.915562 -0.819482 2.771199 -0.426510 -2.555632 0.532681 0.435634 -0.830985 33.650000
2.967789 -0.334004 2.760574 -0.459044 -2.600634 0.521655 0.437335 -0.953009 33.700000
3.724825 -0.537308 2.749198 -0.490748 -2.644421 0.502937 0.438030 -0.814360 33.750000
4.265569 -0.337340 2.737105 -0.521622 -2.685448 0.493640 0.437297 -0.824619 33.800000
4.104022 -0.128175 2.724032 -0.551804 -2.724533 0.490949 0.435726 -0.747768 33.850000
4.212498 0.016099 2.709902 -0.581337 -2.758507 0.489996 0.432371 -0.625297 33.900000
3.958867 -0.371455 2.694718 -0.610242 -2.786427 0.493803 0.427052 -0.504961 33.950000
4.205536 -0.443790 2.678519 -0.638521 -2.814346 0.495293 0.422001 -0.600625 34.000000
5.032296 -0.884656 2.661342 -0.666122 -2.846497 0.496767 0.418654 -0.676380 34.050000
4.169210 -0.805476 2.643003 -0.693044 -2.886281 0.501617 0.418234 -0.889327 34.100000
3.940643 -0.972331 2.623590 -0.719172 -2.932693 0.494470 0.420124 -0.958030 34.150000
4.504669 -1.337753 2.603415 -0.744364 -2.983274 0.482965 0.423091 -1.052333 34.200000
4.606823 -1.479066 2.582465 -0.768555 -3.041030 0.472765 0.428014 -1.233095 34.250000
5.398771 -1.003094 2.560685 -0.791663 -3.106403 0.459030 0.434788 -1.363043 34.300000
6.000000 -0.509813 2.537950 -0.813609 3.112202 0.453121 0.440571 -1.237756 34.350000
5.247095 -0.771738 2.513953 -0.834357 3.057185 0.458386 0.443007 -0.995811 34.400000
5.843480 -0.285929 2.488727 -0.853890 3.007566 0.459562 0.443754 -0.989865 34.450000
5.452492 -0.785346 2.462345 -0.872165 2.963468 0.469541 0.442817 -0.798769 34.500000
6.000000 -0.479521 2.434783 -0.889153 2.920459 0.476189 0.441855 -0.908419 34.550000
6.000000 -0.179369 2.406094 -0.904785 2.876916 0.487374 0.441357 -0.842413 34.600000
5.583509 -0.669348 2.376206 -0.918994 2.838924 0.501481 0.439302 -0.695952 34.650000
6.000000 -0.201600 2.345254 -0.931788 2.800555 0.511011 0.437819 -0.823927 34.700000
5.066430 -0.164938 2.313335 -0.943120 2.762777 0.524442 0.436448 -0.702807 34.750000
6.000000 -0.447795 2.280600 -0.953023 2.729629 0.531487 0.433668 -0.631733 34.800000
5.790555 0.033004 2.247092 -0.961482 2.695785 0.546604 0.431543 -0.713423 34.850000
6.000000 -0.015044 2.212736 -0.968408 2.664301 0.560640 0.428878 -0.564124 34.900000
6.000000 -0.229247 2.177555 -0.973802 2.637542 0.578905 0.424769 -0.513004 34.950000
6.000000 -0.336623 2.141557 -0.977641 2.610090 0.596150 0.421456 -0.578660 35.000000
6.000000 -0.711470 2.104843 -0.979913 2.578934 0.610659 0.420165 -0.659225 35.050000
5.870242 -1.019631 2.067546 -0.980595 2.540578 0.620448 0.422365 -0.852621 35.100000
6.000000 -1.198539 2.029882 -0.979666 2.491883 0.622445 0.429225 -1.068385 35.150000
5.966152 -1.054766 1.992064 -0.977087 2.433670 0.619394 0.440021 -1.238140 35.200000
5.957083 -1.225696 1.954274 -0.972819 2.371131 0.612654 0.452098 -1.261033 35.250000
6.000000 -1.516951 1.916666 -0.966861 2.305891 0.603399 0.464561 -1.338343 35.300000
5.867726 -1.149360 1.879404 -0.959215 2.234875 0.590083 0.478512 -1.481894 35.350000
4.949191 -1.211952 1.842676 -0.949917 2.162984 0.574229 0.491545 -1.404906 35.400000
4.408057 -1.665291 1.806711 -0.939195 2.093027 0.550650 0.502328 -1.393902 35.450000
4.953299 -1.774132 1.771770 -0.927380 2.018755 0.519043 0.513004 -1.551853 35.500000
5.732744 -1.324012 1.737972 -0.914544 1.938348 0.488414 0.523840 -1.647921 35.550000
6.000000 -1.367750 1.705286 -0.900465 1.859760 0.466533 0.532128 -1.514308 35.600000
6.000000 -1.322231 1.673673 -0.884936 1.785245 0.450231 0.537729 -1.471445 35.650000
5.855559 -1.689046 1.643190 -0.867931 1.712765 0.435593 0.541664 -1.432355 35.700000
6.000000 -1.524016 1.613929 -0.849543 1.637815 0.418012 0.545397 -1.547217 35.750000
6.000000 -1.594013 1.586003 -0.829871 1.561003 0.400756 0.548585 -1.526796 35.800000
5.323596 -1.313387 1.559493 -0.808957 1.484294 0.383993 0.550702 -1.538289 35.850000
5.165956 -1.528563 1.534459 -0.787030 1.410391 0.363588 0.550961 -1.431495 35.900000
5.855881 -1.034754 1.510918 -0.764319 1.337964 0.343677 0.549797 -1.459384 35.950000
6.000000 -0.720438 1.488944 -0.740752 1.270100 0.334553 0.546797 -1.279718 36.000000
5.162663 -0.222305 1.468627 -0.716130 1.211771 0.334529 0.541413 -1.080211 36.050000
5.149054 0.140459 1.449949 -0.690573 1.165787 0.336231 0.533307 -0.795002 36.100000
5.880956 0.196645 1.432862 -0.664185 1.133890 0.348381 0.522294 -0.514130 36.150000
6.000000 -0.190162 1.417440 -0.636734 1.112660 0.374790 0.509390 -0.354142 36.200000
6.000000 -0.268067 1.403759 -0.608038 1.092671 0.402452 0.497062 -0.438065 36.250000
6.000000 -0.761673 1.391823 -0.578172 1.068524 0.426547 0.486778 -0.520142 36.300000
5.366847 -1.178684 1.381631 -0.547276 1.035670 0.444263 0.479952 -0.766221 36.350000
4.770177 -1.473812 1.373124 -0.515686 0.989353 0.446873 0.477883 -1.050478 36.400000
4.614377 -1.461054 1.366167 -0.483875 0.930002 0.435410 0.479823 -1.290037 36.450000
4.805441 -1.161596 1.360668 -0.452177 0.862799 0.417629 0.483439 -1.383511 36.500000
4.966520 -0.682471 1.356630 -0.420697 0.795828 0.402211 0.486039 -1.305261 36.550000
4.443942 -1.093270 1.354119 -0.389402 0.736787 0.394016 0.485717 -1.085553 36.600000
5.006696 -0.920673 1.353085 -0.358344 0.680865 0.383412 0.484183 -1.142620 36.650000
4.709270 -1.126602 1.353534 -0.327583 0.624975 0.378606 0.482379 -1.098353 36.700000
4.810009 -0.963243 1.355505 -0.297140 0.568432 0.370940 0.480578 -1.154966 36.750000
5.467926 -0.800902 1.358940 -0.267123 0.511823 0.364619 0.478567 -1.114184 36.800000
5.350749 -0.414287 1.363991 -0.237499 0.458435 0.366923 0.475704 -1.032187 36.850000
5.474234 -0.669319 1.370773 -0.208247 0.412118 0.372839 0.471224 -0.844553 36.900000
4.994590 -1.160572 1.379302 -0.179392 0.369499 0.382301 0.466196 -0.858896 36.950000
5.128989 -0.712031 1.389457 -0.151049 0.320920 0.383421 0.463159 -1.058479 37.000000
4.577311 -0.634898 1.401092 -0.123364 0.270359 0.384687 0.460777 -0.974793 37.050000
5.296648 -0.348443 1.414093 -0.096417 0.223567 0.383315 0.457451 -0.905372 37.100000
5.302983 0.149309 1.428495 -0.070227 0.182383 0.392376 0.452814 -0.760321 37.150000
6.000000 -0.090238 1.444480 -0.044763 0.151846 0.407927 0.445655 -0.492821 37.200000
6.000000 -0.085116 1.462237 -0.019979 0.128137 0.433711 0.437193 -0.460563 37.250000
6.000000 -0.323093 1.481889 0.004128 0.105488 0.459340 0.429136 -0.448155 37.300000
5.472916 -0.759804 1.503369 0.027512 0.080421 0.482761 0.422593 -0.545005 37.350000
4.850359 -0.445739 1.526448 0.050082 0.046792 0.495628 0.419610 -0.773963 37.400000
4.663839 -0.903256 1.550740 0.071713 0.008442 0.499617 0.418573 -0.761717 37.450000
3.817552 -0.866358 1.575983 0.092335 -0.034577 0.499074 0.419303 -0.937242 37.500000
4.811308 -1.235350 1.601839 0.111878 -0.083304 0.487366 0.421807 -1.002732 37.550000
5.631283 -1.160992 1.628261 0.130272 -0.138282 0.481550 0.426090 -1.173562 37.600000
5.489859 -1.079824 1.655561 0.147388 -0.198305 0.480286 0.431795 -1.221227 37.650000
5.566765 -1.014919 1.683792 0.163127 -0.259106 0.476844 0.437450 -1.212290 37.700000
6.000000 -0.659543 1.712853 0.177432 -0.318928 0.474402 0.442438 -1.184617 37.750000
5.778500 -0.393354 1.742794 0.190219 -0.373987 0.478608 0.445650 -1.037918 37.800000
5.151862 -0.733929 1.773634 0.201443 -0.421145 0.485207 0.446243 -0.870399 37.850000
5.137456 -0.792006 1.805162 0.211162 -0.466276 0.486922 0.446286 -0.927747 37.900000
6.000000 -0.899584 1.837155 0.219410 -0.514064 0.486798 0.447273 -0.977471 37.950000
6.000000 -0.517143 1.869682 0.226060 -0.564795 0.492800 0.449357 -1.043825 38.000000
6.000000 -0.362186 1.902806 0.230981 -0.613705 0.499543 0.450922 -0.928197 38.050000
6.000000 0.039786 1.936477 0.234150 -0.656967 0.509406 0.450692 -0.816960 38.100000
5.517140 0.487718 1.970669 0.235556 -0.691930 0.523995 0.447777 -0.607378 38.150000
5.779882 0.429387 2.005329 0.235273 -0.714404 0.541237 0.440619 -0.323450 38.200000
6.000000 0.766310 2.040491 0.233353 -0.727203 0.566158 0.430265 -0.201912 38.250000
6.000000 0.763988 2.076282 0.229760 -0.731659 0.597066 0.417069 0.002888 38.300000
6.000000 1.194965 2.112799 0.224520 -0.728472 0.630998 0.401122 0.113337 38.350000
5.285002 1.381951 2.150098 0.217716 -0.716185 0.668243 0.381434 0.353338 38.400000
6.000000 1.524190 2.188159 0.209576 -0.692854 0.702424 0.356756 0.558147 38.450000
6.000000 1.473655 2.227096 0.200247 -0.660370 0.745164 0.327597 0.723157 38.500000
6.000000 1.256121 2.267124 0.189803 -0.622370 0.787056 0.295498 0.790820 38.550000
6.000000 1.499509 2.308268 0.178431 -0.584106 0.825602 0.263310 0.747772 38.600000
6.000000 1.301187 2.350517 0.166300 -0.544291 0.861317 0.230290 0.837392 38.650000
5.825474 0.828416 2.393875 0.153591 -0.503061 0.894095 0.196584 0.818358 38.700000
5.702997 0.375781 2.438264 0.140470 -0.467262 0.920727 0.166717 0.639135 38.750000
6.000000 0.735629 2.483521 0.127015 -0.442520 0.941484 0.144632 0.382314 38.800000
6.000000 1.081437 2.529580 0.113203 -0.422698 0.962508 0.126239 0.410272 38.850000
6.000000 1.526414 2.576484 0.099090 -0.397558 0.982893 0.104479 0.579938 38.900000
5.541916 1.373713 2.624266 0.084860 -0.360799 1.002906 0.074861 0.861790 38.950000
5.867056 1.474979 2.672862 0.070803 -0.315086 1.016858 0.039390 0.960729 39.000000
5.507210 1.042848 2.722229 0.057135 -0.264012 1.031058 0.000747 1.074653 39.050000
5.909632 1.375177 2.772309 0.044032 -0.212860 1.038659 -0.037014 0.989737 39.100000
6.000000 1.576183 2.823039 0.031601 -0.160151 1.046918 -0.074969 1.110232 39.150000
5.172726 1.109884 2.874458 0.020009 -0.100213 1.051849 -0.117291 1.273303 39.200000
4.594345 0.922688 2.926293 0.009468 -0.038809 1.045224 -0.159182 1.200783 39.250000
3.638309 1.221502 2.978121 0.000056 0.018985 1.031131 -0.196496 1.127561 39.300000
3.191040 1.117903 3.029511 -0.008209 0.078268 1.005512 -0.232787 1.234939 39.350000
3.477989 0.699673 3.080057 -0.015288 0.140732 0.972923 -0.268813 1.264584 39.400000
2.478073 1.020524 3.129671 -0.021188 0.200229 0.942743 -0.300136 1.136692 39.450000
2.527648 0.679696 3.178177 -0.026009 0.259252 0.902430 -0.328557 1.215945 39.500000
1.832211 0.187758 3.225334 -0.029828 0.317537 0.862549 -0.353810 1.128852 39.550000
0.986300 0.465366 3.271044 -0.032784 0.367588 0.820306 -0.371518 0.902454 39.600000
1.876838 0.371373 3.315082 -0.035119 0.412762 0.773506 -0.384245 0.903014 39.650000
1.144996 -0.069973 3.357527 -0.036885 0.456757 0.736885 -0.394541 0.860857 39.700000
1.345865 0.141838 3.398503 -0.038130 0.494181 0.698100 -0.399926 0.658352 39.750000
2.067429 -0.337566 3.438033 -0.038975 0.526501 0.665397 -0.401693 0.634989 39.800000
2.018058 -0.152616 3.476404 -0.039350 0.552320 0.644285 -0.399736 0.420019 39.850000
2.848338 0.292544 3.513876 -0.039217 0.572180 0.626913 -0.394809 0.377144 39.900000
2.373993 0.492651 3.550647 -0.038490 0.595342 0.616322 -0.391337 0.531220 39.950000
1.684592 0.335000 3.586734 -0.037114 0.626216 0.597758 -0.391079 0.684640 40.000000
2.331533 0.099027 3.621865 -0.035241 0.660642 0.571685 -0.391808 0.689939 40.050000
2.429981 0.544649 3.656056 -0.032882 0.692407 0.554103 -0.390904 0.590844 40.100000
2.983937 0.823075 3.689488 -0.029943 0.725463 0.537510 -0.390162 0.715507 40.150000
2.967539 0.505438 3.722232 -0.026325 0.765935 0.522798 -0.391883 0.882043 40.200000
2.244855 0.173230 3.754322 -0.021952 0.808642 0.507252 -0.393909 0.831567 40.250000
2.470254 -0.231113 3.785654 -0.016958 0.845739 0.488578 -0.393347 0.670328 40.300000
3.027334 -0.651314 3.816238 -0.011429 0.872365 0.478419 -0.388814 0.421568 40.350000
3.553399 -0.982811 3.846326 -0.005216 0.884967 0.481368 -0.379575 0.113474 40.400000
3.819116 -0.800044 3.876228 0.001879 0.882060 0.497077 -0.365341 -0.199943 40.450000
4.101109 -0.551114 3.906198 0.009975 0.869413 0.519237 -0.348070 -0.296261 40.500000
3.511014 -0.982255 3.936372 0.019115 0.856023 0.543149 -0.330940 -0.244802 40.550000
3.515105 -0.906924 3.966714 0.029178 0.839542 0.561633 -0.312980 -0.398979 40.600000
4.410602 -0.459113 3.997194 0.039996 0.818132 0.580991 -0.293437 -0.452587 40.650000
5.007956 -0.566511 4.027984 0.051655 0.799760 0.606143 -0.275552 -0.299262 40.700000
5.972535 -0.534736 4.059282 0.064345 0.785755 0.633795 -0.259867 -0.264937 40.750000
6.000000 -0.816487 4.091319 0.078254 0.773353 0.668402 -0.245167 -0.234428 40.800000
6.000000 -0.498587 4.124244 0.093464 0.758810 0.702242 -0.229613 -0.337114 40.850000
6.000000 -0.143658 4.158072 0.109880 0.744033 0.734416 -0.214170 -0.262447 40.900000
5.690173 -0.110988 4.192754 0.127430 0.736058 0.763039 -0.202592 -0.075581 40.950000
5.334808 -0.589366 4.228137 0.146039 0.735482 0.785482 -0.195345 0.041361 41.000000
5.040789 -0.465066 4.264039 0.165575 0.733737 0.803968 -0.187642 -0.098448 41.050000
4.879167 -0.045297 4.300368 0.185873 0.728042 0.819887 -0.177916 -0.127454 41.100000
5.385201 0.049593 4.337036 0.206820 0.726033 0.832688 -0.170663 0.031354 41.150000
5.242482 -0.044817 4.374028 0.228480 0.731127 0.847989 -0.167894 0.160048 41.200000
6.000000 -0.538407 4.411326 0.250922 0.740010 0.860459 -0.167564 0.192385 41.250000
5.634336 -0.618383 4.449006 0.274230 0.744416 0.880430 -0.164537 0.002263 41.300000
4.931465 -0.248742 4.487184 0.298385 0.740628 0.897949 -0.156491 -0.140883 41.350000
5.283885 -0.373609 4.525715 0.323142 0.735592 0.908403 -0.147910 -0.068689 41.400000
4.637763 -0.408773 4.564517 0.348423 0.731705 0.921387 -0.140323 -0.086041 41.450000
4.657955 -0.463273 4.603534 0.374149 0.726620 0.927995 -0.132179 -0.115727 41.500000
4.197032 -0.245917 4.642669 0.400185 0.719616 0.934771 -0.123016 -0.161385 41.550000
3.457237 0.054168 4.681859 0.426431 0.713231 0.936797 -0.114571 -0.101296 41.600000
4.418863 0.090076 4.720863 0.452713 0.712468 0.930975 -0.110173 0.055143 41.650000
4.651872 0.262789 4.759666 0.479118 0.718015 0.933377 -0.110118 0.156904 41.700000
5.326596 0.242803 4.798420 0.505878 0.729435 0.936928 -0.113994 0.287433 41.750000
6.000000 -0.209417 4.837210 0.533179 0.745616 0.945735 -0.120977 0.354234 41.800000
5.775957 -0.069690 4.876220 0.561250 0.759256 0.960683 -0.126099 0.207698 41.850000
6.000000 -0.401228 4.915535 0.590114 0.769169 0.973465 -0.128631 0.191222 41.900000
6.000000 -0.356641 4.955153 0.619735 0.774693 0.988504 -0.128086 0.044275 41.950000
6.000000 0.059771 4.995147 0.650084 0.775160 1.003751 -0.124040 -0.019999 42.000000
5.062115 0.167596 5.035517 0.681118 0.777999 1.017928 -0.121878 0.120161 42.050000
4.367159 -0.060679 5.076021 0.712705 0.787423 1.021694 -0.124589 0.244944 42.100000
5.342525 -0.216578 5.116316 0.744607 0.798975 1.018451 -0.128738 0.220351 42.150000
4.630208 -0.303902 5.156446 0.776870 0.807887 1.024798 -0.130827 0.144249 42.200000
3.886833 0.112571 5.196484 0.809508 0.812955 1.024935 -0.130059 0.065920 42.250000
4.316782 -0.288496 5.236214 0.842253 0.819880 1.017855 -0.130675 0.198058 42.300000
3.647630 -0.754831 5.275558 0.875080 0.827144 1.015007 -0.131471 0.102031 42.350000
3.827141 -0.524397 5.314538 0.907918 0.825284 1.007697 -0.125626 -0.153428 42.400000
3.122922 -0.461045 5.353207 0.940611 0.816212 1.003520 -0.114837 -0.206318 42.450000
3.654930 -0.426383 5.391543 0.973039 0.805612 0.993097 -0.103383 -0.218770 42.500000
3.162983 -0.030510 5.429548 1.005168 0.794662 0.987946 -0.092134 -0.221123 42.550000
3.406461 -0.350634 5.467235 1.037017 0.787959 0.977822 -0.084317 -0.063974 42.600000
3.716249 -0.527821 5.504531 1.068590 0.783298 0.970116 -0.078212 -0.118440 42.650000
3.778360 -0.824763 5.541567 1.099969 0.774351 0.965999 -0.069372 -0.230009 42.700000
2.983885 -1.183278 5.578481 1.131163 0.757571 0.963160 -0.055463 -0.423387 42.750000
2.916426 -1.201810 5.615259 1.161956 0.729245 0.953385 -0.034217 -0.683885 42.800000
3.561881 -1.412733 5.651874 1.192089 0.690839 0.942768 -0.007091 -0.838453 42.850000
4.103230 -1.851452 5.688511 1.221537 0.644045 0.936974 0.024521 -1.016211 42.900000
4.406005 -2.035479 5.725454 1.250318 0.585613 0.933556 0.062684 -1.290494 42.950000
4.196761 -2.496725 5.762915 1.278316 0.515107 0.928434 0.107383 -1.506228 43.000000
4.309805 -2.218848 5.800908 1.305280 0.431683 0.914707 0.158572 -1.794788 43.050000
4.866330 -1.736890 5.839346 1.330929 0.340875 0.894908 0.211733 -1.838726 43.100000
4.711596 -1.327209 5.878247 1.355171 0.252797 0.875793 0.260034 -1.711408 43.150000
4.936520 -1.152573 5.917565 1.378003 0.172406 0.853715 0.300595 -1.536142 43.200000
5.411829 -1.371052 5.957221 1.399445 0.099056 0.833678 0.334286 -1.419032 43.250000
4.655737 -1.313569 5.997298 1.419504 0.026814 0.816240 0.365170 -1.467217 43.300000
4.207936 -1.316137 6.037623 1.438111 -0.046782 0.788914 0.394565 -1.477532 43.350000
4.522417 -1.226904 6.077813 1.455227 -0.120983 0.755472 0.421643 -1.489993 43.400000
5.420989 -1.208748 6.117756 1.470842 -0.194777 0.724047 0.445814 -1.466067 43.450000
4.789421 -1.691785 6.157659 1.484907 -0.267677 0.700574 0.467218 -1.452714 43.500000
3.840593 -1.789095 6.197482 1.497394 -0.345319 0.667059 0.488697 -1.626714 43.550000
4.632877 -2.201192 6.236709 1.508388 -0.429588 0.619425 0.510171 -1.726753 43.600000
4.346126 -2.120058 6.275163 1.517909 -0.521175 0.573558 0.531178 -1.906033 43.650000
4.909712 -1.797888 6.312798 1.525949 -0.617352 0.521112 0.549976 -1.933278 43.700000
5.009536 -1.749686 6.349594 1.532532 -0.710675 0.476092 0.563717 -1.815263 43.750000
4.227962 -2.041213 6.385672 1.537613 -0.799340 0.435985 0.572618 -1.739785 43.800000
3.505558 -1.554234 6.420898 1.541348 -0.888192 0.389208 0.578517 -1.800238 43.850000
3.271886 -1.062505 6.455022 1.544052 -0.973349 0.340044 0.580179 -1.627652 43.900000
3.691959 -1.344427 6.488011 1.545906 -1.047116 0.299696 0.576470 -1.358123 43.950000
3.673494 -0.926485 6.520002 1.546834 -1.114479 0.270322 0.569793 -1.336062 44.000000
3.731722 -1.040362 6.551084 1.546742 -1.176213 0.246935 0.561047 -1.155447 44.050000
3.020973 -1.424424 6.581302 1.545585 -1.232747 0.229702 0.550863 -1.109829 44.100000
2.058469 -1.893089 6.610609 1.543513 -1.291616 0.205592 0.540595 -1.226222 44.150000
2.586371 -1.531694 6.638867 1.540967 -1.359101 0.168036 0.530553 -1.438876 44.200000
1.619070 -1.670124 6.666049 1.538118 -1.429371 0.135817 0.519488 -1.377384 44.250000
1.376398 -1.811013 6.692197 1.535067 -1.498659 0.097641 0.506987 -1.388627 44.300000
1.540934 -1.670978 6.717339 1.532090 -1.569383 0.058920 0.493125 -1.430506 44.350000
1.797140 -1.642456 6.741541 1.529196 -1.639590 0.024919 0.477918 -1.381647 44.400000
2.523520 -1.551572 6.764859 1.526245 -1.707526 -0.002493 0.461713 -1.339430 44.450000
3.136886 -1.247477 6.787298 1.522968 -1.772836 -0.019006 0.445054 -1.279992 44.500000
3.734687 -1.254874 6.808804 1.519022 -1.832739 -0.024539 0.428564 -1.135531 44.550000
4.225740 -1.575310 6.829277 1.514102 -1.887792 -0.020238 0.412729 -1.075062 44.600000
3.328364 -2.031628 6.848602 1.507991 -1.944329 -0.011199 0.397727 -1.173863 44.650000
4.164057 -1.924118 6.866788 1.500866 -2.009214 -0.014127 0.383315 -1.390897 44.700000
4.285895 -2.403183 6.883815 1.492849 -2.080218 -0.011045 0.369355 -1.442080 44.750000
3.410295 -2.779277 6.899546 1.483831 -2.158037 -0.008978 0.355992 -1.641083 44.800000
4.236000 -2.866052 6.914058 1.474084 -2.246290 -0.018665 0.342781 -1.854851 44.850000
4.330668 -2.668386 6.927335 1.463736 -2.342242 -0.022232 0.329506 -1.965145 44.900000
5.220796 -3.000000 6.939195 1.452724 -2.439632 -0.023706 0.316490 -1.935305 44.950000
5.544681 -2.535501 6.949401 1.441013 -2.539518 -0.016222 0.304131 -2.042807 45.000000
6.000000 -2.364266 6.957667 1.428594 -2.638065 -0.003868 0.292894 -1.920012 45.050000
6.000000 -2.044524 6.963753 1.415560 -2.731046 0.015827 0.283162 -1.816831 45.100000
5.931756 -2.389594 6.967499 1.402071 -2.817509 0.038371 0.275040 -1.666306 45.150000
6.000000 -2.157603 6.968890 1.388345 -2.902854 0.060697 0.268585 -1.737502 45.200000
5.934461 -1.754601 6.967946 1.374610 -2.988189 0.083475 0.263708 -1.685086 45.250000
6.000000 -1.436649 6.964693 1.361079 -3.067701 0.107339 0.260007 -1.521219 45.300000
6.000000 -1.240603 6.959156 1.347946 -3.138577 0.134277 0.257130 -1.341123 45.350000
5.606055 -1.240108 6.951359 1.335378 3.081710 0.163191 0.254924 -1.196263 45.400000
5.965169 -1.187767 6.941457 1.323515 3.023575 0.189128 0.253441 -1.138181 45.450000
6.000000 -0.870432 6.929540 1.312488 2.967847 0.218306 0.252805 -1.097693 45.500000
6.000000 -1.099608 6.915606 1.302427 2.916818 0.248314 0.252570 -0.962502 45.550000
6.000000 -0.726023 6.899739 1.293434 2.867784 0.277823 0.253078 -0.995950 45.600000
6.000000 -0.888581 6.882049 1.285603 2.821534 0.307082 0.253988 -0.871317 45.650000
6.000000 -0.728003 6.862634 1.279010 2.777670 0.335938 0.255300 -0.883181 45.700000
5.850681 -0.363498 6.841605 1.273724 2.734996 0.363969 0.257147 -0.831634 45.750000
6.000000 -0.323189 6.819093 1.269785 2.698024 0.391398 0.258219 -0.668290 45.800000
6.000000 -0.229662 6.795161 1.267220 2.667158 0.421217 0.258251 -0.578175 45.850000
5.297643 -0.080794 6.769849 1.266058 2.640426 0.451288 0.257658 -0.501204 45.900000
5.389878 -0.366116 6.743367 1.266223 2.618027 0.475166 0.256166 -0.406149 45.950000
4.395167 -0.864620 6.715895 1.267641 2.595733 0.499003 0.255095 -0.478735 46.000000
4.383024 -1.221688 6.687719 1.270215 2.565042 0.509713 0.257371 -0.721588 46.050000
3.847416 -1.720542 6.659191 1.273867 2.521601 0.515186 0.264400 -0.984207 46.100000
2.885348 -1.473594 6.630594 1.278574 2.463454 0.509525 0.276549 -1.299841 46.150000
3.776499 -1.583070 6.602381 1.284156 2.397181 0.491024 0.290634 -1.345036 46.200000
2.966250 -1.186907 6.574660 1.290606 2.328170 0.479197 0.304457 -1.407079 46.250000
3.809803 -1.000929 6.547479 1.297914 2.261292 0.460033 0.316297 -1.285256 46.300000
3.024841 -1.405851 6.520846 1.306075 2.200515 0.451191 0.325069 -1.162871 46.350000
2.861522 -1.783355 6.494762 1.315078 2.139503 0.434625 0.333072 -1.263431 46.400000
3.381632 -1.309450 6.469425 1.324712 2.071084 0.413123 0.342205 -1.446529 46.450000
2.420587 -0.826526 6.444871 1.335010 2.001691 0.396063 0.350331 -1.343502 46.500000
3.048392 -0.622990 6.421130 1.345861 1.941035 0.374343 0.354805 -1.113274 46.550000
2.647074 -0.555056 6.398175 1.357217 1.890565 0.363990 0.355751 -0.928899 46.600000
2.731733 -0.126622 6.375934 1.369148 1.847330 0.353808 0.354451 -0.814081 46.650000
2.887572 -0.590645 6.354394 1.381607 1.813003 0.349211 0.350733 -0.585496 46.700000
3.423713 -0.912665 6.333497 1.394673 1.781698 0.347853 0.346346 -0.657915 46.750000
3.388880 -1.215148 6.313237 1.408477 1.744227 0.348798 0.343651 -0.821161 46.800000
3.141387 -0.775511 6.293658 1.423066 1.697658 0.345236 0.343268 -1.016524 46.850000
3.177221 -0.680460 6.274837 1.438310 1.649164 0.338643 0.343174 -0.933496 46.900000
4.006086 -0.262690 6.256794 1.454148 1.604656 0.334533 0.341943 -0.856204 46.950000
3.468502 -0.030331 6.239521 1.470788 1.567524 0.341802 0.339016 -0.653734 47.000000
4.424242 0.034932 6.222997 1.488321 1.540212 0.348459 0.333966 -0.460665 47.050000
3.995431 0.199675 6.207206 1.506868 1.520629 0.367389 0.327379 -0.336707 47.100000
4.007482 0.609358 6.192131 1.526552 1.507436 0.384567 0.319566 -0.205062 47.150000
3.430931 0.673221 6.177731 1.547280 1.503870 0.405422 0.309488 0.038608 47.200000
2.683476 0.508036 6.163928 1.568945 1.510269 0.424224 0.296883 0.201356 47.250000
2.476921 0.230485 6.150633 1.591243 1.520893 0.436874 0.283368 0.221950 47.300000
2.394919 0.369488 6.137798 1.613931 1.529132 0.446017 0.271007 0.118384 47.350000
1.576254 0.384697 6.125409 1.636907 1.535153 0.453104 0.259737 0.122640 47.400000
0.635733 0.765673 6.113441 1.659944 1.541603 0.452366 0.248711 0.135097 47.450000
1.457686 1.038573 6.101847 1.682640 1.553075 0.444475 0.236485 0.307687 47.500000
0.909802 0.580843 6.090561 1.705015 1.574250 0.447321 0.221620 0.517626 47.550000
0.166318 0.698237 6.079519 1.727168 1.598049 0.445295 0.206442 0.443826 47.600000
0.000000 0.319061 6.068714 1.748792 1.620661 0.435661 0.192264 0.460366 47.650000
0.163188 0.312028 6.058153 1.769685 1.639736 0.423576 0.179837 0.319168 47.700000
0.211173 -0.127875 6.047860 1.789851 1.653679 0.411990 0.169531 0.247145 47.750000
0.400605 -0.150724 6.037858 1.809351 1.659974 0.399434 0.161912 0.027135 47.800000
0.096258 -0.538571 6.028184 1.828240 1.657762 0.387255 0.156998 -0.102597 47.850000
0.000000 -0.743178 6.018873 1.846495 1.646218 0.370782 0.154750 -0.334992 47.900000
0.000000 -0.746677 6.009974 1.864024 1.623772 0.351803 0.155239 -0.539903 47.950000
0.000000 -0.651313 6.001512 1.880807 1.593886 0.331969 0.157213 -0.643218 48.000000
0.000000 -0.366420 5.993484 1.896855 1.561410 0.312285 0.159293 -0.654091 48.050000
0.402704 -0.617240 5.985863 1.912195 1.531807 0.293933 0.160241 -0.542375 48.100000
0.025125 -0.487380 5.978614 1.926954 1.503458 0.280288 0.160562 -0.586175 48.150000
0.000000 -0.533403 5.971716 1.941158 1.475046 0.263652 0.160579 -0.553554 48.200000
0.000000 -0.518851 5.965142 1.954737 1.447353 0.247598 0.160132 -0.553651 48.250000
0.000000 -0.309056 5.958867 1.967710 1.419881 0.232240 0.159354 -0.545624 48.300000
0.585916 -0.704802 5.952870 1.980104 1.395138 0.218107 0.157876 -0.453864 48.350000
0.000000 -1.025308 5.947155 1.992084 1.369293 0.209778 0.156422 -0.566945 48.400000
0.000000 -1.133677 5.941716 2.003648 1.335791 0.194746 0.155903 -0.751054 48.450000
0.016378 -1.483024 5.936525 2.014652 1.294579 0.178676 0.156056 -0.880980 48.500000
0.000000 -1.010574 5.931572 2.025096 1.245010 0.161584 0.156729 -1.076090 48.550000
0.000000 -0.732172 5.926838 2.034980 1.193923 0.144645 0.156944 -0.979511 48.600000
0.000000 -0.254402 5.922292 2.044337 1.149308 0.129752 0.155940 -0.824150 48.650000
0.764021 -0.304489 5.917910 2.053219 1.115541 0.117800 0.153589 -0.557560 48.700000
0.000000 -0.610214 5.913754 2.061846 1.090830 0.115390 0.150392 -0.443432 48.750000
0.855433 -0.203204 5.909812 2.070242 1.066828 0.106223 0.147149 -0.509079 48.800000
1.142021 -0.688388 5.906094 2.078436 1.045089 0.105905 0.143765 -0.375039 48.850000
1.119702 -0.845132 5.902724 2.086673 1.022734 0.108240 0.140567 -0.504944 48.900000
0.488238 -1.339826 5.899731 2.094985 0.993871 0.109140 0.138009 -0.634715 48.950000
0.000000 -1.322777 5.897027 2.103212 0.954819 0.102331 0.136244 -0.895478 49.000000
0.337905 -1.625562 5.894452 2.111111 0.906808 0.089684 0.134878 -1.009948 49.050000
0.942451 -2.086478 5.891975 2.118650 0.851557 0.079426 0.133605 -1.177498 49.100000
1.746322 -2.257280 5.889723 2.125988 0.785637 0.073335 0.132640 -1.424315 49.150000
0.796281 -2.272912 5.887910 2.133332 0.709667 0.073213 0.132090 -1.589930 49.200000
1.337264 -2.379690 5.886496 2.140621 0.628105 0.063322 0.131551 -1.661422 49.250000
1.004785 -2.605177 5.885404 2.147767 0.543118 0.058300 0.130747 -1.727656 49.300000
0.445871 -2.581310 5.884659 2.154779 0.453652 0.049689 0.129730 -1.833958 49.350000
0.798349 -2.441943 5.884061 2.161549 0.361058 0.035818 0.128121 -1.864564 49.400000
1.007444 -2.849618 5.883560 2.168066 0.268970 0.026080 0.125777 -1.825045 49.450000
0.851776 -2.350789 5.883277 2.174380 0.173936 0.018474 0.122996 -1.955069 49.500000
0.176392 -1.895370 5.883216 2.180493 0.079959 0.010266 0.119758 -1.824824 49.550000
0.939383 -2.292316 5.883193 2.186393 -0.005073 -0.002038 0.115919 -1.609580 49.600000
0.634039 -2.779373 5.883255 2.192088 -0.087279 -0.005892 0.111735 -1.669415 49.650000
0.000000 -2.295108 5.883504 2.197582 -0.176517 -0.013007 0.107327 -1.868542 49.700000
0.498417 -2.504731 5.883716 2.202915 -0.267080 -0.025378 0.102427 -1.769498 49.750000
0.544346 -2.457878 5.883879 2.208105 -0.356634 -0.031888 0.097108 -1.806704 49.800000
0.000000 -2.411203 5.884131 2.213125 -0.446885 -0.037159 0.091578 -1.803742 49.850000
0.000000 -1.979458 5.884376 2.218028 -0.536545 -0.046531 0.085783 -1.785465 49.900000
0.000000 -1.538136 5.884528 2.222878 -0.621090 -0.054264 0.079824 -1.621578 49.950000
