0.218904 -0.463188 -0.157977 -0.191901 0.792206 -0.670084 0.000000 0.022828 0.000000
0.000000 -0.491788 -0.181010 -0.215232 0.787653 -0.641532 -0.002124 -0.185158 0.050000
0.895225 -0.717436 -0.203152 -0.237551 0.774873 -0.616125 -0.007779 -0.313546 0.100000
1.273504 -0.685463 -0.224361 -0.258748 0.754650 -0.583232 -0.016153 -0.478441 0.150000
2.040164 -0.890270 -0.244487 -0.278631 0.728646 -0.547776 -0.026083 -0.554167 0.200000
1.428908 -0.675906 -0.263371 -0.297064 0.697482 -0.506083 -0.036894 -0.678773 0.250000
1.943639 -0.742546 -0.281023 -0.314082 0.664159 -0.471197 -0.047249 -0.657327 0.300000
2.496299 -0.839644 -0.297470 -0.329782 0.630787 -0.432509 -0.056390 -0.675761 0.350000
2.572029 -0.947823 -0.312526 -0.344096 0.595631 -0.389710 -0.064770 -0.724804 0.400000
3.237136 -1.289212 -0.326088 -0.357028 0.557510 -0.347262 -0.072574 -0.791937 0.450000
3.825805 -1.285255 -0.338026 -0.368575 0.513237 -0.299286 -0.080287 -0.957948 0.500000
3.040595 -1.557894 -0.348100 -0.378691 0.463248 -0.246642 -0.087267 -1.031581 0.550000
3.354617 -1.374441 -0.356359 -0.387531 0.407793 -0.202241 -0.093151 -1.167915 0.600000
4.143796 -1.116362 -0.362904 -0.395283 0.349735 -0.155925 -0.097384 -1.155425 0.650000
4.527208 -0.624002 -0.367502 -0.402019 0.295003 -0.104259 -0.099147 -1.047362 0.700000
5.376602 -0.668515 -0.369927 -0.407838 0.249514 -0.052197 -0.098331 -0.802207 0.750000
5.550679 -0.338900 -0.369962 -0.412842 0.212258 0.004614 -0.095623 -0.699386 0.800000
5.458795 -0.690502 -0.367451 -0.417128 0.182490 0.059804 -0.091709 -0.511959 0.850000
5.508054 -1.149168 -0.362467 -0.420817 0.155622 0.111538 -0.086937 -0.556890 0.900000
6.000000 -0.688779 -0.355096 -0.424027 0.122055 0.162324 -0.080667 -0.761169 0.950000
5.607614 -0.914347 -0.345286 -0.426880 0.086415 0.215634 -0.073131 -0.674292 1.000000
6.000000 -0.790094 -0.333106 -0.429503 0.051395 0.262790 -0.064661 -0.720771 1.050000
5.113078 -0.541231 -0.318648 -0.432025 0.016127 0.311342 -0.055247 -0.693176 1.100000
5.750081 -0.857934 -0.302129 -0.434558 -0.015369 0.349041 -0.045970 -0.580040 1.150000
6.000000 -1.251566 -0.283698 -0.437190 -0.046395 0.390725 -0.036214 -0.652921 1.200000
5.274489 -1.140109 -0.263240 -0.440038 -0.084495 0.432880 -0.023763 -0.848180 1.250000
5.648368 -1.464174 -0.240972 -0.443245 -0.128361 0.466027 -0.008888 -0.900988 1.300000
5.363561 -1.242102 -0.217086 -0.446946 -0.177794 0.500344 0.008475 -1.057684 1.350000
5.925134 -1.518560 -0.191686 -0.451293 -0.230419 0.529324 0.027513 -1.050198 1.400000
6.000000 -1.715866 -0.164842 -0.456432 -0.286044 0.560758 0.048225 -1.162146 1.450000
6.000000 -2.066605 -0.136571 -0.462549 -0.347922 0.589410 0.071993 -1.297193 1.500000
6.000000 -2.359900 -0.107051 -0.469819 -0.418472 0.613707 0.099850 -1.499131 1.550000
5.134166 -2.543924 -0.076527 -0.478424 -0.499243 0.632509 0.132379 -1.704691 1.600000
4.490589 -2.896004 -0.045457 -0.488424 -0.589101 0.636894 0.168556 -1.868136 1.650000
4.755394 -2.875270 -0.014429 -0.499733 -0.688311 0.628179 0.207558 -2.071028 1.700000
4.164240 -2.900263 0.016203 -0.512336 -0.794147 0.614965 0.247349 -2.152573 1.750000
4.184662 -3.000000 0.046146 -0.526139 -0.903180 0.590078 0.285671 -2.203069 1.800000
5.114644 -3.000000 0.075115 -0.540958 -1.015085 0.559758 0.321670 -2.264533 1.850000
5.115874 -2.527501 0.103064 -0.556869 -1.129095 0.533125 0.354940 -2.292609 1.900000
5.731092 -2.450006 0.129957 -0.573945 -1.239327 0.504740 0.383363 -2.143272 1.950000
5.922610 -2.354880 0.155756 -0.592228 -1.344218 0.482218 0.406897 -2.065924 2.000000
6.000000 -1.972060 0.180412 -0.611807 -1.445756 0.461203 0.426833 -2.005737 2.050000
5.899173 -1.997615 0.203831 -0.632660 -1.541451 0.442744 0.442724 -1.847607 2.100000
5.833205 -1.972332 0.225935 -0.654715 -1.632352 0.425163 0.455347 -1.796162 2.150000
4.909572 -2.018254 0.246636 -0.677850 -1.721279 0.407491 0.465789 -1.765124 2.200000
4.078583 -2.249054 0.265892 -0.701740 -1.809570 0.381220 0.474283 -1.764904 2.250000
3.942154 -1.992612 0.283743 -0.725885 -1.900036 0.345961 0.481101 -1.839261 2.300000
3.297567 -1.698088 0.300248 -0.749988 -1.989899 0.310564 0.485238 -1.764246 2.350000
2.648154 -1.676195 0.315500 -0.773871 -2.073919 0.274139 0.485703 -1.616159 2.400000
1.904604 -1.566345 0.329666 -0.797306 -2.152511 0.236797 0.482964 -1.536104 2.450000
2.815934 -1.692765 0.342951 -0.820068 -2.226898 0.197170 0.477522 -1.448536 2.500000
2.651509 -1.898128 0.355354 -0.842243 -2.299350 0.169424 0.470248 -1.447089 2.550000
2.615457 -2.258416 0.366793 -0.863986 -2.373633 0.140822 0.461991 -1.511984 2.600000
3.054399 -2.732434 0.377339 -0.885242 -2.453559 0.110351 0.452979 -1.659923 2.650000
2.155803 -2.752868 0.386977 -0.906034 -2.542959 0.080385 0.443221 -1.878846 2.700000
1.231040 -2.865150 0.395870 -0.926265 -2.639242 0.040396 0.431864 -1.956489 2.750000
0.966245 -2.900848 0.404436 -0.945750 -2.738747 -0.006901 0.417953 -2.010977 2.800000
0.215226 -2.736041 0.412954 -0.964461 -2.839927 -0.053755 0.401167 -2.029663 2.850000
0.352076 -2.869400 0.421647 -0.982456 -2.939619 -0.102550 0.381616 -1.965447 2.900000
0.000000 -3.000000 0.430607 -0.999846 -3.038336 -0.144927 0.359616 -1.978677 2.950000
0.733326 -2.828881 0.439833 -1.016770 -3.138567 -0.186569 0.335266 -2.021531 3.000000
1.567591 -3.000000 0.449162 -1.033351 3.044970 -0.216123 0.309327 -1.971855 3.050000
0.684646 -2.899646 0.458140 -1.049637 2.945170 -0.233289 0.282632 -2.013415 3.100000
0.469544 -2.606417 0.466706 -1.065669 2.845078 -0.254463 0.255459 -1.993735 3.150000
0.769902 -2.781740 0.475026 -1.081519 2.748596 -0.271963 0.228541 -1.883957 3.200000
0.994471 -3.000000 0.482985 -1.097166 2.653703 -0.282033 0.201937 -1.908735 3.250000
1.878480 -2.966367 0.490408 -1.112548 2.555648 -0.286998 0.175114 -1.999768 3.300000
1.531564 -3.000000 0.497033 -1.127493 2.454914 -0.280612 0.148731 -2.026670 3.350000
0.634317 -3.000000 0.502745 -1.141865 2.352820 -0.274430 0.123443 -2.053981 3.400000
0.000000 -2.787191 0.507760 -1.155790 2.249718 -0.273552 0.099082 -2.068871 3.450000
0.896524 -3.000000 0.512295 -1.169471 2.148197 -0.275098 0.075841 -2.003910 3.500000
1.646708 -3.000000 0.516302 -1.182781 2.046397 -0.265157 0.053651 -2.059963 3.550000
2.308158 -3.000000 0.519603 -1.195319 1.942707 -0.245791 0.032941 -2.084618 3.600000
1.954567 -2.804588 0.522148 -1.206708 1.838130 -0.218317 0.014524 -2.097256 3.650000
1.297891 -2.771679 0.524042 -1.216821 1.735070 -0.192779 -0.001075 -2.036027 3.700000
0.672556 -2.321720 0.525474 -1.225851 1.634206 -0.172356 -0.014169 -2.004217 3.750000
0.000000 -2.603496 0.526590 -1.234074 1.538948 -0.157060 -0.024880 -1.833983 3.800000
0.779966 -2.900353 0.527473 -1.241783 1.446153 -0.147418 -0.034112 -1.871956 3.850000
1.318103 -2.773606 0.528180 -1.248939 1.349055 -0.129560 -0.042539 -1.992354 3.900000
0.863558 -2.992500 0.528831 -1.255240 1.249455 -0.106217 -0.049464 -1.991707 3.950000
1.642101 -3.000000 0.529515 -1.260693 1.147632 -0.087004 -0.054793 -2.068350 4.000000
2.541979 -2.924159 0.530362 -1.265273 1.043346 -0.060473 -0.058407 -2.097864 4.050000
3.351325 -3.000000 0.531668 -1.268712 0.938947 -0.026222 -0.059639 -2.080658 4.100000
3.960723 -3.000000 0.533786 -1.270815 0.834352 0.014264 -0.058040 -2.099510 4.150000
3.986994 -3.000000 0.537068 -1.271524 0.729218 0.058498 -0.053320 -2.104568 4.200000
4.457714 -3.000000 0.541742 -1.270978 0.623968 0.100425 -0.045525 -2.105088 4.250000
3.906868 -3.000000 0.547994 -1.269382 0.518724 0.143816 -0.034791 -2.104651 4.300000
3.251544 -2.605046 0.555854 -1.267029 0.413492 0.178711 -0.021488 -2.104849 4.350000
2.990381 -2.119853 0.565073 -1.264308 0.312267 0.204107 -0.006937 -1.967445 4.400000
3.273511 -2.092107 0.575415 -1.261491 0.220342 0.224121 0.007329 -1.745607 4.450000
2.273704 -2.016947 0.586829 -1.258724 0.135757 0.244378 0.021215 -1.652805 4.500000
2.557582 -2.462538 0.599086 -1.256148 0.054900 0.253125 0.034842 -1.591471 4.550000
3.275472 -2.021412 0.611958 -1.253884 -0.028730 0.262487 0.049053 -1.732729 4.600000
3.528688 -2.048904 0.625607 -1.252038 -0.112401 0.276530 0.063469 -1.630685 4.650000
3.293738 -2.070049 0.640177 -1.250719 -0.193145 0.291036 0.077659 -1.604055 4.700000
3.559556 -2.230339 0.655572 -1.250023 -0.273350 0.301295 0.091963 -1.604954 4.750000
3.894358 -1.912880 0.671692 -1.250045 -0.355385 0.311793 0.106778 -1.667881 4.800000
4.501755 -2.054772 0.688552 -1.250915 -0.436247 0.323533 0.121453 -1.580914 4.850000
4.130627 -2.289161 0.706232 -1.252794 -0.515900 0.339055 0.136136 -1.603105 4.900000
3.502436 -2.187007 0.724628 -1.255782 -0.598891 0.348227 0.151839 -1.702526 4.950000
3.244003 -2.678507 0.743381 -1.259814 -0.684171 0.348927 0.167846 -1.708758 5.000000
3.488961 -2.930244 0.762180 -1.264796 -0.774901 0.344013 0.184531 -1.892210 5.050000
2.511283 -3.000000 0.780856 -1.270738 -0.874186 0.337212 0.202335 -2.053465 5.100000
1.659860 -3.000000 0.799143 -1.277488 -0.979328 0.317547 0.219935 -2.138194 5.150000
1.143652 -2.796810 0.816692 -1.284644 -1.087115 0.287566 0.235620 -2.167806 5.200000
2.079822 -3.000000 0.833331 -1.291856 -1.193682 0.252322 0.248009 -2.104674 5.250000
2.840627 -3.000000 0.849132 -1.299156 -1.300260 0.225568 0.257617 -2.149909 5.300000
2.116677 -2.889621 0.864225 -1.306862 -1.408157 0.205214 0.265301 -2.163046 5.350000
1.246604 -2.913986 0.878605 -1.314927 -1.515242 0.178254 0.270777 -2.125619 5.400000
1.646043 -2.455066 0.892255 -1.322943 -1.621267 0.144035 0.273601 -2.115471 5.450000
1.479770 -2.276433 0.905221 -1.330793 -1.722098 0.116573 0.273509 -1.944756 5.500000
1.608131 -2.337897 0.917557 -1.338563 -1.815544 0.091514 0.270988 -1.812988 5.550000
2.377773 -2.153914 0.929296 -1.346275 -1.905283 0.070373 0.266809 -1.780613 5.600000
1.855374 -1.734611 0.940388 -1.354143 -1.991953 0.058855 0.261592 -1.698407 5.650000
2.342144 -1.789964 0.950808 -1.362234 -2.071475 0.046079 0.255537 -1.510223 5.700000
2.571160 -2.129923 0.960531 -1.370554 -2.145348 0.040913 0.249020 -1.452840 5.750000
2.778680 -2.207660 0.969452 -1.379232 -2.220912 0.038154 0.242582 -1.554498 5.800000
2.464409 -2.476119 0.977496 -1.388292 -2.300625 0.036731 0.236366 -1.623489 5.850000
2.910685 -2.006196 0.984666 -1.397650 -2.385395 0.031504 0.230304 -1.747821 5.900000
2.508101 -1.885703 0.990921 -1.407262 -2.469240 0.031602 0.224261 -1.624875 5.950000
2.339443 -1.437406 0.996224 -1.417089 -2.547807 0.030216 0.218279 -1.531720 6.000000
3.156851 -1.632948 1.000650 -1.427012 -2.618531 0.030236 0.212292 -1.326871 6.050000
3.171173 -2.080400 1.004035 -1.437068 -2.684531 0.039749 0.206652 -1.315136 6.100000
2.367680 -2.042170 1.006206 -1.447279 -2.754972 0.048279 0.201788 -1.479119 6.150000
3.180328 -1.854251 1.007355 -1.457479 -2.830468 0.048092 0.197462 -1.532712 6.200000
3.320236 -1.696884 1.007492 -1.467584 -2.905741 0.055951 0.193481 -1.485447 6.250000
3.924425 -1.608337 1.006407 -1.477577 -2.977808 0.066028 0.189977 -1.408732 6.300000
2.978508 -1.514813 1.003940 -1.487394 -3.046424 0.082532 0.187098 -1.345481 6.350000
3.410023 -1.071370 1.000201 -1.496935 -3.111968 0.090636 0.184730 -1.285063 6.400000
2.948519 -1.002083 0.995331 -1.506108 3.112467 0.104336 0.182470 -1.091665 6.450000
2.563225 -0.953976 0.989356 -1.514855 3.061040 0.115202 0.180237 -0.980293 6.500000
2.126139 -1.432775 0.982497 -1.523140 3.013964 0.123281 0.178064 -0.911711 6.550000
2.841664 -1.429515 0.974979 -1.530949 2.963986 0.126416 0.176425 -1.067316 6.600000
2.626194 -0.935549 0.966790 -1.538228 2.908656 0.134891 0.175546 -1.136858 6.650000
1.752981 -0.981054 0.957863 -1.544915 2.856306 0.141812 0.174689 -0.978213 6.700000
1.847160 -1.081511 0.948469 -1.551052 2.808926 0.141598 0.173493 -0.923867 6.750000
1.638715 -0.712177 0.938800 -1.556678 2.762335 0.142529 0.172274 -0.937980 6.800000
1.358495 -0.800316 0.928899 -1.561794 2.719336 0.142408 0.170739 -0.799249 6.850000
0.963304 -0.371340 0.918873 -1.566443 2.680246 0.140686 0.168840 -0.768013 6.900000
0.369708 -0.689942 0.908863 -1.570693 2.647079 0.136818 0.166339 -0.580512 6.950000
1.365604 -0.410503 0.899054 -1.574660 2.617080 0.128408 0.163484 -0.615131 7.000000
0.816104 -0.390221 0.889355 -1.578297 2.589013 0.130114 0.160477 -0.518518 7.050000
1.784305 -0.584804 0.879664 -1.581559 2.564686 0.127572 0.157223 -0.460824 7.100000
1.967082 -0.869283 0.869898 -1.584393 2.540257 0.134205 0.154132 -0.510883 7.150000
1.681582 -0.893958 0.859856 -1.586652 2.510777 0.141327 0.151769 -0.652281 7.200000
2.609615 -1.297966 0.849603 -1.588353 2.475923 0.144508 0.150138 -0.732395 7.250000
3.442339 -1.526478 0.839066 -1.589399 2.433708 0.154750 0.149528 -0.931778 7.300000
3.358543 -1.808171 0.828007 -1.589519 2.381965 0.170395 0.150437 -1.114523 7.350000
2.383353 -1.326051 0.816407 -1.588581 2.320831 0.182611 0.153010 -1.305038 7.400000
3.189213 -1.629286 0.804548 -1.586753 2.258416 0.184802 0.155949 -1.205536 7.450000
4.021811 -1.256072 0.792530 -1.584049 2.196060 0.194152 0.159050 -1.278899 7.500000
3.601463 -1.014260 0.780206 -1.580158 2.135202 0.210931 0.162391 -1.170897 7.550000
3.524753 -1.111137 0.767606 -1.574997 2.080579 0.224280 0.165300 -1.032908 7.600000
4.341873 -1.564090 0.754866 -1.568666 2.029581 0.237005 0.168031 -1.010456 7.650000
4.988093 -1.781561 0.741999 -1.561023 1.974335 0.255616 0.172007 -1.177848 7.700000
5.061408 -1.919751 0.729007 -1.551784 1.910921 0.277189 0.178190 -1.337482 7.750000
5.047783 -1.433526 0.716012 -1.540836 1.840539 0.296258 0.186497 -1.461037 7.800000
4.361964 -1.416123 0.703190 -1.528218 1.771114 0.313889 0.195193 -1.335162 7.850000
4.787986 -0.939052 0.690707 -1.514133 1.705965 0.324817 0.203328 -1.279521 7.900000
4.794040 -1.233726 0.678678 -1.498685 1.647744 0.340547 0.210136 -1.077727 7.950000
4.614528 -0.823855 0.667167 -1.481811 1.593085 0.356217 0.216503 -1.105897 8.000000
5.432599 -0.851370 0.656266 -1.463614 1.541820 0.370155 0.222324 -0.964160 8.050000
5.905664 -0.700000 0.646045 -1.443992 1.495036 0.392114 0.227391 -0.914770 8.100000
4.961883 -1.066072 0.636594 -1.422708 1.451489 0.418279 0.232145 -0.838172 8.150000
5.831406 -1.136071 0.627977 -1.399952 1.406416 0.433838 0.237867 -0.951588 8.200000
6.000000 -1.626578 0.620297 -1.375852 1.356465 0.454839 0.245522 -1.036954 8.250000
6.000000 -1.881795 0.613716 -1.350303 1.298026 0.473048 0.256437 -1.270686 8.300000
5.552829 -1.797839 0.608398 -1.323457 1.228711 0.485618 0.271320 -1.474608 8.350000
5.871336 -1.977025 0.604451 -1.295617 1.153294 0.489733 0.288187 -1.534872 8.400000
6.000000 -1.742743 0.601975 -1.267000 1.073795 0.493224 0.306099 -1.632217 8.450000
6.000000 -1.488359 0.601100 -1.237701 0.993380 0.495464 0.323840 -1.592190 8.500000
6.000000 -1.393184 0.601901 -1.207855 0.916773 0.497495 0.339716 -1.489025 8.550000
6.000000 -1.637817 0.604416 -1.177592 0.844405 0.499887 0.353646 -1.417567 8.600000
6.000000 -1.622501 0.608673 -1.147052 0.771637 0.500636 0.367324 -1.484664 8.650000
6.000000 -1.210271 0.614690 -1.116414 0.696665 0.498883 0.381265 -1.511405 8.700000
5.710014 -0.857621 0.622474 -1.085838 0.625072 0.497651 0.393401 -1.373418 8.750000
6.000000 -0.624006 0.631972 -1.055451 0.561761 0.497225 0.402118 -1.185927 8.800000
6.000000 -0.925916 0.643195 -1.025295 0.507246 0.503716 0.407525 -1.017968 8.850000
5.036529 -0.595606 0.656199 -0.995392 0.455088 0.510872 0.412185 -1.063399 8.900000
4.146034 -0.837710 0.670755 -0.965942 0.404895 0.509598 0.416050 -0.958237 8.950000
4.740970 -0.503264 0.686448 -0.937176 0.355681 0.500424 0.419254 -1.003988 9.000000
4.412192 -0.019032 0.703192 -0.909174 0.308590 0.498177 0.421370 -0.893732 9.050000
4.077923 0.417947 0.721048 -0.881910 0.270735 0.498196 0.420081 -0.649834 9.100000
3.319652 0.012286 0.739904 -0.855362 0.246542 0.502998 0.414030 -0.350878 9.150000
4.054770 0.172043 0.759553 -0.829512 0.228697 0.504310 0.406006 -0.361163 9.200000
4.499113 -0.125660 0.779983 -0.804343 0.212361 0.513404 0.397782 -0.298748 9.250000
5.198533 -0.522793 0.801445 -0.779790 0.194918 0.525828 0.390406 -0.389574 9.300000
5.692835 -1.019219 0.824142 -0.755856 0.169566 0.540213 0.386482 -0.601512 9.350000
5.003604 -0.627726 0.848242 -0.732616 0.130900 0.551667 0.388126 -0.908826 9.400000
5.877731 -0.861697 0.873579 -0.710235 0.085637 0.552625 0.392428 -0.902968 9.450000
6.000000 -1.333031 0.900127 -0.688803 0.037913 0.560046 0.397703 -0.995271 9.500000
6.000000 -1.025858 0.928019 -0.668421 -0.018296 0.563235 0.406385 -1.223618 9.550000
6.000000 -0.879261 0.957145 -0.649243 -0.079095 0.563025 0.416616 -1.211107 9.600000
6.000000 -1.108224 0.987413 -0.631362 -0.137999 0.563110 0.425710 -1.153815 9.650000
5.018951 -1.531443 1.018744 -0.614850 -0.197546 0.562095 0.434733 -1.219888 9.700000
4.340605 -1.742806 1.050783 -0.599753 -0.263959 0.547124 0.445816 -1.409711 9.750000
5.061290 -2.058064 1.082984 -0.586067 -0.338921 0.520171 0.458745 -1.564904 9.800000
4.547904 -2.050636 1.115196 -0.573853 -0.422204 0.494402 0.472812 -1.738812 9.850000
4.485457 -1.712063 1.147298 -0.563151 -0.510900 0.459854 0.486398 -1.797851 9.900000
4.140212 -1.756219 1.179063 -0.553894 -0.597727 0.425941 0.496719 -1.689869 9.950000
4.955025 -1.707540 1.210386 -0.546007 -0.681256 0.391414 0.503595 -1.654107 10.000000
5.288031 -1.345332 1.241319 -0.539543 -0.762831 0.366542 0.507929 -1.613119 10.050000
4.863309 -0.998318 1.272027 -0.534676 -0.839021 0.349138 0.509490 -1.456262 10.100000
4.567101 -0.983950 1.302490 -0.531411 -0.906139 0.334726 0.507919 -1.255543 10.150000
5.554039 -1.133662 1.332609 -0.529648 -0.966189 0.323212 0.504145 -1.158455 10.200000
5.895356 -1.595001 1.362452 -0.529536 -1.024454 0.322854 0.499862 -1.170280 10.250000
6.000000 -1.308476 1.392084 -0.531316 -1.088087 0.322344 0.496977 -1.349766 10.300000
5.439717 -1.355338 1.421398 -0.535029 -1.154648 0.321083 0.494794 -1.317085 10.350000
4.566556 -0.863190 1.450231 -0.540554 -1.220572 0.315300 0.492382 -1.318928 10.400000
4.046119 -1.291345 1.478382 -0.547562 -1.281146 0.305469 0.488484 -1.129016 10.450000
3.129433 -1.418455 1.505723 -0.555753 -1.339777 0.292815 0.483861 -1.204558 10.500000
3.400964 -1.624522 1.532124 -0.564757 -1.402151 0.270066 0.479412 -1.277986 10.550000
2.461687 -1.940808 1.557519 -0.574374 -1.468963 0.248242 0.474955 -1.378158 10.600000
2.235541 -2.292944 1.581870 -0.584379 -1.542216 0.214830 0.470404 -1.527029 10.650000
3.184670 -2.527824 1.605159 -0.594424 -1.623728 0.175861 0.465277 -1.703102 10.700000
2.352032 -2.949426 1.627397 -0.604601 -1.713034 0.142958 0.459135 -1.843921 10.750000
3.160037 -2.792011 1.648622 -0.614863 -1.810843 0.099162 0.451502 -2.033533 10.800000
3.472072 -2.516452 1.668866 -0.625146 -1.912608 0.063312 0.441589 -2.033907 10.850000
3.539500 -2.061312 1.688079 -0.635707 -2.011229 0.035083 0.429594 -1.926301 10.900000
3.726292 -1.639951 1.706208 -0.646665 -2.101481 0.015030 0.416181 -1.715613 10.950000
3.174776 -1.532391 1.723165 -0.658121 -2.180362 0.005436 0.402218 -1.475108 11.000000
2.478154 -1.999621 1.738928 -0.670037 -2.250103 -0.002549 0.388267 -1.334227 11.050000
2.038150 -2.385560 1.753634 -0.682179 -2.320072 -0.015516 0.374313 -1.447352 11.100000
1.098155 -2.728552 1.767475 -0.694307 -2.397783 -0.034597 0.359920 -1.632223 11.150000
0.493504 -3.000000 1.780733 -0.706172 -2.484974 -0.064645 0.344334 -1.823674 11.200000
0.759832 -2.947335 1.793749 -0.717567 -2.580916 -0.101199 0.326706 -1.985706 11.250000
0.432025 -3.000000 1.806631 -0.728526 -2.681240 -0.133343 0.306987 -2.020083 11.300000
0.840524 -3.000000 1.819399 -0.739147 -2.783035 -0.165100 0.285524 -2.046223 11.350000
1.267083 -2.944763 1.832009 -0.749533 -2.885550 -0.189057 0.262708 -2.052817 11.400000
1.738490 -2.982294 1.844225 -0.759815 -2.987677 -0.204785 0.239303 -2.035327 11.450000
1.176904 -3.000000 1.855785 -0.770058 -3.089675 -0.212249 0.215898 -2.043767 11.500000
2.030939 -2.751360 1.866657 -0.780263 3.091001 -0.221563 0.192621 -2.055257 11.550000
1.904162 -3.000000 1.876719 -0.790390 2.990604 -0.218894 0.170243 -1.974973 11.600000
2.424426 -2.694155 1.885759 -0.800367 2.890061 -0.214569 0.148879 -2.037357 11.650000
3.027627 -2.635729 1.893674 -0.810086 2.790589 -0.202570 0.128993 -1.956018 11.700000
2.995536 -2.439933 1.900223 -0.819351 2.694167 -0.182410 0.111358 -1.909535 11.750000
3.024997 -2.643021 1.905331 -0.827974 2.601135 -0.160712 0.096182 -1.826026 11.800000
3.357949 -2.544169 1.909079 -0.835824 2.508563 -0.137738 0.083069 -1.870477 11.850000
3.613166 -2.047446 1.911497 -0.842735 2.415520 -0.111083 0.071997 -1.854451 11.900000
2.988841 -2.262942 1.912608 -0.848503 2.328100 -0.081327 0.063545 -1.671543 11.950000
3.770117 -2.547710 1.912615 -0.853090 2.244274 -0.057339 0.057252 -1.680466 12.000000
3.923882 -2.925616 1.911645 -0.856392 2.157134 -0.026620 0.052723 -1.788569 12.050000
3.359785 -2.594568 1.909741 -0.858177 2.062552 0.004279 0.050213 -1.966273 12.100000
2.527555 -3.000000 1.907146 -0.858491 1.965722 0.028823 0.049659 -1.915472 12.150000
2.081226 -2.782058 1.904177 -0.857607 1.866292 0.044506 0.050590 -2.041129 12.200000
1.434651 -3.000000 1.901081 -0.855810 1.765133 0.055140 0.052473 -2.010458 12.250000
2.107670 -2.519681 1.898021 -0.853367 1.662687 0.058974 0.054867 -2.076410 12.300000
1.757171 -2.365546 1.895087 -0.850291 1.563099 0.068789 0.057540 -1.931253 12.350000
1.876328 -2.310315 1.892345 -0.846537 1.469678 0.075094 0.060378 -1.823082 12.400000
2.442695 -2.210339 1.889862 -0.842195 1.380274 0.082238 0.063345 -1.762738 12.450000
1.892616 -2.632089 1.887732 -0.837149 1.293839 0.094259 0.066635 -1.704024 12.500000
1.216471 -2.171603 1.886017 -0.831454 1.204867 0.100054 0.070547 -1.834449 12.550000
0.592946 -2.497996 1.884678 -0.825446 1.116496 0.098933 0.074418 -1.718652 12.600000
1.573053 -2.249047 1.883607 -0.819439 1.028438 0.091653 0.077872 -1.792115 12.650000
1.196402 -2.574552 1.882860 -0.813388 0.940615 0.093393 0.081019 -1.730516 12.700000
1.046172 -2.231487 1.882517 -0.807206 0.851369 0.091033 0.084136 -1.824523 12.750000
1.529644 -2.378990 1.882507 -0.801032 0.762682 0.087076 0.086904 -1.736768 12.800000
1.016376 -2.498442 1.882892 -0.794840 0.675276 0.087601 0.089394 -1.756450 12.850000
1.387809 -2.150005 1.883661 -0.788668 0.585986 0.082814 0.091779 -1.807093 12.900000
0.721249 -1.987075 1.884789 -0.782574 0.498711 0.081652 0.093770 -1.700593 12.950000
0.000000 -1.636352 1.886208 -0.776607 0.416593 0.074796 0.095156 -1.599494 13.000000
0.196896 -1.547209 1.887622 -0.770906 0.341505 0.062303 0.095584 -1.428982 13.050000
0.116882 -1.662210 1.888923 -0.765487 0.273040 0.052967 0.095142 -1.324432 13.100000
0.000000 -1.703516 1.890139 -0.760313 0.206857 0.043596 0.094181 -1.322911 13.150000
0.000000 -2.131419 1.891228 -0.755372 0.140302 0.033547 0.092804 -1.337089 13.200000
0.436006 -2.135460 1.892162 -0.750647 0.068713 0.023386 0.091097 -1.502315 13.250000
0.000000 -1.798639 1.893037 -0.746111 -0.008372 0.017168 0.089112 -1.570763 13.300000
0.399596 -2.266482 1.893853 -0.741744 -0.084121 0.007514 0.086744 -1.473469 13.350000
0.733067 -2.365585 1.894610 -0.737534 -0.161614 0.001993 0.084057 -1.606317 13.400000
0.279360 -2.250078 1.895477 -0.733493 -0.244494 -0.000536 0.081243 -1.695228 13.450000
0.188043 -2.323209 1.896420 -0.729612 -0.329042 -0.007044 0.078250 -1.687738 13.500000
0.000000 -2.301597 1.897322 -0.725850 -0.414103 -0.013852 0.074954 -1.711037 13.550000
0.658457 -2.790008 1.898133 -0.722170 -0.499682 -0.021807 0.071316 -1.711885 13.600000
0.269952 -2.901930 1.898962 -0.718618 -0.590384 -0.023387 0.067434 -1.888191 13.650000
0.000869 -2.433674 1.899867 -0.715215 -0.687870 -0.028631 0.063334 -1.993889 13.700000
0.900787 -2.536040 1.900729 -0.711866 -0.783857 -0.035500 0.058985 -1.866309 13.750000
1.225922 -2.798948 1.901668 -0.708685 -0.876852 -0.032951 0.054713 -1.855309 13.800000
1.725905 -2.581285 1.902865 -0.705899 -0.972230 -0.027131 0.050818 -1.945284 13.850000
1.887650 -2.554081 1.904383 -0.703687 -1.068221 -0.016460 0.047604 -1.901587 13.900000
1.407620 -2.809244 1.906233 -0.702205 -1.162556 -0.004221 0.045298 -1.876044 13.950000
0.583784 -2.332747 1.908302 -0.701400 -1.258732 0.003232 0.043734 -1.957747 14.000000
1.220675 -2.260119 1.910421 -0.700985 -1.352570 0.003067 0.042460 -1.818281 14.050000
1.174852 -2.558524 1.912535 -0.700927 -1.441201 0.009274 0.041411 -1.739424 14.100000
1.204385 -2.462922 1.914629 -0.701355 -1.530418 0.014892 0.040781 -1.817040 14.150000
1.490037 -2.827698 1.916654 -0.702252 -1.621134 0.020544 0.040547 -1.812379 14.200000
1.506696 -3.000000 1.918553 -0.703669 -1.715496 0.028437 0.040830 -1.941353 14.250000
1.809875 -2.584881 1.920262 -0.705645 -1.815734 0.035785 0.041750 -2.050171 14.300000
0.835585 -2.178872 1.921696 -0.708207 -1.915131 0.045563 0.043218 -1.943445 14.350000
0.077607 -2.399713 1.922856 -0.711164 -2.006955 0.046162 0.044753 -1.759011 14.400000
0.000000 -2.393473 1.923878 -0.714117 -2.095176 0.039743 0.045936 -1.768307 14.450000
0.361740 -2.414358 1.924857 -0.716891 -2.183625 0.032714 0.046662 -1.769424 14.500000
0.138349 -2.526747 1.925767 -0.719549 -2.272322 0.029232 0.047038 -1.777233 14.550000
0.000000 -2.654659 1.926600 -0.722120 -2.362440 0.023682 0.047142 -1.820542 14.600000
0.126292 -2.952424 1.927422 -0.724547 -2.455268 0.016891 0.046884 -1.882587 14.650000
0.677911 -2.574412 1.928245 -0.726840 -2.553146 0.011263 0.046275 -2.011371 14.700000
0.000000 -2.530430 1.928945 -0.729093 -2.651190 0.011059 0.045485 -1.924627 14.750000
0.000000 -2.086041 1.929553 -0.731298 -2.746032 0.004871 0.044479 -1.876745 14.800000
0.000000 -2.091181 1.930208 -0.733392 -2.834718 -0.000567 0.043105 -1.698719 14.850000
0.000000 -1.643080 1.930907 -0.735395 -2.917712 -0.005296 0.041469 -1.631343 14.900000
0.916660 -1.652483 1.931643 -0.737322 -2.993769 -0.009275 0.039667 -1.439409 14.950000
1.879150 -2.033894 1.932193 -0.739211 -3.063583 -0.004074 0.037990 -1.364032 15.000000
2.001376 -2.210807 1.932124 -0.741079 -3.134970 0.009934 0.036863 -1.475407 15.050000
1.422162 -2.684442 1.931207 -0.742878 3.071246 0.024349 0.036566 -1.586830 15.100000
1.587641 -2.890330 1.929588 -0.744542 2.985633 0.032398 0.037071 -1.804064 15.150000
2.285631 -3.000000 1.927407 -0.746010 2.890879 0.041118 0.038310 -1.960823 15.200000
2.791815 -3.000000 1.924516 -0.747164 2.790017 0.055456 0.040499 -2.057671 15.250000
2.090743 -3.000000 1.920725 -0.747825 2.686102 0.073406 0.043914 -2.093158 15.300000
1.753936 -2.577384 1.916176 -0.747922 2.581059 0.083538 0.048311 -2.106445 15.350000
0.938750 -2.290664 1.911175 -0.747502 2.479919 0.089781 0.052921 -1.963160 15.400000
1.612611 -2.504975 1.906007 -0.746694 2.386247 0.088164 0.057067 -1.808659 15.450000
1.862250 -2.425066 1.900743 -0.745501 2.295266 0.092577 0.060997 -1.827650 15.500000
1.758289 -2.280207 1.895289 -0.743755 2.204496 0.098666 0.065119 -1.806649 15.550000
1.351923 -2.103263 1.889691 -0.741423 2.115894 0.103246 0.069287 -1.746971 15.600000
0.352335 -1.764202 1.884077 -0.738602 2.031054 0.103753 0.073193 -1.660143 15.650000
0.000000 -1.591622 1.878632 -0.735593 1.952606 0.095195 0.076268 -1.501543 15.700000
0.939276 -1.967609 1.873473 -0.732689 1.881222 0.084159 0.078238 -1.372411 15.750000
0.408841 -1.887123 1.868542 -0.729760 1.810124 0.082131 0.079796 -1.458980 15.800000
0.348619 -1.722701 1.863806 -0.726726 1.737013 0.074889 0.081175 -1.464552 15.850000
1.013849 -1.531728 1.859295 -0.723732 1.665482 0.067424 0.082042 -1.405226 15.900000
0.991954 -1.129864 1.854986 -0.720634 1.597977 0.066810 0.082481 -1.308690 15.950000
1.024955 -1.426464 1.850872 -0.717283 1.538053 0.066840 0.082528 -1.114813 16.000000
1.418317 -1.102843 1.846961 -0.713678 1.481505 0.067554 0.082433 -1.143297 16.050000
1.578668 -1.194055 1.843278 -0.709731 1.427506 0.072189 0.082318 -1.031559 16.100000
1.886050 -1.591063 1.839858 -0.705327 1.376345 0.078462 0.082269 -1.016879 16.150000
1.255330 -1.998461 1.836748 -0.700384 1.321337 0.086910 0.082725 -1.163979 16.200000
1.897163 -2.279148 1.833962 -0.695023 1.256887 0.088051 0.083941 -1.383364 16.250000
1.639310 -1.829151 1.831542 -0.689292 1.182083 0.093783 0.085949 -1.579917 16.300000
1.449331 -1.751779 1.829551 -0.683160 1.105561 0.096483 0.088215 -1.493881 16.350000
1.730357 -1.628016 1.827973 -0.676762 1.032689 0.097532 0.090253 -1.430337 16.400000
2.667056 -1.136051 1.826840 -0.670113 0.963240 0.101385 0.092106 -1.358087 16.450000
2.974328 -1.434208 1.826334 -0.663013 0.901487 0.114601 0.093716 -1.142153 16.500000
3.447399 -1.170215 1.826655 -0.655278 0.843794 0.130544 0.095575 -1.163066 16.550000
2.971203 -1.657052 1.827953 -0.646853 0.788217 0.150389 0.097886 -1.072513 16.600000
2.774316 -2.050020 1.830246 -0.637826 0.730395 0.164541 0.101062 -1.220711 16.650000
2.936809 -1.911364 1.833437 -0.628416 0.663262 0.174710 0.105760 -1.434597 16.700000
2.058589 -1.624437 1.837534 -0.618749 0.590427 0.184686 0.111497 -1.473494 16.750000
2.814632 -1.575024 1.842399 -0.609013 0.519325 0.185827 0.117085 -1.383810 16.800000
1.986682 -1.455918 1.848009 -0.599293 0.451708 0.193997 0.122249 -1.329015 16.850000
2.089932 -1.606187 1.854337 -0.589650 0.387175 0.194225 0.127008 -1.261905 16.900000
2.007449 -1.991616 1.861216 -0.580204 0.323262 0.195106 0.131548 -1.290781 16.950000
2.583493 -1.655960 1.868631 -0.571006 0.254217 0.193838 0.136640 -1.448536 17.000000
3.073972 -1.311426 1.876663 -0.562090 0.183479 0.197174 0.141833 -1.389772 17.050000
3.436129 -0.846783 1.885536 -0.553460 0.118361 0.205569 0.146328 -1.236850 17.100000
3.816693 -0.753841 1.895428 -0.545138 0.063402 0.218695 0.149622 -0.994317 17.150000
4.731121 -0.476046 1.906495 -0.537152 0.017766 0.236539 0.151903 -0.849989 17.200000
5.086306 -0.258071 1.919012 -0.529543 -0.019802 0.263729 0.153393 -0.674716 17.250000
5.228626 -0.584483 1.933235 -0.522353 -0.048775 0.294888 0.153900 -0.504591 17.300000
5.932572 -0.163119 1.949226 -0.515627 -0.075402 0.326607 0.154550 -0.555673 17.350000
5.697186 -0.479700 1.967109 -0.509430 -0.099229 0.364171 0.155115 -0.414176 17.400000
6.000000 -0.873911 1.986918 -0.503807 -0.121626 0.398331 0.155913 -0.475973 17.450000
5.036318 -1.230260 2.008572 -0.498825 -0.150875 0.432409 0.159280 -0.672739 17.500000
5.839902 -1.666586 2.031792 -0.494568 -0.191314 0.453495 0.166638 -0.916213 17.550000
5.689880 -2.084237 2.056396 -0.491178 -0.245250 0.477498 0.178885 -1.204868 17.600000
5.279050 -1.764514 2.082353 -0.488863 -0.313764 0.494344 0.196541 -1.496255 17.650000
6.000000 -1.857734 2.109328 -0.487756 -0.388824 0.503123 0.216492 -1.506756 17.700000
5.723121 -1.515814 2.137215 -0.488002 -0.465480 0.515698 0.236904 -1.554770 17.750000
6.000000 -1.379263 2.165932 -0.489729 -0.540362 0.523711 0.256483 -1.457170 17.800000
5.303688 -0.903221 2.195330 -0.492999 -0.610816 0.533668 0.274185 -1.375082 17.850000
5.423768 -0.961044 2.225211 -0.497788 -0.673648 0.538123 0.288696 -1.168560 17.900000
5.812741 -0.768796 2.255396 -0.504027 -0.730295 0.544851 0.300578 -1.107138 17.950000
5.133790 -0.872383 2.285892 -0.511806 -0.782928 0.555723 0.310815 -1.012288 18.000000
5.338194 -1.127915 2.316567 -0.521081 -0.833600 0.559986 0.320209 -1.015429 18.050000
5.388706 -1.338246 2.347230 -0.531777 -0.887326 0.563945 0.330654 -1.120967 18.100000
5.985989 -1.801595 2.377768 -0.543936 -0.947113 0.564614 0.343258 -1.253718 18.150000
5.387905 -2.274338 2.408073 -0.557668 -1.016545 0.565057 0.359339 -1.491211 18.200000
4.627665 -2.538915 2.437894 -0.572930 -1.099031 0.551699 0.379719 -1.767217 18.250000
3.933159 -2.495684 2.466811 -0.589360 -1.193297 0.523189 0.402633 -1.970784 18.300000
3.978680 -2.359654 2.494509 -0.606532 -1.293548 0.483199 0.424546 -2.028642 18.350000
3.449083 -2.608829 2.520867 -0.624193 -1.394077 0.442375 0.442864 -1.996196 18.400000
4.172486 -3.000000 2.545860 -0.642139 -1.495916 0.395228 0.457766 -2.063383 18.450000
4.007208 -2.837835 2.569480 -0.660308 -1.603546 0.351160 0.470372 -2.213267 18.500000
3.157844 -2.998655 2.591727 -0.678705 -1.713819 0.304022 0.479618 -2.196911 18.550000
4.030185 -2.670042 2.612667 -0.697018 -1.824785 0.249333 0.484665 -2.231217 18.600000
4.531655 -2.734776 2.632342 -0.715215 -1.932987 0.206291 0.485206 -2.113274 18.650000
5.386455 -2.856592 2.650689 -0.733607 -2.037792 0.171980 0.482301 -2.081182 18.700000
4.902025 -2.506305 2.667564 -0.752441 -2.142526 0.147543 0.477311 -2.102312 18.750000
4.366773 -2.451529 2.682891 -0.771727 -2.244066 0.122439 0.470328 -1.977708 18.800000
3.525721 -2.853475 2.696763 -0.791233 -2.340858 0.097404 0.461420 -1.903757 18.850000
3.619550 -2.396335 2.709374 -0.810684 -2.439186 0.065815 0.450988 -2.009189 18.900000
2.927038 -2.035642 2.720855 -0.829922 -2.535824 0.038817 0.438797 -1.875795 18.950000
3.873000 -2.310577 2.731284 -0.848884 -2.624212 0.012913 0.425074 -1.687301 19.000000
4.201200 -2.782199 2.740553 -0.867611 -2.709216 0.000373 0.410643 -1.708577 19.050000
3.604446 -3.000000 2.748397 -0.886189 -2.799737 -0.009991 0.396035 -1.883703 19.100000
3.206499 -3.000000 2.754919 -0.904513 -2.897996 -0.027769 0.380928 -2.022620 19.150000
3.150976 -2.529739 2.760376 -0.922450 -3.000489 -0.048647 0.364880 -2.068163 19.200000
3.693791 -2.562474 2.764866 -0.939941 -3.099442 -0.065273 0.348165 -1.914402 19.250000
3.622361 -2.495353 2.768226 -0.956945 3.089385 -0.071874 0.331466 -1.867366 19.300000
3.368101 -2.082726 2.770330 -0.973390 2.997235 -0.075813 0.315124 -1.825338 19.350000
3.350334 -1.781023 2.771250 -0.989199 2.910735 -0.077623 0.299473 -1.660514 19.400000
2.506509 -1.587152 2.771033 -1.004289 2.832734 -0.074401 0.284882 -1.486061 19.450000
2.203090 -1.219512 2.769867 -1.018637 2.762510 -0.074733 0.271306 -1.343626 19.500000
2.942645 -1.074465 2.767998 -1.032267 2.700985 -0.073510 0.258689 -1.145014 19.550000
2.433370 -1.321700 2.765326 -1.045077 2.647749 -0.061622 0.247207 -1.003803 19.600000
2.435010 -1.439060 2.761825 -1.057001 2.596596 -0.053438 0.236606 -1.038291 19.650000
2.703470 -1.373450 2.757647 -1.068075 2.542915 -0.045626 0.226581 -1.101086 19.700000
1.984188 -1.169990 2.752791 -1.078247 2.487739 -0.035355 0.217206 -1.105800 19.750000
1.943968 -1.539757 2.747389 -1.087562 2.434576 -0.030900 0.208489 -1.030821 19.800000
1.488575 -1.510292 2.741617 -1.096110 2.379927 -0.026787 0.200219 -1.140746 19.850000
1.566155 -1.468718 2.735600 -1.103975 2.321818 -0.027378 0.192232 -1.178523 19.900000
1.944048 -1.430680 2.729428 -1.111215 2.262869 -0.026821 0.184505 -1.179374 19.950000
2.353490 -1.531857 2.723059 -1.117742 2.204291 -0.022081 0.177165 -1.165768 20.000000
2.451395 -1.557273 2.716416 -1.123402 2.145052 -0.013306 0.170357 -1.199521 20.050000
3.445992 -1.801314 2.709487 -1.128093 2.084354 -0.003758 0.164163 -1.225172 20.100000
4.139421 -2.076979 2.702216 -1.131591 2.020107 0.014381 0.158806 -1.330509 20.150000
3.166870 -1.689996 2.694532 -1.133552 1.949301 0.037311 0.154706 -1.480652 20.200000
3.291527 -1.955742 2.686590 -1.134056 1.877573 0.050491 0.151660 -1.400487 20.250000
2.811330 -1.611946 2.678576 -1.133296 1.805629 0.064547 0.149438 -1.467848 20.300000
1.986329 -1.994005 2.670612 -1.131372 1.735081 0.074077 0.147813 -1.368654 20.350000
1.821966 -1.727394 2.662836 -1.128606 1.663731 0.075555 0.146576 -1.470575 20.400000
2.201788 -1.805782 2.655334 -1.125255 1.591840 0.075457 0.145436 -1.413380 20.450000
1.910620 -1.718937 2.648149 -1.121285 1.521009 0.079208 0.144375 -1.419111 20.500000
2.194402 -1.807609 2.641320 -1.116703 1.450909 0.080350 0.143430 -1.389226 20.550000
2.185627 -2.077102 2.634891 -1.111537 1.380850 0.084176 0.142643 -1.410170 20.600000
2.550083 -2.539556 2.628916 -1.105762 1.307211 0.087140 0.142276 -1.519446 20.650000
2.456233 -2.857220 2.623466 -1.099358 1.225069 0.091739 0.142672 -1.733648 20.700000
1.869046 -2.862204 2.618614 -1.092347 1.132662 0.093210 0.143907 -1.931097 20.750000
2.359279 -3.000000 2.614342 -1.084963 1.033923 0.087756 0.145364 -2.006038 20.800000
1.493171 -2.843175 2.610680 -1.077295 0.931416 0.086133 0.146757 -2.081565 20.850000
1.336175 -3.000000 2.607588 -1.069475 0.828164 0.076205 0.147714 -2.053034 20.900000
2.241247 -2.831181 2.604924 -1.061727 0.724228 0.064976 0.147895 -2.096751 20.950000
2.652897 -3.000000 2.602818 -1.053964 0.620680 0.062678 0.147550 -2.052554 21.000000
3.087357 -3.000000 2.601525 -1.046050 0.516786 0.064273 0.147215 -2.095933 21.050000
2.885360 -3.000000 2.601226 -1.037976 0.411529 0.069601 0.147213 -2.111791 21.100000
3.498209 -3.000000 2.601972 -1.029833 0.305765 0.072723 0.147552 -2.117850 21.150000
3.093821 -3.000000 2.603853 -1.021717 0.199796 0.081306 0.148334 -2.120683 21.200000
3.143073 -2.522747 2.606894 -1.013746 0.093715 0.085635 0.149582 -2.122380 21.250000
2.391807 -2.370839 2.610982 -1.006060 -0.007544 0.091059 0.150838 -1.955901 21.300000
1.780433 -2.186913 2.615927 -0.998757 -0.102001 0.090534 0.151790 -1.840959 21.350000
2.607429 -2.398442 2.621384 -0.991880 -0.190872 0.085409 0.152170 -1.731067 21.400000
2.327484 -1.926737 2.627380 -0.985489 -0.278413 0.088404 0.152397 -1.765300 21.450000
2.635103 -1.902342 2.633996 -0.979657 -0.362122 0.089455 0.152486 -1.607414 21.500000
3.250173 -1.933491 2.641202 -0.974440 -0.440443 0.094438 0.152406 -1.536226 21.550000
4.249206 -2.238809 2.649144 -0.969978 -0.516779 0.105350 0.152636 -1.519973 21.600000
4.122865 -2.680160 2.658068 -0.966516 -0.595861 0.124485 0.153918 -1.627667 21.650000
3.920344 -2.334850 2.668004 -0.964235 -0.683155 0.139762 0.156909 -1.832549 21.700000
3.723990 -2.782597 2.678723 -0.963161 -0.773494 0.151504 0.160926 -1.788464 21.750000
2.994836 -2.735037 2.690002 -0.963288 -0.867128 0.159697 0.165829 -1.933859 21.800000
3.172436 -2.418651 2.701541 -0.964482 -0.964923 0.159192 0.171277 -1.971882 21.850000
3.537142 -2.856744 2.713137 -0.966657 -1.060670 0.160147 0.176307 -1.874059 21.900000
3.579624 -3.000000 2.724747 -0.969922 -1.157870 0.163440 0.181497 -1.994502 21.950000
4.364208 -2.713955 2.736273 -0.974343 -1.260371 0.164956 0.187291 -2.089842 22.000000
3.793148 -2.948052 2.747624 -0.980074 -1.362960 0.172873 0.193224 -2.025007 22.050000
2.822228 -2.476916 2.758666 -0.987122 -1.465962 0.174228 0.199353 -2.085249 22.100000
3.125189 -2.728311 2.769219 -0.995073 -1.566026 0.166514 0.204656 -1.941079 22.150000
2.538339 -2.298379 2.779189 -1.003731 -1.664130 0.161800 0.209116 -1.977117 22.200000
1.682218 -2.196080 2.788528 -1.012980 -1.758915 0.152238 0.212535 -1.836721 22.250000
0.868810 -1.982053 2.797257 -1.022459 -1.848116 0.136360 0.214403 -1.745215 22.300000
1.487580 -2.386334 2.805477 -1.031786 -1.932052 0.114936 0.214548 -1.629248 22.350000
1.001830 -2.175355 2.813220 -1.040930 -2.016388 0.100007 0.213640 -1.728297 22.400000
0.620364 -2.308207 2.820501 -1.049914 -2.101643 0.081022 0.211797 -1.687462 22.450000
0.515205 -2.756343 2.827439 -1.058569 -2.186878 0.059494 0.208787 -1.716553 22.500000
0.021675 -2.960203 2.834132 -1.066818 -2.277634 0.036659 0.204723 -1.885886 22.550000
0.000000 -2.875148 2.840721 -1.074575 -2.375794 0.008649 0.199270 -2.017798 22.600000
0.000000 -2.922253 2.847340 -1.081804 -2.477122 -0.018516 0.192065 -2.031971 22.650000
0.282713 -2.969285 2.854031 -1.088582 -2.579275 -0.043772 0.183198 -2.050285 22.700000
0.000000 -3.000000 2.860757 -1.095030 -2.682403 -0.064363 0.172934 -2.070821 22.750000
0.476355 -3.000000 2.867524 -1.101227 -2.786427 -0.085490 0.161443 -2.086946 22.800000
0.000000 -3.000000 2.874275 -1.107254 -2.890913 -0.099799 0.149009 -2.091502 22.850000
0.000000 -3.000000 2.880988 -1.113176 -2.995519 -0.116208 0.135849 -2.092436 22.900000
0.888363 -3.000000 2.887736 -1.119022 -3.100142 -0.130083 0.122014 -2.092473 22.950000
1.852526 -3.000000 2.894267 -1.124842 3.078408 -0.133201 0.108024 -2.093096 23.000000
2.591241 -3.000000 2.900113 -1.130612 2.973715 -0.125308 0.094694 -2.094810 23.050000
2.796076 -3.000000 2.904872 -1.136206 2.868913 -0.109068 0.082717 -2.097336 23.100000
3.312338 -2.768926 2.908359 -1.141457 2.763977 -0.089978 0.072462 -2.100089 23.150000
2.820959 -2.671831 2.910478 -1.146164 2.661273 -0.065299 0.064315 -2.021662 23.200000
3.431282 -2.639072 2.911315 -1.150186 2.561985 -0.044851 0.058234 -1.960276 23.250000
3.028158 -2.685174 2.910961 -1.153374 2.464939 -0.018638 0.054068 -1.927246 23.300000
3.632047 -3.000000 2.909504 -1.155594 2.368433 0.003313 0.051715 -1.932385 23.350000
3.283861 -3.000000 2.907064 -1.156716 2.268491 0.030012 0.051172 -2.046637 23.400000
3.459846 -3.000000 2.903769 -1.156621 2.164933 0.052167 0.052485 -2.088805 23.450000
2.678258 -2.949035 2.899834 -1.155281 2.060032 0.074727 0.055465 -2.104793 23.500000
2.309085 -2.997390 2.895505 -1.152789 1.955127 0.088652 0.059702 -2.093533 23.550000
1.849224 -2.521133 2.891052 -1.149384 1.850055 0.097948 0.064674 -2.107208 23.600000
1.372956 -2.222793 2.886649 -1.145267 1.749421 0.102311 0.069660 -1.945205 23.650000
1.039368 -2.042000 2.882414 -1.140670 1.656975 0.102239 0.074032 -1.779327 23.700000
0.543942 -2.238332 2.878406 -1.135801 1.571726 0.099309 0.077639 -1.650622 23.750000
1.197432 -2.263972 2.874642 -1.130868 1.488584 0.091728 0.080662 -1.671735 23.800000
1.057836 -1.798256 2.871136 -1.125849 1.404491 0.090082 0.083372 -1.689297 23.850000
0.662094 -1.400610 2.867910 -1.120642 1.324731 0.087416 0.085580 -1.525815 23.900000
0.368618 -1.740068 2.864941 -1.115376 1.254577 0.082104 0.086904 -1.311253 23.950000
0.989674 -2.008059 2.862179 -1.110201 1.187953 0.074583 0.087669 -1.348362 24.000000
0.411972 -1.743635 2.859650 -1.105051 1.117225 0.072562 0.088401 -1.463998 24.050000
0.099024 -1.529498 2.857352 -1.099931 1.045482 0.065067 0.088912 -1.413022 24.100000
0.970297 -1.691594 2.855179 -1.095021 0.977742 0.055407 0.088795 -1.310961 24.150000
0.220846 -1.914879 2.853199 -1.090202 0.911692 0.054438 0.088362 -1.328533 24.200000
0.966108 -1.864245 2.851418 -1.085449 0.842665 0.046226 0.087832 -1.419386 24.250000
0.656890 -1.872315 2.849836 -1.080777 0.771162 0.045013 0.087171 -1.437994 24.300000
1.548336 -1.980789 2.848518 -1.076117 0.698961 0.040958 0.086419 -1.448482 24.350000
1.396920 -1.732564 2.847573 -1.071400 0.625258 0.045237 0.085749 -1.493130 24.400000
2.023380 -1.377621 2.847140 -1.066551 0.552715 0.048140 0.085247 -1.419391 24.450000
2.555275 -1.206081 2.847324 -1.061554 0.486417 0.057521 0.084839 -1.255836 24.500000
1.742148 -1.060193 2.848373 -1.056324 0.427462 0.072360 0.084679 -1.120951 24.550000
1.800172 -1.348498 2.850223 -1.050945 0.374682 0.079796 0.084660 -1.005568 24.600000
2.005283 -1.816984 2.852710 -1.045534 0.322708 0.087575 0.084888 -1.065641 24.650000
2.462676 -1.834903 2.855875 -1.040122 0.263550 0.096092 0.085889 -1.272629 24.700000
3.342864 -2.046789 2.859845 -1.034737 0.197167 0.107573 0.087798 -1.369275 24.750000
4.031881 -1.958132 2.864896 -1.029401 0.125251 0.125908 0.090816 -1.490129 24.800000
4.793399 -1.501239 2.871346 -1.024181 0.050227 0.149203 0.095095 -1.508614 24.850000
5.056667 -1.035669 2.879478 -1.019196 -0.020606 0.178761 0.100130 -1.348570 24.900000
4.662384 -1.203567 2.889464 -1.014584 -0.081159 0.210573 0.105101 -1.107448 24.950000
5.031994 -1.632298 2.901198 -1.010456 -0.135418 0.237992 0.110200 -1.068808 25.000000
4.734320 -1.326365 2.914583 -1.006931 -0.193117 0.266817 0.116857 -1.219701 25.050000
4.491214 -1.741405 2.929519 -1.004135 -0.252749 0.290868 0.124729 -1.172911 25.100000
5.260111 -1.725001 2.945769 -1.002149 -0.315395 0.310500 0.133928 -1.314300 25.150000
6.000000 -1.741682 2.963316 -1.001130 -0.382756 0.334756 0.144867 -1.373056 25.200000
6.000000 -1.279701 2.982338 -1.001321 -0.452421 0.363387 0.157271 -1.409868 25.250000
6.000000 -1.646853 3.002820 -1.002904 -0.518553 0.390492 0.169648 -1.258467 25.300000
6.000000 -1.310573 3.024603 -1.005969 -0.583748 0.415601 0.182594 -1.339717 25.350000
5.328389 -0.942887 3.047502 -1.010599 -0.648269 0.438714 0.195979 -1.254888 25.400000
4.351505 -1.250223 3.071242 -1.016751 -0.706153 0.455377 0.207683 -1.085046 25.450000
3.818525 -0.864003 3.095416 -1.024203 -0.761752 0.462066 0.218741 -1.133614 25.500000
4.573171 -0.729152 3.119661 -1.032728 -0.814933 0.463478 0.228757 -1.010771 25.550000
5.104310 -0.344281 3.143962 -1.042366 -0.862509 0.472953 0.236758 -0.906659 25.600000
4.390589 -0.515606 3.168481 -1.053338 -0.902320 0.489052 0.242238 -0.710926 25.650000
5.231687 -0.478267 3.193165 -1.065595 -0.937236 0.499232 0.246199 -0.689122 25.700000
6.000000 -0.811848 3.217974 -1.079153 -0.971069 0.516981 0.249976 -0.667890 25.750000
5.074946 -0.766474 3.243041 -1.094306 -1.008035 0.539851 0.255315 -0.796870 25.800000
4.694230 -0.944771 3.268208 -1.110999 -1.049247 0.551402 0.262554 -0.846747 25.850000
4.400407 -0.860990 3.293193 -1.128949 -1.094336 0.557101 0.271328 -0.945541 25.900000
4.349853 -0.945600 3.317805 -1.147991 -1.142087 0.558287 0.280951 -0.963276 25.950000
3.631590 -0.713059 3.341921 -1.168026 -1.191507 0.557678 0.290911 -1.008666 26.000000
4.394669 -0.836359 3.365400 -1.188858 -1.240046 0.550149 0.300014 -0.941979 26.050000
4.189090 -1.164510 3.388207 -1.210478 -1.287698 0.549801 0.308323 -0.962328 26.100000
3.189588 -1.232017 3.410316 -1.232974 -1.339751 0.545119 0.317980 -1.102178 26.150000
2.599987 -1.303886 3.431560 -1.256011 -1.397407 0.528179 0.329026 -1.192005 26.200000
2.637121 -1.758164 3.451801 -1.279170 -1.458889 0.503867 0.340234 -1.257766 26.250000
2.741662 -1.611307 3.470983 -1.302268 -1.527419 0.476619 0.352383 -1.454650 26.300000
1.859782 -2.052247 3.489068 -1.325261 -1.600857 0.447958 0.364340 -1.478505 26.350000
2.606620 -1.619828 3.506063 -1.347906 -1.679623 0.408442 0.375713 -1.645279 26.400000
2.021926 -1.743757 3.521978 -1.370111 -1.759082 0.376006 0.384842 -1.546359 26.450000
1.987672 -2.215766 3.536872 -1.391909 -1.836403 0.339729 0.391159 -1.544565 26.500000
1.114075 -1.843229 3.550822 -1.413138 -1.918390 0.301488 0.396270 -1.707582 26.550000
0.812767 -1.967023 3.563955 -1.433564 -2.001447 0.255634 0.398940 -1.624258 26.600000
0.000000 -1.773701 3.576461 -1.452978 -2.082722 0.209611 0.398503 -1.623452 26.650000
0.000000 -1.344385 3.588554 -1.471225 -2.161521 0.159369 0.394968 -1.537629 26.700000
0.359118 -0.858889 3.600410 -1.488265 -2.232511 0.115749 0.388164 -1.328893 26.750000
0.000000 -0.561403 3.612016 -1.504330 -2.290928 0.084432 0.378817 -1.044083 26.800000
0.000000 -0.202519 3.623367 -1.519578 -2.336041 0.058484 0.367942 -0.790528 26.850000
0.000000 0.001012 3.634489 -1.534077 -2.368011 0.040639 0.356291 -0.518687 26.900000
0.600411 -0.234846 3.645340 -1.547940 -2.387710 0.029788 0.344423 -0.292796 26.950000
0.172490 -0.304685 3.655784 -1.561339 -2.401713 0.027844 0.332772 -0.269541 27.000000
0.000000 -0.230149 3.665798 -1.574331 -2.415624 0.022253 0.321496 -0.284906 27.050000
0.000000 0.045373 3.675496 -1.586840 -2.429197 0.015622 0.310554 -0.260141 27.100000
0.482937 -0.416394 3.684912 -1.598867 -2.438614 0.011153 0.299907 -0.129350 27.150000
0.000000 -0.637079 3.693952 -1.610519 -2.448452 0.011303 0.289627 -0.251890 27.200000
0.218903 -1.000020 3.702649 -1.621793 -2.465392 0.004358 0.279724 -0.408750 27.250000
0.000000 -0.908923 3.711094 -1.632637 -2.492181 -0.003734 0.270081 -0.636751 27.300000
0.000000 -0.987417 3.719332 -1.643047 -2.526117 -0.015775 0.260534 -0.711305 27.350000
0.023238 -1.049917 3.727430 -1.653006 -2.563521 -0.028130 0.250972 -0.776474 27.400000
0.000000 -0.872621 3.735402 -1.662541 -2.603867 -0.040300 0.241348 -0.830284 27.450000
0.000000 -1.013875 3.743258 -1.671679 -2.644085 -0.051664 0.231726 -0.783722 27.500000
0.000000 -0.919834 3.751001 -1.680449 -2.684184 -0.062042 0.222135 -0.815956 27.550000
0.821388 -0.951080 3.758634 -1.688878 -2.724338 -0.071526 0.212593 -0.792778 27.600000
0.014916 -1.039418 3.765978 -1.697069 -2.764005 -0.072370 0.203263 -0.793861 27.650000
0.000000 -0.944398 3.773035 -1.705038 -2.804693 -0.080455 0.194074 -0.829132 27.700000
0.000000 -1.007347 3.779989 -1.712732 -2.845550 -0.087913 0.184970 -0.807679 27.750000
0.000000 -1.028250 3.786839 -1.720172 -2.886338 -0.094571 0.175981 -0.822015 27.800000
0.369283 -0.749214 3.793583 -1.727379 -2.927857 -0.100654 0.167069 -0.836871 27.850000
0.158298 -1.048356 3.800130 -1.734386 -2.966799 -0.102017 0.158541 -0.733523 27.900000
0.000000 -0.667961 3.806435 -1.741211 -3.005430 -0.104782 0.150275 -0.803309 27.950000
0.000000 -0.745261 3.812585 -1.747850 -3.042300 -0.108140 0.142343 -0.685689 28.000000
0.962164 -0.848212 3.818603 -1.754306 -3.075857 -0.110367 0.134871 -0.659728 28.050000
1.244801 -1.090254 3.824259 -1.760598 -3.109661 -0.103281 0.127697 -0.689273 28.100000
0.953203 -1.338902 3.829275 -1.766738 3.135920 -0.094152 0.120703 -0.801686 28.150000
0.391230 -1.201528 3.833685 -1.772719 3.091546 -0.088795 0.113701 -0.954366 28.200000
0.000000 -1.161406 3.837712 -1.778544 3.043330 -0.089017 0.106772 -0.972107 28.250000
0.857804 -1.081539 3.841587 -1.784229 2.994928 -0.092446 0.100005 -0.964921 28.300000
0.662208 -1.412048 3.845195 -1.789757 2.947643 -0.087195 0.093575 -0.931005 28.350000
0.028540 -1.124491 3.848389 -1.795098 2.897881 -0.083860 0.087361 -1.044921 28.400000
0.453166 -0.714140 3.851371 -1.800294 2.847314 -0.086218 0.081324 -0.985539 28.450000
0.438093 -0.602129 3.854183 -1.805349 2.803321 -0.083451 0.075898 -0.797840 28.500000
0.003091 -0.257760 3.856728 -1.810220 2.767167 -0.079848 0.071215 -0.664384 28.550000
0.000000 -0.623055 3.859104 -1.814931 2.739649 -0.079403 0.067235 -0.459613 28.600000
0.000000 -0.962039 3.861405 -1.819514 2.715409 -0.078573 0.063588 -0.505006 28.650000
0.000000 -1.265263 3.863631 -1.823973 2.685678 -0.078109 0.059771 -0.665841 28.700000
0.000000 -0.899984 3.865788 -1.828325 2.646778 -0.078217 0.055576 -0.865915 28.750000
0.903862 -0.704182 3.867875 -1.832580 2.604861 -0.078317 0.051352 -0.816905 28.800000
0.455766 -0.536704 3.869712 -1.836630 2.566840 -0.069528 0.047606 -0.716247 28.850000
1.027986 -0.884370 3.871217 -1.840410 2.534260 -0.064717 0.044433 -0.600539 28.900000
1.784513 -1.244669 3.872385 -1.843894 2.501911 -0.054623 0.041555 -0.683827 28.950000
1.671620 -1.528990 3.872988 -1.846898 2.462544 -0.038137 0.038858 -0.868489 29.000000
2.001046 -1.976586 3.872951 -1.849328 2.413526 -0.023674 0.036474 -1.066817 29.050000
2.606015 -1.953217 3.872291 -1.851139 2.352781 -0.007109 0.034591 -1.327349 29.100000
1.937332 -1.605152 3.870926 -1.852159 2.283480 0.014188 0.033608 -1.430076 29.150000
2.806495 -1.355406 3.868954 -1.852374 2.214463 0.028537 0.033521 -1.343136 29.200000
1.911570 -0.930226 3.866438 -1.851717 2.151031 0.050657 0.034173 -1.212526 29.250000
1.500993 -0.445205 3.863461 -1.850185 2.096628 0.063977 0.035231 -0.992876 29.300000
1.030447 -0.141748 3.860240 -1.848036 2.055156 0.073533 0.036061 -0.702013 29.350000
0.534700 -0.164789 3.856900 -1.845457 2.027406 0.078996 0.036342 -0.437996 29.400000
1.154914 -0.600696 3.853547 -1.842655 2.008999 0.080103 0.036153 -0.311758 29.450000
0.716983 -0.230390 3.850169 -1.839606 1.990253 0.086917 0.036050 -0.425939 29.500000
1.247412 -0.331748 3.846760 -1.836281 1.971531 0.089409 0.036004 -0.332865 29.550000
2.116688 -0.397498 3.843319 -1.832665 1.955079 0.096846 0.035878 -0.325989 29.600000
1.261506 -0.439186 3.839733 -1.828463 1.938119 0.112055 0.035928 -0.349991 29.650000
2.058507 -0.695580 3.836022 -1.823692 1.919784 0.118670 0.036221 -0.380237 29.700000
2.852082 -0.528284 3.832216 -1.818378 1.897401 0.132223 0.037005 -0.501882 29.750000
1.887579 -0.359212 3.828229 -1.812186 1.872461 0.152471 0.038284 -0.496512 29.800000
2.395864 -0.038407 3.824109 -1.805183 1.849618 0.163051 0.039554 -0.425145 29.850000
1.506212 0.450877 3.819909 -1.797491 1.833045 0.178255 0.040221 -0.255750 29.900000
2.251711 0.664737 3.815652 -1.789219 1.828437 0.185257 0.039444 0.042582 29.950000
1.527736 0.198608 3.811318 -1.780418 1.837635 0.199635 0.036830 0.299697 30.000000
2.441367 0.338680 3.806874 -1.771107 1.851083 0.206899 0.033636 0.244038 30.050000
2.799716 0.638499 3.802300 -1.761266 1.864080 0.222291 0.030507 0.272908 30.100000
3.162471 1.103348 3.797495 -1.750641 1.881601 0.240526 0.026572 0.413167 30.150000
2.240626 0.845443 3.792369 -1.739116 1.909570 0.261636 0.020641 0.675961 30.200000
1.820533 1.139827 3.786909 -1.726875 1.944136 0.273262 0.013349 0.703706 30.250000
2.506084 1.338857 3.781184 -1.714266 1.983020 0.280225 0.005218 0.835984 30.300000
2.256489 1.278489 3.775122 -1.701280 2.028825 0.292820 -0.004328 0.978670 30.350000
2.477882 0.980707 3.768636 -1.687886 2.078999 0.301925 -0.014826 1.023144 30.400000
3.259435 1.287882 3.761694 -1.674154 2.127516 0.312073 -0.024941 0.930102 30.450000
2.524319 1.114283 3.754156 -1.659941 2.176255 0.328398 -0.035236 1.009900 30.500000
2.040292 0.997592 3.745991 -1.645315 2.225941 0.336513 -0.045820 0.981870 30.550000
2.498836 0.577471 3.737355 -1.630571 2.273453 0.339274 -0.055711 0.926356 30.600000
2.211660 0.787552 3.728251 -1.615748 2.314454 0.346132 -0.063828 0.737520 30.650000
1.423919 0.964471 3.718669 -1.600833 2.351189 0.350022 -0.070778 0.732909 30.700000
1.872650 0.797094 3.708784 -1.586038 2.389789 0.345907 -0.077951 0.803005 30.750000
2.387050 0.942779 3.698648 -1.571449 2.429058 0.345676 -0.084981 0.771980 30.800000
2.450837 0.558834 3.688090 -1.556941 2.468907 0.349789 -0.091974 0.817011 30.850000
2.704611 0.518944 3.677010 -1.542460 2.506134 0.354313 -0.098181 0.688059 30.900000
2.729877 0.383898 3.665358 -1.527978 2.538377 0.361412 -0.103061 0.611116 30.950000
3.002451 -0.015471 3.653093 -1.513472 2.566385 0.368875 -0.106837 0.519961 31.000000
2.495772 0.385653 3.640171 -1.498908 2.586590 0.379602 -0.108574 0.311108 31.050000
1.719647 0.857280 3.626659 -1.484307 2.603733 0.385612 -0.109556 0.368712 31.100000
1.258912 0.679855 3.612824 -1.469857 2.628395 0.383002 -0.112591 0.593040 31.150000
1.656558 0.609170 3.598914 -1.455759 2.659211 0.375139 -0.117082 0.634896 31.200000
1.859369 0.317855 3.584939 -1.442041 2.690757 0.370979 -0.121480 0.627966 31.250000
2.260451 -0.133709 3.570774 -1.428636 2.718794 0.369289 -0.124730 0.507423 31.300000
2.900530 -0.223253 3.556295 -1.415460 2.737331 0.372922 -0.125367 0.260529 31.350000
3.147095 -0.179279 3.541285 -1.402367 2.745693 0.384077 -0.123336 0.090884 31.400000
3.549103 -0.616713 3.525569 -1.389239 2.748172 0.398072 -0.119817 0.015510 31.450000
4.399961 -0.260773 3.509035 -1.375989 2.742671 0.416514 -0.114116 -0.213406 31.500000
3.579851 -0.757911 3.491453 -1.362456 2.732658 0.442736 -0.107164 -0.189528 31.550000
4.029667 -1.089525 3.472870 -1.348616 2.717786 0.460861 -0.098708 -0.385346 31.600000
4.404190 -1.494911 3.453429 -1.334432 2.691854 0.483601 -0.086593 -0.625716 31.650000
4.508296 -1.748661 3.433039 -1.319713 2.652611 0.509787 -0.069717 -0.910518 31.700000
5.010660 -1.944927 3.411727 -1.304273 2.600406 0.535868 -0.047856 -1.148341 31.750000
5.918890 -1.946656 3.389537 -1.287900 2.537677 0.564334 -0.021595 -1.337155 31.800000
4.986299 -2.308326 3.366403 -1.270289 2.468257 0.597747 0.007927 -1.429503 31.850000
4.373888 -2.256919 3.342574 -1.251350 2.391531 0.617945 0.040954 -1.615650 31.900000
3.833461 -2.522280 3.318587 -1.231245 2.308791 0.627596 0.076328 -1.687153 31.950000
4.023246 -2.975806 3.294863 -1.210150 2.220474 0.627073 0.113262 -1.827700 32.000000
3.557029 -2.617667 3.271693 -1.188138 2.122466 0.622004 0.153080 -2.059137 32.050000
4.415457 -2.479644 3.249347 -1.165324 2.020359 0.606612 0.192573 -2.033400 32.100000
4.000224 -2.464480 3.227940 -1.141728 1.920051 0.595111 0.228939 -1.989721 32.150000
4.411408 -2.176803 3.207543 -1.117372 1.820907 0.575888 0.262447 -1.980321 32.200000
5.062951 -2.281519 3.188258 -1.092369 1.724744 0.558159 0.292255 -1.884081 32.250000
5.280773 -2.719749 3.170112 -1.066583 1.630314 0.544237 0.319257 -1.893547 32.300000
4.457363 -2.299077 3.153199 -1.039944 1.530850 0.527200 0.346203 -2.059254 32.350000
4.547616 -2.746470 3.137642 -1.012765 1.430359 0.499251 0.370932 -1.974858 32.400000
4.689035 -2.896338 3.123477 -0.985346 1.327892 0.469053 0.393402 -2.102376 32.450000
5.264632 -2.999824 3.110759 -0.957801 1.219948 0.435384 0.414495 -2.198229 32.500000
5.667980 -2.762812 3.099570 -0.930144 1.108081 0.403248 0.433468 -2.263966 32.550000
5.531591 -2.870422 3.090018 -0.902330 0.996720 0.373836 0.449144 -2.200261 32.600000
5.534480 -3.000000 3.082143 -0.874436 0.886390 0.342850 0.461604 -2.209546 32.650000
5.512208 -3.000000 3.075926 -0.846632 0.774670 0.310582 0.471452 -2.250019 32.700000
6.000000 -3.000000 3.071351 -0.819067 0.661960 0.277466 0.478542 -2.255020 32.750000
5.573210 -3.000000 3.068484 -0.791804 0.549364 0.249388 0.482896 -2.247810 32.800000
4.897134 -2.967200 3.067313 -0.764956 0.437257 0.218298 0.484633 -2.235843 32.850000
4.097656 -3.000000 3.067584 -0.738751 0.326170 0.182756 0.483496 -2.209065 32.900000
5.021916 -3.000000 3.068944 -0.713371 0.215952 0.142121 0.479284 -2.197886 32.950000
4.026140 -2.840348 3.071401 -0.688856 0.106451 0.112927 0.472422 -2.182156 33.000000
4.975676 -2.903183 3.074918 -0.665234 -0.000616 0.078324 0.463147 -2.109767 33.050000
5.166350 -2.446523 3.079484 -0.642563 -0.105775 0.056526 0.451977 -2.096797 33.100000
5.224912 -2.479859 3.085357 -0.620922 -0.205646 0.042190 0.439654 -1.925182 33.150000
4.897217 -2.192028 3.092599 -0.600424 -0.300323 0.033682 0.426843 -1.870068 33.200000
5.033405 -1.717152 3.101118 -0.581158 -0.390170 0.026847 0.413864 -1.743301 33.250000
4.333484 -1.431350 3.110850 -0.563220 -0.470904 0.028134 0.400988 -1.520016 33.300000
4.913044 -1.696895 3.121667 -0.546659 -0.541276 0.029787 0.388453 -1.323343 33.350000
5.648882 -1.661419 3.133513 -0.531555 -0.607968 0.039830 0.376599 -1.342308 33.400000
5.600655 -2.028155 3.146551 -0.518143 -0.675009 0.057183 0.365831 -1.340631 33.450000
4.643887 -1.723562 3.160775 -0.506578 -0.746041 0.072399 0.356431 -1.481198 33.500000
5.211452 -2.166037 3.175849 -0.496744 -0.818568 0.078294 0.347950 -1.427940 33.550000
4.441424 -2.134236 3.191575 -0.488627 -0.894086 0.088636 0.340396 -1.571991 33.600000
4.883971 -2.012404 3.207774 -0.482200 -0.974041 0.090133 0.333695 -1.619088 33.650000
4.401662 -1.710893 3.224259 -0.477424 -1.054259 0.096271 0.327459 -1.593725 33.700000
3.571922 -2.152675 3.240910 -0.474310 -1.130478 0.100113 0.321438 -1.473105 33.750000
4.504598 -1.670153 3.257488 -0.472599 -1.207413 0.096393 0.315707 -1.586989 33.800000
3.606018 -1.947404 3.273893 -0.472304 -1.282961 0.102660 0.310127 -1.454787 33.850000
3.340242 -1.658546 3.290047 -0.473430 -1.357110 0.101476 0.304799 -1.503792 33.900000
4.193317 -1.785554 3.305796 -0.475692 -1.429781 0.099007 0.299444 -1.415674 33.950000
3.611028 -1.907194 3.321088 -0.479216 -1.500878 0.105709 0.294285 -1.426878 34.000000
2.653777 -1.879194 3.335851 -0.484028 -1.573664 0.106550 0.289630 -1.477162 34.050000
3.469319 -2.268655 3.350003 -0.489715 -1.647792 0.098395 0.285039 -1.486099 34.100000
4.243541 -2.299895 3.363481 -0.496203 -1.726301 0.096900 0.280676 -1.632197 34.150000
5.157121 -2.150375 3.376173 -0.503787 -1.809909 0.101169 0.276900 -1.701603 34.200000
4.464184 -2.310949 3.387897 -0.512768 -1.894234 0.113890 0.273810 -1.675912 34.250000
3.759510 -1.930155 3.398529 -0.523095 -1.979463 0.119660 0.271467 -1.725789 34.300000
2.821187 -2.322647 3.408092 -0.534358 -2.062324 0.119797 0.269164 -1.606852 34.350000
3.798211 -2.097516 3.416696 -0.546142 -2.145428 0.111381 0.266733 -1.702204 34.400000
3.637325 -2.068254 3.424290 -0.558374 -2.229228 0.112398 0.264216 -1.656781 34.450000
2.769089 -2.068588 3.430725 -0.571141 -2.311243 0.112800 0.261688 -1.628162 34.500000
3.343257 -2.350405 3.436127 -0.584181 -2.392311 0.105741 0.258980 -1.616007 34.550000
3.225190 -2.225990 3.440521 -0.597371 -2.475915 0.103698 0.256305 -1.713088 34.600000
3.708229 -2.357143 3.443820 -0.610697 -2.561342 0.100306 0.253685 -1.705026 34.650000
4.358171 -2.285372 3.445942 -0.624117 -2.647868 0.101454 0.251174 -1.749135 34.700000
5.242904 -1.916903 3.446652 -0.637653 -2.735078 0.108640 0.249056 -1.740858 34.750000
4.782237 -1.774355 3.445614 -0.651321 -2.818206 0.125371 0.247401 -1.605743 34.800000
4.998337 -1.276351 3.442729 -0.665010 -2.895503 0.139291 0.246166 -1.502209 34.850000
4.839626 -0.859441 3.438052 -0.678559 -2.964151 0.157688 0.244934 -1.276810 34.900000
5.537134 -0.570741 3.431568 -0.691862 -3.020811 0.177997 0.243254 -1.024393 34.950000
6.000000 -0.611569 3.423153 -0.704845 -3.065733 0.207994 0.241035 -0.801831 35.000000
6.000000 -0.364714 3.412561 -0.717453 -3.103453 0.243598 0.238806 -0.718522 35.050000
6.000000 -0.259195 3.399741 -0.729612 -3.135623 0.279711 0.236574 -0.585296 35.100000
5.811340 0.029783 3.384752 -0.741260 3.121200 0.316358 0.234026 -0.482268 35.150000
6.000000 0.346218 3.367697 -0.752358 3.101706 0.352069 0.230601 -0.316601 35.200000
6.000000 -0.005108 3.348622 -0.762902 3.091821 0.391186 0.225260 -0.101653 35.250000
6.000000 0.033690 3.327528 -0.772915 3.085783 0.429965 0.219295 -0.137517 35.300000
5.185997 -0.189518 3.304497 -0.782396 3.078703 0.466923 0.214031 -0.145931 35.350000
4.434345 0.111395 3.279803 -0.791345 3.068601 0.494006 0.210159 -0.248547 35.400000
3.440374 -0.263751 3.253891 -0.799763 3.058057 0.512940 0.206723 -0.180482 35.450000
4.246869 -0.260481 3.227212 -0.807680 3.045691 0.521413 0.204201 -0.301872 35.500000
3.628024 -0.113034 3.199861 -0.815066 3.028816 0.535806 0.203562 -0.366750 35.550000
3.253170 0.028051 3.171839 -0.821888 3.011182 0.543669 0.203361 -0.341567 35.600000
3.304356 0.503035 3.143402 -0.828175 2.996073 0.548439 0.202260 -0.270297 35.650000
3.639349 0.492911 3.114622 -0.833966 2.989113 0.555745 0.198042 -0.031392 35.700000
4.264347 0.443626 3.085378 -0.839321 2.991122 0.568264 0.190436 0.099719 35.750000
3.750549 0.896133 3.055439 -0.844272 2.997582 0.587155 0.181246 0.153734 35.800000
3.584792 0.783775 3.024789 -0.848878 3.011370 0.602139 0.169176 0.375740 35.850000
3.544376 1.148766 2.993577 -0.853265 3.032220 0.616253 0.154330 0.451336 35.900000
3.593619 0.778499 2.961858 -0.857529 3.060144 0.630335 0.136634 0.645268 35.950000
3.283114 0.607984 2.929639 -0.861780 3.091112 0.644120 0.117908 0.600550 36.000000
3.814997 0.132119 2.897020 -0.866065 3.118775 0.653218 0.101107 0.517254 36.050000
3.745901 0.294396 2.863993 -0.870383 3.138205 0.665265 0.088558 0.286070 36.100000
3.581611 0.787614 2.830493 -0.874686 -3.132083 0.675142 0.079391 0.235957 36.150000
2.979008 0.421852 2.796602 -0.878984 -3.115249 0.683299 0.068527 0.419340 36.200000
2.019409 0.782752 2.762515 -0.883349 -3.095658 0.685499 0.056647 0.370969 36.250000
2.574539 1.139437 2.728611 -0.887794 -3.073541 0.678557 0.043967 0.501187 36.300000
2.166713 0.668813 2.694985 -0.892392 -3.042429 0.677049 0.027431 0.720060 36.350000
1.603089 0.311607 2.661612 -0.897231 -3.008480 0.671186 0.010191 0.648487 36.400000
1.397559 0.249645 2.628725 -0.902276 -2.980877 0.659612 -0.003241 0.476761 36.450000
2.125595 -0.181369 2.596488 -0.907440 -2.960041 0.646266 -0.012826 0.369462 36.500000
2.056808 -0.288640 2.564749 -0.912690 -2.947990 0.640206 -0.017907 0.136848 36.550000
2.215318 -0.646816 2.533324 -0.917970 -2.945881 0.633961 -0.018252 -0.036085 36.600000
2.205292 -1.141950 2.502161 -0.923204 -2.954546 0.629685 -0.013719 -0.286200 36.650000
2.791331 -0.801371 2.471190 -0.928286 -2.978304 0.625568 -0.002608 -0.627767 36.700000
3.198255 -0.310619 2.440255 -0.933108 -3.010793 0.626587 0.011986 -0.668704 36.750000
3.643234 0.169728 2.409135 -0.937660 -3.039428 0.630840 0.024403 -0.497649 36.800000
3.875204 -0.271417 2.377653 -0.942004 -3.056527 0.639105 0.031293 -0.216868 36.850000
4.584155 0.186873 2.345674 -0.946221 -3.068379 0.649282 0.035680 -0.254013 36.900000
4.058902 0.391501 2.313002 -0.950330 -3.076388 0.665742 0.038207 -0.083625 36.950000
4.541590 0.854016 2.279624 -0.954388 -3.075589 0.677081 0.036512 0.098537 37.000000
4.085356 0.592652 2.245578 -0.958489 -3.062473 0.692955 0.028836 0.396452 37.050000
3.098554 0.264736 2.210894 -0.962766 -3.041165 0.704012 0.017243 0.451349 37.100000
2.521016 -0.039791 2.175945 -0.967243 -3.021405 0.705111 0.006742 0.351214 37.150000
1.894405 -0.455863 2.141107 -0.971855 -3.008688 0.700550 0.000153 0.176211 37.200000
1.920737 0.001918 2.106647 -0.976487 -3.007305 0.690314 -0.000527 -0.095013 37.250000
2.123639 -0.350687 2.072674 -0.981032 -3.010906 0.680753 0.001249 -0.053265 37.300000
2.169813 0.084861 2.039114 -0.985480 -3.017064 0.673455 0.004185 -0.180967 37.350000
1.948768 -0.191546 2.005887 -0.989814 -3.023032 0.666871 0.006889 -0.068990 37.400000
1.233698 0.164506 1.973023 -0.994049 -3.028017 0.658504 0.009014 -0.125222 37.450000
1.242076 0.364003 1.940724 -0.998161 -3.031010 0.643874 0.010096 -0.005942 37.500000
1.583039 0.358496 1.909130 -1.002180 -3.027121 0.630020 0.007985 0.147113 37.550000
2.069647 0.646716 1.878139 -1.006177 -3.017458 0.619933 0.003408 0.231488 37.600000
2.017652 0.755727 1.847540 -1.010229 -3.001242 0.614699 -0.003852 0.400287 37.650000
2.349374 0.620230 1.817233 -1.014417 -2.977443 0.608916 -0.014108 0.537677 37.700000
3.310896 1.104459 1.787162 -1.018814 -2.950030 0.606004 -0.025504 0.557828 37.750000
2.344512 0.701887 1.757045 -1.023520 -2.916275 0.611386 -0.039307 0.769108 37.800000
2.739196 0.689993 1.726926 -1.028606 -2.879282 0.606727 -0.054035 0.718336 37.850000
2.564068 0.987150 1.696962 -1.034059 -2.844038 0.605364 -0.067428 0.695589 37.900000
3.297695 0.751143 1.667125 -1.039908 -2.806107 0.601509 -0.081462 0.809432 37.950000
4.196740 0.292730 1.637332 -1.046237 -2.766581 0.603705 -0.095671 0.777162 38.000000
5.108342 0.577205 1.607255 -1.053190 -2.733131 0.614302 -0.106918 0.584925 38.050000
4.301553 1.041024 1.576527 -1.060912 -2.703199 0.632969 -0.116589 0.610881 38.100000
4.110997 1.103502 1.545204 -1.069445 -2.666944 0.641876 -0.129113 0.816431 38.150000
5.085425 1.069574 1.513614 -1.078769 -2.622499 0.646426 -0.145130 0.947026 38.200000
4.247872 1.418538 1.481716 -1.089046 -2.573606 0.657883 -0.162912 1.003859 38.250000
4.555801 1.492570 1.449608 -1.100340 -2.518636 0.658415 -0.183146 1.174687 38.300000
3.645692 1.825606 1.417550 -1.112646 -2.456722 0.658358 -0.205942 1.288874 38.350000
3.446610 1.616212 1.385813 -1.125910 -2.387067 0.645561 -0.231257 1.473317 38.400000
4.004882 1.435378 1.354748 -1.139977 -2.313229 0.627683 -0.256807 1.481260 38.450000
3.554500 1.749634 1.324388 -1.154882 -2.240809 0.613818 -0.279990 1.425615 38.500000
4.339595 2.131473 1.294782 -1.170606 -2.166684 0.593459 -0.302219 1.526012 38.550000
4.955049 2.434572 1.266015 -1.187176 -2.085049 0.575746 -0.325799 1.712470 38.600000
4.630854 2.342165 1.238094 -1.204809 -1.994025 0.557471 -0.351292 1.900162 38.650000
3.997519 1.873576 1.211174 -1.223473 -1.897825 0.531282 -0.376421 1.941802 38.700000
3.096920 1.613540 1.185439 -1.242863 -1.805118 0.499130 -0.397344 1.790469 38.750000
2.759086 1.683706 1.160968 -1.262579 -1.720057 0.461859 -0.412605 1.634663 38.800000
3.754313 1.928208 1.137762 -1.282313 -1.639502 0.424003 -0.423627 1.591969 38.850000
3.026850 2.373056 1.115777 -1.302187 -1.557976 0.395259 -0.432638 1.657509 38.900000
3.004821 2.036440 1.095014 -1.322184 -1.469874 0.356060 -0.441115 1.835997 38.950000
2.852486 1.765063 1.075465 -1.342035 -1.379851 0.316196 -0.447243 1.772121 39.000000
2.656333 1.388621 1.057078 -1.361689 -1.295055 0.279153 -0.449572 1.637627 39.050000
2.312079 1.750417 1.039778 -1.381114 -1.218940 0.246970 -0.448097 1.434430 39.100000
2.774967 1.986116 1.023485 -1.400249 -1.145992 0.215019 -0.444434 1.474793 39.150000
2.696408 1.929874 1.008181 -1.419111 -1.069511 0.186901 -0.439853 1.568092 39.200000
3.440061 1.662807 0.993876 -1.437753 -0.990846 0.158378 -0.434156 1.575016 39.250000
2.927294 1.846454 0.980640 -1.456301 -0.915035 0.140207 -0.427047 1.471169 39.300000
2.342678 1.355476 0.968505 -1.474805 -0.840890 0.119696 -0.419005 1.490059 39.350000
2.582467 1.484379 0.957308 -1.493068 -0.771572 0.098108 -0.409754 1.307120 39.400000
2.790125 1.561205 0.947013 -1.511067 -0.707177 0.083172 -0.399629 1.272293 39.450000
3.317744 1.332862 0.937704 -1.528879 -0.643263 0.071881 -0.389243 1.281958 39.500000
3.428591 1.640801 0.929521 -1.546591 -0.581579 0.067982 -0.378766 1.196760 39.550000
3.998977 1.964015 0.922598 -1.564260 -0.519489 0.065917 -0.368568 1.275652 39.600000
4.245729 1.861369 0.917052 -1.581893 -0.451282 0.067049 -0.359013 1.430460 39.650000
4.233799 2.312615 0.913019 -1.599482 -0.379013 0.069339 -0.350066 1.456544 39.700000
3.276852 2.752111 0.910524 -1.616941 -0.301087 0.069623 -0.341800 1.633881 39.750000
4.208389 3.000000 0.909291 -1.634086 -0.212798 0.057110 -0.333951 1.861115 39.800000
4.080473 3.000000 0.909245 -1.650803 -0.114748 0.050303 -0.326147 2.032287 39.850000
3.212960 2.575949 0.910506 -1.667022 -0.011368 0.041282 -0.318226 2.092250 39.900000
3.917414 2.556517 0.912804 -1.682643 0.089456 0.026775 -0.309636 1.961554 39.950000
3.041360 2.577038 0.916104 -1.697583 0.185889 0.022379 -0.300605 1.904733 40.000000
2.813434 2.101224 0.920347 -1.711787 0.280687 0.011848 -0.291364 1.889124 40.050000
3.464877 2.534038 0.925263 -1.725249 0.369975 0.002939 -0.281751 1.710200 40.100000
4.311506 2.145942 0.930940 -1.737875 0.458001 0.002051 -0.272190 1.797135 40.150000
4.845876 2.471826 0.937638 -1.749454 0.544781 0.010629 -0.263184 1.691050 40.200000
5.241976 2.799710 0.945556 -1.759735 0.631609 0.024834 -0.255226 1.770323 40.250000
4.812736 2.480875 0.954728 -1.768501 0.724480 0.040986 -0.248640 1.921040 40.300000
4.888015 2.120345 0.964970 -1.775674 0.818916 0.052773 -0.243232 1.865835 40.350000
5.418840 2.042538 0.976062 -1.781217 0.907900 0.067233 -0.238652 1.717502 40.400000
5.811161 1.833181 0.987941 -1.784939 0.991366 0.088341 -0.235065 1.634756 40.450000
5.362942 2.211407 1.000556 -1.786601 1.070038 0.114151 -0.232650 1.529088 40.500000
5.628569 2.566641 1.013710 -1.786184 1.149364 0.134786 -0.231710 1.629636 40.550000
5.855942 2.168218 1.027162 -1.783731 1.235802 0.154863 -0.232701 1.801926 40.600000
5.031690 2.285179 1.040719 -1.779166 1.323734 0.175617 -0.235053 1.727955 40.650000
4.196194 2.558027 1.054135 -1.772654 1.410604 0.187922 -0.238232 1.744854 40.700000
5.057401 2.245211 1.067149 -1.764632 1.500925 0.190443 -0.242230 1.851342 40.750000
4.374543 1.814836 1.079593 -1.755166 1.591442 0.200302 -0.246496 1.781089 40.800000
3.659250 2.199991 1.091342 -1.744276 1.675254 0.205205 -0.250104 1.599688 40.850000
2.820185 1.718248 1.102315 -1.732341 1.757256 0.203492 -0.253443 1.669756 40.900000
2.119417 2.116223 1.112496 -1.719790 1.836451 0.194695 -0.255938 1.520257 40.950000
2.679507 2.072961 1.121939 -1.707006 1.914910 0.179757 -0.257592 1.604789 41.000000
2.539433 1.603410 1.130633 -1.694068 1.995614 0.169666 -0.258765 1.620534 41.050000
3.369378 1.896115 1.138531 -1.680918 2.071813 0.160176 -0.258792 1.452023 41.100000
2.784975 2.066208 1.145535 -1.667431 2.145535 0.159653 -0.258282 1.491068 41.150000
2.668910 1.715494 1.151598 -1.653620 2.222336 0.152686 -0.257936 1.569008 41.200000
1.755304 1.373408 1.156797 -1.639685 2.297939 0.145389 -0.257071 1.469502 41.250000
0.952782 1.575998 1.161279 -1.625828 2.366544 0.132457 -0.254996 1.298520 41.300000
1.293849 1.245954 1.165316 -1.612325 2.431515 0.114046 -0.251916 1.299275 41.350000
0.385647 1.266043 1.168992 -1.599228 2.492851 0.101045 -0.247935 1.171140 41.400000
1.231286 0.840431 1.172415 -1.586580 2.549962 0.081866 -0.243119 1.119341 41.450000
1.693682 0.947228 1.175585 -1.574356 2.600556 0.073793 -0.237552 0.928790 41.500000
2.070090 0.505823 1.178226 -1.562357 2.645675 0.072449 -0.231732 0.881773 41.550000
2.794203 0.658047 1.180156 -1.550484 2.684239 0.077041 -0.225810 0.684807 41.600000
2.494990 0.516229 1.181131 -1.538626 2.717537 0.090081 -0.220035 0.651473 41.650000
3.488969 0.983281 1.181068 -1.526762 2.748095 0.100906 -0.214554 0.579496 41.700000
3.220630 0.880199 1.179832 -1.514868 2.781374 0.119984 -0.209827 0.734170 41.750000
3.823108 0.984975 1.177308 -1.502943 2.819092 0.134788 -0.206056 0.770638 41.800000
3.859060 1.480789 1.173456 -1.491032 2.859334 0.154095 -0.203140 0.832163 41.850000
4.185057 1.127023 1.168177 -1.479173 2.907298 0.171000 -0.201756 1.058044 41.900000
5.086015 1.444955 1.161448 -1.467454 2.959288 0.189240 -0.201511 1.026389 41.950000
4.878285 1.514479 1.153030 -1.455926 3.013756 0.214443 -0.202457 1.138414 42.000000
4.887008 1.577039 1.142834 -1.444694 3.072926 0.235316 -0.205012 1.218399 42.050000
4.617398 1.930628 1.130986 -1.433905 3.135594 0.254221 -0.208925 1.280574 42.100000
4.980399 1.568889 1.117635 -1.423698 -3.078928 0.267761 -0.214553 1.443483 42.150000
4.321397 1.595092 1.102864 -1.414216 -3.008599 0.283094 -0.220990 1.379813 42.200000
4.212757 1.222453 1.086829 -1.405560 -2.940012 0.291619 -0.227447 1.366295 42.250000
4.664955 1.050507 1.069785 -1.397788 -2.875803 0.299600 -0.233144 1.222798 42.300000
4.193418 1.402292 1.051711 -1.390980 -2.818224 0.313132 -0.237688 1.098059 42.350000
4.030480 1.157514 1.032678 -1.385186 -2.760986 0.321497 -0.242468 1.180948 42.400000
3.922590 1.013804 1.012918 -1.380414 -2.703505 0.327563 -0.247416 1.126249 42.450000
3.155376 0.701824 0.992561 -1.376676 -2.649395 0.333169 -0.251632 1.048906 42.500000
3.505574 0.517490 0.971833 -1.373900 -2.601326 0.333242 -0.254370 0.893913 42.550000
2.815563 0.099480 0.950829 -1.372046 -2.560681 0.339001 -0.255334 0.749918 42.600000
3.548738 -0.281134 0.929609 -1.371067 -2.529795 0.341496 -0.254012 0.512996 42.650000
2.781070 -0.161686 0.908124 -1.370959 -2.511802 0.355203 -0.249708 0.236508 42.700000
2.700447 -0.085589 0.886332 -1.371692 -2.502660 0.364316 -0.243451 0.138894 42.750000
1.953369 -0.216717 0.864375 -1.373124 -2.496311 0.373303 -0.236744 0.117161 42.800000
1.029992 0.003604 0.842407 -1.375116 -2.492333 0.375804 -0.229662 0.048181 42.850000
0.351336 0.184320 0.820727 -1.377416 -2.488466 0.369705 -0.222799 0.100732 42.900000
0.000000 0.627831 0.799635 -1.379792 -2.480606 0.356395 -0.217181 0.202690 42.950000
0.000000 0.365280 0.779334 -1.382105 -2.463926 0.337832 -0.213848 0.438721 43.000000
0.643634 0.617434 0.759907 -1.384316 -2.441658 0.318461 -0.211713 0.449880 43.050000
0.987900 0.507060 0.741217 -1.386524 -2.416215 0.304980 -0.210099 0.555424 43.100000
1.385963 0.730594 0.723085 -1.388881 -2.388260 0.294566 -0.208860 0.561609 43.150000
2.068862 0.681184 0.705377 -1.391503 -2.357610 0.287536 -0.208053 0.653446 43.200000
1.941252 0.571433 0.687927 -1.394565 -2.324245 0.286383 -0.207739 0.678203 43.250000
2.754768 0.977987 0.670658 -1.398154 -2.291234 0.284207 -0.207321 0.645902 43.300000
2.908380 1.095828 0.653484 -1.402389 -2.254824 0.288717 -0.207652 0.793071 43.350000
3.282447 0.892941 0.636322 -1.407434 -2.211864 0.292578 -0.209435 0.910908 43.400000
3.583358 0.674323 0.619169 -1.413381 -2.166981 0.299096 -0.211711 0.887732 43.450000
2.584092 0.898012 0.601984 -1.420353 -2.125281 0.308944 -0.213472 0.792524 43.500000
3.019617 1.368642 0.584893 -1.428202 -2.084407 0.309267 -0.215151 0.837052 43.550000
2.825846 1.593026 0.568026 -1.436801 -2.036746 0.311498 -0.218324 1.043303 43.600000
2.127869 1.985329 0.551449 -1.446171 -1.979468 0.308699 -0.223498 1.223706 43.650000
1.805430 1.591248 0.535345 -1.456081 -1.911824 0.295877 -0.230402 1.449745 43.700000
1.290505 1.586367 0.519873 -1.466266 -1.840872 0.278904 -0.237007 1.395755 43.750000
0.458858 1.737388 0.505088 -1.476515 -1.771827 0.257873 -0.242056 1.369189 43.800000
0.219805 1.641941 0.491033 -1.486503 -1.702148 0.229318 -0.245816 1.410852 43.850000
0.596684 1.477186 0.477701 -1.495973 -1.632238 0.199294 -0.248025 1.387605 43.900000
1.246942 1.669875 0.465025 -1.504967 -1.565012 0.174712 -0.248438 1.311186 43.950000
2.175300 1.223396 0.452947 -1.513743 -1.498394 0.157334 -0.247765 1.347574 44.000000
3.010572 1.700079 0.441465 -1.522673 -1.435437 0.150578 -0.246133 1.191977 44.050000
3.686099 1.764312 0.430628 -1.532169 -1.372613 0.152026 -0.244447 1.305282 44.100000
2.963304 1.744255 0.420544 -1.542522 -1.305268 0.158317 -0.243492 1.378375 44.150000
3.100147 2.000467 0.411260 -1.553647 -1.235678 0.156979 -0.242933 1.401785 44.200000
2.236678 2.290501 0.402789 -1.565343 -1.162581 0.155848 -0.242732 1.506680 44.250000
2.801157 2.425238 0.395095 -1.577373 -1.082972 0.144596 -0.242908 1.654821 44.300000
1.982837 2.418794 0.388176 -1.589594 -0.997168 0.136961 -0.243164 1.760582 44.350000
2.248718 2.392324 0.382000 -1.601892 -0.908073 0.120923 -0.242980 1.796794 44.400000
2.095068 2.477516 0.376498 -1.614117 -0.818168 0.107777 -0.241941 1.798506 44.450000
1.377755 2.659624 0.371682 -1.626260 -0.727392 0.093591 -0.240126 1.827295 44.500000
0.774959 2.316076 0.367389 -1.638157 -0.633890 0.072671 -0.237399 1.900128 44.550000
0.575347 2.767315 0.363356 -1.649621 -0.541749 0.047811 -0.233176 1.800338 44.600000
1.211109 2.481525 0.359413 -1.660594 -0.448231 0.022217 -0.227482 1.920004 44.650000
1.264410 2.262162 0.355633 -1.671164 -0.353979 0.004071 -0.220535 1.859150 44.700000
2.108448 2.014575 0.352169 -1.681434 -0.264028 -0.010698 -0.212735 1.754847 44.750000
2.709313 2.272470 0.349250 -1.691470 -0.180072 -0.014407 -0.204670 1.623509 44.800000
2.266450 1.923808 0.347226 -1.701318 -0.097670 -0.011069 -0.196902 1.666192 44.850000
2.081406 2.326285 0.346123 -1.710928 -0.017541 -0.010534 -0.189526 1.555720 44.900000
2.850923 2.067789 0.345790 -1.720233 0.063230 -0.011117 -0.182412 1.659395 44.950000
2.749824 2.375218 0.346339 -1.729170 0.144669 -0.003929 -0.175725 1.606455 45.000000
3.412115 2.243146 0.347896 -1.737656 0.227647 0.002393 -0.169672 1.698727 45.050000
4.224730 2.535899 0.350534 -1.745580 0.312264 0.014904 -0.164390 1.687991 45.100000
5.071462 2.304300 0.354515 -1.752745 0.399652 0.034432 -0.160323 1.791839 45.150000
5.600727 2.787672 0.360083 -1.758883 0.488037 0.061273 -0.157860 1.750780 45.200000
5.682999 2.426089 0.367375 -1.763704 0.580232 0.091378 -0.157516 1.912094 45.250000
6.000000 2.002235 0.376304 -1.766984 0.673919 0.120704 -0.159216 1.846811 45.300000
6.000000 2.265055 0.386730 -1.768521 0.761210 0.152946 -0.162271 1.673041 45.350000
5.427663 2.247309 0.398493 -1.768150 0.845765 0.184106 -0.166898 1.705285 45.400000
5.346025 2.563638 0.411262 -1.765889 0.931298 0.207898 -0.173151 1.715424 45.450000
4.895105 3.000000 0.424703 -1.761806 1.020577 0.228287 -0.181133 1.837461 45.500000
4.999513 3.000000 0.438497 -1.755991 1.118389 0.240448 -0.191307 2.042313 45.550000
4.715487 3.000000 0.452348 -1.748530 1.222749 0.249910 -0.203009 2.119864 45.600000
5.641275 3.000000 0.466009 -1.739503 1.329617 0.253963 -0.215249 2.150394 45.650000
6.000000 2.503451 0.479294 -1.728822 1.437525 0.264358 -0.227805 2.164540 45.700000
6.000000 2.212462 0.492037 -1.716271 1.540917 0.277309 -0.239919 1.999958 45.750000
5.948791 1.836745 0.504039 -1.701848 1.636272 0.290801 -0.250954 1.841177 45.800000
5.022059 2.049367 0.515122 -1.685652 1.722781 0.305011 -0.260658 1.650205 45.850000
5.261573 1.598001 0.525176 -1.668005 1.805466 0.310319 -0.269812 1.656938 45.900000
5.677727 1.605221 0.534102 -1.649173 1.883700 0.318322 -0.278015 1.497267 45.950000
5.608756 1.342999 0.541767 -1.629101 1.956870 0.330981 -0.285347 1.439130 46.000000
5.015804 1.825298 0.548051 -1.607818 2.025434 0.343606 -0.291964 1.321368 46.050000
5.161644 2.030808 0.552945 -1.585582 2.095344 0.349043 -0.299154 1.456380 46.100000
4.734555 1.970180 0.556424 -1.562654 2.172011 0.352087 -0.307990 1.591004 46.150000
5.525482 2.348261 0.558470 -1.539263 2.252527 0.348469 -0.317442 1.624889 46.200000
5.035948 2.160710 0.558986 -1.515510 2.338180 0.349021 -0.327768 1.778130 46.250000
4.117801 1.950257 0.557903 -1.491531 2.426879 0.342428 -0.338267 1.771206 46.300000
3.995993 1.808591 0.555457 -1.467694 2.513158 0.327531 -0.347124 1.691899 46.350000
3.152431 2.026580 0.551840 -1.444231 2.595330 0.313134 -0.353828 1.607373 46.400000
3.279317 1.986306 0.547261 -1.421315 2.676961 0.291064 -0.359118 1.650187 46.450000
2.840164 1.683387 0.541896 -1.399084 2.759429 0.270119 -0.363131 1.647701 46.500000
2.285480 2.103569 0.535840 -1.377588 2.838472 0.247273 -0.365075 1.530271 46.550000
1.501996 2.024085 0.529329 -1.356900 2.917934 0.219823 -0.365615 1.631164 46.600000
0.777211 2.460211 0.522706 -1.337093 2.999621 0.185080 -0.364688 1.633598 46.650000
1.459655 2.805313 0.516349 -1.318182 3.085679 0.142985 -0.362068 1.782638 46.700000
1.948729 2.542191 0.510309 -1.300111 -3.103374 0.105309 -0.357812 1.952618 46.750000
1.494914 2.977399 0.504345 -1.282814 -3.006843 0.073133 -0.351511 1.912913 46.800000
1.747193 3.000000 0.498448 -1.266229 -2.907328 0.037501 -0.343225 2.043719 46.850000
2.148436 2.514071 0.492671 -1.250294 -2.803723 0.004935 -0.332874 2.090552 46.900000
2.330413 2.094580 0.486842 -1.235013 -2.703850 -0.019456 -0.320799 1.929592 46.950000
2.319104 2.360231 0.480775 -1.220443 -2.613556 -0.035475 -0.307905 1.715306 47.000000
2.524629 2.811484 0.474391 -1.206637 -2.527453 -0.047696 -0.294699 1.726498 47.050000
2.148350 3.000000 0.467663 -1.193639 -2.436335 -0.057939 -0.281093 1.891554 47.100000
2.078089 2.901380 0.460661 -1.181419 -2.338056 -0.072232 -0.266829 2.018263 47.150000
1.204889 2.485852 0.453485 -1.169910 -2.236854 -0.085725 -0.251923 2.027784 47.200000
1.905530 2.093847 0.446269 -1.158963 -2.139688 -0.103425 -0.236680 1.882164 47.250000
1.805395 1.899793 0.439020 -1.148607 -2.051261 -0.109248 -0.221822 1.685871 47.300000
1.343680 1.723785 0.431665 -1.139022 -1.971204 -0.111626 -0.207889 1.538850 47.350000
1.863259 1.710708 0.424276 -1.130137 -1.897817 -0.114926 -0.194822 1.414959 47.400000
2.480346 1.395856 0.416877 -1.122005 -1.828651 -0.110939 -0.182573 1.359950 47.450000
2.377061 1.058903 0.409433 -1.114902 -1.764655 -0.099040 -0.171524 1.220066 47.500000
2.255175 1.066933 0.401982 -1.108963 -1.708980 -0.085786 -0.161978 1.032610 47.550000
1.697449 1.466146 0.394595 -1.104145 -1.659595 -0.072152 -0.153658 0.953523 47.600000
1.251192 1.234698 0.387341 -1.100273 -1.608514 -0.064024 -0.145936 1.074275 47.650000
1.392558 0.962875 0.380266 -1.097085 -1.555766 -0.060151 -0.138618 1.040297 47.700000
1.357260 0.753610 0.373400 -1.094500 -1.507150 -0.053853 -0.131908 0.920074 47.750000
1.418733 0.321188 0.366768 -1.092541 -1.465008 -0.046573 -0.125896 0.782827 47.800000
0.996233 -0.009753 0.360399 -1.091213 -1.432522 -0.037064 -0.120627 0.544746 47.850000
1.595982 -0.196852 0.354302 -1.090436 -1.412356 -0.029650 -0.116030 0.289630 47.900000
1.753462 -0.212394 0.348498 -1.090257 -1.403754 -0.015037 -0.111932 0.076004 47.950000
1.845458 -0.648393 0.343020 -1.090847 -1.403366 0.001762 -0.108112 -0.048436 48.000000
2.169091 -0.372029 0.337867 -1.092250 -1.412746 0.020197 -0.104344 -0.301179 48.050000
1.464190 -0.595467 0.333036 -1.094552 -1.428345 0.041764 -0.100446 -0.320388 48.100000
2.163853 -1.012443 0.328483 -1.097637 -1.447176 0.056319 -0.096364 -0.421776 48.150000
2.443655 -0.578102 0.324174 -1.101489 -1.474432 0.077790 -0.091768 -0.643145 48.200000
3.016834 -0.330905 0.320086 -1.106318 -1.504752 0.101242 -0.086714 -0.576984 48.250000
2.108755 -0.442321 0.316183 -1.112281 -1.529849 0.128328 -0.081722 -0.441698 48.300000
2.295428 -0.773014 0.312426 -1.119245 -1.551252 0.145383 -0.076857 -0.416961 48.350000
1.398229 -0.417453 0.308771 -1.127001 -1.575498 0.163659 -0.071566 -0.539227 48.400000
2.229344 -0.340964 0.305183 -1.135355 -1.600156 0.172762 -0.066182 -0.456379 48.450000
2.675041 0.121956 0.301638 -1.144262 -1.620923 0.188728 -0.061263 -0.382309 48.500000
3.409562 0.356345 0.298113 -1.153988 -1.633643 0.207449 -0.057405 -0.150190 48.550000
3.327782 -0.036051 0.294603 -1.164761 -1.634907 0.231343 -0.055282 0.078162 48.600000
3.317468 0.427873 0.291121 -1.176685 -1.632041 0.253242 -0.053899 0.040237 48.650000
4.050850 -0.071029 0.287680 -1.189690 -1.625186 0.273905 -0.053376 0.216837 48.700000
4.600265 -0.081866 0.284298 -1.203902 -1.617438 0.300507 -0.053141 0.104412 48.750000
4.652022 0.204372 0.280962 -1.219573 -1.614033 0.331478 -0.052099 0.038369 48.800000
4.888392 -0.220663 0.277664 -1.236785 -1.609764 0.361646 -0.051399 0.124355 48.850000
4.247012 -0.145082 0.274415 -1.255545 -1.607162 0.392927 -0.050339 -0.007537 48.900000
3.371115 -0.621872 0.271203 -1.275699 -1.608684 0.417283 -0.048189 -0.049335 48.950000
2.775568 -1.052227 0.268010 -1.296842 -1.617350 0.432970 -0.043909 -0.275098 49.000000
2.358370 -1.211952 0.264774 -1.318596 -1.639419 0.443142 -0.035507 -0.575483 49.050000
3.110961 -1.591979 0.261400 -1.340701 -1.674289 0.449228 -0.023199 -0.794371 49.100000
2.325932 -1.331366 0.257768 -1.363201 -1.721262 0.461630 -0.007138 -1.052958 49.150000
1.918874 -1.122319 0.253775 -1.386031 -1.774521 0.465152 0.010705 -1.075919 49.200000
1.866899 -0.705760 0.249419 -1.408862 -1.826464 0.463540 0.027537 -1.011638 49.250000
2.457384 -1.098861 0.244728 -1.431557 -1.871760 0.460743 0.041522 -0.824950 49.300000
1.478016 -0.911482 0.239683 -1.454221 -1.915006 0.462851 0.054358 -0.897035 49.350000
2.061067 -0.843480 0.234300 -1.476734 -1.958837 0.454997 0.066852 -0.861604 49.400000
2.687259 -0.349560 0.228604 -1.498991 -2.000784 0.452354 0.078147 -0.822099 49.450000
3.168383 -0.357281 0.222492 -1.521243 -2.035938 0.455820 0.086857 -0.610030 49.500000
3.828185 0.060577 0.215878 -1.543726 -2.063670 0.464160 0.092991 -0.511154 49.550000
3.781163 0.556745 0.208659 -1.566670 -2.083134 0.479165 0.096351 -0.291534 49.600000
4.747468 1.052147 0.200816 -1.590213 -2.088775 0.494883 0.095000 0.034064 49.650000
5.005623 0.555792 0.192338 -1.614589 -2.076330 0.521184 0.087213 0.424200 49.700000
5.819795 0.218348 0.183216 -1.640093 -2.055039 0.549617 0.076120 0.427726 49.750000
6.000000 0.621248 0.173418 -1.666928 -2.037395 0.583781 0.066425 0.292908 49.800000
5.642661 0.155117 0.162894 -1.695243 -2.020041 0.617946 0.056720 0.391526 49.850000
6.000000 -0.020667 0.151749 -1.724961 -2.004292 0.647041 0.047714 0.253637 49.900000
5.167103 0.156500 0.140012 -1.756017 -1.995623 0.677646 0.042026 0.108043 49.950000
