-0.692220 -0.239016 -0.902732 -0.306484 1.586173 -0.047001 0.000000 0.050544 0.000000
0.000000 -0.522879 -0.902694 -0.308951 1.585302 -0.051679 -0.000033 -0.073695 0.050000
0.466774 -0.900086 -0.902658 -0.311486 1.576404 -0.049745 -0.000353 -0.263368 0.100000
1.138992 -0.600728 -0.902633 -0.313817 1.556090 -0.043530 -0.001013 -0.521366 0.150000
0.964048 -0.285167 -0.902615 -0.315687 1.529738 -0.031272 -0.001680 -0.531590 0.200000
0.172330 -0.435692 -0.902589 -0.316997 1.506595 -0.021087 -0.002057 -0.407747 0.250000
0.459644 -0.142428 -0.902554 -0.317995 1.486267 -0.018640 -0.002275 -0.405595 0.300000
0.932635 -0.575118 -0.902512 -0.318808 1.469375 -0.013621 -0.002394 -0.283026 0.350000
1.504390 -0.983097 -0.902441 -0.319268 1.452052 -0.004389 -0.002421 -0.397768 0.400000
1.088574 -1.481592 -0.902304 -0.319146 1.425865 0.009841 -0.002277 -0.624280 0.450000
1.518462 -1.005567 -0.902080 -0.318433 1.385934 0.019702 -0.001768 -0.935021 0.500000
1.234447 -1.164635 -0.901739 -0.317152 1.340334 0.033163 -0.000848 -0.894131 0.550000
1.932730 -0.806514 -0.901245 -0.315300 1.294406 0.043412 0.000438 -0.937500 0.600000
2.760458 -0.834359 -0.900541 -0.312817 1.250919 0.059682 0.002018 -0.817056 0.650000
1.958148 -1.245590 -0.899486 -0.309403 1.211354 0.082943 0.003962 -0.771169 0.700000
1.133001 -1.473430 -0.898048 -0.305110 1.168836 0.097727 0.006577 -0.912139 0.750000
1.649037 -1.149367 -0.896334 -0.300347 1.118865 0.104027 0.009955 -1.066746 0.800000
1.351771 -1.296319 -0.894340 -0.295220 1.067087 0.114616 0.013655 -1.011679 0.850000
0.563606 -1.206959 -0.892025 -0.289725 1.015588 0.121780 0.017537 -1.044138 0.900000
0.000000 -1.627875 -0.889507 -0.284114 0.963935 0.121073 0.021415 -1.024607 0.950000
0.000000 -1.649803 -0.886955 -0.278670 0.908348 0.114758 0.025363 -1.178397 1.000000
0.000000 -1.291173 -0.884450 -0.273505 0.847265 0.108180 0.029358 -1.254515 1.050000
0.508938 -1.756932 -0.881998 -0.268615 0.787477 0.101598 0.032834 -1.151155 1.100000
1.024453 -2.100567 -0.879524 -0.263905 0.726151 0.099650 0.036124 -1.283690 1.150000
1.652655 -1.829145 -0.876853 -0.259227 0.656653 0.101853 0.039900 -1.469606 1.200000
1.899370 -1.740613 -0.873774 -0.254453 0.583852 0.109252 0.044029 -1.446024 1.250000
2.189150 -1.918829 -0.870116 -0.249520 0.512760 0.118356 0.048307 -1.403908 1.300000
2.265590 -2.372841 -0.865771 -0.244430 0.441145 0.129339 0.053001 -1.453697 1.350000
1.615087 -2.761605 -0.860670 -0.239230 0.363032 0.139619 0.058710 -1.642746 1.400000
1.931266 -2.768727 -0.854955 -0.234071 0.274641 0.141928 0.065603 -1.859076 1.450000
1.258620 -3.000000 -0.848727 -0.229074 0.179220 0.145563 0.073165 -1.944215 1.500000
0.458569 -3.000000 -0.842107 -0.224327 0.078694 0.141280 0.080966 -2.058096 1.550000
0.000000 -2.832486 -0.835480 -0.219910 -0.025416 0.128288 0.088218 -2.099332 1.600000
0.461851 -2.658487 -0.829172 -0.215816 -0.129091 0.110661 0.094044 -2.054938 1.650000
0.000000 -2.442985 -0.823188 -0.212006 -0.229570 0.097710 0.098304 -1.977023 1.700000
0.000000 -2.463813 -0.817523 -0.208428 -0.325348 0.081115 0.101059 -1.871069 1.750000
0.285321 -2.590931 -0.812264 -0.205008 -0.417945 0.065318 0.102447 -1.837858 1.800000
0.371593 -2.114905 -0.807328 -0.201732 -0.510773 0.052626 0.102858 -1.869896 1.850000
0.000000 -1.637104 -0.802619 -0.198610 -0.599643 0.041772 0.102341 -1.709921 1.900000
0.436890 -1.628869 -0.798163 -0.195586 -0.678294 0.029397 0.100848 -1.471698 1.950000
0.589388 -1.419147 -0.793912 -0.192665 -0.748993 0.022815 0.098728 -1.370721 2.000000
1.093934 -1.584858 -0.789739 -0.189935 -0.814058 0.018857 0.096332 -1.248929 2.050000
1.075102 -1.520880 -0.785534 -0.187511 -0.876803 0.020248 0.093929 -1.259432 2.100000
0.691288 -1.075952 -0.781234 -0.185482 -0.939214 0.021651 0.091666 -1.239750 2.150000
0.620449 -1.068330 -0.776914 -0.183776 -0.996134 0.020298 0.089396 -1.061084 2.200000
0.936750 -0.693461 -0.772636 -0.182314 -1.046840 0.019256 0.087069 -0.977963 2.250000
0.873480 -0.891279 -0.768375 -0.181154 -1.090528 0.022169 0.084750 -0.792769 2.300000
0.081267 -0.589176 -0.764106 -0.180352 -1.129907 0.025005 0.082532 -0.783554 2.350000
0.061193 -0.791446 -0.759923 -0.179725 -1.165588 0.020899 0.080310 -0.658515 2.400000
0.235656 -0.770958 -0.755900 -0.179103 -1.199067 0.017103 0.078035 -0.678266 2.450000
0.216164 -0.817066 -0.752015 -0.178522 -1.233017 0.015124 0.075774 -0.679525 2.500000
0.098519 -0.446722 -0.748250 -0.178014 -1.267524 0.013085 0.073547 -0.698475 2.550000
0.000000 -0.697014 -0.744611 -0.177549 -1.298545 0.010474 0.071309 -0.558562 2.600000
0.572868 -0.656372 -0.741104 -0.177084 -1.327347 0.007349 0.069071 -0.589899 2.650000
0.000000 -0.844885 -0.737697 -0.176728 -1.356820 0.009689 0.066905 -0.589110 2.700000
0.723180 -0.543773 -0.734389 -0.176476 -1.388387 0.006516 0.064816 -0.664752 2.750000
1.616788 -0.414952 -0.731174 -0.176361 -1.419283 0.010329 0.062801 -0.580830 2.800000
1.297373 -0.484744 -0.727998 -0.176755 -1.445707 0.022759 0.060979 -0.486840 2.850000
0.303306 -0.841812 -0.724855 -0.177778 -1.469522 0.032030 0.059376 -0.467958 2.900000
0.000000 -0.879689 -0.721793 -0.179103 -1.496706 0.031497 0.057978 -0.604011 2.950000
0.000000 -0.882594 -0.718845 -0.180416 -1.529226 0.027799 0.056699 -0.687046 3.000000
0.608655 -0.724128 -0.716011 -0.181645 -1.564744 0.024069 0.055432 -0.728678 3.050000
0.522398 -0.936037 -0.713286 -0.182933 -1.599970 0.026217 0.054183 -0.685505 3.100000
0.684736 -0.875005 -0.710673 -0.184401 -1.636030 0.027480 0.053037 -0.749271 3.150000
1.288490 -0.885672 -0.708178 -0.186057 -1.673677 0.030144 0.052013 -0.755840 3.200000
0.804779 -0.768523 -0.705828 -0.188070 -1.711680 0.038343 0.051179 -0.763464 3.250000
0.564767 -1.219269 -0.703637 -0.190453 -1.748654 0.041849 0.050500 -0.720661 3.300000
1.094091 -1.660046 -0.701590 -0.193022 -1.789135 0.042783 0.050012 -0.879136 3.350000
1.925932 -1.172951 -0.699714 -0.195827 -1.840038 0.047911 0.049971 -1.125050 3.400000
2.209706 -1.578087 -0.698110 -0.199148 -1.894110 0.060352 0.050363 -1.048141 3.450000
1.393837 -1.386443 -0.696891 -0.203196 -1.949977 0.074788 0.051358 -1.170311 3.500000
1.387009 -1.884255 -0.696048 -0.207801 -2.007951 0.080854 0.052834 -1.151326 3.550000
0.983974 -1.858117 -0.695535 -0.212743 -2.070681 0.086147 0.054786 -1.332760 3.600000
1.107802 -2.207050 -0.695329 -0.217891 -2.139247 0.086868 0.057159 -1.400271 3.650000
1.546490 -1.805854 -0.695414 -0.223153 -2.213789 0.088003 0.059873 -1.558234 3.700000
1.312384 -2.108874 -0.695881 -0.228593 -2.289293 0.092814 0.062707 -1.474438 3.750000
1.546797 -1.791377 -0.696771 -0.234210 -2.365264 0.094929 0.065668 -1.552831 3.800000
1.202640 -2.139755 -0.698096 -0.239954 -2.440457 0.098910 0.068633 -1.467592 3.850000
1.020508 -1.954522 -0.699840 -0.245767 -2.516549 0.099149 0.071679 -1.562127 3.900000
0.405019 -1.971953 -0.701906 -0.251532 -2.593794 0.097262 0.074653 -1.532180 3.950000
1.023254 -2.183523 -0.704128 -0.257127 -2.670239 0.089519 0.077205 -1.526416 4.000000
1.778647 -2.240886 -0.706502 -0.262538 -2.748731 0.087346 0.079533 -1.601935 4.050000
2.568050 -2.117870 -0.709313 -0.267871 -2.830305 0.091685 0.082041 -1.653285 4.100000
2.607567 -2.434465 -0.712890 -0.273186 -2.912272 0.102854 0.084941 -1.629303 4.150000
3.493147 -2.677561 -0.717398 -0.278448 -2.996815 0.113301 0.088580 -1.736143 4.200000
4.216273 -2.216851 -0.723014 -0.283571 -3.087383 0.130354 0.093455 -1.866292 4.250000
4.089385 -2.204110 -0.730057 -0.288440 3.105813 0.152893 0.099361 -1.751984 4.300000
4.759916 -2.459974 -0.738592 -0.292902 3.019565 0.173143 0.106008 -1.705708 4.350000
4.247376 -2.501226 -0.748652 -0.296780 2.932060 0.197804 0.113991 -1.783158 4.400000
4.812526 -2.443887 -0.760146 -0.299908 2.841546 0.215232 0.123449 -1.830608 4.450000
5.586302 -2.854307 -0.772940 -0.302124 2.750018 0.235837 0.133969 -1.831311 4.500000
4.724782 -2.926688 -0.787158 -0.303167 2.654095 0.260574 0.146409 -1.982270 4.550000
5.038813 -2.512016 -0.802563 -0.302902 2.552523 0.273426 0.160765 -2.067485 4.600000
4.689475 -2.442775 -0.818819 -0.301271 2.452414 0.287042 0.175264 -1.956454 4.650000
3.845189 -2.338846 -0.835736 -0.298207 2.356394 0.295959 0.189218 -1.895329 4.700000
4.277453 -2.211727 -0.852937 -0.293863 2.263288 0.295694 0.202365 -1.838709 4.750000
5.150557 -2.621296 -0.870212 -0.288289 2.173231 0.298724 0.214499 -1.774542 4.800000
4.613610 -2.995938 -0.887591 -0.281235 2.080866 0.307547 0.227117 -1.900904 4.850000
5.329662 -2.679362 -0.904908 -0.272660 1.980503 0.306824 0.241314 -2.084029 4.900000
4.363191 -3.000000 -0.921946 -0.262566 1.877545 0.309974 0.255644 -2.042237 4.950000
3.656821 -2.589230 -0.938508 -0.251072 1.772526 0.301308 0.269730 -2.142033 5.000000
3.577789 -2.341346 -0.954343 -0.238638 1.668577 0.284940 0.282133 -2.033975 5.050000
3.461786 -2.023089 -0.969353 -0.225501 1.570589 0.269253 0.291730 -1.906164 5.100000
3.872493 -2.294051 -0.983502 -0.211742 1.480000 0.254973 0.298557 -1.742891 5.150000
3.973995 -2.277033 -0.996749 -0.197323 1.391864 0.245317 0.303952 -1.776922 5.200000
4.627415 -1.912534 -1.009020 -0.182196 1.302845 0.236011 0.308710 -1.782633 5.250000
3.673226 -1.669451 -1.020207 -0.166263 1.217477 0.234170 0.312319 -1.652342 5.300000
4.376816 -1.920542 -1.030281 -0.149644 1.138914 0.226094 0.314383 -1.511046 5.350000
4.361779 -2.283477 -1.039210 -0.132443 1.062352 0.225535 0.315830 -1.546227 5.400000
3.392814 -1.995565 -1.046875 -0.114616 0.980801 0.222533 0.317939 -1.693341 5.450000
2.673415 -2.021569 -1.053366 -0.096485 0.897525 0.209685 0.319752 -1.644517 5.500000
3.481855 -1.897929 -1.058904 -0.078431 0.815656 0.191123 0.320368 -1.631195 5.550000
3.509717 -1.790382 -1.063463 -0.060482 0.735628 0.181581 0.319898 -1.577457 5.600000
3.769649 -1.560241 -1.066898 -0.042541 0.658561 0.174042 0.318583 -1.514197 5.650000
4.579358 -1.419343 -1.069140 -0.024614 0.586071 0.171354 0.316466 -1.401620 5.700000
4.173610 -1.655328 -1.069959 -0.006615 0.518834 0.178764 0.313893 -1.302311 5.750000
3.228612 -1.627246 -1.069265 0.011427 0.452357 0.182659 0.311601 -1.350160 5.800000
3.344260 -1.742753 -1.067357 0.029269 0.384582 0.177276 0.309514 -1.359168 5.850000
3.823365 -1.300892 -1.064427 0.046757 0.315310 0.172739 0.307452 -1.404839 5.900000
3.939674 -1.101636 -1.060362 0.063872 0.249276 0.174385 0.304973 -1.257354 5.950000
4.167358 -1.565262 -1.055022 0.080603 0.190357 0.180217 0.301861 -1.118556 6.000000
4.817840 -1.576769 -1.048338 0.096906 0.131096 0.188028 0.299219 -1.236191 6.050000
5.656558 -1.848215 -1.040162 0.112709 0.067668 0.200069 0.297661 -1.293531 6.100000
5.725878 -1.533048 -1.030223 0.127921 -0.000692 0.217520 0.297573 -1.423305 6.150000
5.876987 -1.550924 -1.018403 0.142401 -0.070123 0.234471 0.298469 -1.363485 6.200000
6.000000 -1.247854 -1.004736 0.156004 -0.137865 0.252739 0.299919 -1.349303 6.250000
5.893226 -1.649912 -0.989247 0.168589 -0.202002 0.272760 0.301550 -1.233577 6.300000
5.294012 -1.744523 -0.972030 0.180037 -0.266712 0.290587 0.304139 -1.340890 6.350000
5.980872 -1.459636 -0.953386 0.190267 -0.336155 0.299894 0.308250 -1.425427 6.400000
6.000000 -0.971048 -0.933439 0.199158 -0.405470 0.314864 0.312767 -1.357969 6.450000
6.000000 -1.289306 -0.912141 0.206559 -0.467401 0.332188 0.316196 -1.149367 6.500000
6.000000 -0.817149 -0.889575 0.212395 -0.525854 0.350037 0.319474 -1.185149 6.550000
5.274372 -0.423923 -0.865865 0.216600 -0.580539 0.368568 0.322397 -1.024870 6.600000
4.305875 -0.538233 -0.841231 0.219222 -0.625512 0.383721 0.323262 -0.803002 6.650000
4.905676 -0.815958 -0.816027 0.220469 -0.664060 0.392071 0.322721 -0.746267 6.700000
4.335554 -1.127154 -0.790381 0.220382 -0.703763 0.405161 0.322840 -0.832145 6.750000
3.423075 -0.997510 -0.764394 0.218950 -0.750015 0.409500 0.325108 -0.997408 6.800000
3.336619 -1.215306 -0.738447 0.216403 -0.800620 0.403098 0.328503 -1.023289 6.850000
3.061442 -1.443104 -0.712785 0.212906 -0.854482 0.394443 0.332437 -1.118372 6.900000
3.353633 -1.188634 -0.687545 0.208536 -0.914041 0.380678 0.337374 -1.246062 6.950000
3.240935 -1.230105 -0.662798 0.203306 -0.975126 0.369092 0.341992 -1.202892 7.000000
3.010861 -1.534742 -0.638553 0.197198 -1.035144 0.357075 0.345659 -1.197987 7.050000
3.574580 -1.458740 -0.614895 0.190299 -1.098221 0.341663 0.349379 -1.308896 7.100000
4.257056 -1.732410 -0.591851 0.182571 -1.164140 0.330433 0.353041 -1.325069 7.150000
4.303177 -1.318689 -0.569366 0.173780 -1.233492 0.323998 0.356972 -1.433287 7.200000
4.345995 -1.631134 -0.547464 0.163809 -1.302002 0.318319 0.360245 -1.322766 7.250000
5.212014 -1.770489 -0.526204 0.152661 -1.370150 0.313156 0.363076 -1.392935 7.300000
5.991678 -2.153637 -0.505642 0.140181 -1.442125 0.314059 0.366564 -1.474497 7.350000
6.000000 -2.448608 -0.485854 0.126073 -1.520911 0.318352 0.371613 -1.650971 7.400000
6.000000 -2.414312 -0.467005 0.110287 -1.608606 0.317391 0.378592 -1.829234 7.450000
5.629499 -2.660790 -0.449279 0.092974 -1.701697 0.312803 0.386340 -1.885520 7.500000
6.000000 -2.622987 -0.432820 0.074370 -1.799127 0.301678 0.394243 -1.993619 7.550000
6.000000 -3.000000 -0.417766 0.054633 -1.899542 0.291812 0.401753 -2.018514 7.600000
5.672851 -3.000000 -0.404255 0.033844 -2.004560 0.278795 0.409129 -2.158037 7.650000
5.280344 -2.581112 -0.392355 0.012273 -2.113832 0.259874 0.415842 -2.203848 7.700000
4.302950 -2.485348 -0.382052 -0.009777 -2.220116 0.238922 0.420202 -2.069037 7.750000
4.423929 -2.535626 -0.373202 -0.031961 -2.321032 0.212338 0.421747 -1.980368 7.800000
4.355240 -2.147637 -0.365700 -0.054067 -2.419461 0.189268 0.421106 -1.958574 7.850000
3.891601 -2.435330 -0.359566 -0.076047 -2.512987 0.169466 0.418343 -1.805501 7.900000
4.846302 -2.269514 -0.354720 -0.097787 -2.604435 0.147730 0.414083 -1.844427 7.950000
4.474183 -2.569314 -0.351264 -0.119273 -2.695232 0.136654 0.408835 -1.794420 8.000000
5.339338 -2.337785 -0.349313 -0.140490 -2.787431 0.122445 0.403102 -1.878841 8.050000
4.446040 -2.033350 -0.348958 -0.161361 -2.879811 0.117466 0.396946 -1.824543 8.100000
4.205834 -1.663467 -0.350187 -0.181785 -2.967205 0.107840 0.390120 -1.691280 8.150000
4.465834 -1.226650 -0.352764 -0.201621 -3.046308 0.101541 0.382421 -1.500912 8.200000
3.760379 -0.758979 -0.356732 -0.220805 -3.114442 0.104370 0.374092 -1.259082 8.250000
3.705565 -1.056600 -0.362033 -0.239279 3.113810 0.107930 0.365219 -0.976038 8.300000
3.550740 -0.938938 -0.368523 -0.257000 3.065340 0.114654 0.356381 -0.964528 8.350000
4.431832 -1.395261 -0.376133 -0.273930 3.018536 0.121045 0.347941 -0.914280 8.400000
4.417600 -1.738101 -0.384989 -0.290003 2.968410 0.134336 0.340458 -1.071074 8.450000
5.085325 -1.644207 -0.395187 -0.305128 2.909079 0.143238 0.334551 -1.274814 8.500000
5.582550 -2.025943 -0.406750 -0.319192 2.843801 0.155757 0.329925 -1.329287 8.550000
4.978650 -1.535559 -0.419821 -0.332030 2.772525 0.170093 0.326803 -1.498039 8.600000
5.393464 -2.015437 -0.434232 -0.343554 2.700804 0.178339 0.324377 -1.387337 8.650000
5.935840 -1.936403 -0.449835 -0.353689 2.627579 0.189658 0.322771 -1.522509 8.700000
6.000000 -1.697011 -0.466672 -0.362243 2.550647 0.204061 0.322399 -1.551306 8.750000
5.929897 -1.956928 -0.484704 -0.369053 2.475209 0.219164 0.322607 -1.477975 8.800000
5.563495 -1.606776 -0.503771 -0.374041 2.399325 0.232767 0.323674 -1.547891 8.850000
5.419341 -1.246005 -0.523621 -0.377212 2.324765 0.242892 0.325092 -1.449643 8.900000
5.730669 -1.024352 -0.544038 -0.378597 2.257239 0.254273 0.325775 -1.276732 8.950000
4.955962 -1.008133 -0.564951 -0.378121 2.197823 0.271648 0.325608 -1.122066 9.000000
5.529289 -1.251038 -0.586205 -0.375847 2.143751 0.283528 0.325023 -1.050941 9.050000
4.655978 -1.601628 -0.607666 -0.371805 2.089375 0.300149 0.325092 -1.116418 9.100000
3.781184 -1.869499 -0.629162 -0.366083 2.028854 0.305228 0.326911 -1.282086 9.150000
2.817157 -1.404511 -0.650346 -0.359088 1.959836 0.297986 0.330439 -1.453789 9.200000
2.064947 -1.381603 -0.670937 -0.351264 1.890120 0.281463 0.333373 -1.349090 9.250000
1.190244 -1.279445 -0.690783 -0.343000 1.824262 0.260153 0.334522 -1.291996 9.300000
0.815446 -1.732640 -0.709806 -0.334667 1.761593 0.232969 0.333932 -1.222701 9.350000
0.633137 -1.658352 -0.727985 -0.326552 1.696582 0.202391 0.332440 -1.356929 9.400000
0.445347 -2.030417 -0.745339 -0.318806 1.628096 0.169918 0.329998 -1.377520 9.450000
0.780358 -2.297749 -0.761922 -0.311527 1.555192 0.135261 0.326485 -1.516189 9.500000
0.254047 -1.955430 -0.777792 -0.304702 1.475125 0.102293 0.321947 -1.662297 9.550000
0.507150 -2.412315 -0.793031 -0.298385 1.394144 0.065878 0.315640 -1.586283 9.600000
0.922384 -2.574999 -0.807724 -0.292602 1.311069 0.033090 0.307637 -1.714997 9.650000
0.864068 -2.775872 -0.821911 -0.287188 1.222332 0.004050 0.298162 -1.816810 9.700000
0.125039 -2.561868 -0.835635 -0.282048 1.128424 -0.025266 0.287137 -1.921118 9.750000
0.085703 -2.708535 -0.849038 -0.277316 1.033597 -0.059194 0.274351 -1.877397 9.800000
0.000000 -2.358427 -0.862260 -0.273072 0.938813 -0.090441 0.259816 -1.907743 9.850000
0.000000 -2.253847 -0.875366 -0.269245 0.846834 -0.118395 0.244003 -1.789361 9.900000
0.371366 -1.984918 -0.888383 -0.265746 0.759835 -0.141685 0.227530 -1.703404 9.950000
1.352997 -1.801412 -0.901239 -0.262424 0.678494 -0.157014 0.211041 -1.570344 10.000000
1.389922 -2.019625 -0.913657 -0.259016 0.603444 -0.159132 0.195334 -1.449840 10.050000
1.914562 -1.833893 -0.925411 -0.255370 0.530005 -0.158858 0.180314 -1.483285 10.100000
1.328898 -1.946362 -0.936363 -0.251437 0.457377 -0.152076 0.166089 -1.430206 10.150000
1.561781 -1.649782 -0.946507 -0.247257 0.385245 -0.149532 0.152653 -1.452307 10.200000
1.665477 -1.779541 -0.955898 -0.242901 0.315492 -0.143185 0.140156 -1.352664 10.250000
1.602292 -1.514662 -0.964440 -0.238384 0.247614 -0.134644 0.128652 -1.361666 10.300000
0.980388 -1.580807 -0.972116 -0.233749 0.182224 -0.125594 0.118195 -1.267662 10.350000
1.164948 -1.116049 -0.979077 -0.229075 0.119237 -0.121415 0.108622 -1.254006 10.400000
1.895944 -1.502034 -0.985417 -0.224415 0.061710 -0.114138 0.100088 -1.071983 10.450000
2.879737 -1.921842 -0.990918 -0.219793 0.006158 -0.099460 0.092460 -1.141264 10.500000
3.777185 -1.878667 -0.995202 -0.215250 -0.056363 -0.076481 0.085415 -1.333439 10.550000
4.039292 -1.598363 -0.997882 -0.210883 -0.124952 -0.046155 0.079529 -1.400976 10.600000
4.423396 -1.803404 -0.998754 -0.206838 -0.192852 -0.013993 0.075371 -1.326200 10.650000
3.797963 -1.668187 -0.997753 -0.203281 -0.260507 0.020863 0.072992 -1.373687 10.700000
4.516672 -2.163032 -0.995036 -0.200327 -0.328350 0.048730 0.072201 -1.344579 10.750000
4.466110 -1.813527 -0.990692 -0.198114 -0.400561 0.081795 0.073142 -1.518915 10.800000
4.471082 -2.267839 -0.984711 -0.196821 -0.474881 0.112751 0.075815 -1.462632 10.850000
4.479027 -2.184301 -0.977250 -0.196566 -0.552223 0.141898 0.080290 -1.609643 10.900000
4.577208 -2.545103 -0.968476 -0.197466 -0.633565 0.168989 0.086591 -1.639998 10.950000
5.199543 -2.182031 -0.958551 -0.199638 -0.719756 0.194555 0.094848 -1.785682 11.000000
4.723686 -1.983248 -0.947554 -0.203285 -0.806939 0.223732 0.104625 -1.713826 11.050000
5.000184 -2.219950 -0.935664 -0.208496 -0.889820 0.246805 0.114963 -1.617127 11.100000
4.609622 -2.514586 -0.923111 -0.215285 -0.972157 0.270424 0.126245 -1.669436 11.150000
3.894096 -2.186460 -0.910123 -0.223650 -1.059405 0.287250 0.139310 -1.800993 11.200000
3.733701 -2.341237 -0.897047 -0.233365 -1.147581 0.295015 0.152855 -1.737030 11.250000
4.410721 -2.176609 -0.884133 -0.244225 -1.235419 0.299451 0.166252 -1.771890 11.300000
3.556393 -1.853440 -0.871488 -0.256306 -1.322763 0.308535 0.179495 -1.729549 11.350000
3.976949 -1.491854 -0.859244 -0.269517 -1.405453 0.309000 0.191538 -1.598795 11.400000
4.964137 -1.524025 -0.847515 -0.283719 -1.480130 0.314253 0.201544 -1.415986 11.450000
5.525399 -1.544754 -0.836338 -0.299204 -1.549195 0.329074 0.210463 -1.356296 11.500000
5.271972 -1.150538 -0.825804 -0.316269 -1.616625 0.348155 0.219518 -1.343983 11.550000
6.000000 -1.220529 -0.816038 -0.334903 -1.679550 0.364692 0.227946 -1.194977 11.600000
6.000000 -1.374224 -0.807156 -0.355139 -1.738346 0.387926 0.235882 -1.162786 11.650000
5.980157 -1.366875 -0.799291 -0.377044 -1.797897 0.409319 0.244702 -1.213887 11.700000
5.729534 -1.613990 -0.792569 -0.400479 -1.859294 0.428291 0.254616 -1.240009 11.750000
4.937021 -1.932032 -0.787090 -0.425238 -1.924428 0.441970 0.266067 -1.351295 11.800000
4.468227 -2.203783 -0.782886 -0.450920 -1.996863 0.443937 0.279786 -1.522406 11.850000
4.702254 -1.757577 -0.779941 -0.477064 -2.077953 0.436659 0.295596 -1.695739 11.900000
5.686092 -2.245389 -0.778294 -0.503451 -2.160093 0.429725 0.310729 -1.604631 11.950000
5.290922 -1.889033 -0.778136 -0.530194 -2.244510 0.429543 0.325852 -1.750675 12.000000
4.675175 -1.619484 -0.779580 -0.557220 -2.330039 0.423499 0.340554 -1.681940 12.050000
4.439915 -1.309230 -0.782488 -0.584220 -2.410571 0.412774 0.352725 -1.558329 12.100000
3.668495 -1.528063 -0.786721 -0.610987 -2.483778 0.402683 0.361732 -1.394025 12.150000
4.653904 -1.225956 -0.792090 -0.637337 -2.553849 0.386584 0.368871 -1.406483 12.200000
4.891031 -1.655509 -0.798630 -0.663233 -2.621057 0.381119 0.374422 -1.297356 12.250000
3.951807 -1.436506 -0.806572 -0.688767 -2.689228 0.377083 0.379837 -1.413052 12.300000
3.457517 -1.115206 -0.815732 -0.713751 -2.758899 0.363226 0.384997 -1.378179 12.350000
4.388080 -1.375472 -0.825781 -0.737998 -2.823869 0.347405 0.388036 -1.239213 12.400000
3.888837 -0.953993 -0.836813 -0.761521 -2.886884 0.341659 0.390008 -1.276009 12.450000
3.207320 -1.215125 -0.848899 -0.784307 -2.946539 0.333167 0.390761 -1.129624 12.500000
3.540479 -0.992475 -0.861761 -0.806276 -3.003966 0.319837 0.390522 -1.162093 12.550000
2.878882 -0.527362 -0.875296 -0.827383 -3.059975 0.310925 0.389509 -1.087548 12.600000
2.324303 -0.540246 -0.889429 -0.847625 -3.108233 0.300444 0.386449 -0.869831 12.650000
3.284369 -0.494086 -0.903916 -0.867015 3.134266 0.289415 0.381549 -0.768975 12.700000
3.810173 -0.462945 -0.918881 -0.885569 3.097752 0.290163 0.375816 -0.699636 12.750000
2.886329 -0.675198 -0.934672 -0.903280 3.064068 0.297480 0.369804 -0.653329 12.800000
3.262876 -0.849303 -0.951173 -0.920146 3.029664 0.295835 0.364235 -0.715135 12.850000
3.865732 -0.623706 -0.968209 -0.936153 2.991154 0.295977 0.359716 -0.813122 12.900000
4.609068 -0.979890 -0.985954 -0.951246 2.951702 0.301481 0.355623 -0.770330 12.950000
4.035293 -1.113197 -1.004675 -0.965339 2.909766 0.312673 0.352476 -0.892536 13.000000
3.643270 -1.595087 -1.024317 -0.978380 2.862026 0.315469 0.350943 -1.003016 13.050000
3.572918 -1.163094 -1.044551 -0.990374 2.805197 0.310229 0.351458 -1.238230 13.100000
4.314752 -0.872673 -1.065163 -1.001311 2.745075 0.302924 0.352390 -1.174902 13.150000
5.071607 -1.323836 -1.086259 -1.011105 2.690295 0.305318 0.352018 -1.035053 13.200000
5.867499 -1.764611 -1.108122 -1.019581 2.635353 0.314581 0.351957 -1.148174 13.250000
6.000000 -1.675762 -1.130940 -1.026521 2.571687 0.326618 0.354328 -1.368637 13.300000
5.768586 -2.050698 -1.154701 -1.031753 2.501463 0.335963 0.358623 -1.432044 13.350000
6.000000 -1.829463 -1.179193 -1.035232 2.425053 0.339275 0.364584 -1.600000 13.400000
6.000000 -1.861430 -1.204209 -1.036913 2.345398 0.342339 0.371265 -1.588553 13.450000
5.782787 -2.091112 -1.229615 -1.036723 2.265710 0.344549 0.377868 -1.598097 13.500000
5.134629 -1.784988 -1.255199 -1.034681 2.183233 0.342479 0.384933 -1.687572 13.550000
5.181967 -1.903709 -1.280664 -1.030954 2.101056 0.333879 0.391332 -1.611019 13.600000
5.553318 -1.730807 -1.305811 -1.025665 2.020145 0.326079 0.396736 -1.623298 13.650000
4.923399 -2.113031 -1.330562 -1.018744 1.940678 0.322273 0.401269 -1.564296 13.700000
4.745573 -2.106032 -1.354775 -1.010279 1.859127 0.311146 0.405708 -1.679615 13.750000
5.617488 -2.111359 -1.378254 -1.000513 1.773977 0.296340 0.410002 -1.719356 13.800000
5.268887 -2.208438 -1.400914 -0.989347 1.687564 0.289052 0.413734 -1.734446 13.850000
5.807474 -1.794010 -1.422661 -0.976733 1.599703 0.277586 0.417049 -1.773214 13.900000
4.991009 -1.510334 -1.443373 -0.962695 1.514996 0.273042 0.419099 -1.636041 13.950000
4.828260 -1.060502 -1.462967 -0.947332 1.437787 0.265216 0.419264 -1.475669 14.000000
4.159002 -1.405150 -1.481401 -0.930880 1.370739 0.262034 0.417205 -1.239479 14.050000
4.703089 -1.631710 -1.498666 -0.913526 1.307960 0.255385 0.414231 -1.267187 14.100000
4.924830 -1.206598 -1.514715 -0.895363 1.241868 0.252430 0.411759 -1.362657 14.150000
5.208678 -1.083344 -1.529445 -0.876307 1.177175 0.252661 0.409032 -1.241883 14.200000
4.705580 -0.950981 -1.542756 -0.856293 1.117889 0.258768 0.405569 -1.143335 14.250000
4.002900 -1.280868 -1.554626 -0.835414 1.063376 0.262867 0.401560 -1.049734 14.300000
4.476564 -1.465596 -1.565152 -0.813976 1.008480 0.260357 0.397817 -1.134453 14.350000
3.641995 -1.489483 -1.574337 -0.792119 0.948712 0.259974 0.395059 -1.241462 14.400000
2.774937 -1.791815 -1.582220 -0.770020 0.885106 0.250008 0.392866 -1.294558 14.450000
2.170365 -1.612397 -1.589048 -0.748076 0.816589 0.229952 0.390912 -1.425808 14.500000
3.002179 -1.500013 -1.595071 -0.726604 0.745811 0.204082 0.388244 -1.406211 14.550000
3.035396 -1.648508 -1.600260 -0.705574 0.677087 0.188332 0.384335 -1.349595 14.600000
3.508942 -1.926681 -1.604468 -0.684854 0.608803 0.174118 0.379783 -1.376703 14.650000
3.045715 -1.763779 -1.607612 -0.664418 0.536764 0.163352 0.375247 -1.487829 14.700000
3.263137 -2.150314 -1.609718 -0.644326 0.462892 0.148228 0.370398 -1.468677 14.750000
2.626974 -2.522503 -1.610853 -0.624652 0.385676 0.134535 0.365314 -1.599376 14.800000
3.073303 -2.596057 -1.611155 -0.605493 0.300408 0.112034 0.360121 -1.781516 14.850000
2.459439 -2.188105 -1.610724 -0.586919 0.208676 0.092049 0.354286 -1.871907 14.900000
2.053210 -1.921441 -1.609632 -0.568959 0.118471 0.068646 0.347137 -1.753474 14.950000
1.660720 -1.686144 -1.608093 -0.551642 0.035048 0.046463 0.338501 -1.604810 15.000000
0.854452 -2.067944 -1.606250 -0.534962 -0.040876 0.025892 0.328712 -1.453306 15.050000
1.310164 -1.985665 -1.604347 -0.518885 -0.115702 0.000126 0.318013 -1.527287 15.100000
1.633701 -1.983507 -1.602455 -0.503374 -0.191933 -0.019909 0.306463 -1.521634 15.150000
1.959790 -1.904366 -1.600375 -0.488431 -0.267839 -0.034836 0.294380 -1.514857 15.200000
2.100978 -2.029193 -1.597946 -0.474086 -0.342607 -0.044476 0.282092 -1.480518 15.250000
2.979399 -2.314664 -1.595059 -0.460384 -0.417528 -0.051256 0.269800 -1.511522 15.300000
3.797462 -2.560634 -1.591516 -0.447438 -0.496487 -0.049817 0.257662 -1.629297 15.350000
3.355411 -2.098731 -1.587025 -0.435464 -0.581911 -0.041758 0.246014 -1.766808 15.400000
3.483790 -2.529079 -1.581596 -0.424559 -0.666987 -0.036696 0.235157 -1.654005 15.450000
3.947851 -2.310436 -1.575366 -0.414756 -0.752964 -0.029706 0.225047 -1.767754 15.500000
4.902768 -2.381082 -1.568331 -0.406202 -0.840373 -0.017963 0.215827 -1.734341 15.550000
4.639487 -2.634205 -1.560387 -0.399210 -0.927516 0.003308 0.207969 -1.749811 15.600000
5.456491 -3.000000 -1.551592 -0.393960 -1.017888 0.021278 0.201642 -1.849861 15.650000
4.621574 -3.000000 -1.542083 -0.390605 -1.115329 0.044936 0.197059 -2.020667 15.700000
4.502153 -2.963292 -1.532083 -0.389154 -1.218235 0.058991 0.194127 -2.085205 15.750000
4.320705 -2.493115 -1.521904 -0.389411 -1.322833 0.071292 0.192335 -2.097123 15.800000
4.512325 -2.035352 -1.511758 -0.391302 -1.423023 0.082790 0.191230 -1.937372 15.850000
4.140217 -1.773613 -1.501817 -0.394827 -1.513468 0.098276 0.190491 -1.716109 15.900000
3.169082 -1.490063 -1.492228 -0.399927 -1.594097 0.112316 0.189998 -1.536770 15.950000
3.794257 -1.241055 -1.483109 -0.406261 -1.665878 0.119125 0.189395 -1.360336 16.000000
4.509990 -1.429648 -1.474543 -0.413723 -1.729136 0.133732 0.188592 -1.193694 16.050000
3.939025 -1.002573 -1.466651 -0.422586 -1.788867 0.155377 0.188290 -1.195985 16.100000
4.734327 -1.396485 -1.459519 -0.432812 -1.844114 0.172042 0.188272 -1.035852 16.150000
3.934503 -1.079889 -1.453242 -0.444386 -1.898247 0.195713 0.188932 -1.119270 16.200000
4.532926 -1.433227 -1.447887 -0.457211 -1.951879 0.211098 0.190229 -1.037423 16.250000
4.784173 -1.457685 -1.443509 -0.471155 -2.006634 0.231030 0.192355 -1.139945 16.300000
3.830923 -1.539780 -1.440253 -0.486286 -2.065262 0.251296 0.195853 -1.198155 16.350000
3.151475 -1.497038 -1.438107 -0.502330 -2.126849 0.260807 0.200386 -1.257661 16.400000
3.407211 -1.516819 -1.436926 -0.518848 -2.190043 0.262801 0.205308 -1.268841 16.450000
3.981036 -1.527924 -1.436685 -0.535670 -2.253866 0.266491 0.210305 -1.282577 16.500000
3.111975 -1.883272 -1.437528 -0.552865 -2.318326 0.274742 0.215523 -1.294693 16.550000
3.068168 -2.239636 -1.439422 -0.570282 -2.387063 0.272843 0.221548 -1.434948 16.600000
3.787422 -2.306958 -1.442223 -0.587648 -2.464279 0.267409 0.228819 -1.625432 16.650000
4.402654 -2.685265 -1.446049 -0.604934 -2.548464 0.265870 0.236964 -1.726668 16.700000
4.671113 -3.000000 -1.451138 -0.622182 -2.639915 0.266741 0.246196 -1.903673 16.750000
4.674490 -3.000000 -1.457639 -0.639309 -2.740310 0.265801 0.256802 -2.082872 16.800000
4.781207 -3.000000 -1.465558 -0.656139 -2.846370 0.261445 0.267895 -2.148677 16.850000
5.183821 -2.883336 -1.474860 -0.672496 -2.954508 0.255918 0.278602 -2.172916 16.900000
5.286555 -2.915701 -1.485590 -0.688235 -3.062237 0.252999 0.288525 -2.141868 16.950000
5.206279 -3.000000 -1.497786 -0.703208 3.113820 0.249990 0.297766 -2.143293 17.000000
4.397398 -3.000000 -1.511349 -0.717253 3.005765 0.244669 0.306529 -2.173797 17.050000
3.788806 -2.509437 -1.525950 -0.730253 2.896776 0.230430 0.314379 -2.183614 17.100000
4.260152 -2.162339 -1.541165 -0.742186 2.792558 0.212155 0.319914 -2.013010 17.150000
5.109925 -2.442784 -1.556923 -0.753008 2.697350 0.202292 0.322875 -1.825296 17.200000
5.643848 -2.696091 -1.573457 -0.762535 2.605233 0.201738 0.324963 -1.854746 17.250000
4.751686 -2.289701 -1.590920 -0.770538 2.509535 0.204293 0.327573 -1.956830 17.300000
4.361861 -2.299897 -1.609075 -0.776996 2.414799 0.198572 0.329811 -1.849710 17.350000
4.741099 -2.103665 -1.627572 -0.782038 2.323403 0.190721 0.331057 -1.811731 17.400000
5.169307 -1.820431 -1.646304 -0.785627 2.235309 0.188077 0.331466 -1.725435 17.450000
5.347931 -1.346852 -1.665291 -0.787580 2.152975 0.192092 0.331118 -1.589036 17.500000
5.692860 -1.114662 -1.684514 -0.787737 2.080082 0.201924 0.329851 -1.360662 17.550000
5.989117 -1.293984 -1.703942 -0.785948 2.017208 0.219196 0.327836 -1.180353 17.600000
6.000000 -1.701208 -1.723535 -0.782057 1.958370 0.240491 0.326124 -1.175073 17.650000
5.426027 -2.156407 -1.743165 -0.776023 1.895167 0.259200 0.326115 -1.332333 17.700000
5.444576 -2.465705 -1.762593 -0.768040 1.821699 0.267194 0.328640 -1.571875 17.750000
4.620327 -2.441604 -1.781565 -0.758330 1.737027 0.269664 0.333487 -1.782823 17.800000
5.345941 -2.105111 -1.799857 -0.747188 1.645780 0.260784 0.339184 -1.855231 17.850000
6.000000 -2.290559 -1.817315 -0.734716 1.555736 0.258898 0.344086 -1.761494 17.900000
6.000000 -2.332077 -1.833821 -0.720658 1.466736 0.263071 0.348714 -1.793894 17.950000
5.287154 -2.147918 -1.849212 -0.704972 1.376210 0.265777 0.353682 -1.822939 18.000000
4.932826 -2.246889 -1.863373 -0.687946 1.286646 0.261636 0.358230 -1.768251 18.050000
5.857487 -2.720766 -1.876257 -0.669930 1.197819 0.254213 0.362120 -1.782279 18.100000
6.000000 -2.434012 -1.887721 -0.650931 1.103631 0.252525 0.366579 -1.957155 18.150000
5.410409 -2.386579 -1.897565 -0.630904 1.006845 0.250355 0.371181 -1.920338 18.200000
5.304292 -2.552939 -1.905757 -0.610098 0.911726 0.243082 0.374998 -1.889166 18.250000
4.752908 -2.237541 -1.912324 -0.588793 0.815915 0.234298 0.378263 -1.935294 18.300000
3.868140 -2.345395 -1.917332 -0.567247 0.721976 0.221348 0.380344 -1.837280 18.350000
3.936819 -2.389289 -1.921002 -0.545784 0.630152 0.201598 0.380947 -1.834699 18.400000
4.892521 -2.303248 -1.923483 -0.524603 0.538107 0.183139 0.380310 -1.844263 18.450000
5.723222 -1.858545 -1.924574 -0.503656 0.446773 0.174779 0.378725 -1.813385 18.500000
6.000000 -1.787197 -1.923897 -0.482850 0.361119 0.177614 0.376285 -1.639873 18.550000
6.000000 -1.584186 -1.921187 -0.462203 0.281816 0.186435 0.373479 -1.546823 18.600000
5.435971 -1.438201 -1.916377 -0.441840 0.207653 0.197807 0.370637 -1.436572 18.650000
5.633000 -1.270359 -1.909608 -0.421927 0.138634 0.206356 0.367686 -1.338714 18.700000
4.672398 -0.846997 -1.900982 -0.402603 0.074628 0.219168 0.364605 -1.236568 18.750000
4.824466 -0.553249 -1.890698 -0.383976 0.018599 0.226770 0.360821 -1.032342 18.800000
5.677847 -0.309103 -1.878939 -0.366118 -0.027234 0.240759 0.355905 -0.827605 18.850000
6.000000 -0.122463 -1.865461 -0.349073 -0.063280 0.267131 0.350052 -0.638325 18.900000
5.473995 -0.089974 -1.849998 -0.332888 -0.090643 0.299835 0.343416 -0.476309 18.950000
5.456063 -0.006049 -1.832629 -0.317581 -0.111951 0.329402 0.336278 -0.387153 19.000000
5.960201 0.059764 -1.813526 -0.303152 -0.129199 0.359666 0.328853 -0.312117 19.050000
6.000000 0.405319 -1.792625 -0.289619 -0.143095 0.395052 0.321195 -0.251558 19.100000
5.123527 0.264765 -1.769848 -0.276988 -0.150927 0.432139 0.312363 -0.080197 19.150000
5.504904 0.737615 -1.745424 -0.265191 -0.154086 0.461637 0.302564 -0.049913 19.200000
4.645277 0.582397 -1.719504 -0.254168 -0.150668 0.496160 0.290911 0.165204 19.250000
4.555878 1.050896 -1.692211 -0.243819 -0.140991 0.523642 0.277346 0.216580 19.300000
4.300903 1.290579 -1.663784 -0.234030 -0.124003 0.551633 0.261245 0.439634 19.350000
4.268096 0.887226 -1.634295 -0.224661 -0.096045 0.579407 0.240953 0.655064 19.400000
3.811580 0.602912 -1.603821 -0.215565 -0.064735 0.605977 0.219445 0.604443 19.450000
3.197382 0.571637 -1.572538 -0.206664 -0.038297 0.624969 0.200327 0.469681 19.500000
3.919178 0.114310 -1.540766 -0.197932 -0.016938 0.635523 0.183871 0.394432 19.550000
3.886696 -0.086087 -1.508532 -0.189370 -0.003421 0.650032 0.171405 0.170343 19.600000
3.434249 -0.517205 -1.475733 -0.181037 -0.000524 0.661048 0.164208 -0.034415 19.650000
3.926942 -0.514264 -1.442544 -0.173020 -0.010381 0.664572 0.163275 -0.330258 19.700000
3.949255 -0.384979 -1.409011 -0.165438 -0.031259 0.670032 0.167637 -0.488443 19.750000
2.991449 -0.118076 -1.375058 -0.158379 -0.056555 0.674299 0.174024 -0.520698 19.800000
2.539187 0.289596 -1.340934 -0.151862 -0.080093 0.669728 0.179334 -0.431219 19.850000
1.801753 0.544172 -1.306961 -0.145830 -0.095731 0.662972 0.180607 -0.216664 19.900000
1.217497 0.164878 -1.273368 -0.140170 -0.100369 0.652344 0.176588 0.010106 19.950000
0.317715 -0.284638 -1.240408 -0.134769 -0.100698 0.637783 0.170697 -0.019333 20.000000
0.683389 0.095187 -1.208403 -0.129592 -0.107250 0.614067 0.167779 -0.221867 20.050000
0.498170 0.368317 -1.177461 -0.124674 -0.116911 0.594050 0.166198 -0.169065 20.100000
0.691136 -0.105109 -1.147488 -0.119993 -0.121301 0.574352 0.162341 -0.019878 20.150000
1.046474 0.182309 -1.118425 -0.115512 -0.125428 0.557336 0.158456 -0.133404 20.200000
2.018163 -0.029818 -1.090117 -0.111254 -0.130406 0.544159 0.154993 -0.071003 20.250000
1.046489 -0.368127 -1.062222 -0.107249 -0.135411 0.540554 0.151634 -0.123680 20.300000
1.927438 -0.687692 -1.034739 -0.103508 -0.146273 0.526904 0.150589 -0.293176 20.350000
2.800173 -0.445321 -1.007701 -0.100082 -0.167071 0.519934 0.153213 -0.514846 20.400000
3.394797 -0.502342 -0.980727 -0.097094 -0.193249 0.520117 0.157682 -0.530900 20.450000
2.861768 -0.560031 -0.953501 -0.094631 -0.220715 0.525366 0.162528 -0.564573 20.500000
2.576805 -0.981550 -0.926041 -0.092718 -0.250123 0.524830 0.167979 -0.607328 20.550000
2.361188 -0.524030 -0.898575 -0.091346 -0.285863 0.519943 0.175551 -0.799912 20.600000
1.719953 -0.958427 -0.871263 -0.090528 -0.323416 0.512447 0.183351 -0.713170 20.650000
2.392861 -0.569118 -0.844310 -0.090203 -0.362783 0.498450 0.191255 -0.845631 20.700000
2.307406 -0.659065 -0.817729 -0.090392 -0.402541 0.490757 0.198709 -0.756049 20.750000
3.237952 -0.347982 -0.791391 -0.091136 -0.440174 0.482797 0.204949 -0.750231 20.800000
3.891657 -0.448848 -0.765119 -0.092513 -0.474163 0.484540 0.209623 -0.624629 20.850000
3.139117 -0.078083 -0.738581 -0.094680 -0.504852 0.493031 0.213119 -0.605763 20.900000
3.435965 0.398786 -0.711816 -0.097617 -0.530736 0.495475 0.214907 -0.447575 20.950000
4.100553 0.525388 -0.684893 -0.101245 -0.545415 0.503817 0.212732 -0.168699 21.000000
3.983729 0.379464 -0.657554 -0.105628 -0.548203 0.521433 0.206428 0.037448 21.050000
4.330247 0.286820 -0.629650 -0.110769 -0.544846 0.538947 0.198073 0.091806 21.100000
5.158485 0.001425 -0.601133 -0.116650 -0.540485 0.559179 0.189578 0.083544 21.150000
5.938449 0.226639 -0.571799 -0.123380 -0.539771 0.585296 0.182810 -0.043244 21.200000
6.000000 0.177841 -0.541392 -0.131134 -0.541295 0.617015 0.177200 -0.020312 21.250000
5.489553 0.455327 -0.509793 -0.139978 -0.542567 0.648054 0.171710 -0.029999 21.300000
4.972559 0.084460 -0.477139 -0.149809 -0.540988 0.673718 0.165076 0.082547 21.350000
4.151965 0.580629 -0.443657 -0.160447 -0.539443 0.693488 0.158691 -0.011646 21.400000
3.994566 0.375959 -0.409655 -0.171701 -0.535646 0.705274 0.151358 0.148775 21.450000
4.757757 0.613479 -0.375310 -0.183391 -0.528061 0.715810 0.142346 0.154934 21.500000
4.534620 0.867860 -0.340493 -0.195543 -0.517380 0.733448 0.131957 0.262401 21.550000
5.502392 0.693512 -0.305072 -0.208139 -0.499625 0.749285 0.118055 0.431444 21.600000
6.000000 0.590918 -0.268863 -0.221154 -0.477433 0.773715 0.101982 0.455396 21.650000
6.000000 0.612600 -0.231572 -0.234660 -0.455311 0.801222 0.086095 0.433706 21.700000
6.000000 0.309541 -0.193129 -0.248627 -0.433504 0.827045 0.070511 0.439863 21.750000
5.591924 0.313833 -0.153573 -0.262985 -0.414689 0.851065 0.056879 0.326696 21.800000
5.000810 0.349569 -0.113050 -0.277665 -0.399788 0.869679 0.045817 0.276158 21.850000
4.319007 0.571819 -0.071819 -0.292550 -0.386161 0.881725 0.035758 0.271000 21.900000
5.205447 0.850252 -0.030173 -0.307480 -0.369971 0.886837 0.024331 0.368275 21.950000
5.538315 1.025698 0.011947 -0.322383 -0.346760 0.899797 0.008702 0.543450 22.000000
6.000000 0.527510 0.054824 -0.337212 -0.314852 0.914678 -0.012257 0.716324 22.050000
5.723753 0.454664 0.098630 -0.351875 -0.281886 0.932242 -0.033535 0.617568 22.100000
5.556284 -0.033247 0.143357 -0.366336 -0.252855 0.945823 -0.051827 0.554230 22.150000
6.000000 0.311287 0.188853 -0.380558 -0.231280 0.957233 -0.064675 0.335006 22.200000
5.737704 0.025071 0.235138 -0.394599 -0.213556 0.972279 -0.074676 0.372016 22.250000
6.000000 -0.232543 0.282218 -0.408443 -0.197504 0.984186 -0.083321 0.281328 22.300000
5.759160 0.139482 0.330057 -0.422111 -0.187607 0.998565 -0.087462 0.130661 22.350000
6.000000 -0.127709 0.378625 -0.435648 -0.178953 1.010174 -0.090695 0.208555 22.400000
6.000000 0.301477 0.427893 -0.449022 -0.170358 1.023468 -0.093832 0.142601 22.450000
6.000000 -0.000152 0.477890 -0.462227 -0.159167 1.035782 -0.098875 0.291195 22.500000
6.000000 -0.044213 0.528586 -0.475182 -0.145731 1.047149 -0.105480 0.251792 22.550000
5.883601 -0.475807 0.579953 -0.487870 -0.134099 1.058164 -0.110612 0.218136 22.600000
6.000000 -0.000178 0.631938 -0.500313 -0.128612 1.068484 -0.110977 0.020789 22.650000
5.214324 -0.287183 0.684515 -0.512591 -0.125051 1.079704 -0.109937 0.112877 22.700000
5.962848 -0.691439 0.737504 -0.524663 -0.121332 1.083129 -0.109051 0.042484 22.750000
6.000000 -0.715592 0.790882 -0.536586 -0.125070 1.094410 -0.102407 -0.172530 22.800000
5.394467 -1.031106 0.844811 -0.548527 -0.137413 1.106585 -0.089220 -0.309699 22.850000
4.720175 -0.587215 0.899121 -0.560620 -0.158831 1.113296 -0.069214 -0.527401 22.900000
5.420697 -0.696669 0.953475 -0.572973 -0.183703 1.113123 -0.047133 -0.477583 22.950000
5.481353 -0.760677 1.007852 -0.585630 -0.208546 1.118713 -0.025766 -0.516243 23.000000
5.244597 -0.997796 1.062387 -0.598685 -0.236068 1.123921 -0.002884 -0.581951 23.050000
4.943237 -1.100238 1.116983 -0.612225 -0.269237 1.125700 0.023832 -0.732698 23.100000
4.675098 -1.349146 1.171438 -0.626360 -0.309638 1.122915 0.055425 -0.872753 23.150000
4.873083 -1.285341 1.225525 -0.641195 -0.358530 1.115051 0.092568 -1.065723 23.200000
4.574846 -0.887792 1.279100 -0.656874 -0.414329 1.105743 0.133598 -1.161627 23.250000
5.299349 -1.046219 1.332028 -0.673455 -0.470036 1.091105 0.172645 -1.084480 23.300000
5.642050 -1.533877 1.384321 -0.690982 -0.525685 1.080989 0.209818 -1.141025 23.350000
5.231155 -1.387754 1.436062 -0.709625 -0.589395 1.069030 0.251460 -1.381629 23.400000
4.513719 -1.114982 1.487011 -0.729466 -0.660531 1.047336 0.296453 -1.460138 23.450000
3.732933 -1.497995 1.536784 -0.750356 -0.732203 1.015550 0.338876 -1.418919 23.500000
3.086571 -1.609594 1.585017 -0.772017 -0.807236 0.972262 0.380267 -1.565481 23.550000
2.766258 -1.329544 1.631341 -0.794160 -0.888752 0.917185 0.421904 -1.680755 23.600000
2.406216 -0.833171 1.675541 -0.816523 -0.971362 0.856560 0.459359 -1.632229 23.650000
2.448026 -0.887374 1.717598 -0.838863 -1.047187 0.795907 0.487887 -1.429829 23.700000
2.389033 -0.598381 1.757645 -0.861045 -1.116731 0.739952 0.508802 -1.359784 23.750000
2.849477 -0.718313 1.795822 -0.883023 -1.180534 0.688176 0.523365 -1.210207 23.800000
2.810920 -0.940619 1.832304 -0.904876 -1.240224 0.644737 0.533289 -1.178651 23.850000
2.763915 -0.602787 1.867199 -0.926678 -1.300881 0.601329 0.541440 -1.236334 23.900000
2.291515 -0.175769 1.900544 -0.948383 -1.359428 0.560301 0.546584 -1.118043 23.950000
2.200521 -0.491977 1.932420 -0.969908 -1.408824 0.523150 0.546378 -0.884267 24.000000
2.738575 -0.463245 1.962930 -0.991197 -1.453139 0.490530 0.543135 -0.884680 24.050000
3.192390 -0.648410 1.992145 -1.012377 -1.496748 0.464975 0.538852 -0.859843 24.100000
3.832114 -0.458562 2.020120 -1.033683 -1.541207 0.444311 0.534291 -0.909796 24.150000
3.763779 -0.850266 2.046873 -1.055357 -1.585053 0.431153 0.529161 -0.849825 24.200000
2.885685 -1.146461 2.072411 -1.077517 -1.630925 0.416739 0.524418 -0.968292 24.250000
2.926534 -0.695013 2.096719 -1.099870 -1.683914 0.389970 0.521217 -1.127485 24.300000
2.497689 -1.072932 2.119804 -1.122157 -1.737115 0.364766 0.517188 -1.012961 24.350000
3.373428 -0.955385 2.141711 -1.144304 -1.790181 0.336998 0.512283 -1.095782 24.400000
2.747929 -1.146053 2.162430 -1.166394 -1.844495 0.317970 0.506958 -1.077142 24.450000
2.019460 -1.115479 2.181969 -1.188470 -1.899981 0.293492 0.501246 -1.132309 24.500000
2.960563 -0.975948 2.200441 -1.210207 -1.956691 0.262840 0.494889 -1.132878 24.550000
3.759148 -0.678090 2.217849 -1.231663 -2.011573 0.243872 0.487430 -1.068867 24.600000
3.048695 -0.899195 2.234038 -1.253242 -2.060790 0.237363 0.478767 -0.918289 24.650000
3.424676 -1.158017 2.249000 -1.274989 -2.107085 0.226971 0.469655 -0.930633 24.700000
3.601447 -1.159219 2.262771 -1.296808 -2.156517 0.219053 0.461078 -1.032456 24.750000
3.189528 -1.206243 2.275292 -1.318745 -2.209364 0.211529 0.453059 -1.074904 24.800000
3.008320 -0.969727 2.286601 -1.340703 -2.264060 0.199913 0.445237 -1.107337 24.850000
3.884059 -0.705681 2.296789 -1.362539 -2.317137 0.188622 0.437019 -1.025339 24.900000
4.603252 -0.678986 2.305732 -1.384379 -2.364380 0.189931 0.428117 -0.882438 24.950000
3.852188 -1.073766 2.313145 -1.406490 -2.406347 0.201465 0.419024 -0.806259 25.000000
4.730667 -0.608359 2.319033 -1.428825 -2.450059 0.205089 0.410759 -0.927065 25.050000
4.194667 -0.459816 2.323382 -1.451322 -2.492876 0.217704 0.402882 -0.801845 25.100000
4.181099 -0.572844 2.326122 -1.473997 -2.529695 0.228550 0.394694 -0.685397 25.150000
3.849932 -0.753771 2.327351 -1.496745 -2.563695 0.240740 0.386644 -0.676223 25.200000
3.660197 -1.005576 2.327153 -1.519470 -2.599447 0.248823 0.379440 -0.745799 25.250000
3.722018 -1.167095 2.325667 -1.542036 -2.640494 0.252448 0.373594 -0.879595 25.300000
4.421550 -0.848936 2.322961 -1.564341 -2.688017 0.253538 0.369192 -1.005152 25.350000
3.438485 -1.301195 2.318912 -1.586382 -2.736408 0.260923 0.365230 -0.939243 25.400000
3.114855 -0.931160 2.313605 -1.608075 -2.787489 0.257798 0.361999 -1.084705 25.450000
3.928474 -1.075272 2.307363 -1.629235 -2.839489 0.251565 0.358858 -1.005148 25.500000
3.585101 -0.946635 2.300087 -1.649865 -2.890280 0.253941 0.355552 -1.024028 25.550000
3.610230 -1.431652 2.291695 -1.669953 -2.940305 0.253629 0.352255 -0.982211 25.600000
2.823161 -1.791779 2.282290 -1.689430 -2.994175 0.251932 0.349753 -1.150134 25.650000
2.318898 -1.917334 2.272125 -1.708197 -3.057636 0.238588 0.348723 -1.358413 25.700000
2.792506 -2.037687 2.261583 -1.726158 -3.129312 0.217270 0.348269 -1.488349 25.750000
2.916262 -1.885197 2.250734 -1.743283 3.076770 0.198678 0.347616 -1.580777 25.800000
2.047482 -2.316568 2.239488 -1.759553 2.998384 0.181463 0.346167 -1.557066 25.850000
2.479170 -2.530558 2.228052 -1.774985 2.916374 0.155335 0.344001 -1.699805 25.900000
2.663632 -2.278921 2.216583 -1.789597 2.827683 0.131402 0.341132 -1.826355 25.950000
3.480647 -2.232062 2.204987 -1.803362 2.737725 0.109936 0.337028 -1.778145 26.000000
4.060564 -1.884685 2.193059 -1.816185 2.649942 0.098432 0.331856 -1.738583 26.050000
3.129275 -1.619243 2.180534 -1.827887 2.567152 0.095631 0.326066 -1.594823 26.100000
3.189931 -1.172443 2.167505 -1.838464 2.491905 0.088257 0.319689 -1.437746 26.150000
3.786014 -0.775315 2.154153 -1.847979 2.426698 0.086705 0.312668 -1.203330 26.200000
3.670660 -0.384740 2.140355 -1.856281 2.373737 0.096505 0.305287 -0.949093 26.250000
3.661346 -0.288992 2.126027 -1.863241 2.333846 0.110728 0.297655 -0.680090 26.300000
3.911401 0.094151 2.111194 -1.868843 2.304506 0.128930 0.289864 -0.513469 26.350000
4.252843 0.460157 2.095826 -1.873028 2.285456 0.153054 0.281747 -0.275125 26.400000
4.077061 0.930413 2.079822 -1.875688 2.279333 0.184490 0.272732 0.001815 26.450000
4.735799 1.037809 2.063120 -1.876807 2.289018 0.218878 0.261898 0.349500 26.500000
5.375428 1.093627 2.045572 -1.876348 2.312694 0.262722 0.248781 0.571568 26.550000
4.966723 0.621932 2.026905 -1.874181 2.344879 0.313111 0.233591 0.699470 26.600000
4.531617 1.012140 2.007045 -1.870407 2.376201 0.356785 0.218097 0.567837 26.650000
4.327739 1.495013 1.986140 -1.865302 2.407103 0.393903 0.202328 0.657492 26.700000
3.550092 1.857998 1.964265 -1.859101 2.446592 0.429167 0.183774 0.893479 26.750000
3.406668 1.429325 1.941521 -1.852107 2.498419 0.457565 0.161072 1.147357 26.800000
2.800733 1.828118 1.918011 -1.844620 2.554443 0.482678 0.136789 1.101204 26.850000
2.776947 1.414675 1.893876 -1.836880 2.613410 0.499763 0.111456 1.240473 26.900000
3.474887 1.610607 1.869240 -1.829100 2.672870 0.513978 0.086176 1.152092 26.950000
2.801771 1.520848 1.843992 -1.821312 2.731696 0.532011 0.061302 1.197015 27.000000
2.636070 1.649223 1.818160 -1.813622 2.791343 0.541135 0.036399 1.191933 27.050000
1.695880 1.578789 1.791963 -1.806207 2.852490 0.546386 0.011452 1.248641 27.100000
2.124323 1.910922 1.765689 -1.799228 2.915089 0.540648 -0.013198 1.256680 27.150000
1.903917 2.275620 1.739490 -1.792780 2.981822 0.536868 -0.038397 1.395472 27.200000
1.319497 2.694795 1.713366 -1.786938 3.057370 0.528202 -0.065794 1.598965 27.250000
1.358488 2.879020 1.687575 -1.781823 -3.138887 0.510292 -0.095752 1.842722 27.300000
1.745781 2.570783 1.662337 -1.777517 -3.041935 0.488365 -0.127018 2.010370 27.350000
2.341853 2.512752 1.637660 -1.774046 -2.942605 0.466492 -0.156496 1.971311 27.400000
2.834180 2.055363 1.613407 -1.771415 -2.844895 0.447661 -0.182985 1.943317 27.450000
3.456143 2.400841 1.589411 -1.769657 -2.752640 0.432357 -0.205641 1.775083 27.500000
3.458989 1.943138 1.565498 -1.768840 -2.662028 0.421235 -0.226158 1.840223 27.550000
2.812553 1.946758 1.541634 -1.769029 -2.573980 0.409031 -0.244425 1.703975 27.600000
3.473989 1.835372 1.518015 -1.770132 -2.490215 0.390771 -0.259880 1.654526 27.650000
3.644475 2.233779 1.494695 -1.772143 -2.409195 0.378750 -0.273135 1.595580 27.700000
3.753170 1.875019 1.471594 -1.775172 -2.325864 0.366496 -0.285854 1.718925 27.750000
4.301151 2.060345 1.448773 -1.779256 -2.242277 0.354271 -0.297442 1.637264 27.800000
4.312728 2.343976 1.426218 -1.784500 -2.159373 0.346658 -0.307873 1.673548 27.850000
5.208108 1.963320 1.403967 -1.790988 -2.072296 0.336509 -0.318435 1.791218 27.900000
5.876996 2.047477 1.382059 -1.798876 -1.985384 0.333960 -0.328165 1.699988 27.950000
5.604130 2.533309 1.360466 -1.808472 -1.900471 0.337526 -0.337117 1.697657 28.000000
5.040369 2.746488 1.339327 -1.819811 -1.810477 0.334980 -0.347025 1.874558 28.050000
5.081341 2.340063 1.318900 -1.832608 -1.712597 0.322270 -0.357927 2.017094 28.100000
4.219632 2.468627 1.299378 -1.846639 -1.614433 0.308949 -0.367563 1.924357 28.150000
4.799845 2.460086 1.280866 -1.861642 -1.517937 0.287831 -0.375305 1.933063 28.200000
3.803005 2.488413 1.263451 -1.877475 -1.421358 0.271984 -0.381517 1.929819 28.250000
3.374014 2.261592 1.247171 -1.893959 -1.324709 0.246754 -0.386102 1.933910 28.300000
3.780057 2.362706 1.231992 -1.910703 -1.230468 0.219344 -0.388301 1.847778 28.350000
3.946464 2.155557 1.217924 -1.927675 -1.138117 0.197612 -0.388500 1.845149 28.400000
4.938887 2.313989 1.205033 -1.944956 -1.048174 0.179611 -0.387054 1.764086 28.450000
4.993228 2.164281 1.193483 -1.962736 -0.959299 0.172314 -0.384732 1.786752 28.500000
5.156858 2.483111 1.183450 -1.981127 -0.871323 0.166577 -0.381962 1.739255 28.550000
4.974152 2.474960 1.175019 -2.000057 -0.781596 0.162007 -0.379194 1.834378 28.600000
4.073109 2.234226 1.168217 -2.019375 -0.688960 0.154761 -0.376466 1.865480 28.650000
4.503318 2.149993 1.162875 -2.038789 -0.597922 0.140621 -0.372945 1.787403 28.700000
5.115472 2.280110 1.158937 -2.058148 -0.510370 0.133260 -0.368516 1.724018 28.750000
5.534757 2.658528 1.156630 -2.077485 -0.423548 0.132766 -0.363945 1.745370 28.800000
4.576774 2.382728 1.156163 -2.096765 -0.332099 0.134417 -0.360032 1.889617 28.850000
4.336252 2.506963 1.157377 -2.115780 -0.238932 0.126749 -0.356192 1.843818 28.900000
4.934314 2.282660 1.159984 -2.134323 -0.146005 0.117764 -0.351923 1.868595 28.950000
4.693283 2.279667 1.164040 -2.152295 -0.054678 0.115997 -0.347307 1.795860 29.000000
4.028378 2.719692 1.169600 -2.169593 0.034263 0.113750 -0.342536 1.766211 29.050000
4.961167 2.575860 1.176399 -2.186110 0.126792 0.104322 -0.337860 1.911077 29.100000
4.221681 2.402901 1.184412 -2.201726 0.222389 0.103116 -0.333214 1.912418 29.150000
3.329246 2.480272 1.193614 -2.216341 0.316203 0.096496 -0.328330 1.849772 29.200000
2.883498 2.709123 1.203576 -2.229977 0.408754 0.083043 -0.322872 1.851136 29.250000
2.605288 2.838413 1.213953 -2.242702 0.503613 0.065681 -0.316718 1.929458 29.300000
3.189110 3.000000 1.224541 -2.254577 0.602163 0.045669 -0.309662 1.999751 29.350000
2.493812 2.691511 1.235354 -2.265554 0.704467 0.031284 -0.301755 2.078372 29.400000
1.920263 2.693305 1.246334 -2.275642 0.805961 0.012459 -0.292889 1.994350 29.450000
2.453007 2.712995 1.257258 -2.285028 0.904712 -0.008632 -0.282892 1.960193 29.500000
1.943276 3.000000 1.268120 -2.293698 1.002481 -0.022219 -0.272043 1.951364 29.550000
2.207207 2.778608 1.278919 -2.301644 1.102851 -0.039490 -0.260447 2.046822 29.600000
2.996081 2.432377 1.289609 -2.308909 1.203869 -0.052259 -0.248156 2.001031 29.650000
3.498649 2.112110 1.300261 -2.315235 1.299840 -0.053882 -0.235967 1.860710 29.700000
2.985855 2.201800 1.310904 -2.320287 1.388032 -0.046822 -0.224670 1.693629 29.750000
2.257274 1.954074 1.321448 -2.324038 1.471815 -0.042193 -0.214290 1.662737 29.800000
3.055516 2.254066 1.331771 -2.326773 1.552007 -0.042352 -0.204508 1.560500 29.850000
2.819096 2.062411 1.341796 -2.328474 1.632048 -0.034013 -0.195320 1.630860 29.900000
2.398045 1.872486 1.351450 -2.329038 1.712403 -0.027310 -0.186865 1.589864 29.950000
3.340090 2.044734 1.360672 -2.328645 1.789437 -0.023068 -0.179075 1.504397 30.000000
2.841234 2.505862 1.369358 -2.327203 1.865520 -0.009229 -0.172073 1.534865 30.050000
2.855663 2.484329 1.377414 -2.324670 1.947522 -0.001219 -0.165895 1.717583 30.100000
3.263200 2.649685 1.384805 -2.321236 2.035255 0.006010 -0.160376 1.781892 30.150000
2.589785 2.604140 1.391416 -2.316892 2.126807 0.016553 -0.155639 1.866935 30.200000
2.677209 2.234371 1.397213 -2.311780 2.220628 0.020514 -0.151560 1.883337 30.250000
2.990327 1.781509 1.402210 -2.306094 2.311140 0.026304 -0.147884 1.757319 30.300000
3.902722 1.721849 1.406286 -2.299830 2.392870 0.036948 -0.144660 1.544620 30.350000
4.264492 1.403060 1.409174 -2.292868 2.467052 0.057454 -0.142211 1.438738 30.400000
3.617505 1.216118 1.410598 -2.285125 2.534377 0.082061 -0.140691 1.277799 30.450000
4.451437 0.763592 1.410579 -2.276756 2.594341 0.101229 -0.139797 1.140072 30.500000
4.817038 0.947411 1.409054 -2.267848 2.644730 0.129287 -0.139142 0.906570 30.550000
5.530702 0.539103 1.405772 -2.258357 2.689125 0.160826 -0.138985 0.874114 30.600000
6.000000 0.688995 1.400520 -2.248281 2.727952 0.198828 -0.139198 0.700992 30.650000
6.000000 0.682941 1.393072 -2.237613 2.762433 0.240517 -0.139849 0.681659 30.700000
6.000000 0.989087 1.383370 -2.226428 2.796290 0.280651 -0.141369 0.674580 30.750000
5.862830 0.950319 1.371468 -2.214858 2.833457 0.318464 -0.144505 0.798377 30.800000
6.000000 0.597998 1.357457 -2.203060 2.874722 0.352493 -0.149452 0.847409 30.850000
5.816611 0.621494 1.341395 -2.191177 2.913952 0.386578 -0.154667 0.736604 30.900000
5.776692 0.782972 1.323349 -2.179310 2.949673 0.418072 -0.159624 0.698137 30.950000
5.537019 0.747684 1.303431 -2.167570 2.985988 0.447539 -0.165382 0.749642 31.000000
5.805152 0.381860 1.281777 -2.156081 3.023903 0.472918 -0.172169 0.766328 31.050000
6.000000 0.445917 1.258445 -2.144936 3.058493 0.500212 -0.178256 0.634314 31.100000
5.163969 -0.053287 1.233383 -2.134180 3.089252 0.528872 -0.183432 0.601318 31.150000
4.976057 0.315505 1.206802 -2.123865 3.113334 0.550099 -0.186382 0.386790 31.200000
5.304986 0.315051 1.178981 -2.114000 3.133897 0.569521 -0.188209 0.431710 31.250000
5.314107 0.691059 1.149939 -2.104623 -3.126970 0.590677 -0.190993 0.459078 31.300000
5.759958 1.116926 1.119664 -2.095796 -3.099254 0.609505 -0.196328 0.631328 31.350000
6.000000 1.104965 1.088145 -2.087643 -3.060392 0.628354 -0.206782 0.893280 31.400000
6.000000 1.534108 1.055346 -2.080341 -3.012189 0.645278 -0.221587 1.020891 31.450000
6.000000 1.777716 1.021350 -2.074055 -2.954584 0.657450 -0.240757 1.254602 31.500000
6.000000 2.103139 0.986337 -2.068971 -2.886078 0.663708 -0.264761 1.459552 31.550000
5.788898 1.639329 0.950520 -2.065272 -2.806924 0.663266 -0.293101 1.677306 31.600000
5.390949 1.992079 0.914173 -2.063087 -2.725156 0.656774 -0.321427 1.607164 31.650000
6.000000 1.693667 0.877600 -2.062424 -2.641635 0.642981 -0.348993 1.718955 31.700000
6.000000 1.543820 0.840945 -2.063363 -2.557343 0.632011 -0.375167 1.663598 31.750000
5.104743 1.609468 0.804234 -2.065995 -2.476179 0.620329 -0.398326 1.595190 31.800000
5.542472 2.011028 0.767763 -2.070194 -2.396390 0.599179 -0.419114 1.596883 31.850000
6.000000 2.130701 0.731759 -2.075888 -2.312237 0.578199 -0.439808 1.746693 31.900000
5.771726 2.237041 0.696276 -2.083202 -2.221933 0.556209 -0.460949 1.849538 31.950000
5.561393 1.832795 0.661481 -2.092129 -2.127225 0.527666 -0.481391 1.925980 32.000000
6.000000 2.049318 0.627589 -2.102524 -2.034358 0.497172 -0.498396 1.806690 32.050000
5.623433 2.480229 0.594658 -2.114389 -1.943178 0.471204 -0.512356 1.834860 32.100000
5.234682 2.294215 0.562805 -2.127655 -1.846796 0.437467 -0.525567 1.992582 32.150000
5.399540 1.811062 0.532224 -2.142036 -1.747621 0.397902 -0.536581 1.974397 32.200000
5.476610 2.225641 0.502981 -2.157418 -1.654358 0.364612 -0.542989 1.783918 32.250000
5.798920 2.470269 0.475086 -2.173837 -1.563176 0.334268 -0.546569 1.849999 32.300000
5.049805 2.951195 0.448609 -2.191295 -1.467664 0.304538 -0.549059 1.951187 32.350000
4.232743 2.458171 0.423611 -2.209551 -1.364370 0.262964 -0.550608 2.144077 32.400000
3.974395 2.228744 0.400064 -2.228114 -1.260596 0.215088 -0.548847 2.022464 32.450000
3.059187 2.302380 0.377884 -2.246746 -1.163533 0.172176 -0.542871 1.878983 32.500000
3.469610 2.501082 0.356940 -2.265242 -1.070777 0.126548 -0.533608 1.833766 32.550000
3.232089 2.914026 0.337157 -2.283524 -0.977904 0.087710 -0.521912 1.871147 32.600000
2.282061 3.000000 0.318510 -2.301622 -0.880019 0.046232 -0.508232 2.016331 32.650000
3.134512 2.543408 0.300765 -2.319302 -0.777161 -0.003906 -0.491916 2.082281 32.700000
2.617304 2.635592 0.283880 -2.336587 -0.677391 -0.039773 -0.473081 1.930549 32.750000
3.410858 2.869674 0.267930 -2.353615 -0.581785 -0.073839 -0.452626 1.896518 32.800000
3.819989 2.820923 0.252998 -2.370453 -0.485091 -0.097163 -0.430902 1.959439 32.850000
3.114633 2.778870 0.239336 -2.387238 -0.387055 -0.113671 -0.408486 1.960920 32.900000
3.737679 3.000000 0.226911 -2.403916 -0.289503 -0.132847 -0.385668 1.943191 32.950000
4.151779 2.743508 0.215743 -2.420435 -0.190296 -0.143300 -0.362488 2.013367 33.000000
4.638561 3.000000 0.206091 -2.436788 -0.091514 -0.146216 -0.339695 1.948975 33.050000
4.485545 2.619924 0.198195 -2.452894 0.007949 -0.141805 -0.317716 2.018841 33.100000
4.337725 2.894225 0.192129 -2.468620 0.105792 -0.135441 -0.297038 1.913110 33.150000
4.135903 2.998475 0.187820 -2.483817 0.203226 -0.127884 -0.277636 1.974997 33.200000
3.618994 2.866995 0.185143 -2.498359 0.303781 -0.121127 -0.259137 2.037578 33.250000
3.858028 2.372453 0.183881 -2.512162 0.405027 -0.117215 -0.241602 2.016375 33.300000
4.023523 2.260492 0.183929 -2.525114 0.500576 -0.107133 -0.225629 1.835687 33.350000
4.995291 2.484323 0.185323 -2.537034 0.589295 -0.091938 -0.211572 1.730531 33.400000
5.600445 2.084100 0.188193 -2.547644 0.677082 -0.066449 -0.199366 1.775114 33.450000
4.934320 1.655610 0.192687 -2.556599 0.762251 -0.034293 -0.189462 1.651954 33.500000
4.516576 1.633506 0.198626 -2.563783 0.839025 -0.006421 -0.181836 1.450082 33.550000
3.612142 1.285303 0.205672 -2.569275 0.909006 0.018873 -0.175915 1.362616 33.600000
3.835018 0.922474 0.213493 -2.573257 0.972406 0.036864 -0.171141 1.197015 33.650000
3.812516 1.017801 0.221889 -2.575815 1.026316 0.058801 -0.167106 0.987783 33.700000
3.171279 1.418394 0.230800 -2.576884 1.074133 0.081333 -0.163777 0.932600 33.750000
4.066438 1.179635 0.240060 -2.576607 1.124504 0.096678 -0.161387 1.065415 33.800000
3.705146 1.206604 0.249589 -2.574943 1.176910 0.119450 -0.159907 1.035400 33.850000
3.249348 1.317392 0.259343 -2.571798 1.228647 0.138220 -0.159195 1.034736 33.900000
2.738817 1.429551 0.269157 -2.567374 1.281632 0.151792 -0.159237 1.079207 33.950000
2.165156 1.153155 0.278874 -2.561916 1.337411 0.159470 -0.159987 1.143575 34.000000
1.529430 1.642113 0.288362 -2.555698 1.392405 0.161634 -0.160807 1.066541 34.050000
1.350996 1.690868 0.297529 -2.549019 1.450088 0.157151 -0.161868 1.219935 34.100000
0.963534 2.187633 0.306310 -2.542098 1.513499 0.149826 -0.163271 1.304544 34.150000
1.734505 2.434143 0.314677 -2.535099 1.585053 0.137236 -0.165010 1.525260 34.200000
1.689168 2.518625 0.322604 -2.527974 1.666478 0.129886 -0.167125 1.704330 34.250000
2.286423 2.971630 0.330064 -2.520600 1.754583 0.120640 -0.169276 1.803966 34.300000
1.834305 2.923157 0.337005 -2.512902 1.850566 0.115214 -0.171564 2.002916 34.350000
1.909532 2.457535 0.343392 -2.504913 1.952319 0.104160 -0.173647 2.057724 34.400000
1.562757 2.053769 0.349232 -2.496761 2.050968 0.094743 -0.174686 1.911971 34.450000
1.779790 2.006694 0.354543 -2.488512 2.140773 0.084499 -0.174431 1.711649 34.500000
1.787335 1.859479 0.359326 -2.480191 2.223601 0.078389 -0.173262 1.615932 34.550000
2.288148 1.936986 0.363539 -2.471764 2.301733 0.073838 -0.171564 1.523089 34.600000
3.107849 1.870207 0.367086 -2.463165 2.377625 0.074819 -0.169714 1.513958 34.650000
2.561794 1.693258 0.369729 -2.454223 2.452518 0.083786 -0.168141 1.486124 34.700000
2.311640 1.841616 0.371403 -2.444966 2.524630 0.088117 -0.166802 1.409619 34.750000
1.932251 2.001321 0.372238 -2.435575 2.595797 0.090293 -0.165624 1.433613 34.800000
2.212186 1.619270 0.372361 -2.426189 2.669463 0.088405 -0.164653 1.502810 34.850000
2.491204 1.566525 0.371794 -2.416874 2.741345 0.089689 -0.163578 1.389037 34.900000
2.698481 1.510933 0.370413 -2.407619 2.808883 0.094585 -0.162416 1.322141 34.950000
2.945912 1.521863 0.368115 -2.398438 2.873598 0.101940 -0.161393 1.273509 35.000000
3.505229 1.598778 0.364806 -2.389365 2.936820 0.111715 -0.160690 1.257830 35.050000
2.585733 1.297913 0.360325 -2.380436 3.000382 0.126278 -0.160594 1.281722 35.100000
3.399298 1.198019 0.354788 -2.371743 3.061540 0.132261 -0.160732 1.178951 35.150000
3.707071 0.879711 0.348242 -2.363361 3.118154 0.146553 -0.160858 1.097044 35.200000
3.121672 0.592102 0.340452 -2.355339 -3.114652 0.164506 -0.160932 0.939184 35.250000
3.728165 0.452472 0.331510 -2.347728 -3.072880 0.178214 -0.160518 0.754884 35.300000
3.982389 0.436579 0.321435 -2.340568 -3.039129 0.198801 -0.159554 0.612520 35.350000
4.889495 0.890347 0.310057 -2.333906 -3.010590 0.222123 -0.158375 0.538148 35.400000
5.144523 0.568422 0.297158 -2.327814 -2.979530 0.252449 -0.158239 0.687820 35.450000
4.853597 0.992865 0.282560 -2.322395 -2.946603 0.283545 -0.159117 0.636280 35.500000
5.257526 0.597007 0.266358 -2.317707 -2.910649 0.309994 -0.161306 0.785031 35.550000
6.000000 0.648376 0.248629 -2.313832 -2.873708 0.338808 -0.164325 0.703437 35.600000
5.487862 0.191589 0.229198 -2.310893 -2.838960 0.373707 -0.167532 0.689442 35.650000
5.329451 -0.028520 0.208105 -2.308952 -2.809698 0.403581 -0.169883 0.503439 35.700000
4.592540 0.309938 0.185556 -2.307966 -2.789556 0.432829 -0.170051 0.322702 35.750000
5.532844 0.588574 0.161795 -2.307853 -2.772089 0.454675 -0.169765 0.371474 35.800000
5.159934 1.008610 0.136851 -2.308649 -2.749547 0.483173 -0.171515 0.515492 35.850000
5.119615 0.963138 0.110719 -2.310455 -2.716891 0.504556 -0.177178 0.763034 35.900000
4.259584 0.482567 0.083633 -2.313318 -2.675759 0.522288 -0.186181 0.870464 35.950000
4.742233 0.140576 0.055899 -2.317197 -2.636014 0.531187 -0.194710 0.736815 36.000000
4.893619 -0.054768 0.027634 -2.322058 -2.604707 0.546077 -0.200031 0.539446 36.050000
4.408698 0.247714 -0.001288 -2.327946 -2.582622 0.564109 -0.201887 0.364001 36.100000
5.254261 0.043744 -0.030790 -2.334792 -2.563424 0.577645 -0.202779 0.400598 36.150000
5.184010 0.187497 -0.060898 -2.342638 -2.545124 0.598689 -0.203488 0.338844 36.200000
5.981430 0.397145 -0.091719 -2.351574 -2.527352 0.618335 -0.204221 0.369607 36.250000
5.903703 0.589733 -0.123321 -2.361699 -2.505932 0.643502 -0.206866 0.476806 36.300000
4.950842 0.852063 -0.155722 -2.373133 -2.478247 0.664998 -0.212701 0.616337 36.350000
4.606459 1.000640 -0.188587 -2.385763 -2.442401 0.674064 -0.222528 0.797516 36.400000
3.952380 1.389872 -0.221522 -2.399446 -2.398282 0.676427 -0.236132 0.949947 36.450000
3.681139 0.995368 -0.254198 -2.414062 -2.344362 0.668446 -0.253871 1.178448 36.500000
3.976930 1.169846 -0.286312 -2.429484 -2.286687 0.655635 -0.272332 1.135957 36.550000
2.996017 0.944937 -0.317798 -2.445705 -2.228379 0.644459 -0.289953 1.190504 36.600000
2.592454 1.331331 -0.348496 -2.462577 -2.170504 0.623501 -0.306075 1.132987 36.650000
3.528261 1.218209 -0.378189 -2.479812 -2.110333 0.597460 -0.321668 1.257120 36.700000
2.750649 1.641010 -0.406885 -2.497490 -2.047135 0.578579 -0.337008 1.269560 36.750000
3.484153 1.894936 -0.434559 -2.515597 -1.978942 0.549607 -0.352741 1.434430 36.800000
4.350056 1.479615 -0.461114 -2.534070 -1.902575 0.523137 -0.369694 1.596158 36.850000
5.292546 1.879007 -0.486602 -2.553190 -1.825291 0.503656 -0.385105 1.508409 36.900000
5.180726 1.545009 -0.511087 -2.573310 -1.746633 0.491427 -0.399606 1.621363 36.950000
4.867175 1.484773 -0.534506 -2.594534 -1.667769 0.477072 -0.412885 1.544826 37.000000
5.084158 1.792382 -0.556775 -2.616704 -1.592060 0.460887 -0.423778 1.491194 37.050000
5.536365 1.293126 -0.577829 -2.639733 -1.514890 0.445450 -0.433916 1.581709 37.100000
4.981345 1.464531 -0.597584 -2.663690 -1.440076 0.435273 -0.442213 1.432695 37.150000
5.864383 1.546327 -0.615999 -2.688504 -1.368399 0.421498 -0.448635 1.433629 37.200000
6.000000 1.712163 -0.632994 -2.714170 -1.295867 0.415355 -0.454579 1.463273 37.250000
5.150364 1.711441 -0.648437 -2.740805 -1.220597 0.408429 -0.460781 1.536573 37.300000
5.167041 1.376975 -0.662311 -2.768110 -1.142969 0.391793 -0.466786 1.563519 37.350000
4.681300 0.898672 -0.674641 -2.795803 -1.068119 0.377209 -0.470931 1.446764 37.400000
4.415811 1.309113 -0.685454 -2.823758 -1.002377 0.364255 -0.471773 1.214604 37.450000
4.569097 1.371077 -0.694822 -2.851832 -0.940146 0.351577 -0.471126 1.266335 37.500000
5.312074 1.558405 -0.702750 -2.879934 -0.875631 0.339426 -0.470513 1.307403 37.550000
4.989180 1.729035 -0.709100 -2.908131 -0.807830 0.332602 -0.470282 1.392003 37.600000
5.058354 1.312312 -0.713810 -2.936372 -0.735469 0.320143 -0.470652 1.487440 37.650000
5.140943 1.412042 -0.716923 -2.964496 -0.664510 0.309723 -0.470075 1.367399 37.700000
4.895045 1.343101 -0.718398 -2.992467 -0.596579 0.302509 -0.468429 1.351402 37.750000
4.676662 1.028994 -0.718264 -3.020185 -0.530012 0.294338 -0.466178 1.315525 37.800000
4.590317 1.362867 -0.716610 -3.047529 -0.468133 0.287664 -0.462673 1.177913 37.850000
3.977132 0.972747 -0.713492 -3.074424 -0.407385 0.281461 -0.458808 1.242406 37.900000
3.889239 0.530083 -0.709080 -3.100736 -0.348779 0.271476 -0.454288 1.117700 37.950000
3.217374 0.449318 -0.703509 -3.126394 -0.299392 0.267123 -0.447855 0.886948 38.000000
3.623197 0.876227 -0.696904 -3.151370 -0.259025 0.262597 -0.439810 0.744457 38.050000
3.654952 0.911892 -0.689306 -3.175652 -0.219010 0.262655 -0.431949 0.843637 38.100000
2.799222 1.183346 -0.680660 -3.199225 -0.175153 0.261180 -0.425063 0.902763 38.150000
3.403923 1.031729 -0.671213 -3.222010 -0.126322 0.249355 -0.419123 1.032583 38.200000
2.828119 0.963584 -0.661075 -3.243954 -0.074782 0.242465 -0.413537 1.028732 38.250000
3.334866 0.601280 -0.650265 -3.265045 -0.024229 0.231443 -0.407653 0.996491 38.300000
3.200270 0.418870 -0.638799 -3.285272 0.021111 0.228840 -0.400871 0.836785 38.350000
2.560717 0.511694 -0.626561 -3.304642 0.058769 0.229659 -0.393052 0.687312 38.400000
2.800727 0.357743 -0.613712 -3.323171 0.092106 0.227186 -0.384798 0.650047 38.450000
3.773884 0.789522 -0.600341 -3.340866 0.122325 0.229021 -0.376323 0.567935 38.500000
4.124684 1.005143 -0.586177 -3.357694 0.154451 0.239189 -0.368619 0.701867 38.550000
3.667820 1.405878 -0.570988 -3.373583 0.193817 0.248937 -0.362680 0.854560 38.600000
4.411903 1.486572 -0.554911 -3.388492 0.243006 0.249531 -0.358846 1.083363 38.650000
4.723400 1.440103 -0.538003 -3.402348 0.300966 0.252965 -0.356783 1.217068 38.700000
5.496727 1.429068 -0.520139 -3.415025 0.362990 0.257325 -0.355682 1.258404 38.750000
6.000000 1.850375 -0.501183 -3.426373 0.426338 0.268128 -0.355203 1.274030 38.800000
5.978318 1.901075 -0.480985 -3.436201 0.494831 0.280679 -0.356300 1.442477 38.850000
5.952743 2.042062 -0.459631 -3.444374 0.569567 0.289335 -0.359129 1.534167 38.900000
6.000000 1.705105 -0.437322 -3.450820 0.648893 0.294823 -0.363189 1.625680 38.950000
6.000000 1.315068 -0.414237 -3.455467 0.727720 0.300345 -0.367279 1.540768 39.000000
5.951535 1.353680 -0.390501 -3.458247 0.799684 0.308704 -0.370110 1.364216 39.050000
4.993392 1.553870 -0.366227 -3.459118 0.866272 0.318743 -0.372130 1.308078 39.100000
5.761193 1.255187 -0.341696 -3.458233 0.933197 0.319123 -0.374415 1.361492 39.150000
6.000000 0.818516 -0.317076 -3.455614 0.998742 0.327123 -0.376481 1.273405 39.200000
6.000000 1.025760 -0.292330 -3.451054 1.056684 0.340776 -0.377152 1.072473 39.250000
5.176097 0.786192 -0.267512 -3.444489 1.110137 0.356142 -0.377316 1.067425 39.300000
6.000000 1.203309 -0.242817 -3.436104 1.160901 0.364616 -0.377224 0.975658 39.350000
6.000000 1.275612 -0.218347 -3.425915 1.213157 0.379615 -0.377990 1.099454 39.400000
5.685008 1.158032 -0.194177 -3.413798 1.270583 0.391244 -0.380637 1.186793 39.450000
6.000000 0.872558 -0.170484 -3.399886 1.329817 0.398313 -0.384064 1.183743 39.500000
6.000000 1.322652 -0.147389 -3.384222 1.385943 0.409396 -0.386841 1.076637 39.550000
6.000000 1.552662 -0.124977 -3.366778 1.443422 0.419080 -0.390372 1.206021 39.600000
6.000000 1.632966 -0.103400 -3.347652 1.507894 0.424294 -0.396184 1.353125 39.650000
6.000000 1.265600 -0.082822 -3.326964 1.578256 0.425533 -0.403709 1.448276 39.700000
5.047891 1.265477 -0.063385 -3.304826 1.647933 0.426408 -0.410778 1.353129 39.750000
5.489883 0.971308 -0.045159 -3.281530 1.714475 0.419559 -0.416507 1.314025 39.800000
4.812943 0.880453 -0.028202 -3.257249 1.776538 0.419188 -0.420509 1.186412 39.850000
3.976955 1.154042 -0.012538 -3.232071 1.833300 0.415308 -0.422704 1.096104 39.900000
3.531861 1.374968 0.001885 -3.206382 1.889913 0.403756 -0.424481 1.159153 39.950000
3.187938 1.198464 0.015126 -3.180545 1.950963 0.385823 -0.426848 1.266803 40.000000
2.554335 1.498226 0.027236 -3.154805 2.013591 0.364329 -0.428682 1.240412 40.050000
1.726063 1.379271 0.038319 -3.129405 2.078355 0.336439 -0.429887 1.334795 40.100000
2.631357 1.542192 0.048560 -3.104680 2.144736 0.300970 -0.429944 1.319730 40.150000
2.377511 1.139782 0.057979 -3.080606 2.212062 0.274808 -0.428743 1.364774 40.200000
2.009597 1.124475 0.066520 -3.057048 2.276318 0.249282 -0.425761 1.223166 40.250000
1.801658 1.002328 0.074286 -3.034069 2.335374 0.224654 -0.420867 1.147251 40.300000
1.771996 1.284886 0.081377 -3.011719 2.390264 0.201854 -0.414520 1.058202 40.350000
1.830741 0.801746 0.087841 -2.989996 2.444952 0.180267 -0.407513 1.119315 40.400000
1.494923 0.524917 0.093687 -2.968872 2.496245 0.162466 -0.399567 0.952608 40.450000
0.775133 0.979488 0.098948 -2.948326 2.538517 0.147645 -0.390316 0.760715 40.500000
0.000000 0.567206 0.103806 -2.928436 2.578913 0.128217 -0.380706 0.843386 40.550000
0.249132 0.226795 0.108565 -2.909362 2.617431 0.103823 -0.370652 0.711406 40.600000
0.000000 0.141326 0.113302 -2.891092 2.647225 0.087523 -0.359805 0.503050 40.650000
0.193450 -0.084624 0.117969 -2.873541 2.668355 0.074122 -0.348535 0.356966 40.700000
1.130136 0.116438 0.122535 -2.856649 2.681400 0.067097 -0.337105 0.182179 40.750000
1.487643 0.196171 0.126727 -2.840248 2.690199 0.071143 -0.325860 0.170992 40.800000
1.712609 -0.043575 0.130279 -2.824185 2.699522 0.078262 -0.315079 0.199401 40.850000
1.622344 -0.374974 0.133089 -2.808395 2.707172 0.088039 -0.304631 0.115269 40.900000
2.487865 -0.304732 0.135131 -2.792845 2.707822 0.099549 -0.294139 -0.071199 40.950000
2.430447 -0.589659 0.136236 -2.777425 2.702275 0.121094 -0.283541 -0.142791 41.000000
3.291123 -0.834756 0.136252 -2.762028 2.690839 0.143420 -0.272669 -0.298026 41.050000
4.021537 -1.194075 0.135033 -2.746527 2.670941 0.175766 -0.260988 -0.477339 41.100000
3.415926 -1.242545 0.132287 -2.730691 2.640583 0.216914 -0.247720 -0.708838 41.150000
4.294404 -1.414598 0.128061 -2.714420 2.601548 0.253079 -0.232641 -0.836125 41.200000
4.951822 -1.395006 0.122403 -2.697588 2.556235 0.297049 -0.215738 -0.959847 41.250000
5.713325 -0.953119 0.115145 -2.679910 2.506929 0.345415 -0.197027 -1.005727 41.300000
4.796971 -0.481092 0.106188 -2.661121 2.460971 0.396827 -0.178130 -0.851645 41.350000
5.441098 -0.110125 0.095733 -2.641241 2.425704 0.434120 -0.161618 -0.590236 41.400000
5.909537 -0.400775 0.083957 -2.620361 2.404019 0.472344 -0.149126 -0.307927 41.450000
6.000000 -0.242274 0.070750 -2.598383 2.389400 0.511656 -0.138909 -0.279656 41.500000
5.217060 -0.350811 0.056100 -2.575258 2.377670 0.549483 -0.129745 -0.197816 41.550000
4.263549 0.147024 0.040202 -2.551142 2.367741 0.578048 -0.121329 -0.199397 41.600000
5.246028 0.328212 0.023407 -2.526359 2.363505 0.595581 -0.115446 0.009597 41.650000
5.943202 0.590579 0.005717 -2.500986 2.369326 0.619919 -0.114062 0.204625 41.700000
5.256785 0.349491 -0.013165 -2.474863 2.385577 0.648068 -0.117556 0.423483 41.750000
5.405398 0.609077 -0.033255 -2.448123 2.407286 0.667679 -0.123735 0.443862 41.800000
6.000000 0.880467 -0.054463 -2.420950 2.432846 0.686968 -0.131875 0.566326 41.850000
5.103452 1.075474 -0.076939 -2.393358 2.466101 0.709174 -0.143954 0.745053 41.900000
5.334944 1.168707 -0.100650 -2.365566 2.508166 0.719675 -0.160483 0.918577 41.950000
5.999310 1.291883 -0.125495 -2.337852 2.557656 0.729126 -0.180568 1.047376 42.000000
5.616768 1.205366 -0.151656 -2.310282 2.613319 0.741293 -0.203575 1.166769 42.050000
5.650322 1.396575 -0.179171 -2.283011 2.672546 0.746576 -0.228001 1.201187 42.100000
6.000000 1.795435 -0.207937 -2.256252 2.735430 0.748751 -0.253689 1.303578 42.150000
6.000000 1.904050 -0.237987 -2.230172 2.806474 0.748785 -0.282898 1.512080 42.200000
5.141656 1.698876 -0.269313 -2.204995 2.886043 0.742409 -0.315435 1.653469 42.250000
5.474796 1.472807 -0.301609 -2.180990 2.968506 0.723576 -0.347591 1.648941 42.300000
5.829190 1.552189 -0.334648 -2.158304 3.048783 0.706311 -0.376415 1.575820 42.350000
4.988534 1.627150 -0.368496 -2.136985 3.127793 0.690748 -0.402652 1.585394 42.400000
4.186008 2.099781 -0.402922 -2.117120 -3.075066 0.664585 -0.427408 1.623070 42.450000
4.651675 2.055517 -0.437408 -2.098768 -2.988471 0.625654 -0.452300 1.811168 42.500000
3.896995 2.059973 -0.471712 -2.081987 -2.896327 0.586330 -0.476261 1.865244 42.550000
3.294771 2.341243 -0.505642 -2.066752 -2.802550 0.537771 -0.497113 1.881094 42.600000
4.240504 2.686547 -0.538797 -2.052921 -2.705660 0.481045 -0.514820 1.975446 42.650000
4.778989 2.629637 -0.571150 -2.040467 -2.602650 0.428921 -0.530118 2.117429 42.700000
4.923791 2.422929 -0.602893 -2.029481 -2.496215 0.379520 -0.542105 2.133291 42.750000
4.001029 2.454281 -0.634091 -2.019993 -2.391852 0.333583 -0.549498 2.050981 42.800000
3.397707 2.331260 -0.664591 -2.011833 -2.290238 0.282219 -0.552405 2.014590 42.850000
3.815745 2.407075 -0.694160 -2.004696 -2.191617 0.229412 -0.550886 1.937500 42.900000
4.549264 2.583501 -0.722817 -1.998518 -2.095229 0.184652 -0.545676 1.916697 42.950000
5.027806 2.865359 -0.750722 -1.993496 -1.998168 0.148787 -0.537979 1.955570 43.000000
5.919993 2.646427 -0.777967 -1.989847 -1.897381 0.117176 -0.528594 2.055917 43.050000
5.797113 2.520519 -0.804584 -1.987831 -1.796025 0.096048 -0.517685 2.004650 43.100000
6.000000 2.320688 -0.830530 -1.987622 -1.697813 0.078337 -0.505576 1.933625 43.150000
6.000000 2.656223 -0.855694 -1.989249 -1.604099 0.067884 -0.492687 1.830467 43.200000
6.000000 2.946534 -0.879952 -1.992750 -1.510300 0.059412 -0.479670 1.908053 43.250000
6.000000 2.935601 -0.903167 -1.998044 -1.411143 0.049473 -0.466726 2.036131 43.300000
6.000000 2.583690 -0.925199 -2.005020 -1.308181 0.039285 -0.453644 2.074875 43.350000
6.000000 2.710285 -0.945908 -2.013594 -1.207717 0.032832 -0.440338 1.961849 43.400000
6.000000 2.868623 -0.965149 -2.023700 -1.109560 0.029777 -0.427142 1.963767 43.450000
5.839834 2.621899 -0.982792 -2.035226 -1.009743 0.027621 -0.414283 2.019478 43.500000
5.919338 2.173619 -0.998736 -2.048007 -0.910738 0.026223 -0.401725 1.951736 43.550000
5.237220 2.012651 -1.012862 -2.061911 -0.818520 0.030907 -0.389580 1.766862 43.600000
5.238557 1.733369 -1.025142 -2.076733 -0.733885 0.034493 -0.377978 1.638588 43.650000
5.827366 2.177071 -1.035587 -2.092257 -0.656334 0.042823 -0.366954 1.486689 43.700000
6.000000 2.497774 -1.044018 -2.108451 -0.578992 0.057517 -0.356995 1.592138 43.750000
6.000000 2.670339 -1.050273 -2.125236 -0.494720 0.070921 -0.348491 1.754453 43.800000
6.000000 2.984291 -1.054326 -2.142413 -0.403326 0.081385 -0.341386 1.881615 43.850000
6.000000 3.000000 -1.056197 -2.159751 -0.304574 0.088882 -0.335569 2.042369 43.900000
6.000000 3.000000 -1.055923 -2.177013 -0.200568 0.094438 -0.330745 2.107209 43.950000
6.000000 3.000000 -1.053546 -2.193969 -0.094511 0.099500 -0.326621 2.131205 44.000000
5.959341 3.000000 -1.049121 -2.210395 0.012317 0.104581 -0.323080 2.140583 44.050000
4.972475 2.870514 -1.042729 -2.226075 0.119463 0.109426 -0.320067 2.144768 44.100000
4.047481 2.453793 -1.034702 -2.240840 0.225422 0.105855 -0.317107 2.100791 44.150000
3.661283 2.214498 -1.025551 -2.254631 0.325690 0.096730 -0.313348 1.936569 44.200000
2.992478 2.200474 -1.015604 -2.267438 0.418229 0.088194 -0.308585 1.788200 44.250000
2.161539 2.115454 -1.005111 -2.279296 0.505802 0.076464 -0.303041 1.724041 44.300000
3.091034 2.111962 -0.994407 -2.290332 0.590317 0.059401 -0.296646 1.664723 44.350000
2.554897 1.901108 -0.983488 -2.300505 0.672781 0.053200 -0.289700 1.637566 44.400000
3.143329 2.099121 -0.972302 -2.309743 0.752083 0.044264 -0.282439 1.547551 44.450000
3.147378 1.628916 -0.960874 -2.318005 0.830487 0.042257 -0.275110 1.583107 44.500000
3.377526 1.728574 -0.949157 -2.325167 0.905057 0.042545 -0.267860 1.423228 44.550000
4.081255 1.785757 -0.937166 -2.331149 0.975402 0.047192 -0.260874 1.394857 44.600000
3.515724 2.225732 -0.924851 -2.335748 1.045448 0.058943 -0.254539 1.405887 44.650000
3.584207 2.563861 -0.912296 -2.338935 1.120594 0.063816 -0.249078 1.575127 44.700000
3.486488 2.278539 -0.899682 -2.340837 1.204879 0.066604 -0.244439 1.766780 44.750000
3.994189 2.361240 -0.887132 -2.341489 1.292382 0.067829 -0.240216 1.737863 44.800000
3.462090 2.833201 -0.874726 -2.340806 1.379828 0.074223 -0.236382 1.757177 44.850000
2.781389 3.000000 -0.862580 -2.338828 1.472827 0.074079 -0.233184 1.934329 44.900000
3.710072 3.000000 -0.850841 -2.335895 1.573157 0.065703 -0.230168 2.057964 44.950000
4.684008 3.000000 -0.839609 -2.332001 1.677337 0.065499 -0.227130 2.101794 45.000000
5.242407 2.580193 -0.829026 -2.326763 1.782894 0.074332 -0.224589 2.118084 45.050000
5.943563 2.311642 -0.819305 -2.319909 1.884706 0.089468 -0.222801 1.978321 45.100000
6.000000 2.582082 -0.810711 -2.311255 1.979427 0.112863 -0.221962 1.834695 45.150000
5.235987 2.487424 -0.803486 -2.300778 2.072493 0.136400 -0.222621 1.881419 45.200000
4.642533 2.435624 -0.797713 -2.288811 2.166163 0.151586 -0.224592 1.868216 45.250000
3.742059 2.545005 -0.793347 -2.275802 2.258943 0.160656 -0.227200 1.846848 45.300000
4.210724 2.765709 -0.790250 -2.262182 2.352213 0.160511 -0.230071 1.878889 45.350000
5.206182 3.000000 -0.788406 -2.248173 2.448803 0.163300 -0.233322 1.970067 45.400000
4.303738 2.790057 -0.788104 -2.233716 2.550724 0.173049 -0.237539 2.087688 45.450000
3.947138 3.000000 -0.789373 -2.218989 2.654222 0.172915 -0.242128 2.057455 45.500000
4.251239 3.000000 -0.791965 -2.204314 2.758933 0.168439 -0.246541 2.120316 45.550000
3.977873 3.000000 -0.795850 -2.189851 2.865599 0.165693 -0.250760 2.142535 45.600000
4.602591 2.800983 -0.800999 -2.175736 2.972949 0.159697 -0.254574 2.150015 45.650000
4.303566 2.323113 -0.807452 -2.162095 3.078491 0.159855 -0.257818 2.083116 45.700000
4.947030 2.192157 -0.815246 -2.149043 -3.106143 0.159282 -0.260123 1.890660 45.750000
4.049926 1.693744 -0.824431 -2.136710 -3.015027 0.167077 -0.261744 1.773121 45.800000
3.875585 1.759385 -0.834901 -2.125195 -2.932876 0.169265 -0.262547 1.547547 45.850000
3.300493 1.520916 -0.846376 -2.114548 -2.857384 0.172062 -0.262676 1.481976 45.900000
3.557907 1.144542 -0.858638 -2.104786 -2.786593 0.171092 -0.262269 1.366350 45.950000
2.642554 1.127081 -0.871585 -2.095938 -2.723707 0.175430 -0.260979 1.175769 46.000000
2.320334 0.913806 -0.885059 -2.087975 -2.667465 0.173573 -0.258975 1.085828 46.050000
2.375007 1.247647 -0.898783 -2.080791 -2.616662 0.170867 -0.256280 0.962187 46.100000
2.197831 0.758296 -0.912691 -2.074369 -2.566495 0.169179 -0.253537 1.034906 46.150000
2.128059 0.324882 -0.926731 -2.068698 -2.519208 0.167090 -0.250463 0.876600 46.200000
1.798278 0.610266 -0.940865 -2.063754 -2.482295 0.168152 -0.246237 0.629533 46.250000
1.546365 0.647487 -0.955047 -2.059487 -2.451001 0.168184 -0.241513 0.622834 46.300000
0.968446 0.372342 -0.969165 -2.055810 -2.419552 0.166021 -0.236951 0.633667 46.350000
0.101900 0.400331 -0.983069 -2.052587 -2.390850 0.159644 -0.232130 0.526227 46.400000
0.656697 0.370024 -0.996535 -2.049587 -2.365784 0.146786 -0.226887 0.480777 46.450000
0.283772 -0.035925 -1.009540 -2.046761 -2.342791 0.140382 -0.221443 0.442722 46.500000
0.016651 0.303595 -1.022147 -2.044137 -2.325885 0.132736 -0.215482 0.253083 46.550000
0.717590 -0.128532 -1.034296 -2.041613 -2.312158 0.123950 -0.209340 0.291521 46.600000
1.434880 -0.117562 -1.046079 -2.039265 -2.302036 0.123131 -0.203046 0.129491 46.650000
0.806533 0.050912 -1.057754 -2.037345 -2.297891 0.130711 -0.196454 0.044595 46.700000
0.672694 0.417619 -1.069348 -2.035857 -2.294996 0.132526 -0.189993 0.068829 46.750000
0.846028 0.632179 -1.080739 -2.034654 -2.286925 0.131743 -0.184247 0.237186 46.800000
0.000000 0.685410 -1.091913 -2.033725 -2.270097 0.130503 -0.179514 0.416853 46.850000
0.000000 0.831368 -1.102745 -2.032929 -2.246078 0.119823 -0.175510 0.530841 46.900000
0.980881 0.534319 -1.113104 -2.032102 -2.216321 0.108326 -0.171921 0.645786 46.950000
1.933793 0.508281 -1.123138 -2.031423 -2.185811 0.106349 -0.168370 0.581861 47.000000
1.782629 0.500237 -1.133121 -2.031257 -2.157902 0.114035 -0.164802 0.539470 47.050000
0.875723 0.700561 -1.143150 -2.031755 -2.131601 0.120510 -0.161364 0.515399 47.100000
0.890058 0.945451 -1.153076 -2.032695 -2.103902 0.118128 -0.158204 0.584572 47.150000
0.993095 1.223553 -1.162775 -2.033887 -2.070967 0.114968 -0.155535 0.717156 47.200000
0.912937 0.761009 -1.172242 -2.035339 -2.030219 0.111356 -0.153511 0.891257 47.250000
1.174314 0.714730 -1.181463 -2.037042 -1.988487 0.107046 -0.151510 0.790338 47.300000
0.215929 1.202927 -1.190460 -2.039035 -1.950846 0.106282 -0.149194 0.723309 47.350000
0.217939 1.110566 -1.199176 -2.041163 -1.910161 0.096145 -0.147032 0.884025 47.400000
0.702643 1.142637 -1.207529 -2.043205 -1.864885 0.085620 -0.144941 0.921933 47.450000
1.193358 0.873671 -1.215566 -2.045265 -1.817963 0.079809 -0.142758 0.951035 47.500000
0.651440 1.041688 -1.223352 -2.047563 -1.773011 0.079299 -0.140430 0.858635 47.550000
0.308896 1.363513 -1.230889 -2.050086 -1.729446 0.074177 -0.138018 0.881025 47.600000
0.000000 1.482036 -1.238141 -2.052624 -1.681568 0.065406 -0.135689 1.016489 47.650000
0.583503 1.665870 -1.245095 -2.055011 -1.627730 0.053160 -0.133331 1.122647 47.700000
0.287125 1.842419 -1.251767 -2.057307 -1.568289 0.045972 -0.130882 1.238955 47.750000
0.903674 1.618944 -1.258175 -2.059567 -1.503026 0.035478 -0.128309 1.354984 47.800000
1.305462 1.647377 -1.264321 -2.061861 -1.436292 0.031095 -0.125514 1.319302 47.850000
1.342657 1.691824 -1.270180 -2.064423 -1.370459 0.031016 -0.122691 1.314648 47.900000
2.005668 1.735336 -1.275719 -2.067344 -1.304306 0.031479 -0.119982 1.329378 47.950000
1.777339 1.384761 -1.280874 -2.070761 -1.237187 0.038163 -0.117562 1.352278 48.000000
1.973692 1.384102 -1.285583 -2.074739 -1.173056 0.043153 -0.115410 1.230130 48.050000
1.756735 1.480248 -1.289814 -2.079242 -1.113045 0.050595 -0.113482 1.177634 48.100000
1.379015 1.563709 -1.293541 -2.084233 -1.053761 0.055995 -0.111870 1.191888 48.150000
0.669717 1.380389 -1.296809 -2.089550 -0.993080 0.057590 -0.110518 1.230117 48.200000
0.000000 1.506830 -1.299744 -2.094949 -0.933091 0.052748 -0.109111 1.176670 48.250000
0.312223 1.796686 -1.302533 -2.100161 -0.873564 0.042057 -0.107404 1.200850 48.300000
0.000000 1.966655 -1.305235 -2.105129 -0.810108 0.034249 -0.105471 1.320559 48.350000
0.000000 1.679838 -1.307868 -2.109862 -0.740823 0.023184 -0.103295 1.434308 48.400000
0.000000 2.179750 -1.310499 -2.114324 -0.670837 0.012661 -0.100669 1.373636 48.450000
0.000000 1.728570 -1.313139 -2.118542 -0.597557 0.002356 -0.097632 1.533920 48.500000
0.992100 1.599186 -1.315799 -2.122538 -0.523795 -0.007305 -0.094176 1.431447 48.550000
0.644194 1.670698 -1.318276 -2.126451 -0.454825 -0.006433 -0.090632 1.340431 48.600000
1.496642 2.108272 -1.320431 -2.130357 -0.388129 -0.008229 -0.087200 1.328989 48.650000
2.006965 2.000496 -1.322153 -2.134278 -0.317127 -0.002231 -0.083978 1.488152 48.700000
2.536827 1.821664 -1.323150 -2.138283 -0.241979 0.008110 -0.081285 1.514094 48.750000
2.345214 1.594962 -1.323195 -2.142366 -0.167855 0.023338 -0.079355 1.459161 48.800000
2.868116 1.829101 -1.322225 -2.146461 -0.097946 0.036821 -0.078155 1.352729 48.850000
3.755166 2.306661 -1.320182 -2.150486 -0.029054 0.054842 -0.077759 1.396885 48.900000
4.310620 2.786266 -1.316780 -2.154357 0.046433 0.079705 -0.078767 1.593833 48.950000
5.210874 2.480801 -1.311756 -2.157921 0.133469 0.107326 -0.081935 1.848325 49.000000
5.511937 2.119458 -1.304884 -2.160951 0.225566 0.141184 -0.087324 1.837868 49.050000
5.890165 1.666307 -1.296023 -2.163189 0.313640 0.176265 -0.094318 1.706541 49.100000
5.672442 1.784954 -1.285175 -2.164397 0.392799 0.213812 -0.102097 1.492985 49.150000
6.000000 1.810711 -1.272467 -2.164408 0.466318 0.247811 -0.110725 1.454444 49.200000
5.484449 2.040445 -1.258056 -2.163067 0.538962 0.282737 -0.120705 1.452805 49.250000
6.000000 1.758472 -1.242181 -2.160279 0.614141 0.310000 -0.132498 1.542395 49.300000
6.000000 2.026396 -1.225056 -2.155930 0.689438 0.339697 -0.145417 1.480242 49.350000
6.000000 2.173122 -1.206796 -2.149865 0.765714 0.366630 -0.159678 1.560553 49.400000
6.000000 1.718394 -1.187645 -2.142011 0.846380 0.389915 -0.175996 1.653783 49.450000
5.314598 1.591801 -1.167851 -2.132317 0.925508 0.410861 -0.192545 1.531680 49.500000
5.872151 1.167724 -1.147706 -2.120894 0.999497 0.424283 -0.207961 1.442642 49.550000
5.394051 1.556481 -1.127387 -2.107763 1.066195 0.443013 -0.221416 1.253896 49.600000
5.485474 1.892689 -1.107012 -2.092924 1.130945 0.455948 -0.234567 1.327408 49.650000
6.000000 2.178031 -1.086808 -2.076491 1.201958 0.465911 -0.249858 1.491178 49.700000
5.835736 2.587329 -1.066948 -2.058385 1.281633 0.475608 -0.268023 1.670750 49.750000
5.469202 2.707959 -1.047659 -2.038621 1.371669 0.477350 -0.289398 1.896859 49.800000
5.740230 2.727701 -1.029234 -2.017451 1.470380 0.469365 -0.312728 2.031064 49.850000
6.000000 3.000000 -1.011895 -1.995045 1.573687 0.459088 -0.336100 2.092314 49.900000
6.000000 2.982820 -0.995818 -1.971446 1.681830 0.446108 -0.359355 2.213717 49.950000
