0.051044 -0.171011 0.344623 -0.558850 -1.696600 0.682432 0.000000 -0.180349 0.000000
0.000000 0.292971 0.340385 -0.592033 -1.705457 0.655845 0.004224 -0.174988 0.050000
0.768768 0.635438 0.336255 -0.623907 -1.708765 0.629904 0.005599 0.023570 0.100000
0.381257 0.825594 0.332283 -0.654703 -1.700523 0.612238 0.001759 0.281092 0.150000
0.000000 1.156024 0.328550 -0.684564 -1.680393 0.591601 -0.006937 0.501325 0.200000
0.000000 1.444659 0.325158 -0.713356 -1.648356 0.567769 -0.019937 0.752300 0.250000
0.000000 1.812414 0.322185 -0.741025 -1.603991 0.543798 -0.036837 0.993658 0.300000
0.715877 1.986884 0.319689 -0.767585 -1.547008 0.518890 -0.057169 1.252617 0.350000
0.370835 2.098562 0.317720 -0.793196 -1.479136 0.498977 -0.079857 1.437755 0.400000
1.208138 1.810503 0.316298 -0.817909 -1.403696 0.473619 -0.103295 1.563006 0.450000
1.793197 1.652177 0.315432 -0.841800 -1.326999 0.454562 -0.125150 1.513682 0.500000
0.962058 1.907683 0.315147 -0.865166 -1.253451 0.440159 -0.144333 1.440228 0.550000
0.487983 1.565963 0.315385 -0.887924 -1.179493 0.416705 -0.161987 1.508761 0.600000
1.225664 1.324643 0.316003 -0.909764 -1.106839 0.388449 -0.177289 1.411781 0.650000
0.709138 1.086371 0.316970 -0.930764 -1.039970 0.368272 -0.189244 1.281618 0.700000
0.082514 1.181803 0.318248 -0.951014 -0.980051 0.344991 -0.197982 1.134936 0.750000
0.003780 1.458085 0.319645 -0.970339 -0.924137 0.317294 -0.204383 1.105003 0.800000
0.000000 1.555140 0.321031 -0.988649 -0.866322 0.288978 -0.209855 1.194693 0.850000
0.000000 1.278882 0.322358 -1.005958 -0.804498 0.260183 -0.214743 1.267323 0.900000
0.742715 1.112211 0.323590 -1.022306 -0.743310 0.232356 -0.218103 1.189926 0.950000
1.186017 1.380755 0.324828 -1.037879 -0.686662 0.213656 -0.219610 1.088889 1.000000
1.346526 0.896315 0.326268 -1.052907 -0.630620 0.199893 -0.220324 1.144775 1.050000
0.992086 0.627361 0.328011 -1.067491 -0.578008 0.189161 -0.220042 0.980810 1.100000
1.160806 0.840495 0.330023 -1.081641 -0.534092 0.178202 -0.218227 0.798218 1.150000
0.879207 0.760455 0.332276 -1.095374 -0.494280 0.170566 -0.215680 0.794350 1.200000
0.082252 0.758946 0.334747 -1.108692 -0.455545 0.161064 -0.212850 0.758862 1.250000
0.000000 0.785172 0.337207 -1.121501 -0.418152 0.145065 -0.209620 0.738585 1.300000
0.808107 0.396153 0.339475 -1.133743 -0.381272 0.129231 -0.206029 0.736202 1.350000
0.174208 0.845629 0.341719 -1.145517 -0.348905 0.122948 -0.201866 0.576791 1.400000
0.485266 1.197168 0.343988 -1.156871 -0.317249 0.111390 -0.197585 0.677245 1.450000
0.973867 1.335606 0.346201 -1.167787 -0.278129 0.101358 -0.193778 0.864363 1.500000
0.464082 1.533278 0.348516 -1.178316 -0.230935 0.094338 -0.190429 1.005134 1.550000
0.952114 1.372480 0.350901 -1.188456 -0.176737 0.081263 -0.187294 1.143867 1.600000
1.187631 1.138749 0.353333 -1.198206 -0.119587 0.072713 -0.184011 1.142048 1.650000
1.934145 1.448976 0.355982 -1.207602 -0.065081 0.067591 -0.180430 1.050201 1.700000
2.496442 1.728317 0.359076 -1.216657 -0.010356 0.069809 -0.176936 1.128410 1.750000
2.398992 1.781693 0.362897 -1.225353 0.050088 0.076048 -0.174032 1.270084 1.800000
2.992677 2.162785 0.367503 -1.233640 0.115916 0.080098 -0.171745 1.351651 1.850000
2.115019 1.676973 0.372957 -1.241448 0.188569 0.088104 -0.170240 1.528838 1.900000
2.761136 1.799756 0.379130 -1.248732 0.261934 0.087620 -0.169003 1.421465 1.950000
3.092896 2.117936 0.385932 -1.255449 0.333055 0.093792 -0.167821 1.423279 2.000000
2.893644 1.951214 0.393529 -1.261480 0.407650 0.102108 -0.167301 1.543098 2.050000
1.963807 2.321988 0.401869 -1.266759 0.484452 0.107781 -0.167324 1.530974 2.100000
2.251888 2.163501 0.410642 -1.271359 0.564787 0.103776 -0.167663 1.662392 2.150000
2.263898 1.921690 0.419648 -1.275324 0.647727 0.101972 -0.168008 1.656151 2.200000
2.810687 1.934175 0.428898 -1.278595 0.727912 0.100954 -0.168054 1.565003 2.250000
1.916190 1.862326 0.438443 -1.281060 0.805250 0.105704 -0.168000 1.533372 2.300000
0.931796 2.120252 0.448171 -1.282762 0.880791 0.102379 -0.167851 1.494019 2.350000
0.771135 1.891076 0.457750 -1.284030 0.957749 0.089739 -0.167376 1.572248 2.400000
0.097724 2.226818 0.467006 -1.285088 1.034803 0.076150 -0.166200 1.517605 2.450000
0.000000 2.688669 0.475856 -1.286114 1.113559 0.056595 -0.164234 1.617083 2.500000
0.000000 2.833889 0.484243 -1.287291 1.200345 0.035349 -0.161452 1.821761 2.550000
0.000000 2.914787 0.492203 -1.288673 1.295143 0.013559 -0.157573 1.948907 2.600000
0.583410 2.797432 0.499797 -1.290279 1.394733 -0.007842 -0.152377 2.022030 2.650000
1.403267 2.905255 0.507110 -1.291976 1.495359 -0.022451 -0.146074 2.005378 2.700000
2.338712 3.000000 0.514209 -1.293423 1.596538 -0.028102 -0.139257 2.036495 2.750000
1.518535 2.729846 0.521079 -1.294210 1.699663 -0.024274 -0.132579 2.081141 2.800000
1.335242 3.000000 0.527673 -1.294323 1.801421 -0.027066 -0.126185 2.002309 2.850000
1.933555 2.642392 0.533982 -1.294005 1.903478 -0.030627 -0.119781 2.068789 2.900000
2.172219 2.918233 0.539933 -1.293178 2.003946 -0.027370 -0.113614 1.966957 2.950000
2.276599 2.927012 0.545398 -1.291685 2.104065 -0.021162 -0.108014 2.027854 3.000000
3.233001 2.853134 0.550276 -1.289510 2.206205 -0.013790 -0.103065 2.053608 3.050000
3.571418 3.000000 0.554350 -1.286528 2.308418 0.002805 -0.099160 2.037863 3.100000
3.363953 2.618667 0.557342 -1.282623 2.411681 0.022229 -0.096719 2.085063 3.150000
4.272200 2.519469 0.559153 -1.277923 2.512544 0.039554 -0.095646 1.969042 3.200000
3.863393 2.896494 0.559577 -1.272494 2.608769 0.065325 -0.095991 1.892827 3.250000
4.825245 2.609302 0.558475 -1.266452 2.706525 0.085967 -0.098019 2.000217 3.300000
4.881738 2.760662 0.555702 -1.259960 2.804763 0.114327 -0.101704 1.939842 3.350000
4.511864 2.378089 0.551038 -1.253153 2.902726 0.141560 -0.107196 1.973744 3.400000
4.658821 2.032035 0.544582 -1.246291 2.997879 0.163924 -0.113905 1.852669 3.450000
4.406482 2.469781 0.536428 -1.239589 3.085646 0.187078 -0.120995 1.685029 3.500000
3.857255 2.003544 0.526666 -1.233227 -3.110511 0.206216 -0.129093 1.781741 3.550000
3.472426 1.684489 0.515574 -1.227371 -3.025163 0.218834 -0.137614 1.652834 3.600000
2.946837 1.437159 0.503444 -1.222119 -2.947296 0.227883 -0.145304 1.487216 3.650000
3.677993 1.499182 0.490546 -1.217507 -2.877464 0.232566 -0.151792 1.329210 3.700000
3.980743 1.136669 0.476884 -1.213601 -2.812192 0.244228 -0.157697 1.288064 3.750000
3.352769 1.276868 0.462291 -1.210527 -2.752149 0.258884 -0.163060 1.135275 3.800000
3.585681 1.330667 0.446904 -1.208303 -2.695709 0.267520 -0.168074 1.124287 3.850000
3.081323 0.938570 0.430883 -1.206937 -2.638997 0.277525 -0.173345 1.142348 3.900000
2.349645 0.569476 0.414356 -1.206432 -2.585881 0.282929 -0.178011 1.001328 3.950000
2.205701 0.357078 0.397605 -1.206649 -2.541666 0.283217 -0.180824 0.793514 4.000000
2.860631 0.237466 0.380792 -1.207475 -2.507122 0.284420 -0.181610 0.610052 4.050000
2.024143 0.036660 0.363805 -1.208971 -2.480489 0.293593 -0.180867 0.471175 4.100000
1.451500 0.187779 0.346665 -1.211099 -2.461180 0.296471 -0.178726 0.317627 4.150000
1.225718 0.668154 0.329616 -1.213641 -2.445814 0.294930 -0.175846 0.298775 4.200000
1.785781 1.126363 0.312805 -1.216473 -2.425670 0.290270 -0.174034 0.486518 4.250000
0.905938 0.754115 0.296215 -1.219651 -2.393512 0.288176 -0.174719 0.767094 4.300000
0.149452 1.252239 0.279959 -1.223127 -2.355503 0.276556 -0.176386 0.754478 4.350000
0.389117 1.523807 0.264320 -1.226627 -2.312450 0.257056 -0.178532 0.943581 4.400000
0.104118 1.274362 0.249396 -1.230058 -2.259869 0.238067 -0.181694 1.134145 4.450000
0.000000 1.525141 0.235195 -1.233391 -2.203519 0.216022 -0.184586 1.120969 4.500000
0.022097 1.755575 0.221739 -1.236537 -2.144971 0.193117 -0.186794 1.208399 4.550000
0.000000 2.178827 0.209010 -1.239457 -2.081046 0.169773 -0.188655 1.330770 4.600000
0.615514 2.385720 0.196980 -1.242121 -2.008570 0.144776 -0.190307 1.537314 4.650000
0.268758 2.123225 0.185568 -1.244620 -1.927179 0.124006 -0.191577 1.693822 4.700000
1.151985 1.732884 0.174714 -1.246975 -1.843540 0.100147 -0.191683 1.656627 4.750000
0.754115 1.969415 0.164339 -1.249305 -1.765311 0.086876 -0.190318 1.496116 4.800000
1.698506 1.714969 0.154373 -1.251729 -1.689906 0.071324 -0.188042 1.516511 4.850000
1.650859 1.607109 0.144792 -1.254375 -1.616585 0.065928 -0.185180 1.428927 4.900000
2.140073 1.346688 0.135578 -1.257456 -1.547347 0.061607 -0.181978 1.351540 4.950000
1.885604 1.832373 0.126754 -1.261077 -1.483509 0.063624 -0.178587 1.220317 5.000000
1.644456 2.145321 0.118348 -1.265282 -1.418858 0.063287 -0.175403 1.347812 5.050000
0.983413 1.708684 0.110374 -1.269915 -1.346592 0.059192 -0.172560 1.517895 5.100000
0.562605 2.092720 0.102807 -1.274733 -1.273366 0.049174 -0.169476 1.424485 5.150000
1.148761 2.034485 0.095578 -1.279489 -1.199186 0.035732 -0.165919 1.527173 5.200000
0.853659 2.507031 0.088692 -1.284215 -1.122279 0.028015 -0.161988 1.546035 5.250000
0.961322 2.497647 0.082163 -1.288969 -1.039796 0.017058 -0.157773 1.725500 5.300000
0.987896 2.277210 0.075959 -1.293695 -0.951629 0.006811 -0.153126 1.790640 5.350000
0.845314 2.245268 0.070091 -1.298417 -0.863701 -0.002177 -0.148032 1.734956 5.400000
0.856202 2.584074 0.064543 -1.303123 -0.777931 -0.011103 -0.142564 1.700925 5.450000
0.252447 2.246708 0.059295 -1.307796 -0.689738 -0.019397 -0.136734 1.809530 5.500000
0.000000 2.007451 0.054235 -1.312353 -0.601601 -0.032262 -0.130437 1.728422 5.550000
0.733637 2.179502 0.049207 -1.316705 -0.518622 -0.045325 -0.123686 1.608836 5.600000
0.000000 2.366473 0.044321 -1.320942 -0.437741 -0.049965 -0.116719 1.624037 5.650000
0.511103 2.780705 0.039577 -1.325090 -0.354406 -0.060848 -0.109444 1.697869 5.700000
1.100102 2.325123 0.034928 -1.329144 -0.264359 -0.066677 -0.101620 1.875819 5.750000
1.558891 2.434089 0.030624 -1.333190 -0.173349 -0.065986 -0.093852 1.779950 5.800000
0.786898 2.734522 0.026920 -1.337254 -0.084259 -0.059900 -0.086661 1.783296 5.850000
0.705010 2.245717 0.023743 -1.341294 0.008082 -0.060737 -0.079743 1.892890 5.900000
0.000000 2.658040 0.020895 -1.345271 0.098849 -0.061291 -0.073079 1.759136 5.950000
0.650295 2.768445 0.018204 -1.349188 0.189633 -0.067565 -0.066422 1.856710 6.000000
1.205188 3.000000 0.015666 -1.353040 0.284685 -0.067090 -0.059603 1.933061 6.050000
0.246087 2.755750 0.013561 -1.356745 0.384558 -0.060979 -0.053024 2.043698 6.100000
0.000000 3.000000 0.011792 -1.360318 0.485411 -0.063215 -0.046755 1.998086 6.150000
0.459777 3.000000 0.010106 -1.363857 0.587348 -0.066860 -0.040438 2.067796 6.200000
0.000000 3.000000 0.008561 -1.367326 0.691475 -0.065333 -0.034158 2.093113 6.250000
0.000000 2.660522 0.007171 -1.370719 0.796401 -0.067299 -0.028035 2.102422 6.300000
0.000000 2.227643 0.005865 -1.374092 0.898146 -0.068231 -0.022166 1.986738 6.350000
0.000000 2.008286 0.004656 -1.377430 0.991783 -0.068145 -0.016861 1.790435 6.400000
0.000000 2.107041 0.003547 -1.380713 1.076855 -0.067262 -0.012182 1.636396 6.450000
0.746617 1.959758 0.002539 -1.383926 1.157976 -0.065845 -0.007920 1.612172 6.500000
0.161943 1.463943 0.001695 -1.386897 1.236757 -0.057083 -0.004200 1.548661 6.550000
0.000000 1.061680 0.001009 -1.389584 1.308184 -0.053703 -0.001236 1.338915 6.600000
0.313763 0.777635 0.000405 -1.392150 1.368272 -0.051702 0.001064 1.097680 6.650000
0.002220 0.335910 -0.000126 -1.394554 1.417013 -0.046727 0.002739 0.880032 6.700000
0.000000 0.793410 -0.000598 -1.396799 1.453244 -0.044800 0.003829 0.602434 6.750000
0.403279 0.578733 -0.001033 -1.398960 1.484703 -0.042946 0.004683 0.650357 6.800000
0.000000 0.600566 -0.001428 -1.400944 1.515468 -0.037384 0.005406 0.587529 6.850000
0.692187 0.701069 -0.001787 -1.402760 1.544217 -0.035768 0.005973 0.565009 6.900000
0.000000 1.026852 -0.002118 -1.404343 1.573288 -0.027756 0.006428 0.594434 6.950000
0.644296 1.461384 -0.002425 -1.405703 1.607081 -0.026418 0.006863 0.740135 7.000000
0.000000 1.035104 -0.002716 -1.406857 1.650890 -0.019023 0.007335 0.982002 7.050000
0.000000 0.717793 -0.002995 -1.407813 1.698456 -0.017830 0.007712 0.927581 7.100000
0.000000 0.564671 -0.003255 -1.408725 1.740614 -0.016718 0.007970 0.777377 7.150000
0.000000 0.467751 -0.003499 -1.409596 1.775761 -0.015713 0.008107 0.644312 7.200000
0.305148 0.298047 -0.003729 -1.410429 1.805057 -0.014806 0.008152 0.539514 7.250000
0.959412 0.625290 -0.003966 -1.411157 1.828636 -0.011159 0.008096 0.417153 7.300000
0.379759 0.467916 -0.004269 -1.411569 1.851470 -0.001579 0.007923 0.488374 7.350000
0.000000 0.800341 -0.004647 -1.411665 1.875114 0.002258 0.007649 0.460476 7.400000
0.000000 1.087889 -0.005040 -1.411670 1.901514 0.002442 0.007347 0.581865 7.450000
0.000000 0.719837 -0.005422 -1.411672 1.935536 0.002682 0.007036 0.758234 7.500000
0.000000 0.298447 -0.005793 -1.411671 1.971735 0.002920 0.006726 0.697031 7.550000
0.266834 0.410897 -0.006155 -1.411666 2.001013 0.003072 0.006437 0.497030 7.600000
0.753099 0.669918 -0.006533 -1.411604 2.024324 0.005636 0.006147 0.441528 7.650000
1.312882 0.609310 -0.007006 -1.411329 2.048554 0.012622 0.005779 0.519056 7.700000
0.709698 0.271231 -0.007690 -1.410639 2.074917 0.024550 0.005233 0.533786 7.750000
0.173794 0.214915 -0.008582 -1.409565 2.097977 0.030385 0.004606 0.403000 7.800000
0.000000 0.514911 -0.009552 -1.408357 2.115600 0.030970 0.004066 0.311636 7.850000
0.629671 0.910442 -0.010514 -1.407162 2.133289 0.029906 0.003545 0.387832 7.900000
0.000000 1.238371 -0.011528 -1.405892 2.158287 0.034751 0.002845 0.589631 7.950000
0.273485 0.839175 -0.012596 -1.404554 2.194270 0.033569 0.001873 0.821989 8.000000
0.000000 0.405822 -0.013679 -1.403225 2.234057 0.034932 0.000838 0.775221 8.050000
0.000000 0.620566 -0.014773 -1.401904 2.267344 0.033647 -0.000004 0.579262 8.100000
0.000000 0.226983 -0.015836 -1.400642 2.296016 0.032379 -0.000679 0.568813 8.150000
0.563802 -0.069411 -0.016869 -1.399435 2.319851 0.031141 -0.001195 0.402950 8.200000
0.000000 0.363034 -0.017959 -1.398183 2.334211 0.035193 -0.001492 0.193213 8.250000
0.288409 -0.063266 -0.019102 -1.396887 2.345751 0.033855 -0.001725 0.261459 8.300000
0.342116 -0.186647 -0.020252 -1.395594 2.354914 0.035250 -0.001892 0.119237 8.350000
1.219485 0.301110 -0.021465 -1.394248 2.357274 0.037109 -0.001887 -0.012331 8.400000
0.698272 0.434317 -0.022890 -1.392696 2.360331 0.047049 -0.001920 0.121835 8.450000
1.114667 0.603427 -0.024581 -1.390891 2.370019 0.051754 -0.002199 0.252576 8.500000
1.289146 1.072675 -0.026517 -1.388867 2.386540 0.060123 -0.002789 0.393487 8.550000
0.402533 1.043233 -0.028799 -1.386549 2.413590 0.069730 -0.003957 0.658598 8.600000
1.228165 0.811268 -0.031304 -1.384079 2.449863 0.070625 -0.005640 0.778087 8.650000
2.064298 0.355225 -0.034029 -1.381492 2.487798 0.079058 -0.007474 0.743524 8.700000
2.037449 -0.113044 -0.037280 -1.378569 2.519400 0.094922 -0.009172 0.543808 8.750000
1.475421 -0.266118 -0.041197 -1.375227 2.538467 0.110040 -0.010240 0.250380 8.800000
1.378315 -0.661856 -0.045645 -1.371561 2.544884 0.119524 -0.010411 0.028060 8.850000
1.485660 -0.861455 -0.050472 -1.367659 2.538251 0.127923 -0.009463 -0.264743 8.900000
1.662996 -1.012380 -0.055652 -1.363503 2.518354 0.137135 -0.007253 -0.505289 8.950000
1.948328 -1.100990 -0.061204 -1.359034 2.487955 0.147648 -0.003912 -0.689519 9.000000
2.478672 -1.470275 -0.067172 -1.354166 2.449951 0.160269 0.000401 -0.815530 9.050000
1.612425 -1.147381 -0.073647 -1.348754 2.403392 0.177042 0.006004 -1.020932 9.100000
1.379417 -1.483287 -0.080498 -1.342828 2.353212 0.184703 0.012273 -0.990434 9.150000
2.185036 -1.187952 -0.087484 -1.336556 2.300380 0.189411 0.018910 -1.107677 9.200000
2.344459 -1.593933 -0.094642 -1.329825 2.246707 0.200914 0.025739 -1.047477 9.250000
2.798981 -1.104284 -0.102060 -1.322460 2.190637 0.212842 0.033150 -1.178173 9.300000
1.946717 -0.635561 -0.109741 -1.314339 2.135381 0.228002 0.040706 -1.049642 9.350000
1.209549 -0.973791 -0.117578 -1.305552 2.089654 0.234711 0.046859 -0.810098 9.400000
1.931258 -1.026679 -0.125357 -1.296435 2.048534 0.234266 0.052146 -0.832181 9.450000
2.169280 -1.075078 -0.133048 -1.286996 2.006021 0.240141 0.057570 -0.864630 9.500000
1.902193 -1.162519 -0.140710 -1.277039 1.961795 0.247536 0.063309 -0.900284 9.550000
2.225388 -1.110889 -0.148294 -1.266586 1.915315 0.251606 0.069434 -0.952578 9.600000
2.681525 -1.210941 -0.155753 -1.255636 1.867541 0.258000 0.075757 -0.958084 9.650000
1.949992 -1.078135 -0.163094 -1.244033 1.818426 0.267818 0.082394 -1.001407 9.700000
2.018010 -0.772641 -0.170247 -1.231866 1.769215 0.270007 0.089027 -0.971271 9.750000
1.350770 -0.940926 -0.177143 -1.219306 1.724377 0.272878 0.094670 -0.839215 9.800000
1.482459 -1.356504 -0.183750 -1.206508 1.682269 0.269478 0.099589 -0.844611 9.850000
1.281806 -1.261351 -0.190031 -1.193609 1.635355 0.266469 0.105168 -1.011005 9.900000
1.809879 -1.657586 -0.195952 -1.180650 1.583679 0.260646 0.111296 -1.050979 9.950000
1.335036 -1.312127 -0.201485 -1.167576 1.526280 0.258613 0.118137 -1.222184 10.000000
0.918711 -1.688424 -0.206601 -1.154410 1.466763 0.251373 0.124926 -1.166277 10.050000
0.696518 -1.325607 -0.211309 -1.141382 1.405058 0.239631 0.131465 -1.285487 10.100000
1.437397 -1.271897 -0.215628 -1.128660 1.343241 0.225751 0.137229 -1.199054 10.150000
0.857961 -1.612926 -0.219551 -1.116122 1.284943 0.219525 0.141794 -1.140775 10.200000
1.596246 -1.214219 -0.223081 -1.103737 1.224935 0.207475 0.146085 -1.245134 10.250000
1.790247 -1.070640 -0.226203 -1.091489 1.165712 0.202586 0.149745 -1.138326 10.300000
0.973277 -1.533355 -0.228842 -1.079177 1.111695 0.200500 0.152384 -1.035967 10.350000
0.252388 -1.383456 -0.231064 -1.066943 1.056149 0.190398 0.154917 -1.168054 10.400000
0.000000 -0.930960 -0.233044 -1.055126 0.997747 0.173205 0.157186 -1.167660 10.450000
0.000000 -0.755388 -0.234922 -1.043901 0.944341 0.155271 0.158062 -0.991395 10.500000
0.237090 -0.455275 -0.236752 -1.033261 0.899015 0.139741 0.157421 -0.840247 10.550000
1.142435 -0.758813 -0.238514 -1.023103 0.862386 0.128927 0.155545 -0.647636 10.600000
2.089353 -0.383363 -0.240037 -1.013181 0.829252 0.127769 0.153261 -0.674519 10.650000
2.218069 -0.303008 -0.241034 -1.003167 0.799375 0.136229 0.150829 -0.536594 10.700000
1.757095 0.100193 -0.241333 -0.992881 0.775372 0.146852 0.148093 -0.435007 10.750000
0.832811 -0.104541 -0.240992 -0.982386 0.759676 0.154532 0.144712 -0.215866 10.800000
0.000000 -0.169383 -0.240255 -0.971893 0.749766 0.154524 0.140862 -0.183650 10.850000
0.702207 -0.127158 -0.239427 -0.961677 0.740336 0.146922 0.137067 -0.192377 10.900000
0.077898 -0.410773 -0.238532 -0.951748 0.731097 0.146217 0.133355 -0.178449 10.950000
0.088822 -0.773457 -0.237557 -0.942085 0.719121 0.139295 0.130024 -0.289092 11.000000
0.650936 -1.125876 -0.236616 -0.932791 0.698901 0.131350 0.127539 -0.497013 11.050000
1.162294 -0.874045 -0.235609 -0.923793 0.667133 0.127002 0.126119 -0.744788 11.100000
0.865605 -1.116932 -0.234349 -0.914956 0.629333 0.126596 0.125236 -0.764768 11.150000
1.334746 -1.389347 -0.232805 -0.906264 0.588129 0.122911 0.124631 -0.870285 11.200000
1.849759 -1.542979 -0.230949 -0.897716 0.540220 0.122613 0.124580 -1.026140 11.250000
1.283115 -1.230705 -0.228597 -0.889227 0.485227 0.125896 0.125211 -1.156313 11.300000
0.439428 -0.952771 -0.225774 -0.880841 0.429170 0.123559 0.125923 -1.094259 11.350000
0.237986 -1.090567 -0.222782 -0.872714 0.378292 0.114326 0.125939 -0.958334 11.400000
1.210467 -1.247860 -0.219844 -0.864925 0.330636 0.104140 0.125353 -0.948897 11.450000
1.982801 -0.776858 -0.216786 -0.857403 0.281597 0.103183 0.124705 -1.005338 11.500000
1.983344 -0.698005 -0.213224 -0.850034 0.235780 0.110029 0.123927 -0.847465 11.550000
2.980245 -0.732419 -0.208984 -0.842790 0.196354 0.117742 0.122899 -0.742547 11.600000
3.825167 -0.931579 -0.203848 -0.835649 0.160233 0.135023 0.121963 -0.706933 11.650000
4.728153 -1.119452 -0.197418 -0.828585 0.123101 0.159357 0.121712 -0.771156 11.700000
4.096009 -1.515589 -0.189337 -0.821620 0.081530 0.190391 0.122765 -0.879094 11.750000
3.914527 -1.958683 -0.179617 -0.814851 0.031723 0.212860 0.125767 -1.086937 11.800000
3.379725 -1.958915 -0.168534 -0.808421 -0.030133 0.230391 0.131284 -1.351410 11.850000
3.749147 -1.993939 -0.156350 -0.802461 -0.100967 0.240094 0.138698 -1.465964 11.900000
3.548118 -1.578816 -0.143192 -0.797086 -0.176046 0.251271 0.147124 -1.528598 11.950000
4.401580 -1.585738 -0.129107 -0.792395 -0.248853 0.259765 0.155352 -1.402716 12.000000
4.434434 -1.730463 -0.114021 -0.788502 -0.317635 0.275930 0.163175 -1.356106 12.050000
5.064299 -1.250410 -0.097829 -0.785544 -0.386512 0.290993 0.171522 -1.394413 12.100000
4.868908 -1.464780 -0.080501 -0.783667 -0.451632 0.311441 0.179618 -1.234030 12.150000
5.331152 -1.838114 -0.062049 -0.782979 -0.513789 0.329290 0.187669 -1.251002 12.200000
5.997049 -2.181957 -0.042560 -0.783588 -0.580675 0.348745 0.197430 -1.404028 12.250000
5.054971 -2.417229 -0.022005 -0.785722 -0.656496 0.370132 0.210127 -1.601266 12.300000
4.794902 -2.158748 -0.000675 -0.789423 -0.741443 0.377787 0.225586 -1.771606 12.350000
4.035128 -2.643865 0.020982 -0.794568 -0.829341 0.379983 0.241573 -1.749056 12.400000
3.055315 -2.725237 0.042621 -0.800999 -0.921689 0.371603 0.258015 -1.918527 12.450000
2.683411 -2.990179 0.063811 -0.808376 -1.020330 0.350132 0.274501 -2.011786 12.500000
2.523997 -3.000000 0.084256 -0.816382 -1.124608 0.321772 0.290002 -2.137621 12.550000
3.196471 -2.786992 0.103828 -0.824827 -1.232830 0.289419 0.303551 -2.182559 12.600000
2.748978 -2.652754 0.122538 -0.833751 -1.340164 0.263195 0.314179 -2.120458 12.650000
1.936059 -2.996189 0.140405 -0.843150 -1.444072 0.233998 0.321702 -2.046865 12.700000
2.557699 -3.000000 0.157391 -0.852689 -1.549021 0.197046 0.326673 -2.134297 12.750000
3.013048 -3.000000 0.173508 -0.862270 -1.656515 0.165638 0.329239 -2.159376 12.800000
2.557763 -3.000000 0.188769 -0.872105 -1.764594 0.139201 0.329562 -2.161803 12.850000
3.445609 -3.000000 0.203190 -0.882162 -1.872563 0.109705 0.327707 -2.156092 12.900000
2.592860 -3.000000 0.216734 -0.892511 -1.980175 0.090152 0.324008 -2.148463 12.950000
2.319422 -2.912220 0.229401 -0.903135 -2.087398 0.064238 0.318673 -2.140246 13.000000
2.391882 -2.740877 0.241304 -0.913782 -2.193291 0.038234 0.311492 -2.100646 13.050000
3.168297 -2.465007 0.252466 -0.924423 -2.296032 0.016340 0.302697 -2.021031 13.100000
2.317565 -2.340135 0.262737 -0.935220 -2.393316 0.005974 0.292988 -1.891039 13.150000
2.821857 -2.832787 0.272096 -0.946160 -2.485108 -0.008464 0.282772 -1.795197 13.200000
1.828364 -3.000000 0.280570 -0.957163 -2.578889 -0.017128 0.272161 -1.933368 13.250000
0.834638 -2.580179 0.288267 -0.968129 -2.678717 -0.035502 0.260895 -2.041101 13.300000
0.010071 -2.634373 0.295601 -0.978830 -2.777510 -0.060472 0.248508 -1.928153 13.350000
0.213269 -2.944552 0.302940 -0.989156 -2.873173 -0.089401 0.234827 -1.901596 13.400000
1.153435 -3.000000 0.310398 -0.999144 -2.971092 -0.114169 0.219632 -1.998509 13.450000
0.825005 -2.675156 0.317692 -1.008919 -3.072577 -0.128186 0.203310 -2.051830 13.500000
0.586314 -2.833659 0.324650 -1.018543 3.110806 -0.142016 0.186709 -1.956050 13.550000
0.965807 -3.000000 0.331352 -1.028026 3.012391 -0.154943 0.169883 -1.977110 13.600000
1.082562 -2.531479 0.337725 -1.037377 2.911585 -0.162102 0.152669 -2.044272 13.650000
0.870353 -2.177398 0.343614 -1.046570 2.813452 -0.165066 0.135995 -1.904444 13.700000
0.222851 -2.079644 0.349003 -1.055570 2.723380 -0.166369 0.120702 -1.727019 13.750000
0.000000 -2.188930 0.354045 -1.064407 2.639996 -0.170819 0.106559 -1.624455 13.800000
0.000000 -2.126233 0.358892 -1.073148 2.558756 -0.175313 0.092902 -1.625357 13.850000
0.395393 -2.120994 0.363558 -1.081810 2.478106 -0.178083 0.079578 -1.604247 13.900000
0.000000 -2.278996 0.367942 -1.090321 2.398153 -0.175578 0.066791 -1.595631 13.950000
0.000000 -2.679481 0.372027 -1.098668 2.316765 -0.175597 0.054331 -1.651743 14.000000
0.539679 -2.958125 0.375860 -1.106903 2.229304 -0.174619 0.041565 -1.820670 14.050000
0.279542 -3.000000 0.379342 -1.114916 2.133479 -0.167527 0.028467 -1.985962 14.100000
0.000000 -3.000000 0.382423 -1.122633 2.031945 -0.161610 0.015585 -2.062976 14.150000
0.000000 -3.000000 0.385167 -1.130129 1.927953 -0.156817 0.003246 -2.092159 14.200000
0.000000 -3.000000 0.387602 -1.137425 1.823010 -0.150520 -0.008368 -2.103889 14.250000
0.494529 -2.954020 0.389738 -1.144483 1.717668 -0.142869 -0.019108 -2.109182 14.300000
0.360074 -2.981064 0.391579 -1.151153 1.612604 -0.129477 -0.028664 -2.095816 14.350000
0.099611 -3.000000 0.393163 -1.157325 1.507663 -0.116586 -0.036899 -2.101044 14.400000
0.000000 -2.706280 0.394538 -1.163078 1.402355 -0.105501 -0.043987 -2.109834 14.450000
0.000000 -2.530408 0.395741 -1.168485 1.299776 -0.095017 -0.049828 -2.010041 14.500000
0.000000 -2.878215 0.396808 -1.173568 1.202142 -0.084559 -0.054388 -1.911463 14.550000
0.000000 -2.672493 0.397778 -1.178334 1.104037 -0.073916 -0.058083 -1.998410 14.600000
0.771112 -2.309496 0.398680 -1.182786 1.005315 -0.063190 -0.060935 -1.957171 14.650000
0.902434 -2.771233 0.399649 -1.186794 0.911666 -0.045829 -0.062504 -1.811992 14.700000
0.832997 -2.568575 0.400850 -1.190232 0.817870 -0.027765 -0.062834 -1.921933 14.750000
1.558234 -2.436305 0.402339 -1.193150 0.722699 -0.010939 -0.062008 -1.889913 14.800000
0.558300 -2.808573 0.404272 -1.195523 0.629943 0.011613 -0.059874 -1.829741 14.850000
0.333541 -3.000000 0.406622 -1.197471 0.535265 0.023839 -0.056638 -1.939520 14.900000
0.000000 -3.000000 0.409170 -1.199222 0.435142 0.033458 -0.052664 -2.047421 14.950000
0.338928 -2.815439 0.411804 -1.200881 0.331638 0.039273 -0.048189 -2.086226 15.000000
0.695756 -2.396826 0.414524 -1.202485 0.228814 0.047328 -0.043375 -2.035237 15.050000
0.000000 -2.752800 0.417473 -1.204029 0.131906 0.057382 -0.038284 -1.868356 15.100000
0.811231 -2.299986 0.420547 -1.205557 0.036601 0.059830 -0.033001 -1.933344 15.150000
0.985255 -2.098649 0.423757 -1.207110 -0.056078 0.068934 -0.027626 -1.795881 15.200000
1.156349 -1.890202 0.427304 -1.208719 -0.142256 0.078413 -0.022162 -1.670760 15.250000
1.618177 -1.622534 0.431231 -1.210435 -0.222190 0.088320 -0.016660 -1.545563 15.300000
2.617573 -1.412322 0.435642 -1.212328 -0.295181 0.101419 -0.011160 -1.396015 15.350000
2.547781 -1.791035 0.440814 -1.214540 -0.360954 0.122678 -0.005531 -1.254922 15.400000
2.481658 -1.355843 0.446881 -1.217195 -0.426075 0.141943 0.000812 -1.338327 15.450000
2.584172 -1.363696 0.453731 -1.220344 -0.489334 0.159291 0.007576 -1.210115 15.500000
1.859660 -1.583493 0.461293 -1.224038 -0.548366 0.176407 0.014386 -1.158449 15.550000
2.801998 -1.399507 0.469365 -1.228234 -0.608055 0.185556 0.021608 -1.220830 15.600000
2.235486 -1.472406 0.477915 -1.233002 -0.667904 0.202506 0.029160 -1.179194 15.650000
2.568504 -1.036895 0.486938 -1.238412 -0.727171 0.212943 0.036955 -1.190314 15.700000
3.118550 -1.354943 0.496317 -1.244452 -0.782124 0.225700 0.044289 -1.029640 15.750000
2.542108 -1.502744 0.506137 -1.251272 -0.835084 0.242653 0.051639 -1.082275 15.800000
1.562104 -1.727872 0.516307 -1.258879 -0.891520 0.252772 0.059864 -1.164606 15.850000
2.096448 -1.237957 0.526504 -1.266999 -0.953259 0.252271 0.068954 -1.288296 15.900000
2.357501 -0.990433 0.536595 -1.275554 -1.013941 0.256118 0.077604 -1.157418 15.950000
1.677348 -1.163449 0.546651 -1.284688 -1.067525 0.262366 0.084864 -1.006381 16.000000
2.398865 -1.086310 0.556595 -1.294300 -1.117847 0.261944 0.091384 -1.006748 16.050000
1.953457 -0.935531 0.566393 -1.304392 -1.167375 0.267906 0.097629 -0.978456 16.100000
2.289425 -0.934939 0.576039 -1.315006 -1.214307 0.269452 0.103293 -0.908098 16.150000
1.530824 -0.843978 0.585495 -1.326108 -1.258816 0.274063 0.108398 -0.876568 16.200000
0.752287 -1.085862 0.594707 -1.337587 -1.301247 0.271470 0.112955 -0.827009 16.250000
0.000000 -1.212096 0.603561 -1.349087 -1.344631 0.261343 0.117345 -0.899325 16.300000
0.000000 -1.477390 0.611965 -1.360250 -1.391933 0.243729 0.121858 -0.982014 16.350000
0.629843 -1.951711 0.619893 -1.370902 -1.444992 0.225539 0.126574 -1.121718 16.400000
0.700517 -1.851839 0.627369 -1.381179 -1.507962 0.211803 0.132073 -1.363405 16.450000
0.000000 -2.153595 0.634405 -1.391219 -1.577975 0.197493 0.137779 -1.427715 16.500000
0.422560 -2.111123 0.641013 -1.400854 -1.653313 0.175691 0.143090 -1.565127 16.550000
0.080330 -1.641313 0.647222 -1.410005 -1.732680 0.157362 0.147621 -1.603429 16.600000
0.538903 -1.529691 0.653077 -1.418691 -1.808281 0.136919 0.150502 -1.443774 16.650000
0.000000 -1.158415 0.658617 -1.426969 -1.877358 0.122644 0.151745 -1.334594 16.700000
0.000000 -0.922902 0.663892 -1.434855 -1.938730 0.105439 0.151544 -1.145830 16.750000
0.000000 -0.655982 0.668975 -1.442276 -1.991055 0.090805 0.150023 -0.969854 16.800000
0.672234 -0.380315 0.673891 -1.449283 -2.034291 0.078699 0.147508 -0.782592 16.850000
0.600765 -0.249174 0.678583 -1.456066 -2.067808 0.075384 0.144307 -0.581619 16.900000
1.588533 -0.048273 0.682990 -1.462784 -2.092602 0.073365 0.140691 -0.427230 16.950000
2.131275 0.145393 0.687007 -1.469646 -2.109456 0.082216 0.136817 -0.264266 17.000000
2.653025 -0.236630 0.690453 -1.476970 -2.118044 0.097374 0.132690 -0.096278 17.050000
2.577465 -0.007092 0.693213 -1.484962 -2.124789 0.117176 0.128685 -0.167010 17.100000
2.036213 0.255658 0.695248 -1.493678 -2.131583 0.135551 0.124906 -0.110617 17.150000
2.288524 0.306440 0.696656 -1.502972 -2.133212 0.149092 0.120805 0.031801 17.200000
2.430382 -0.121538 0.697495 -1.512783 -2.128846 0.165427 0.116192 0.132898 17.250000
1.645345 0.123677 0.697743 -1.523178 -2.125667 0.182244 0.111848 0.006164 17.300000
2.069761 -0.092845 0.697504 -1.534000 -2.124461 0.190811 0.107878 0.038958 17.350000
1.681358 0.033719 0.696839 -1.545161 -2.124548 0.202797 0.104221 -0.035578 17.400000
2.021490 -0.137858 0.695757 -1.556646 -2.126008 0.210524 0.100889 -0.023954 17.450000
2.401809 -0.229004 0.694276 -1.568431 -2.129038 0.220905 0.097926 -0.090920 17.500000
1.415852 -0.335380 0.692316 -1.580636 -2.135683 0.233953 0.095677 -0.167514 17.550000
0.685768 -0.552535 0.689959 -1.593107 -2.146456 0.236824 0.094233 -0.254602 17.600000
1.661714 -0.470872 0.687420 -1.605480 -2.162973 0.232088 0.093791 -0.391586 17.650000
0.883912 -0.542858 0.684656 -1.617785 -2.183608 0.236078 0.094046 -0.429769 17.700000
1.387250 -0.319117 0.681639 -1.630046 -2.206468 0.232394 0.094665 -0.479158 17.750000
1.600275 -0.468393 0.678405 -1.642202 -2.228585 0.233606 0.095116 -0.412827 17.800000
1.815790 -0.771839 0.674854 -1.654384 -2.249981 0.236830 0.095469 -0.440130 17.850000
2.625295 -0.918762 0.670923 -1.666655 -2.275835 0.241329 0.096635 -0.578660 17.900000
1.987009 -1.298583 0.666447 -1.679153 -2.308382 0.252222 0.099083 -0.708342 17.950000
2.238361 -0.814058 0.661391 -1.691849 -2.349825 0.255399 0.103222 -0.923177 18.000000
1.422404 -0.632816 0.655805 -1.704607 -2.393491 0.260229 0.107729 -0.834799 18.050000
1.688641 -0.534345 0.649788 -1.717313 -2.432064 0.257812 0.111178 -0.721926 18.100000
1.411076 -0.530477 0.643442 -1.729880 -2.465540 0.258584 0.113549 -0.628258 18.150000
1.030382 -0.954611 0.636775 -1.742310 -2.495626 0.257182 0.115209 -0.580727 18.200000
0.100417 -0.471216 0.629913 -1.754501 -2.528777 0.251740 0.117300 -0.728009 18.250000
0.000000 -0.271303 0.623109 -1.766263 -2.561766 0.237815 0.119057 -0.605678 18.300000
0.000000 -0.080137 0.616560 -1.777495 -2.588071 0.224532 0.119333 -0.462370 18.350000
0.000000 0.049239 0.610279 -1.788235 -2.606940 0.212975 0.118208 -0.308535 18.400000
0.287412 0.272560 0.604254 -1.798533 -2.618592 0.203051 0.115908 -0.171195 18.450000
0.245642 0.526438 0.598414 -1.808467 -2.622457 0.197428 0.112510 0.000400 18.500000
0.000000 0.198639 0.592699 -1.818107 -2.616796 0.193074 0.107889 0.206295 18.550000
0.786545 -0.244414 0.587158 -1.827456 -2.607137 0.187138 0.102908 0.182690 18.600000
0.348522 0.150315 0.581677 -1.836585 -2.603492 0.187858 0.098923 -0.017569 18.650000
0.497545 0.381198 0.576187 -1.845524 -2.602829 0.184072 0.095469 0.039005 18.700000
1.380495 0.260908 0.570744 -1.854250 -2.597290 0.182429 0.091497 0.169990 18.750000
1.350956 0.226140 0.565142 -1.862912 -2.588189 0.189449 0.087179 0.191894 18.800000
2.185295 -0.066430 0.559221 -1.871622 -2.578664 0.195920 0.082907 0.189426 18.850000
2.304797 0.393437 0.552838 -1.880480 -2.572627 0.209456 0.079225 0.064187 18.900000
2.069029 0.009056 0.545829 -1.889595 -2.565979 0.223612 0.075499 0.189416 18.950000
2.979241 -0.267174 0.538246 -1.898954 -2.559077 0.235021 0.071812 0.095867 19.000000
3.550807 0.037712 0.529982 -1.908629 -2.558950 0.253763 0.069366 -0.074856 19.050000
3.645123 -0.350925 0.520771 -1.918773 -2.561785 0.276807 0.067544 -0.041890 19.100000
3.746884 -0.309314 0.510518 -1.929443 -2.567928 0.299529 0.066529 -0.189627 19.150000
2.788475 -0.063718 0.499212 -1.940611 -2.579184 0.321844 0.066771 -0.254364 19.200000
2.524707 -0.466498 0.487051 -1.952122 -2.590055 0.334412 0.067044 -0.187424 19.250000
2.815395 -0.516969 0.474300 -1.963801 -2.603096 0.343826 0.067930 -0.320692 19.300000
3.700198 -0.215377 0.460961 -1.975605 -2.621692 0.355018 0.070264 -0.413547 19.350000
3.378274 -0.256249 0.446805 -1.987627 -2.640302 0.373916 0.072708 -0.339216 19.400000
3.663362 -0.074672 0.431740 -1.999904 -2.656686 0.389239 0.074695 -0.318653 19.450000
3.992236 -0.314366 0.415799 -2.012404 -2.670263 0.406843 0.076003 -0.233541 19.500000
4.941854 -0.038290 0.398883 -2.025173 -2.683477 0.426806 0.077355 -0.289629 19.550000
5.665787 0.106144 0.380751 -2.038305 -2.695652 0.454863 0.078544 -0.206372 19.600000
4.871275 0.246516 0.361097 -2.051946 -2.703099 0.488994 0.078366 -0.102263 19.650000
5.100572 -0.171893 0.339997 -2.066083 -2.705020 0.514952 0.076377 0.014238 19.700000
4.148865 0.155126 0.317629 -2.080656 -2.707419 0.541929 0.074702 -0.099619 19.750000
3.887287 0.620923 0.294192 -2.095554 -2.710354 0.558923 0.073309 -0.024978 19.800000
2.933937 0.852097 0.269990 -2.110671 -2.704997 0.573596 0.068633 0.216171 19.850000
2.210130 1.270848 0.245338 -2.125965 -2.687846 0.579787 0.059236 0.446523 19.900000
2.012330 1.563365 0.220648 -2.141373 -2.657353 0.579663 0.044610 0.740824 19.950000
1.980250 1.447572 0.196178 -2.156916 -2.612882 0.577650 0.024739 1.006796 20.000000
2.251878 1.195118 0.172048 -2.172664 -2.560148 0.574298 0.002241 1.093576 20.050000
2.863994 0.834665 0.148271 -2.188682 -2.506901 0.572020 -0.019594 1.045006 20.100000
2.947125 1.014615 0.124716 -2.205080 -2.459022 0.574263 -0.038486 0.891789 20.150000
3.107331 1.402262 0.101281 -2.221929 -2.414267 0.576221 -0.055539 0.899310 20.200000
2.674516 1.242314 0.077984 -2.239278 -2.364757 0.578093 -0.074041 1.062083 20.250000
2.322818 1.231401 0.054967 -2.257108 -2.311128 0.574134 -0.093554 1.082416 20.300000
1.739429 1.142929 0.032423 -2.275288 -2.256687 0.565571 -0.112486 1.095308 20.350000
1.402889 1.227972 0.010535 -2.293638 -2.202567 0.550657 -0.130182 1.073842 20.400000
1.406635 0.917900 -0.010554 -2.311967 -2.148093 0.531916 -0.146756 1.102479 20.450000
2.141841 0.553086 -0.030801 -2.330193 -2.095896 0.513315 -0.161181 0.999759 20.500000
2.914352 0.756561 -0.050339 -2.348447 -2.051175 0.503098 -0.171857 0.813240 20.550000
3.023789 0.343261 -0.069378 -2.367026 -2.010660 0.500884 -0.180470 0.808663 20.600000
3.781150 0.002753 -0.088009 -2.386102 -1.974830 0.500524 -0.187063 0.644675 20.650000
4.339825 -0.025376 -0.106339 -2.405855 -1.948637 0.509430 -0.190061 0.428012 20.700000
3.817091 0.160665 -0.124526 -2.426557 -1.930596 0.525192 -0.190188 0.307024 20.750000
4.091869 0.590851 -0.142585 -2.448191 -1.914834 0.536047 -0.189634 0.322209 20.800000
4.483046 0.556826 -0.160456 -2.470675 -1.893539 0.547567 -0.191380 0.509800 20.850000
4.686356 0.121436 -0.178099 -2.494126 -1.865695 0.560441 -0.195827 0.595213 20.900000
5.266680 0.559884 -0.195485 -2.518645 -1.839567 0.574973 -0.199670 0.465425 20.950000
5.933554 0.592313 -0.212634 -2.544376 -1.813062 0.594040 -0.203883 0.582751 21.000000
6.000000 1.047519 -0.229529 -2.571557 -1.781785 0.616974 -0.210400 0.660858 21.050000
5.995794 1.500959 -0.246078 -2.600289 -1.742415 0.636852 -0.220808 0.888265 21.100000
5.670463 1.802203 -0.262083 -2.630500 -1.689805 0.651044 -0.237417 1.180377 21.150000
4.852659 1.506979 -0.277288 -2.661994 -1.623625 0.655666 -0.260107 1.433982 21.200000
5.787289 1.133180 -0.291458 -2.694368 -1.551787 0.648324 -0.284525 1.441078 21.250000
6.000000 1.421837 -0.304478 -2.727549 -1.483408 0.649103 -0.306296 1.314780 21.300000
6.000000 1.571811 -0.316269 -2.761717 -1.415855 0.650213 -0.326990 1.380523 21.350000
5.832765 1.898035 -0.326708 -2.796785 -1.344211 0.647469 -0.348804 1.474089 21.400000
6.000000 2.313977 -0.335677 -2.832541 -1.265735 0.637747 -0.372662 1.641926 21.450000
6.000000 2.471139 -0.343044 -2.868762 -1.177177 0.622033 -0.399492 1.867006 21.500000
5.219242 2.231906 -0.348685 -2.905219 -1.079581 0.598604 -0.428041 2.014161 21.550000
6.000000 2.531014 -0.352637 -2.941510 -0.979699 0.563919 -0.454454 1.985794 21.600000
6.000000 2.299596 -0.354897 -2.977461 -0.877643 0.533140 -0.478453 2.080421 21.650000
5.602747 2.226636 -0.355384 -3.013037 -0.775052 0.500176 -0.499436 2.030590 21.700000
5.364021 2.554891 -0.354193 -3.048039 -0.674920 0.463940 -0.516278 1.981001 21.750000
5.951444 2.711747 -0.351485 -3.082258 -0.573215 0.423756 -0.530295 2.069680 21.800000
5.808300 2.720544 -0.347262 -3.115601 -0.467436 0.385914 -0.542148 2.145697 21.850000
5.824691 2.320665 -0.341519 -3.147991 -0.359548 0.345208 -0.551144 2.163326 21.900000
4.938287 1.947597 -0.334347 -3.179321 -0.255591 0.308221 -0.555885 2.016258 21.950000
3.939069 1.622610 -0.325947 -3.209513 -0.160502 0.270804 -0.555865 1.815958 22.000000
3.919152 1.277758 -0.316711 -3.238497 -0.075645 0.233523 -0.551485 1.606751 22.050000
4.362952 1.476616 -0.306805 -3.266282 -0.001672 0.206279 -0.543616 1.382136 22.100000
3.642464 1.267973 -0.296061 -3.292892 0.066669 0.189187 -0.534099 1.353547 22.150000
4.353978 1.557916 -0.284537 -3.318320 0.131561 0.169455 -0.523588 1.253862 22.200000
3.419878 1.841164 -0.272236 -3.342546 0.195998 0.158348 -0.512714 1.313832 22.250000
3.514734 1.365873 -0.259264 -3.365563 0.265291 0.136594 -0.501994 1.437752 22.300000
4.065491 1.325583 -0.245872 -3.387399 0.333368 0.118411 -0.490546 1.302703 22.350000
3.717572 1.391012 -0.231895 -3.407990 0.396300 0.110495 -0.478470 1.224488 22.400000
3.860081 1.559890 -0.217293 -3.427296 0.457183 0.101986 -0.466317 1.211618 22.450000
2.884469 1.981354 -0.202147 -3.445311 0.519351 0.095316 -0.454373 1.266699 22.500000
3.548195 2.032745 -0.186694 -3.462129 0.587783 0.077022 -0.442697 1.443574 22.550000
4.418157 2.320835 -0.171081 -3.477798 0.662470 0.062975 -0.430960 1.529913 22.600000
5.325767 2.156280 -0.155092 -3.492109 0.742927 0.055405 -0.419325 1.666865 22.650000
6.000000 2.293983 -0.138516 -3.504776 0.826058 0.056312 -0.408008 1.659499 22.700000
5.241751 2.358265 -0.121218 -3.515489 0.910415 0.064018 -0.397418 1.707759 22.750000
5.139237 2.126623 -0.103367 -3.524229 0.997036 0.064348 -0.387548 1.750361 22.800000
4.425629 1.930822 -0.085234 -3.531129 1.082597 0.065400 -0.378010 1.682554 22.850000
3.831840 2.260375 -0.067028 -3.536320 1.163886 0.063035 -0.368574 1.583773 22.900000
3.711164 2.167789 -0.048977 -3.540058 1.245388 0.056164 -0.359237 1.663595 22.950000
3.751784 2.598989 -0.031229 -3.542515 1.328449 0.048715 -0.349865 1.658969 23.000000
4.698884 2.931607 -0.013869 -3.543729 1.415818 0.040960 -0.340531 1.811396 23.050000
4.258023 2.814209 0.003044 -3.543527 1.511490 0.039613 -0.331492 1.986839 23.100000
3.419690 2.731862 0.019409 -3.541862 1.611475 0.033468 -0.322608 2.008515 23.150000
3.576801 2.956715 0.035122 -3.539078 1.711231 0.021082 -0.313367 1.984875 23.200000
3.925141 3.000000 0.050115 -3.535365 1.812479 0.011274 -0.303692 2.053100 23.250000
4.559080 3.000000 0.064292 -3.530654 1.916254 0.005391 -0.293807 2.091180 23.300000
4.094748 3.000000 0.077491 -3.524793 2.021197 0.006544 -0.284102 2.104362 23.350000
3.784562 3.000000 0.089596 -3.517827 2.126550 0.004536 -0.274706 2.108875 23.400000
4.530868 3.000000 0.100599 -3.510006 2.232028 0.001004 -0.265433 2.109898 23.450000
5.407893 2.645739 0.110346 -3.501345 2.337535 0.005833 -0.256538 2.110494 23.500000
5.046150 2.393174 0.118487 -3.491689 2.439474 0.021058 -0.248664 1.988186 23.550000
5.245713 2.374612 0.124828 -3.481113 2.535034 0.035468 -0.242014 1.856258 23.600000
5.328722 1.925744 0.129306 -3.469816 2.626279 0.053371 -0.236573 1.802828 23.650000
4.347312 1.744971 0.131806 -3.457949 2.711206 0.073977 -0.232271 1.622929 23.700000
4.896912 1.741733 0.132474 -3.445768 2.788458 0.087525 -0.228720 1.487869 23.750000
4.361074 2.138857 0.131381 -3.433463 2.861299 0.107356 -0.225916 1.434370 23.800000
3.614169 2.068828 0.128542 -3.421175 2.936675 0.120898 -0.224304 1.562299 23.850000
2.640771 2.411228 0.124297 -3.409121 3.015567 0.126038 -0.223543 1.589456 23.900000
2.355792 2.408934 0.119093 -3.397472 3.098960 0.120633 -0.223201 1.725186 23.950000
1.569791 2.096520 0.113278 -3.386326 -3.096492 0.111516 -0.222791 1.775826 24.000000
0.748538 2.354051 0.107138 -3.375713 -3.010451 0.096051 -0.221491 1.680066 24.050000
1.025980 2.537121 0.101052 -3.365590 -2.924891 0.073898 -0.219056 1.733157 24.100000
1.407014 2.333574 0.095149 -3.355911 -2.835804 0.054463 -0.215601 1.816366 24.150000
2.384336 2.256904 0.089280 -3.346691 -2.746254 0.039645 -0.211193 1.772047 24.200000
2.418577 1.847642 0.083146 -3.338043 -2.658981 0.035679 -0.206280 1.725901 24.250000
3.153818 1.773034 0.076546 -3.330093 -2.577516 0.034371 -0.201223 1.558185 24.300000
2.871406 1.985454 0.069350 -3.322986 -2.502321 0.042182 -0.196367 1.463807 24.350000
3.711246 2.157997 0.061523 -3.316825 -2.427957 0.047760 -0.192022 1.504885 24.400000
4.640773 2.532429 0.053053 -3.311738 -2.350378 0.060506 -0.188446 1.586498 24.450000
5.157276 2.093630 0.043766 -3.308051 -2.266124 0.080027 -0.186238 1.757859 24.500000
5.921596 1.954944 0.033612 -3.306065 -2.180842 0.103525 -0.185432 1.668128 24.550000
6.000000 2.000487 0.022602 -3.306079 -2.099828 0.134323 -0.185945 1.585992 24.600000
6.000000 2.206549 0.010848 -3.308302 -2.020891 0.165057 -0.188006 1.574350 24.650000
6.000000 1.908913 -0.001424 -3.312761 -1.940031 0.193795 -0.191929 1.649759 24.700000
6.000000 2.327448 -0.013967 -3.319442 -1.859717 0.221063 -0.197224 1.575267 24.750000
6.000000 2.323670 -0.026547 -3.328314 -1.777284 0.246028 -0.204215 1.703624 24.800000
5.361676 2.486642 -0.038915 -3.339308 -1.690585 0.267931 -0.213110 1.757262 24.850000
4.747363 2.158782 -0.050814 -3.352185 -1.600321 0.280863 -0.223468 1.841051 24.900000
4.089800 1.724352 -0.062023 -3.366546 -1.510679 0.286505 -0.233909 1.758452 24.950000
4.216167 1.663934 -0.072421 -3.382014 -1.428175 0.286952 -0.242708 1.570923 25.000000
3.549389 1.932667 -0.081943 -3.398412 -1.352376 0.289896 -0.249929 1.475681 25.050000
3.688962 1.710430 -0.090551 -3.415550 -1.276816 0.285888 -0.256833 1.537738 25.100000
2.885326 1.577303 -0.098215 -3.433223 -1.201548 0.282758 -0.263232 1.481459 25.150000
3.445047 2.069847 -0.104956 -3.451228 -1.129553 0.272875 -0.268407 1.408708 25.200000
4.347929 1.865633 -0.110767 -3.469453 -1.054741 0.267041 -0.273559 1.561265 25.250000
4.920987 2.238710 -0.115453 -3.488103 -0.977056 0.268218 -0.278941 1.548378 25.300000
4.234173 2.660759 -0.118788 -3.507352 -0.895805 0.272711 -0.284998 1.681879 25.350000
4.052531 2.994760 -0.120753 -3.527012 -0.805759 0.266465 -0.292482 1.887448 25.400000
5.034266 2.629262 -0.121463 -3.546738 -0.705708 0.253786 -0.300946 2.082090 25.450000
4.671647 3.000000 -0.120777 -3.566478 -0.603313 0.248651 -0.308870 2.023585 25.500000
5.303068 3.000000 -0.118586 -3.586174 -0.498952 0.238450 -0.316314 2.132279 25.550000
6.000000 2.794843 -0.114853 -3.605674 -0.391225 0.232030 -0.323433 2.170229 25.600000
5.689593 2.488727 -0.109325 -3.624919 -0.284409 0.231753 -0.329880 2.112530 25.650000
5.499690 2.939558 -0.101943 -3.643758 -0.182502 0.229963 -0.335200 1.985139 25.700000
6.000000 2.606636 -0.092863 -3.661987 -0.079951 0.225466 -0.340242 2.097926 25.750000
6.000000 3.000000 -0.082096 -3.679424 0.022717 0.225068 -0.344917 2.021734 25.800000
5.528043 2.976887 -0.069618 -3.695896 0.127050 0.223248 -0.349641 2.132929 25.850000
5.750262 3.000000 -0.055679 -3.711237 0.234604 0.214916 -0.354305 2.163614 25.900000
5.826193 3.000000 -0.040474 -3.725302 0.343307 0.207783 -0.358382 2.181184 25.950000
5.662182 3.000000 -0.024083 -3.737941 0.452518 0.200830 -0.361839 2.186107 26.000000
5.474378 2.901563 -0.006680 -3.749044 0.561840 0.192111 -0.364577 2.186236 26.050000
6.000000 3.000000 0.011510 -3.758555 0.670104 0.182173 -0.366343 2.149943 26.100000
5.271195 3.000000 0.030391 -3.766340 0.778192 0.177381 -0.367466 2.169886 26.150000
5.938330 3.000000 0.049757 -3.772376 0.886847 0.165597 -0.367973 2.174694 26.200000
5.207232 3.000000 0.069417 -3.776621 0.995581 0.160404 -0.367817 2.174362 26.250000
5.687058 2.850660 0.089193 -3.779065 1.104246 0.148719 -0.367001 2.171884 26.300000
6.000000 2.765521 0.108882 -3.779741 1.211238 0.142955 -0.365358 2.116738 26.350000
6.000000 2.715405 0.128388 -3.778469 1.315607 0.141886 -0.363251 2.066414 26.400000
6.000000 2.691963 0.147547 -3.775188 1.417880 0.142195 -0.360981 2.030471 26.450000
5.756594 3.000000 0.166166 -3.769929 1.518783 0.143473 -0.358714 2.009216 26.500000
6.000000 2.576069 0.184050 -3.762813 1.622178 0.141518 -0.356774 2.109539 26.550000
5.338317 2.657866 0.201008 -3.753932 1.724350 0.142772 -0.354720 1.996319 26.600000
5.624928 3.000000 0.216894 -3.743461 1.823802 0.139428 -0.352405 1.983585 26.650000
4.843773 3.000000 0.231574 -3.731591 1.926346 0.137702 -0.350319 2.098732 26.700000
4.603593 2.839352 0.244968 -3.718577 2.032448 0.127390 -0.348186 2.137974 26.750000
3.728149 2.472651 0.257072 -3.704761 2.138046 0.115840 -0.345248 2.092812 26.800000
4.394203 2.955982 0.267953 -3.690447 2.238369 0.099559 -0.340950 1.943727 26.850000
3.449346 2.555586 0.277575 -3.675740 2.338875 0.090635 -0.335949 2.057079 26.900000
3.795904 2.122145 0.285962 -3.660774 2.438735 0.074291 -0.330156 1.953384 26.950000
4.067065 2.024745 0.293168 -3.645704 2.530727 0.066125 -0.323296 1.757123 27.000000
3.313721 1.577169 0.299019 -3.630482 2.615358 0.064851 -0.316039 1.645245 27.050000
2.733239 1.830671 0.303571 -3.615225 2.691596 0.061016 -0.308502 1.435216 27.100000
3.712533 1.549074 0.307062 -3.600122 2.763563 0.054476 -0.300793 1.442027 27.150000
4.497269 1.097960 0.309392 -3.585192 2.832720 0.059161 -0.293189 1.339195 27.200000
4.875213 1.418315 0.310153 -3.570362 2.893616 0.074894 -0.285949 1.126642 27.250000
4.923458 1.821600 0.309069 -3.555647 2.950867 0.095500 -0.279564 1.159890 27.300000
5.729269 2.201181 0.306089 -3.541146 3.013728 0.114108 -0.274641 1.331585 27.350000
5.953611 2.054583 0.301100 -3.526986 3.086532 0.136158 -0.271702 1.549766 27.400000
5.198761 2.319697 0.293970 -3.513331 -3.118080 0.157536 -0.270570 1.588400 27.450000
5.131576 2.684270 0.284930 -3.500363 -3.035345 0.169598 -0.270905 1.703906 27.500000
5.411799 2.211224 0.274295 -3.488244 -2.944991 0.177644 -0.272773 1.882405 27.550000
5.453054 2.589499 0.262154 -3.477144 -2.853788 0.187409 -0.275219 1.782255 27.600000
6.000000 2.215930 0.248551 -3.467224 -2.761785 0.196536 -0.278332 1.882413 27.650000
6.000000 1.969127 0.233513 -3.458676 -2.670392 0.210206 -0.281967 1.789048 27.700000
5.203401 2.339142 0.217070 -3.451686 -2.584474 0.225001 -0.285546 1.667506 27.750000
4.356720 1.975934 0.199534 -3.446268 -2.498516 0.231354 -0.289682 1.757346 27.800000
4.202883 2.380813 0.181388 -3.442276 -2.413422 0.229464 -0.293640 1.661373 27.850000
4.749803 2.259680 0.162934 -3.439606 -2.327183 0.225310 -0.297483 1.771024 27.900000
5.104578 2.205923 0.144247 -3.438347 -2.238674 0.225027 -0.301408 1.769709 27.950000
5.490815 1.747447 0.125330 -3.438679 -2.150745 0.227830 -0.305178 1.750734 28.000000
5.969406 1.750210 0.106230 -3.440767 -2.068192 0.235938 -0.308246 1.578371 28.050000
5.518271 1.373563 0.086980 -3.444811 -1.991152 0.250163 -0.310925 1.513821 28.100000
5.584174 1.617732 0.067726 -3.450822 -1.920148 0.261937 -0.313105 1.350749 28.150000
6.000000 1.608949 0.048636 -3.458713 -1.851866 0.274805 -0.315341 1.377560 28.200000
6.000000 1.955457 0.029834 -3.468555 -1.782674 0.290397 -0.318371 1.389474 28.250000
5.268634 1.818655 0.011468 -3.480380 -1.709264 0.303193 -0.322906 1.527678 28.300000
6.000000 1.568266 -0.006253 -3.493927 -1.632646 0.306783 -0.328382 1.536290 28.350000
5.809817 2.000353 -0.023170 -3.509121 -1.558326 0.317503 -0.333529 1.450135 28.400000
6.000000 2.296344 -0.039157 -3.526009 -1.482155 0.324634 -0.339423 1.578464 28.450000
6.000000 1.969677 -0.054045 -3.544452 -1.398562 0.329101 -0.347157 1.740999 28.500000
6.000000 2.047723 -0.067670 -3.564335 -1.313046 0.331586 -0.355240 1.688444 28.550000
5.437272 2.263242 -0.079903 -3.585526 -1.228340 0.333450 -0.362985 1.698812 28.600000
5.225465 2.738751 -0.090674 -3.607754 -1.140991 0.327800 -0.370970 1.782190 28.650000
5.387102 2.591743 -0.099962 -3.630671 -1.046022 0.315537 -0.379873 1.983638 28.700000
5.032931 2.595909 -0.107705 -3.654067 -0.946231 0.301621 -0.388606 2.004123 28.750000
4.671550 2.756307 -0.113888 -3.677747 -0.845824 0.283549 -0.396012 2.010235 28.800000
4.283161 3.000000 -0.118600 -3.701443 -0.743695 0.260986 -0.402037 2.064489 28.850000
3.404911 3.000000 -0.121975 -3.724901 -0.637546 0.232756 -0.406705 2.162863 28.900000
3.207587 2.825394 -0.124287 -3.747833 -0.528585 0.195399 -0.409140 2.188486 28.950000
2.595850 3.000000 -0.125787 -3.770063 -0.420915 0.158244 -0.408424 2.126163 29.000000
2.801680 2.854049 -0.126675 -3.791525 -0.313723 0.117414 -0.404700 2.153669 29.050000
3.615584 3.000000 -0.127066 -3.812209 -0.207503 0.081335 -0.398099 2.101257 29.100000
4.376133 3.000000 -0.126733 -3.832195 -0.101699 0.055514 -0.389383 2.124923 29.150000
4.247422 3.000000 -0.125324 -3.851508 0.004650 0.038797 -0.379395 2.127368 29.200000
4.685305 3.000000 -0.122715 -3.870088 0.110940 0.023041 -0.368533 2.123686 29.250000
5.407820 3.000000 -0.118863 -3.887835 0.217007 0.013661 -0.357107 2.119111 29.300000
5.949956 2.682832 -0.113548 -3.904586 0.322882 0.013083 -0.345715 2.116316 29.350000
5.675097 2.689092 -0.106560 -3.920107 0.425435 0.020689 -0.334941 2.004905 29.400000
5.315621 2.251702 -0.097937 -3.934211 0.524606 0.028398 -0.325063 1.968392 29.450000
5.376289 2.483942 -0.087930 -3.946813 0.618144 0.036194 -0.315936 1.800583 29.500000
5.092905 2.945249 -0.076711 -3.957815 0.708798 0.046578 -0.307683 1.822585 29.550000
6.000000 2.925445 -0.064478 -3.967159 0.804992 0.052605 -0.300468 1.997049 29.600000
5.126039 2.470382 -0.051327 -3.974671 0.906540 0.065553 -0.294372 2.055751 29.650000
4.709897 2.582095 -0.037448 -3.980281 1.005306 0.071771 -0.289017 1.917861 29.700000
4.905694 2.303263 -0.023183 -3.984165 1.100895 0.075805 -0.284062 1.907523 29.750000
4.719881 2.107055 -0.008718 -3.986332 1.193286 0.083343 -0.279485 1.804889 29.800000
4.961965 1.682223 0.005805 -3.986753 1.280382 0.091407 -0.275252 1.696275 29.850000
3.970129 1.584527 0.020244 -3.985395 1.359539 0.104834 -0.271271 1.500209 29.900000
4.333929 1.881236 0.034441 -3.982420 1.431270 0.111656 -0.267439 1.385894 29.950000
4.072620 1.994748 0.048257 -3.977984 1.502411 0.122156 -0.264158 1.450789 30.000000
3.750807 1.624719 0.061587 -3.972121 1.576958 0.128891 -0.261733 1.521034 30.050000
2.925940 1.536410 0.074321 -3.965025 1.649915 0.133173 -0.259517 1.413172 30.100000
2.238021 1.091905 0.086401 -3.956996 1.718351 0.131437 -0.257022 1.335272 30.150000
1.629736 1.229620 0.097828 -3.948403 1.779360 0.126209 -0.253757 1.132658 30.200000
1.068161 0.856803 0.108642 -3.939532 1.834932 0.117676 -0.249844 1.094772 30.250000
1.402307 0.648672 0.118911 -3.930641 1.885059 0.106393 -0.245239 0.930984 30.300000
1.222783 0.719753 0.128654 -3.921745 1.927131 0.101624 -0.239912 0.771362 30.350000
1.659098 1.038844 0.137866 -3.912782 1.964327 0.097243 -0.234294 0.722104 30.400000
1.424801 1.300288 0.146525 -3.903691 2.003307 0.096798 -0.228939 0.824521 30.450000
1.486078 0.863721 0.154619 -3.894461 2.048776 0.092472 -0.224142 0.974965 30.500000
1.321621 0.847894 0.162168 -3.885160 2.094651 0.089051 -0.219404 0.872763 30.550000
0.362378 0.965192 0.169182 -3.875807 2.136748 0.085640 -0.214488 0.817751 30.600000
0.240284 0.918666 0.175804 -3.866619 2.178173 0.073919 -0.209478 0.836400 30.650000
0.318597 0.959083 0.182185 -3.857798 2.219674 0.061769 -0.204294 0.824566 30.700000
1.209964 0.735307 0.188341 -3.849331 2.261147 0.051108 -0.198953 0.832861 30.750000
1.346122 0.789205 0.194136 -3.841021 2.300385 0.050028 -0.193543 0.747032 30.800000
0.973422 0.575983 0.199413 -3.832678 2.337177 0.051169 -0.188236 0.727036 30.850000
1.933247 1.069498 0.204209 -3.824343 2.370865 0.049845 -0.182997 0.631629 30.900000
2.129917 1.022430 0.208425 -3.815926 2.406676 0.057203 -0.178106 0.782964 30.950000
1.178523 1.149773 0.211877 -3.807279 2.447360 0.065175 -0.173788 0.837862 31.000000
0.874513 1.004618 0.214712 -3.798555 2.491400 0.063453 -0.169861 0.914087 31.050000
0.798203 0.511096 0.217168 -3.789963 2.536488 0.058963 -0.166016 0.892056 31.100000
1.196947 0.767030 0.219317 -3.781552 2.575307 0.055567 -0.161917 0.685646 31.150000
1.924991 0.420545 0.221085 -3.773265 2.609650 0.057188 -0.157762 0.687803 31.200000
1.502911 0.206352 0.222242 -3.764971 2.640186 0.066507 -0.153710 0.549824 31.250000
1.821722 -0.013441 0.222727 -3.756639 2.663333 0.073237 -0.149605 0.393422 31.300000
1.514352 -0.007533 0.222558 -3.748283 2.678247 0.084448 -0.145325 0.221270 31.350000
0.564287 0.371030 0.221736 -3.739896 2.686839 0.093691 -0.140906 0.131516 31.400000
1.201527 0.437938 0.220537 -3.731609 2.696458 0.093613 -0.136740 0.242101 31.450000
1.171787 0.542420 0.219044 -3.723462 2.710983 0.098615 -0.133073 0.329855 31.500000
0.273637 0.945505 0.217143 -3.715408 2.729964 0.102426 -0.129896 0.419801 31.550000
0.025885 1.067405 0.215055 -3.707550 2.756821 0.096449 -0.127371 0.630539 31.600000
0.873268 1.124678 0.213043 -3.700005 2.792620 0.086951 -0.125366 0.783006 31.650000
1.728335 0.732891 0.210985 -3.692728 2.834444 0.084761 -0.123653 0.878121 31.700000
1.207383 0.236245 0.208511 -3.685600 2.875267 0.090863 -0.121988 0.768397 31.750000
0.875862 0.670034 0.205547 -3.678601 2.906654 0.093541 -0.119885 0.516385 31.800000
1.520196 0.970655 0.202281 -3.671781 2.933862 0.093800 -0.117618 0.566255 31.850000
1.370833 0.887400 0.198652 -3.665133 2.966260 0.099291 -0.115846 0.712672 31.900000
2.158273 1.027457 0.194567 -3.658656 3.002971 0.102581 -0.114543 0.751174 31.950000
2.157496 1.457148 0.189898 -3.652355 3.042620 0.112663 -0.113689 0.825901 32.000000
1.961402 1.081341 0.184493 -3.646247 3.089680 0.121237 -0.113753 1.030572 32.050000
2.183168 1.439399 0.178438 -3.640383 3.139744 0.127179 -0.114309 0.978845 32.100000
2.599261 1.088686 0.171755 -3.634806 -3.091223 0.134568 -0.115295 1.094853 32.150000
1.632338 0.949423 0.164332 -3.629566 -3.038817 0.145431 -0.116593 1.012478 32.200000
1.578728 1.009993 0.156328 -3.624686 -2.990763 0.147502 -0.117634 0.921440 32.250000
0.955470 1.498536 0.147999 -3.620155 -2.945202 0.149333 -0.118445 0.903342 32.300000
1.861880 1.567023 0.139524 -3.615959 -2.894893 0.144474 -0.119681 1.085337 32.350000
1.716647 1.662989 0.130871 -3.612137 -2.837564 0.146972 -0.121563 1.193355 32.400000
1.319198 1.874202 0.121910 -3.608759 -2.775507 0.147075 -0.123927 1.277384 32.450000
1.008511 1.736157 0.112804 -3.605803 -2.708337 0.142401 -0.126635 1.392948 32.500000
0.526604 1.276608 0.103743 -3.603214 -2.638789 0.134368 -0.129176 1.389377 32.550000
0.000000 1.653126 0.094901 -3.600899 -2.574314 0.122866 -0.130675 1.213979 32.600000
0.000000 1.811309 0.086457 -3.598721 -2.511722 0.107148 -0.131345 1.280159 32.650000
0.000000 1.684420 0.078499 -3.596588 -2.445238 0.091297 -0.131562 1.366580 32.700000
0.774300 1.469954 0.071005 -3.594476 -2.377264 0.075791 -0.131117 1.353811 32.750000
1.070454 1.500823 0.063814 -3.592492 -2.312059 0.068630 -0.129997 1.266502 32.800000
1.860840 1.529976 0.056735 -3.590812 -2.249479 0.065065 -0.128543 1.240234 32.850000
1.256465 1.141381 0.049615 -3.589634 -2.187476 0.069203 -0.127127 1.239979 32.900000
0.355751 0.882054 0.042452 -3.588991 -2.129689 0.068410 -0.125621 1.091549 32.950000
1.330160 1.167871 0.035446 -3.588595 -2.079834 0.060751 -0.123629 0.924157 33.000000
1.123340 1.131983 0.028584 -3.588473 -2.032656 0.063018 -0.121497 0.958609 33.050000
1.234115 0.759311 0.021789 -3.588777 -1.984672 0.063278 -0.119516 0.960479 33.100000
1.364127 0.329895 0.015089 -3.589485 -1.940737 0.065339 -0.117452 0.815162 33.150000
2.127237 0.610687 0.008466 -3.590654 -1.906704 0.070219 -0.115086 0.574624 33.200000
2.908585 0.426201 0.001854 -3.592489 -1.878119 0.082954 -0.112728 0.569602 33.250000
1.923431 0.559907 -0.004833 -3.595320 -1.851767 0.102891 -0.110630 0.493426 33.300000
1.579935 1.023354 -0.011553 -3.599075 -1.826628 0.113168 -0.108800 0.510412 33.350000
0.667870 0.851756 -0.018191 -3.603427 -1.795619 0.119054 -0.107671 0.707249 33.400000
0.382168 1.302569 -0.024648 -3.608064 -1.759476 0.115535 -0.107027 0.735062 33.450000
0.096670 1.527947 -0.030856 -3.612698 -1.717340 0.108649 -0.106750 0.926523 33.500000
0.166516 1.295011 -0.036785 -3.617183 -1.666044 0.098052 -0.106893 1.102217 33.550000
0.123405 1.127020 -0.042436 -3.621458 -1.611260 0.087996 -0.106884 1.090497 33.600000
0.507460 1.203355 -0.047828 -3.625536 -1.558737 0.078267 -0.106354 1.019523 33.650000
0.392983 1.650068 -0.052980 -3.629506 -1.507848 0.072759 -0.105472 1.016363 33.700000
1.132343 1.355805 -0.057899 -3.633430 -1.452200 0.065777 -0.104629 1.186655 33.750000
1.987681 1.306840 -0.062569 -3.637445 -1.393939 0.065625 -0.103794 1.148891 33.800000
2.399296 1.442612 -0.066918 -3.641909 -1.337493 0.073745 -0.103065 1.113783 33.850000
1.732107 1.013374 -0.070855 -3.647083 -1.280751 0.085381 -0.102781 1.151121 33.900000
1.017006 0.864516 -0.074359 -3.652867 -1.227389 0.090863 -0.102628 1.003014 33.950000
0.491070 1.004006 -0.077512 -3.658932 -1.180771 0.090449 -0.102145 0.877643 34.000000
0.000000 1.121757 -0.080415 -3.665002 -1.136995 0.085593 -0.101414 0.873771 34.050000
0.000000 1.619385 -0.083168 -3.670858 -1.092069 0.076246 -0.100552 0.917582 34.100000
0.000000 1.364864 -0.085832 -3.676401 -1.040166 0.066356 -0.099766 1.130471 34.150000
0.000000 0.975036 -0.088420 -3.681633 -0.983737 0.056292 -0.098835 1.126953 34.200000
0.465597 0.930432 -0.090946 -3.686572 -0.931707 0.047281 -0.097391 0.974109 34.250000
0.693391 1.414880 -0.093352 -3.691332 -0.885475 0.043807 -0.095576 0.886254 34.300000
0.368766 1.766351 -0.095540 -3.696052 -0.836974 0.042402 -0.093818 1.034676 34.350000
0.000000 1.970232 -0.097534 -3.700702 -0.779511 0.037012 -0.092254 1.236507 34.400000
0.891840 2.256095 -0.099460 -3.705154 -0.713009 0.027401 -0.090640 1.400269 34.450000
1.177996 2.252460 -0.101235 -3.709485 -0.638001 0.025554 -0.088977 1.574302 34.500000
1.138252 1.780092 -0.102653 -3.713854 -0.557311 0.025921 -0.087434 1.642902 34.550000
0.910704 2.173051 -0.103665 -3.718263 -0.479369 0.026395 -0.085910 1.496681 34.600000
1.562217 1.792362 -0.104321 -3.722661 -0.402065 0.024969 -0.084406 1.582624 34.650000
1.528572 1.675350 -0.104528 -3.727057 -0.325970 0.029942 -0.083023 1.476925 34.700000
2.103153 1.806536 -0.104150 -3.731468 -0.254603 0.035074 -0.081853 1.390382 34.750000
1.431368 2.010489 -0.103067 -3.735877 -0.184701 0.045611 -0.081086 1.403929 34.800000
1.345278 1.662553 -0.101319 -3.740228 -0.112156 0.049268 -0.080788 1.485945 34.850000
0.973410 1.618309 -0.099100 -3.744442 -0.040596 0.052117 -0.080626 1.390383 34.900000
0.106235 1.686275 -0.096530 -3.748484 0.027313 0.051819 -0.080401 1.333997 34.950000
0.692611 1.469011 -0.093907 -3.752344 0.094058 0.043628 -0.079937 1.335473 35.000000
0.000000 1.102770 -0.091296 -3.756022 0.158505 0.041499 -0.079175 1.253802 35.050000
0.000000 0.624883 -0.088717 -3.759535 0.216219 0.033812 -0.078032 1.078385 35.100000
0.284323 0.559239 -0.086310 -3.762923 0.262662 0.027699 -0.076398 0.812977 35.150000
0.000000 0.623340 -0.083987 -3.766178 0.299055 0.025594 -0.074493 0.660926 35.200000
0.029664 0.998430 -0.081731 -3.769309 0.330737 0.021491 -0.072494 0.611996 35.250000
0.000000 1.052102 -0.079592 -3.772337 0.364870 0.017664 -0.070509 0.738329 35.300000
0.000000 1.320299 -0.077571 -3.775270 0.404094 0.013316 -0.068547 0.820579 35.350000
0.000000 1.426427 -0.075673 -3.778119 0.449184 0.008698 -0.066573 0.964797 35.400000
0.518513 1.754803 -0.073896 -3.780893 0.500459 0.003826 -0.064541 1.072117 35.450000
1.119790 1.671403 -0.072134 -3.783541 0.559001 0.003472 -0.062505 1.245951 35.500000
0.424216 1.233490 -0.070174 -3.785930 0.622546 0.008458 -0.060657 1.289809 35.550000
0.330495 1.376479 -0.068048 -3.788068 0.682845 0.007209 -0.058934 1.142343 35.600000
0.325909 1.289192 -0.065913 -3.790060 0.739678 0.005548 -0.057192 1.132323 35.650000
0.000000 1.450086 -0.063784 -3.791919 0.795216 0.004139 -0.055443 1.094270 35.700000
0.000000 1.333116 -0.061717 -3.793702 0.851201 -0.000147 -0.053642 1.139072 35.750000
0.521677 1.472162 -0.059756 -3.795467 0.907440 -0.004151 -0.051735 1.113852 35.800000
0.623100 1.460354 -0.057820 -3.797118 0.964328 -0.003056 -0.049836 1.156002 35.850000
0.000000 1.100415 -0.055826 -3.798539 1.022528 -0.001004 -0.048063 1.170120 35.900000
0.000000 1.283246 -0.053848 -3.799834 1.077294 -0.004464 -0.046326 1.038037 35.950000
0.000000 1.651420 -0.051955 -3.801126 1.129515 -0.007508 -0.044533 1.049318 36.000000
0.000000 1.430076 -0.050139 -3.802416 1.186139 -0.010569 -0.042658 1.195942 36.050000
0.000000 1.446622 -0.048395 -3.803706 1.245363 -0.013515 -0.040703 1.175738 36.100000
0.405213 1.538708 -0.046712 -3.804997 1.304077 -0.016166 -0.038702 1.173148 36.150000
0.197028 1.934002 -0.045062 -3.806193 1.363701 -0.014839 -0.036733 1.207177 36.200000
0.000000 2.312336 -0.043434 -3.807254 1.428748 -0.015602 -0.034783 1.371619 36.250000
0.513697 2.077693 -0.041845 -3.808278 1.503340 -0.018426 -0.032699 1.581209 36.300000
0.000000 2.324639 -0.040289 -3.809192 1.582351 -0.016348 -0.030613 1.579501 36.350000
0.389245 1.895965 -0.038765 -3.809999 1.663914 -0.019003 -0.028547 1.669301 36.400000
0.026998 2.354189 -0.037280 -3.810726 1.743884 -0.017656 -0.026534 1.547907 36.450000
0.436067 2.714856 -0.035833 -3.811365 1.824727 -0.019541 -0.024563 1.667613 36.500000
1.318289 2.427886 -0.034436 -3.811908 1.913243 -0.017580 -0.022563 1.845129 36.550000
1.878075 1.992075 -0.033200 -3.812075 2.004472 -0.007353 -0.020991 1.809727 36.600000
1.600535 1.522359 -0.032299 -3.811591 2.090017 0.007996 -0.020297 1.638715 36.650000
2.224329 1.400885 -0.031820 -3.810451 2.165045 0.020516 -0.020366 1.398027 36.700000
3.009868 1.439507 -0.031857 -3.808650 2.230797 0.038587 -0.021059 1.252615 36.750000
3.799866 1.589766 -0.032650 -3.805995 2.292078 0.063316 -0.022576 1.205274 36.800000
2.918065 1.895086 -0.034482 -3.802305 2.353396 0.094280 -0.025270 1.242508 36.850000
2.322453 1.854139 -0.037373 -3.797719 2.419286 0.115425 -0.029358 1.374620 36.900000
1.616825 1.513746 -0.041103 -3.792600 2.489185 0.129648 -0.034479 1.415635 36.950000
0.687187 1.277937 -0.045451 -3.787233 2.556829 0.136393 -0.039726 1.305926 37.000000
0.999639 1.389405 -0.050098 -3.781888 2.618265 0.134146 -0.044303 1.170319 37.050000
0.452068 1.522577 -0.054918 -3.776659 2.676319 0.134742 -0.048366 1.154138 37.100000
0.000000 1.186658 -0.059852 -3.771583 2.735277 0.129851 -0.052287 1.198249 37.150000
0.073131 1.534150 -0.064679 -3.766761 2.792093 0.120814 -0.055590 1.089065 37.200000
0.000000 1.751099 -0.069314 -3.762211 2.848956 0.112562 -0.058433 1.174020 37.250000
0.930306 1.918729 -0.073752 -3.757921 2.911062 0.103301 -0.061228 1.293607 37.300000
1.148319 1.792112 -0.078183 -3.753843 2.979001 0.102304 -0.064133 1.407730 37.350000
0.297370 2.091594 -0.082855 -3.749937 3.049402 0.102882 -0.067106 1.408313 37.400000
0.000000 1.939971 -0.087603 -3.746236 3.123021 0.094950 -0.070019 1.519996 37.450000
0.000000 1.641935 -0.092146 -3.742755 -3.084475 0.084087 -0.072469 1.509115 37.500000
0.221148 1.902162 -0.096415 -3.739470 -3.012328 0.073780 -0.074066 1.393480 37.550000
0.429045 1.609589 -0.100471 -3.736361 -2.941255 0.065899 -0.075087 1.442283 37.600000
0.094527 2.043533 -0.104417 -3.733429 -2.871695 0.060325 -0.075664 1.352886 37.650000
0.000000 2.053732 -0.108226 -3.730653 -2.800484 0.051642 -0.075933 1.477393 37.700000
0.000000 1.987860 -0.111804 -3.727987 -2.725051 0.041962 -0.075868 1.531770 37.750000
0.853632 2.197055 -0.115138 -3.725405 -2.648540 0.032567 -0.075320 1.528945 37.800000
1.478111 1.957778 -0.118415 -3.722987 -2.569917 0.031314 -0.074553 1.604577 37.850000
2.140370 1.780991 -0.121920 -3.720916 -2.491346 0.035995 -0.073905 1.547002 37.900000
1.618659 1.358937 -0.125861 -3.719390 -2.416529 0.047083 -0.073609 1.458819 37.950000
1.846009 1.271381 -0.130216 -3.718456 -2.349130 0.053662 -0.073523 1.264839 38.000000
1.760790 1.108598 -0.134889 -3.718093 -2.289186 0.062852 -0.073512 1.148897 38.050000
2.305387 0.832782 -0.139860 -3.718339 -2.234951 0.071468 -0.073609 1.035672 38.100000
1.634743 1.096331 -0.145155 -3.719288 -2.187629 0.085500 -0.073750 0.877609 38.150000
1.860754 1.315920 -0.150715 -3.720917 -2.142889 0.093012 -0.074095 0.908240 38.200000
2.765061 1.308973 -0.156433 -3.723140 -2.094644 0.101950 -0.074938 1.008791 38.250000
3.138546 0.890067 -0.162387 -3.726180 -2.042967 0.118524 -0.076461 1.052810 38.300000
3.578918 0.823773 -0.168648 -3.730294 -1.994330 0.138138 -0.078306 0.911194 38.350000
3.523498 0.408287 -0.175221 -3.735645 -1.951318 0.161572 -0.080236 0.820935 38.400000
4.205233 0.177744 -0.182072 -3.742296 -1.916070 0.184340 -0.081839 0.614017 38.450000
3.671703 -0.293125 -0.189201 -3.750363 -1.890790 0.213614 -0.082625 0.419381 38.500000
3.817448 -0.641738 -0.196591 -3.759842 -1.877977 0.238184 -0.081852 0.123794 38.550000
4.134434 -0.316086 -0.204227 -3.770611 -1.880300 0.264827 -0.078622 -0.186782 38.600000
3.168701 0.107110 -0.212180 -3.782724 -1.890565 0.294177 -0.073902 -0.220282 38.650000
3.909637 -0.261341 -0.220414 -3.795979 -1.897165 0.312990 -0.069977 -0.059442 38.700000
4.485441 -0.109505 -0.228896 -3.810279 -1.901969 0.337741 -0.066480 -0.126170 38.750000
5.275680 0.372084 -0.237727 -3.825867 -1.907518 0.366898 -0.062833 -0.098395 38.800000
5.981764 0.371524 -0.246995 -3.842988 -1.906364 0.401645 -0.061049 0.123798 38.850000
6.000000 0.255949 -0.256745 -3.861918 -1.896744 0.440849 -0.061889 0.249004 38.900000
6.000000 0.304777 -0.266950 -3.882753 -1.883700 0.478328 -0.064068 0.271080 38.950000
5.666077 0.448496 -0.277542 -3.905435 -1.869192 0.514108 -0.067034 0.306305 39.000000
5.218007 0.469134 -0.288421 -3.929827 -1.851636 0.544970 -0.071400 0.388116 39.050000
4.639163 0.095914 -0.299448 -3.955700 -1.830721 0.569947 -0.077297 0.443449 39.100000
4.307741 -0.342726 -0.310492 -3.982774 -1.811921 0.588597 -0.082421 0.322331 39.150000
4.840902 0.049878 -0.321504 -4.010799 -1.802574 0.604380 -0.083568 0.076472 39.200000
4.476272 -0.346666 -0.332545 -4.039786 -1.797887 0.624971 -0.082786 0.108199 39.250000
5.155868 -0.278586 -0.343628 -4.069731 -1.796605 0.641708 -0.080535 -0.042719 39.300000
5.799128 -0.432498 -0.354811 -4.100666 -1.800293 0.664576 -0.076074 -0.099553 39.350000
6.000000 -0.435139 -0.366203 -4.132843 -1.807959 0.692811 -0.069766 -0.197810 39.400000
6.000000 -0.303282 -0.377898 -4.166391 -1.819414 0.721976 -0.061611 -0.255280 39.450000
6.000000 -0.486284 -0.389949 -4.201281 -1.831592 0.749832 -0.053135 -0.234799 39.500000
6.000000 -0.459776 -0.402378 -4.237444 -1.845229 0.776450 -0.043902 -0.304567 39.550000
6.000000 0.032503 -0.415233 -4.274806 -1.861300 0.801873 -0.033367 -0.336335 39.600000
6.000000 0.246929 -0.428534 -4.313297 -1.873049 0.825831 -0.025448 -0.153293 39.650000
6.000000 0.662034 -0.442212 -4.352878 -1.875525 0.848370 -0.023138 0.036019 39.700000
5.643472 1.158146 -0.456143 -4.393529 -1.865956 0.869518 -0.028258 0.319360 39.750000
6.000000 0.761026 -0.470104 -4.435171 -1.840001 0.885516 -0.043592 0.681002 39.800000
5.133105 0.266993 -0.483857 -4.477806 -1.805077 0.902832 -0.064385 0.715489 39.850000
4.688415 0.628214 -0.497269 -4.521277 -1.774036 0.910835 -0.082246 0.548560 39.900000
4.222756 0.609932 -0.510265 -4.565242 -1.744579 0.913845 -0.098617 0.623921 39.950000
4.662809 0.630530 -0.522739 -4.609465 -1.712265 0.911319 -0.116285 0.666619 40.000000
4.917757 0.588401 -0.534619 -4.653919 -1.677826 0.911833 -0.134704 0.709023 40.050000
4.244999 0.562533 -0.545858 -4.698736 -1.641964 0.913547 -0.153439 0.726582 40.100000
4.245831 0.866097 -0.556392 -4.743781 -1.605389 0.907897 -0.171936 0.738024 40.150000
5.177534 1.281765 -0.566152 -4.788863 -1.564667 0.900522 -0.192307 0.876945 40.200000
5.953055 1.372256 -0.575012 -4.834141 -1.514072 0.898092 -0.218175 1.119583 40.250000
5.868164 1.717013 -0.582768 -4.879901 -1.453605 0.897889 -0.249405 1.282012 40.300000
5.238210 1.461673 -0.589219 -4.926148 -1.383329 0.890608 -0.285639 1.502841 40.350000
4.507588 1.756384 -0.594223 -4.972520 -1.307802 0.872151 -0.323215 1.520655 40.400000
3.620439 1.828349 -0.597781 -5.018545 -1.228031 0.841935 -0.360749 1.654083 40.450000
3.852443 2.097404 -0.599971 -5.063690 -1.142748 0.797948 -0.398045 1.745599 40.500000
4.737492 2.352418 -0.600861 -5.107661 -1.051453 0.750373 -0.434541 1.885449 40.550000
4.552186 2.190559 -0.600365 -5.150518 -0.952910 0.704138 -0.470433 2.032958 40.600000
3.584901 1.995891 -0.598469 -5.192227 -0.851340 0.651598 -0.502996 2.029697 40.650000
2.610213 2.068715 -0.595451 -5.232498 -0.752039 0.589845 -0.529222 1.952233 40.700000
2.260431 1.827883 -0.591756 -5.271031 -0.654837 0.520055 -0.549007 1.933935 40.750000
3.165339 1.460492 -0.587741 -5.307710 -0.561308 0.450499 -0.561967 1.819643 40.800000
2.503047 1.673671 -0.583363 -5.342755 -0.475917 0.397197 -0.567899 1.621635 40.850000
1.659495 1.231520 -0.578600 -5.376351 -0.395304 0.343147 -0.569105 1.600503 40.900000
2.267975 1.357739 -0.573789 -5.408463 -0.320731 0.288166 -0.565774 1.405275 40.950000
3.037008 0.887532 -0.568942 -5.439215 -0.251913 0.245893 -0.558899 1.350565 41.000000
3.686366 0.972871 -0.563710 -5.468793 -0.190484 0.218720 -0.549345 1.133376 41.050000
3.036827 0.865398 -0.557699 -5.497337 -0.135828 0.204472 -0.538230 1.060691 41.100000
2.518264 1.246115 -0.550884 -5.524872 -0.085075 0.188401 -0.526388 0.978168 41.150000
1.564063 0.924015 -0.543530 -5.551378 -0.033247 0.168188 -0.514471 1.079341 41.200000
1.158774 0.688040 -0.536007 -5.576853 0.018237 0.140977 -0.502065 0.988952 41.250000
0.334706 0.481593 -0.528590 -5.601340 0.063658 0.116005 -0.488600 0.843636 41.300000
0.920462 0.747497 -0.521485 -5.624908 0.101373 0.090199 -0.474242 0.681931 41.350000
0.465355 0.346688 -0.514664 -5.647608 0.136048 0.073470 -0.459661 0.701127 41.400000
0.000000 0.056226 -0.508059 -5.669479 0.166704 0.056289 -0.445002 0.541894 41.450000
0.000000 -0.308831 -0.501804 -5.690585 0.188120 0.041510 -0.430205 0.335848 41.500000
0.593617 -0.586245 -0.495897 -5.710970 0.197595 0.034543 -0.415454 0.069233 41.550000
0.847797 -0.130021 -0.490086 -5.730621 0.193724 0.040910 -0.400868 -0.198033 41.600000
0.374166 0.029083 -0.484098 -5.749517 0.185113 0.051848 -0.386631 -0.150456 41.650000
0.595046 0.132197 -0.477995 -5.767700 0.180208 0.055907 -0.373000 -0.054859 41.700000
0.000000 0.232863 -0.471873 -5.785211 0.180157 0.059371 -0.360044 0.043696 41.750000
0.000000 0.636340 -0.465852 -5.802092 0.185028 0.054819 -0.347748 0.141294 41.800000
0.353126 0.414825 -0.460101 -5.818392 0.198194 0.046680 -0.336167 0.362026 41.850000
0.437471 0.830234 -0.454581 -5.834123 0.216936 0.039836 -0.325099 0.384740 41.900000
0.397409 0.736776 -0.449203 -5.849287 0.241186 0.031924 -0.314468 0.564759 41.950000
0.951875 0.579689 -0.443985 -5.863908 0.270845 0.022017 -0.304161 0.615202 42.000000
1.263395 0.813436 -0.438814 -5.877976 0.300491 0.018048 -0.294071 0.574996 42.050000
1.370599 0.562655 -0.433490 -5.891446 0.331300 0.017065 -0.284304 0.648752 42.100000
1.401077 0.819604 -0.427931 -5.904299 0.361931 0.017584 -0.274869 0.583953 42.150000
1.054463 0.329797 -0.422110 -5.916529 0.393125 0.018543 -0.265795 0.655550 42.200000
1.063606 0.161076 -0.416109 -5.928172 0.421372 0.017665 -0.256996 0.492769 42.250000
0.970784 -0.048721 -0.409975 -5.939256 0.441786 0.019915 -0.248416 0.340373 42.300000
0.523680 -0.006460 -0.403697 -5.949786 0.454181 0.024101 -0.240057 0.172725 42.350000
0.741891 -0.301857 -0.397365 -5.959818 0.460803 0.025956 -0.231919 0.099367 42.400000
1.643385 -0.562508 -0.391005 -5.969383 0.461206 0.031760 -0.223953 -0.067320 42.450000
1.238530 -0.714907 -0.384354 -5.978369 0.452281 0.048505 -0.215996 -0.269002 42.500000
1.387911 -0.524007 -0.377282 -5.986741 0.434137 0.063403 -0.207851 -0.438244 42.550000
1.029343 -0.828558 -0.369826 -5.994556 0.412009 0.080026 -0.199588 -0.445565 42.600000
1.578275 -1.319588 -0.362032 -6.001872 0.386209 0.093409 -0.191146 -0.571941 42.650000
1.918054 -1.742414 -0.353843 -6.008711 0.350370 0.113612 -0.181938 -0.830304 42.700000
1.917612 -1.739304 -0.345029 -6.015059 0.300789 0.139004 -0.171224 -1.115512 42.750000
2.751924 -2.128922 -0.335490 -6.020981 0.241476 0.164823 -0.158929 -1.239642 42.800000
2.173319 -2.199764 -0.325036 -6.026547 0.173815 0.198055 -0.144719 -1.438124 42.850000
2.305860 -1.781844 -0.313625 -6.031885 0.098818 0.224588 -0.128461 -1.545822 42.900000
1.832221 -1.717603 -0.301410 -6.037152 0.024702 0.249495 -0.111551 -1.435265 42.950000
1.601747 -1.670093 -0.288545 -6.042451 -0.045099 0.266747 -0.094902 -1.367060 43.000000
2.567186 -1.728167 -0.275266 -6.047852 -0.112175 0.279310 -0.078614 -1.322871 43.050000
3.151389 -2.071666 -0.261466 -6.053438 -0.178464 0.298791 -0.062274 -1.328541 43.100000
3.114439 -1.691907 -0.246862 -6.059346 -0.248703 0.321693 -0.044603 -1.462492 43.150000
3.563570 -1.850990 -0.231430 -6.065708 -0.319445 0.341664 -0.026359 -1.380085 43.200000
4.529073 -2.131249 -0.215190 -6.072638 -0.389264 0.363237 -0.007908 -1.409573 43.250000
4.171393 -2.250312 -0.197964 -6.080350 -0.463194 0.391080 0.012271 -1.531198 43.300000
4.179645 -1.777339 -0.179793 -6.089015 -0.542573 0.412189 0.034613 -1.630693 43.350000
4.462240 -1.370623 -0.160932 -6.098690 -0.620417 0.430232 0.056818 -1.503941 43.400000
3.738821 -0.924981 -0.141473 -6.109449 -0.689967 0.448707 0.076669 -1.308075 43.450000
4.443991 -1.111981 -0.121602 -6.121224 -0.748341 0.459306 0.092938 -1.061859 43.500000
4.542527 -1.162357 -0.101394 -6.134002 -0.800514 0.475657 0.107164 -1.030659 43.550000
3.796054 -1.458795 -0.080812 -6.147920 -0.852345 0.491306 0.121385 -1.042639 43.600000
3.698269 -0.997704 -0.060078 -6.162870 -0.908014 0.497680 0.136884 -1.168822 43.650000
4.067274 -0.507747 -0.039441 -6.178707 -0.963167 0.501843 0.151851 -1.054109 43.700000
4.027125 -0.009834 -0.018915 -6.195466 -1.009161 0.510231 0.163228 -0.817016 43.750000
3.673759 -0.042699 0.001555 -6.213182 -1.041405 0.520448 0.169458 -0.509550 43.800000
3.370475 0.367439 0.021965 -6.231748 -1.063013 0.529233 0.171731 -0.370447 43.850000
3.120107 -0.038850 0.042278 -6.251007 -1.074835 0.537093 0.170327 -0.127279 43.900000
3.000825 0.230315 0.062484 -6.270822 -1.082255 0.543345 0.167360 -0.165651 43.950000
2.793666 0.218934 0.082548 -6.291101 -1.087978 0.548645 0.163856 -0.072175 44.000000
2.502942 -0.251909 0.102456 -6.311759 -1.090259 0.552588 0.159145 -0.023304 44.050000
2.533754 -0.321713 0.122163 -6.332682 -1.096130 0.552919 0.156029 -0.194564 44.100000
2.412306 -0.127532 0.141589 -6.353815 -1.109229 0.552013 0.155863 -0.316825 44.150000
2.718280 -0.492392 0.160683 -6.375140 -1.124642 0.549526 0.156585 -0.301321 44.200000
3.220821 -0.992324 0.179446 -6.396697 -1.143671 0.549178 0.158694 -0.444699 44.250000
3.768286 -1.391296 0.197889 -6.418657 -1.173661 0.551000 0.165050 -0.723580 44.300000
3.970368 -1.876126 0.215973 -6.441238 -1.218171 0.554099 0.176964 -1.020849 44.350000
3.668118 -1.476567 0.233582 -6.464577 -1.278469 0.554084 0.194753 -1.348087 44.400000
2.729971 -1.434310 0.250525 -6.488596 -1.345743 0.547809 0.214494 -1.345071 44.450000
2.097382 -1.771253 0.266651 -6.512956 -1.412644 0.531470 0.232855 -1.333720 44.500000
3.056220 -1.544406 0.281856 -6.537246 -1.482887 0.507194 0.250848 -1.458639 44.550000
3.863973 -1.991964 0.296106 -6.561486 -1.554944 0.490517 0.267823 -1.428757 44.600000
4.113502 -2.045215 0.309393 -6.586030 -1.630867 0.478915 0.284830 -1.585813 44.650000
4.019743 -2.198886 0.321629 -6.611021 -1.712614 0.466009 0.302529 -1.671776 44.700000
3.107455 -2.099188 0.332735 -6.636375 -1.798850 0.448912 0.320191 -1.763855 44.750000
3.533139 -2.343733 0.342713 -6.661746 -1.887038 0.421195 0.336441 -1.763343 44.800000
3.349789 -2.261261 0.351582 -6.686935 -1.977711 0.395545 0.351168 -1.849406 44.850000
3.105263 -2.482042 0.359329 -6.711902 -2.070203 0.366647 0.364092 -1.849271 44.900000
3.406845 -2.665191 0.366023 -6.736483 -2.164848 0.334058 0.375070 -1.923093 44.950000
3.023003 -2.220894 0.371685 -6.760610 -2.263551 0.302179 0.384403 -2.009177 45.000000
2.636265 -2.570753 0.376374 -6.784210 -2.360178 0.268044 0.390638 -1.875606 45.050000
3.625825 -2.710199 0.380248 -6.807154 -2.455943 0.231478 0.394076 -1.941732 45.100000
3.912661 -2.535968 0.383244 -6.829503 -2.554982 0.203454 0.395700 -2.007100 45.150000
3.245876 -2.667611 0.385159 -6.851392 -2.654072 0.179067 0.395413 -1.962129 45.200000
3.085420 -3.000000 0.386093 -6.872740 -2.752885 0.149736 0.393211 -1.984508 45.250000
2.981435 -3.000000 0.386256 -6.893431 -2.855570 0.118392 0.389328 -2.101014 45.300000
2.902824 -3.000000 0.385757 -6.913421 -2.961630 0.086185 0.383497 -2.133502 45.350000
2.172210 -3.000000 0.384665 -6.932702 -3.068439 0.055074 0.375516 -2.136137 45.400000
1.527971 -2.633814 0.383180 -6.951272 3.108117 0.019746 0.365284 -2.127959 45.450000
0.949706 -2.731644 0.381603 -6.969169 3.005765 -0.016521 0.352688 -1.987244 45.500000
0.677046 -3.000000 0.380154 -6.986482 2.907086 -0.053201 0.337977 -1.961881 45.550000
1.371322 -2.983164 0.378968 -7.003321 2.806682 -0.089698 0.321130 -2.039441 45.600000
1.647354 -3.000000 0.377895 -7.019724 2.704205 -0.116817 0.302453 -2.055715 45.650000
2.271661 -3.000000 0.376662 -7.035643 2.601158 -0.137893 0.282628 -2.064095 45.700000
1.547706 -3.000000 0.375041 -7.050970 2.497898 -0.149635 0.262279 -2.065961 45.750000
1.597804 -2.823759 0.373020 -7.065694 2.394587 -0.164811 0.241648 -2.066302 45.800000
0.944713 -2.576189 0.370695 -7.079875 2.293074 -0.175489 0.221005 -2.004688 45.850000
0.474010 -2.078568 0.368130 -7.093568 2.196029 -0.187750 0.200834 -1.895227 45.900000
1.409847 -2.028688 0.365450 -7.106920 2.107610 -0.199102 0.181742 -1.676295 45.950000
0.901111 -1.899315 0.362579 -7.119762 2.026735 -0.197358 0.164083 -1.574818 46.000000
1.872793 -1.882389 0.359467 -7.131957 1.950473 -0.197578 0.147731 -1.489005 46.050000
2.281223 -2.207003 0.356108 -7.143363 1.877142 -0.186584 0.132643 -1.450667 46.100000
1.571074 -2.622017 0.352441 -7.153653 1.801532 -0.171155 0.118486 -1.558589 46.150000
1.247319 -2.129742 0.348545 -7.162902 1.717913 -0.162687 0.104505 -1.756345 46.200000
2.202792 -2.437378 0.344517 -7.171349 1.632982 -0.156188 0.091288 -1.656827 46.250000
2.904008 -2.859967 0.340414 -7.178831 1.547983 -0.139613 0.079228 -1.732072 46.300000
2.239435 -2.840437 0.336317 -7.184970 1.456078 -0.116511 0.068164 -1.915412 46.350000
1.281570 -2.445621 0.332331 -7.189794 1.358478 -0.099653 0.058335 -1.978619 46.400000
1.721092 -2.816103 0.328497 -7.193711 1.262922 -0.090984 0.049857 -1.862717 46.450000
2.030870 -3.000000 0.324877 -7.196864 1.167181 -0.077539 0.042421 -1.952545 46.500000
2.648008 -2.722145 0.321607 -7.199126 1.066676 -0.061078 0.036026 -2.051432 46.550000
2.580040 -3.000000 0.318878 -7.200372 0.965898 -0.038749 0.031222 -1.990074 46.600000
3.567233 -3.000000 0.316860 -7.200589 0.864173 -0.017390 0.028142 -2.066338 46.650000
2.889277 -3.000000 0.315796 -7.199741 0.760043 0.012554 0.027025 -2.094294 46.700000
3.353499 -2.962933 0.315822 -7.197935 0.655026 0.035056 0.027905 -2.104762 46.750000
4.291939 -3.000000 0.316984 -7.195386 0.550046 0.060781 0.030560 -2.096057 46.800000
4.172375 -3.000000 0.319611 -7.192112 0.444937 0.093730 0.035335 -2.106764 46.850000
4.033969 -2.900446 0.323904 -7.188260 0.339461 0.123461 0.042325 -2.111770 46.900000
3.342454 -2.913642 0.329807 -7.184102 0.234805 0.149696 0.051096 -2.080257 46.950000
3.772275 -3.000000 0.337100 -7.179914 0.130946 0.167226 0.061112 -2.075393 47.000000
3.928419 -2.657976 0.345666 -7.175909 0.026297 0.186519 0.072254 -2.105988 47.050000
3.779184 -2.487454 0.355562 -7.172260 -0.075873 0.205155 0.084070 -1.999341 47.100000
3.654716 -2.758106 0.366691 -7.169128 -0.173014 0.220656 0.095960 -1.902802 47.150000
3.146535 -3.000000 0.378881 -7.166645 -0.269978 0.232823 0.108387 -1.966181 47.200000
2.241757 -2.968104 0.391860 -7.164897 -0.371517 0.237391 0.121734 -2.077493 47.250000
2.720820 -3.000000 0.405182 -7.163860 -0.476282 0.230978 0.135081 -2.108318 47.300000
3.033873 -3.000000 0.418647 -7.163542 -0.582381 0.227164 0.147805 -2.132056 47.350000
2.538166 -2.522496 0.432306 -7.164060 -0.689267 0.224458 0.159968 -2.142089 47.400000
2.652887 -2.645387 0.446024 -7.165399 -0.791617 0.216619 0.170580 -1.979334 47.450000
3.416344 -3.000000 0.459661 -7.167503 -0.890140 0.209693 0.179713 -1.964225 47.500000
2.864866 -2.679147 0.473260 -7.170524 -0.991858 0.208124 0.188721 -2.084710 47.550000
2.352524 -3.000000 0.486737 -7.174484 -1.094085 0.200160 0.197125 -2.015874 47.600000
2.249235 -2.905097 0.499879 -7.179145 -1.197439 0.186336 0.204605 -2.103367 47.650000
1.447990 -2.800284 0.512560 -7.184335 -1.302522 0.170633 0.210950 -2.100128 47.700000
0.634219 -2.481339 0.524692 -7.189812 -1.406373 0.147669 0.215480 -2.059904 47.750000
0.405645 -2.690182 0.536223 -7.195184 -1.505587 0.118921 0.217493 -1.929139 47.800000
0.000000 -2.885480 0.547192 -7.200209 -1.602704 0.089644 0.217230 -1.950820 47.850000
0.000000 -3.000000 0.557681 -7.204742 -1.702382 0.057121 0.214968 -2.023046 47.900000
0.000000 -3.000000 0.567787 -7.208700 -1.805361 0.025318 0.210596 -2.084518 47.950000
0.706325 -2.582578 0.577607 -7.212114 -1.910123 -0.005038 0.204107 -2.101870 48.000000
1.505740 -2.391175 0.587164 -7.215198 -2.011033 -0.025609 0.195987 -1.957755 48.050000
1.367739 -2.657456 0.596346 -7.218334 -2.105358 -0.035111 0.187214 -1.834822 48.100000
2.165402 -2.842963 0.605074 -7.221687 -2.198504 -0.044112 0.178164 -1.883035 48.150000
1.435862 -2.590974 0.613239 -7.225371 -2.295091 -0.045017 0.168996 -1.966824 48.200000
1.161405 -2.580830 0.620818 -7.229376 -2.391725 -0.051487 0.159881 -1.908040 48.250000
1.330542 -2.454865 0.627944 -7.233517 -2.486378 -0.058653 0.150692 -1.882160 48.300000
1.916305 -2.620587 0.634611 -7.237773 -2.578892 -0.062379 0.141545 -1.827219 48.350000
2.390644 -2.938892 0.640646 -7.242223 -2.671383 -0.059386 0.132698 -1.866319 48.400000
2.659601 -2.943471 0.645813 -7.246938 -2.768440 -0.051812 0.124331 -1.995161 48.450000
3.221953 -2.709966 0.649940 -7.251901 -2.869643 -0.041648 0.116724 -2.044957 48.500000
3.454646 -2.283287 0.652827 -7.257054 -2.970045 -0.025553 0.110340 -1.981965 48.550000
3.085824 -2.271454 0.654286 -7.262293 -3.064094 -0.006209 0.105506 -1.808414 48.600000
2.561370 -2.148169 0.654357 -7.267470 3.130664 0.010300 0.102042 -1.739782 48.650000
3.236585 -2.080703 0.653280 -7.272450 3.045708 0.022145 0.099550 -1.669541 48.700000
3.418311 -1.966108 0.651056 -7.277117 2.963711 0.040453 0.097993 -1.618476 48.750000
2.561059 -2.171362 0.647545 -7.281333 2.884550 0.060252 0.097501 -1.557504 48.800000
2.279075 -2.589326 0.642972 -7.285035 2.805181 0.071312 0.097913 -1.609604 48.850000
1.346730 -3.000000 0.637670 -7.288221 2.719694 0.078428 0.099158 -1.783122 48.900000
1.375471 -2.685178 0.631981 -7.290948 2.624339 0.075090 0.101009 -1.996446 48.950000
1.145103 -3.000000 0.626156 -7.293280 2.525479 0.071431 0.102733 -1.963354 49.000000
0.999890 -3.000000 0.620271 -7.295234 2.424428 0.065251 0.104160 -2.062158 49.050000
0.673435 -2.774157 0.614427 -7.296865 2.320292 0.057349 0.105163 -2.097250 49.100000
1.362028 -3.000000 0.608719 -7.298260 2.217391 0.046798 0.105397 -2.029875 49.150000
1.127070 -2.796410 0.603102 -7.299352 2.114300 0.043026 0.105110 -2.084519 49.200000
2.006888 -2.645416 0.597535 -7.300060 2.011596 0.037329 0.104468 -2.032258 49.250000
1.042110 -2.281411 0.591987 -7.300243 1.912091 0.040580 0.103672 -1.959978 49.300000
1.557369 -2.241655 0.586497 -7.299919 1.818634 0.035703 0.102677 -1.803405 49.350000
2.231503 -2.387115 0.581136 -7.299181 1.730601 0.036690 0.101451 -1.729509 49.400000
1.865823 -2.068840 0.575893 -7.297759 1.643421 0.044154 0.100514 -1.753997 49.450000
1.530531 -1.800244 0.570820 -7.295600 1.558773 0.048373 0.099881 -1.648344 49.500000
1.791627 -2.215811 0.565978 -7.292885 1.480384 0.050233 0.099231 -1.508262 49.550000
2.071913 -1.821330 0.561411 -7.289648 1.402185 0.054534 0.098781 -1.605251 49.600000
1.578186 -1.498382 0.557183 -7.285797 1.324969 0.061444 0.098608 -1.499341 49.650000
2.390961 -1.083354 0.553326 -7.281410 1.254673 0.064446 0.098401 -1.336100 49.700000
1.833031 -1.464426 0.549906 -7.276438 1.194299 0.076233 0.098068 -1.110083 49.750000
2.756619 -1.669634 0.546972 -7.270852 1.137453 0.082875 0.097959 -1.157519 49.800000
2.137656 -1.833559 0.544600 -7.264626 1.076742 0.097318 0.098537 -1.257462 49.850000
1.676931 -1.934778 0.542856 -7.257765 1.010856 0.104686 0.099936 -1.363210 49.900000
1.425954 -1.966950 0.541643 -7.250560 0.940329 0.106709 0.101855 -1.445999 49.950000
