0.518483 -0.000550 0.467398 0.740703 -0.462164 -0.702035 0.000000 -0.248103 0.000000
0.000000 -0.053597 0.436736 0.756030 -0.471594 -0.669338 -0.004611 -0.140430 0.050000
0.571359 0.007999 0.407427 0.770755 -0.477646 -0.642805 -0.007286 -0.105364 0.100000
0.659160 0.216160 0.379414 0.784873 -0.481684 -0.612089 -0.008846 -0.060557 0.150000
0.917439 -0.267206 0.352766 0.798316 -0.481589 -0.581883 -0.008510 0.053724 0.200000
1.437819 -0.125592 0.327487 0.811056 -0.482780 -0.550518 -0.008698 -0.087986 0.250000
1.299252 -0.321055 0.303694 0.823063 -0.487715 -0.515568 -0.010278 -0.107633 0.300000
1.272870 0.176264 0.281412 0.834338 -0.495681 -0.483273 -0.012762 -0.201847 0.350000
1.826830 -0.077275 0.260547 0.844931 -0.501437 -0.452556 -0.014256 -0.043824 0.400000
2.347006 0.108007 0.241134 0.854782 -0.504163 -0.417994 -0.014619 -0.063298 0.450000
3.066849 -0.073033 0.223326 0.863792 -0.505453 -0.380023 -0.014496 0.005353 0.500000
3.230879 0.147991 0.207306 0.871844 -0.506228 -0.336897 -0.014201 -0.032651 0.550000
2.394737 -0.223136 0.193180 0.878878 -0.505847 -0.293980 -0.013642 0.041137 0.600000
2.022567 0.097660 0.180735 0.885006 -0.506979 -0.260486 -0.013397 -0.075392 0.650000
2.366592 0.468887 0.169662 0.890407 -0.508791 -0.231745 -0.013266 -0.003758 0.700000
3.114259 0.916886 0.159899 0.895100 -0.503519 -0.201049 -0.012018 0.195476 0.750000
3.522338 0.562926 0.151606 0.898976 -0.485574 -0.164762 -0.009302 0.491112 0.800000
2.742028 0.398593 0.144963 0.901944 -0.460779 -0.126081 -0.006422 0.499844 0.850000
2.289902 0.454891 0.139850 0.904114 -0.437520 -0.096030 -0.004361 0.437479 0.900000
1.976365 0.644786 0.135972 0.905682 -0.415891 -0.071255 -0.002926 0.428662 0.950000
1.847167 0.627589 0.133136 0.906770 -0.392420 -0.050297 -0.001816 0.502121 1.000000
1.118622 0.404596 0.131219 0.907462 -0.366464 -0.031301 -0.001004 0.532680 1.050000
1.846735 0.626085 0.130011 0.907871 -0.341926 -0.019762 -0.000522 0.457223 1.100000
2.419336 0.137054 0.129496 0.908028 -0.317621 -0.001875 -0.000322 0.509224 1.150000
3.013868 -0.178026 0.129943 0.907870 -0.296984 0.020670 -0.000439 0.335118 1.200000
3.360352 -0.653477 0.131582 0.907352 -0.286398 0.047902 -0.000666 0.110935 1.250000
4.241801 -0.880786 0.134580 0.906434 -0.289813 0.077341 -0.000460 -0.216129 1.300000
5.075312 -0.958306 0.139156 0.905031 -0.308159 0.113853 0.000841 -0.488711 1.350000
4.842542 -0.817311 0.145609 0.902983 -0.337374 0.156637 0.003659 -0.660335 1.400000
5.300150 -1.081738 0.153968 0.900187 -0.371192 0.195447 0.007790 -0.689199 1.450000
5.254508 -1.481732 0.164166 0.896557 -0.409024 0.236730 0.013380 -0.809806 1.500000
4.436162 -1.172067 0.176162 0.891971 -0.455589 0.275427 0.021469 -1.025877 1.550000
5.247044 -1.002053 0.189623 0.886422 -0.506335 0.304299 0.031235 -1.007052 1.600000
4.377741 -0.679575 0.204414 0.879833 -0.554646 0.339002 0.041254 -0.935444 1.650000
4.625219 -0.819954 0.220403 0.872175 -0.596998 0.364000 0.050456 -0.778882 1.700000
4.662272 -0.976699 0.237372 0.863505 -0.635494 0.390075 0.059096 -0.763641 1.750000
3.778344 -1.185303 0.255273 0.853762 -0.675304 0.414866 0.068525 -0.822559 1.800000
3.788290 -1.500882 0.273834 0.843038 -0.719625 0.429455 0.079552 -0.937005 1.850000
3.537529 -1.285247 0.292772 0.831424 -0.771542 0.441928 0.092996 -1.117365 1.900000
3.699488 -1.283999 0.311915 0.818925 -0.827471 0.450042 0.107618 -1.120704 1.950000
4.609485 -1.015264 0.331145 0.805544 -0.883662 0.458189 0.122147 -1.127426 2.000000
3.713755 -1.170727 0.350528 0.791088 -0.937324 0.473823 0.135801 -1.033083 2.050000
3.757310 -0.871015 0.369981 0.775568 -0.989612 0.479801 0.148942 -1.056669 2.100000
2.981793 -0.990439 0.389303 0.759159 -1.039585 0.485536 0.161038 -0.956453 2.150000
2.943882 -1.332859 0.408353 0.742027 -1.087528 0.483516 0.172089 -0.961574 2.200000
3.218404 -1.084699 0.426979 0.724354 -1.139518 0.479506 0.184052 -1.100704 2.250000
3.287330 -0.787949 0.445124 0.706110 -1.193702 0.476797 0.196211 -1.071536 2.300000
3.019430 -0.990766 0.462777 0.687241 -1.243745 0.475146 0.206449 -0.947137 2.350000
2.470547 -0.579718 0.479908 0.667813 -1.291794 0.470990 0.215566 -0.972245 2.400000
2.406261 -0.311256 0.496436 0.648029 -1.336246 0.462442 0.222939 -0.824677 2.450000
3.293751 -0.675313 0.512351 0.628028 -1.372547 0.455777 0.227145 -0.648519 2.500000
4.005078 -0.548073 0.527722 0.607615 -1.406669 0.458104 0.230456 -0.709539 2.550000
4.867290 -0.160650 0.542586 0.586443 -1.441604 0.466525 0.234044 -0.690748 2.600000
5.526775 0.276509 0.556963 0.564172 -1.471608 0.484037 0.236140 -0.528976 2.650000
5.599440 0.658957 0.570902 0.540465 -1.490902 0.510346 0.234821 -0.271460 2.700000
6.000000 0.482366 0.584471 0.515160 -1.496337 0.540687 0.228740 0.024587 2.750000
5.209626 0.491288 0.597768 0.488165 -1.492674 0.576302 0.219408 0.112977 2.800000
4.914568 0.637535 0.610845 0.459624 -1.485595 0.604052 0.208891 0.165079 2.850000
4.545292 0.637338 0.623736 0.429842 -1.474840 0.628813 0.196987 0.256377 2.900000
3.641406 0.937043 0.636491 0.399020 -1.460604 0.649827 0.183742 0.308500 2.950000
3.003323 0.955601 0.649150 0.367496 -1.440872 0.662608 0.168207 0.465396 3.000000
3.929176 1.184764 0.661766 0.335653 -1.414975 0.669813 0.150151 0.561693 3.050000
4.155188 1.243574 0.674447 0.303451 -1.382760 0.685812 0.129442 0.711646 3.100000
4.881704 0.914190 0.687352 0.270669 -1.344244 0.703269 0.105946 0.818654 3.150000
4.634717 0.877981 0.700629 0.237162 -1.305282 0.725559 0.082503 0.750794 3.200000
4.037170 0.772648 0.714349 0.202905 -1.268801 0.743183 0.060602 0.715425 3.250000
3.124079 1.048597 0.728485 0.168167 -1.234426 0.753333 0.040213 0.667934 3.300000
2.141357 1.315795 0.742954 0.133343 -1.198324 0.753702 0.019449 0.767208 3.350000
2.529182 1.358989 0.757668 0.098906 -1.155366 0.743934 -0.004150 0.933675 3.400000
1.997493 1.605787 0.772659 0.065045 -1.105706 0.736579 -0.030226 1.042259 3.450000
1.617213 1.746872 0.787966 0.031854 -1.049174 0.722366 -0.058610 1.201356 3.500000
2.463356 1.690306 0.803539 -0.000402 -0.985260 0.702245 -0.089082 1.339640 3.550000
1.645697 2.071476 0.819462 -0.031738 -0.916870 0.687542 -0.119935 1.392138 3.600000
1.244814 2.166224 0.835724 -0.062084 -0.842255 0.661837 -0.151738 1.569639 3.650000
0.395653 2.220007 0.852128 -0.091127 -0.760436 0.628618 -0.184182 1.687915 3.700000
0.971968 2.026880 0.868402 -0.118611 -0.673925 0.584128 -0.215256 1.762696 3.750000
1.198817 1.968191 0.884409 -0.144500 -0.586841 0.543230 -0.242841 1.727320 3.800000
1.416470 2.201590 0.900204 -0.168962 -0.501415 0.503689 -0.266344 1.695109 3.850000
1.240766 2.490845 0.915794 -0.192102 -0.414562 0.464696 -0.287125 1.767548 3.900000
0.710883 2.862672 0.931105 -0.213948 -0.322405 0.421177 -0.306293 1.897171 3.950000
1.670341 3.000000 0.945883 -0.234472 -0.222410 0.368858 -0.323836 2.071946 4.000000
1.110325 3.000000 0.960126 -0.253744 -0.115729 0.322336 -0.338886 2.175741 4.050000
1.526719 2.728040 0.973832 -0.271875 -0.006071 0.269160 -0.350230 2.203106 4.100000
1.333575 2.760988 0.986923 -0.288975 0.101355 0.221680 -0.356843 2.107492 4.150000
0.533102 2.560642 0.999456 -0.305177 0.205827 0.175034 -0.359201 2.074039 4.200000
1.488195 3.000000 1.011232 -0.320642 0.306846 0.124378 -0.357483 1.979126 4.250000
1.015683 3.000000 1.022338 -0.335465 0.409051 0.084411 -0.352661 2.088147 4.300000
1.776330 3.000000 1.032912 -0.349715 0.514357 0.040954 -0.345105 2.116438 4.350000
2.459931 3.000000 1.043057 -0.363428 0.620253 0.007197 -0.334934 2.117135 4.400000
3.423669 3.000000 1.053107 -0.376462 0.725959 -0.017265 -0.322931 2.110720 4.450000
2.962466 3.000000 1.063369 -0.388565 0.831334 -0.029919 -0.309967 2.104633 4.500000
1.974636 3.000000 1.073904 -0.399629 0.936442 -0.044390 -0.296450 2.099799 4.550000
2.825679 3.000000 1.084475 -0.409890 1.041309 -0.065426 -0.282088 2.094762 4.600000
3.577504 3.000000 1.095043 -0.419340 1.145937 -0.075581 -0.267082 2.090745 4.650000
2.836421 2.512991 1.105742 -0.427611 1.250426 -0.076196 -0.252216 2.089232 4.700000
3.635477 2.335552 1.116499 -0.434663 1.349879 -0.079949 -0.237976 1.917351 4.750000
2.966723 2.413587 1.127218 -0.440426 1.442084 -0.072016 -0.224784 1.791516 4.800000
3.042158 2.204217 1.137811 -0.444845 1.531128 -0.068084 -0.212610 1.773398 4.850000
2.534906 2.049131 1.148162 -0.448055 1.617438 -0.061420 -0.201321 1.692069 4.900000
2.816980 1.572806 1.158185 -0.450163 1.699525 -0.057337 -0.190934 1.604994 4.950000
2.296736 1.088732 1.167797 -0.451224 1.773759 -0.047711 -0.181597 1.395613 5.000000
2.032532 0.803617 1.176933 -0.451295 1.835878 -0.039496 -0.173432 1.126739 5.050000
2.634021 0.826602 1.185568 -0.450552 1.885770 -0.030591 -0.166240 0.898799 5.100000
2.028738 0.968801 1.193629 -0.448925 1.928031 -0.014289 -0.159874 0.803952 5.150000
1.153748 0.700307 1.201087 -0.446447 1.968588 -0.003514 -0.154154 0.817020 5.200000
2.121786 0.625923 1.208052 -0.443475 2.006645 -0.000459 -0.148831 0.717410 5.250000
2.022904 1.072332 1.214497 -0.440003 2.040351 0.012607 -0.143891 0.640283 5.300000
1.484359 1.214369 1.220322 -0.435875 2.076343 0.024041 -0.139458 0.782677 5.350000
0.674762 0.977280 1.225594 -0.431273 2.118991 0.029009 -0.135510 0.907797 5.400000
0.235896 0.776975 1.230475 -0.426506 2.163410 0.026169 -0.131759 0.873224 5.450000
0.705241 1.177130 1.235120 -0.421825 2.204382 0.020188 -0.127940 0.777308 5.500000
0.975963 1.347597 1.239526 -0.417215 2.246404 0.018825 -0.124163 0.889624 5.550000
0.901578 1.394795 1.243594 -0.412548 2.294243 0.019275 -0.120583 1.008691 5.600000
0.682681 1.165563 1.247302 -0.407808 2.346728 0.018495 -0.117181 1.081156 5.650000
0.663535 0.841929 1.250699 -0.403060 2.399198 0.015953 -0.113830 1.024950 5.700000
0.849092 1.248118 1.253823 -0.398343 2.446162 0.014401 -0.110458 0.872972 5.750000
0.306066 1.366345 1.256637 -0.393631 2.492308 0.014963 -0.107181 0.961602 5.800000
0.882434 1.098790 1.259216 -0.388982 2.542833 0.010033 -0.103981 1.048089 5.850000
0.000000 1.203394 1.261557 -0.384400 2.593410 0.010856 -0.100817 0.983381 5.900000
0.000000 1.592936 1.263722 -0.379919 2.642889 0.003808 -0.097643 0.994264 5.950000
0.032942 1.713324 1.265895 -0.375638 2.696995 -0.003361 -0.094327 1.149302 6.000000
0.000000 1.378074 1.268079 -0.371540 2.757701 -0.010534 -0.090816 1.263167 6.050000
0.000000 1.656024 1.270280 -0.367609 2.818627 -0.017476 -0.087117 1.184592 6.100000
0.000000 2.013472 1.272501 -0.363827 2.879886 -0.023885 -0.083250 1.255871 6.150000
0.000000 1.702957 1.274743 -0.360179 2.947392 -0.030410 -0.079112 1.420825 6.200000
0.000000 1.580996 1.277010 -0.356646 3.017079 -0.036530 -0.074758 1.373417 6.250000
0.000000 1.858350 1.279292 -0.353210 3.083869 -0.041722 -0.070354 1.307509 6.300000
0.415544 1.954937 1.281578 -0.349858 -3.131760 -0.046388 -0.065841 1.383845 6.350000
1.328384 1.613965 1.283767 -0.346580 -3.060621 -0.046907 -0.061240 1.451903 6.400000
1.007797 1.307375 1.285545 -0.343401 -2.990853 -0.038386 -0.057039 1.353141 6.450000
0.157342 1.604286 1.286784 -0.340366 -2.927672 -0.032309 -0.053509 1.196061 6.500000
0.974272 2.005333 1.287765 -0.337448 -2.866584 -0.033928 -0.050252 1.241244 6.550000
1.044425 2.431374 1.288503 -0.334663 -2.799645 -0.028012 -0.047076 1.412166 6.600000
0.767613 2.518043 1.288820 -0.332086 -2.722461 -0.022018 -0.044112 1.641107 6.650000
1.015360 2.277946 1.288788 -0.329718 -2.636871 -0.019009 -0.041368 1.763541 6.700000
1.957563 1.883139 1.288440 -0.327583 -2.549833 -0.013589 -0.038955 1.724159 6.750000
2.650051 1.942005 1.287574 -0.325866 -2.468208 0.000911 -0.037262 1.565193 6.800000
2.226842 2.301912 1.285946 -0.324848 -2.391140 0.021666 -0.036624 1.523833 6.850000
1.579774 1.825684 1.283599 -0.324612 -2.311607 0.037597 -0.037077 1.640082 6.900000
1.016593 1.794982 1.280802 -0.325016 -2.233290 0.046892 -0.038178 1.511901 6.950000
1.209525 1.711519 1.277801 -0.325860 -2.159506 0.050714 -0.039452 1.448769 7.000000
0.274742 1.315334 1.274691 -0.327082 -2.088699 0.056217 -0.040815 1.391820 7.050000
0.977378 1.463360 1.271586 -0.328531 -2.024039 0.053047 -0.041949 1.218817 7.100000
0.398981 1.242476 1.268528 -0.330163 -1.963618 0.056680 -0.042892 1.200587 7.150000
0.926522 1.366448 1.265511 -0.331998 -1.906210 0.054905 -0.043721 1.108196 7.200000
1.907535 1.697760 1.262555 -0.334025 -1.850608 0.058146 -0.044482 1.114980 7.250000
1.705121 1.753757 1.259581 -0.336577 -1.791167 0.070075 -0.045701 1.245046 7.300000
0.746318 2.175257 1.256595 -0.339810 -1.726698 0.079230 -0.047590 1.322907 7.350000
0.457847 2.387090 1.253699 -0.343433 -1.655091 0.078468 -0.050007 1.513709 7.400000
0.000000 2.010336 1.250963 -0.347134 -1.574929 0.074211 -0.052676 1.669262 7.450000
0.000000 1.696079 1.248398 -0.350722 -1.493661 0.065512 -0.054935 1.592981 7.500000
0.295083 1.370590 1.245982 -0.354092 -1.418223 0.057377 -0.056375 1.446237 7.550000
0.337207 1.594088 1.243702 -0.357323 -1.351128 0.052822 -0.057096 1.263454 7.600000
0.851856 1.238005 1.241560 -0.360502 -1.287770 0.049071 -0.057460 1.269961 7.650000
0.318329 1.234478 1.239590 -0.363755 -1.228043 0.050505 -0.057628 1.137262 7.700000
0.000000 1.315081 1.237789 -0.367076 -1.172876 0.047276 -0.057595 1.077358 7.750000
0.119470 1.163062 1.236081 -0.370278 -1.118891 0.041312 -0.057345 1.081457 7.800000
1.078266 1.329586 1.234443 -0.373325 -1.066433 0.036827 -0.056860 1.024312 7.850000
1.904916 1.748902 1.232994 -0.376445 -1.014125 0.041467 -0.056393 1.062995 7.900000
2.053973 2.024829 1.231956 -0.379976 -0.955908 0.053181 -0.056457 1.241591 7.950000
2.322975 1.904758 1.231480 -0.384051 -0.888644 0.065104 -0.057393 1.423293 8.000000
3.254108 1.984680 1.231657 -0.388670 -0.816579 0.078578 -0.059144 1.454902 8.050000
3.239116 2.293247 1.232714 -0.393952 -0.742590 0.099823 -0.061854 1.498520 8.100000
2.302088 2.065227 1.234839 -0.399928 -0.663857 0.119374 -0.065927 1.631177 8.150000
1.912623 1.657751 1.237886 -0.406324 -0.583157 0.128810 -0.070832 1.601547 8.200000
1.921021 1.255236 1.241615 -0.412860 -0.507716 0.134265 -0.075496 1.440185 8.250000
0.995735 1.012930 1.245950 -0.419436 -0.441906 0.140164 -0.079361 1.223044 8.300000
0.976003 0.608117 1.250692 -0.425931 -0.386039 0.138028 -0.082199 1.036636 8.350000
0.201483 0.949975 1.255638 -0.432251 -0.341035 0.136843 -0.083808 0.794133 8.400000
0.061018 0.789700 1.260613 -0.438348 -0.300747 0.128966 -0.084776 0.814763 8.450000
0.432958 1.009432 1.265414 -0.444164 -0.261526 0.120165 -0.085375 0.760540 8.500000
0.736301 1.361595 1.270099 -0.449728 -0.221790 0.115068 -0.085805 0.821406 8.550000
1.616394 1.467787 1.274818 -0.455078 -0.176016 0.112245 -0.086600 0.988420 8.600000
1.166204 1.906178 1.279832 -0.460246 -0.123265 0.116817 -0.087969 1.106223 8.650000
0.305448 2.288560 1.285214 -0.465218 -0.061702 0.115845 -0.090090 1.326006 8.700000
0.847096 2.773184 1.290626 -0.469934 0.011352 0.105287 -0.092784 1.561606 8.750000
1.383151 2.969144 1.295965 -0.474372 0.097258 0.098236 -0.095865 1.832478 8.800000
0.660255 3.000000 1.301445 -0.478500 0.193899 0.094642 -0.099254 2.005036 8.850000
1.257668 3.000000 1.306985 -0.482318 0.296300 0.083250 -0.102368 2.078536 8.900000
1.080162 2.539522 1.312524 -0.485820 0.400986 0.077136 -0.104868 2.104444 8.950000
1.770631 2.411527 1.318136 -0.488977 0.501747 0.069867 -0.106571 1.951355 9.000000
1.613006 2.758648 1.323911 -0.491719 0.596352 0.069996 -0.107654 1.849352 9.050000
1.691698 2.502568 1.329926 -0.493966 0.691313 0.068468 -0.108679 1.935158 9.100000
1.091027 2.819231 1.336113 -0.495709 0.786346 0.067595 -0.109584 1.875781 9.150000
1.612516 3.000000 1.342344 -0.497023 0.882766 0.060860 -0.110267 1.966171 9.200000
1.249852 2.663252 1.348561 -0.497916 0.983895 0.058443 -0.110816 2.062862 9.250000
1.613569 2.350306 1.354748 -0.498364 1.084592 0.052757 -0.111027 1.978867 9.300000
2.579567 2.681336 1.360873 -0.498361 1.179400 0.051557 -0.110764 1.836486 9.350000
2.106141 2.347375 1.367016 -0.497613 1.273119 0.059567 -0.110711 1.901890 9.400000
2.058482 2.139328 1.373142 -0.496023 1.365469 0.063066 -0.110973 1.807343 9.450000
1.877532 1.833266 1.379143 -0.493715 1.452631 0.066739 -0.111221 1.696533 9.500000
1.054575 1.426750 1.384951 -0.490752 1.532997 0.069592 -0.111331 1.541654 9.550000
1.232509 1.591189 1.390516 -0.487375 1.603961 0.066117 -0.110965 1.327802 9.600000
2.124073 1.348183 1.395818 -0.483735 1.669548 0.065282 -0.110256 1.299641 9.650000
2.004275 1.786468 1.400813 -0.479588 1.731572 0.073359 -0.109562 1.195827 9.700000
1.557413 2.062541 1.405448 -0.474781 1.794836 0.079873 -0.109294 1.317893 9.750000
2.093613 2.437940 1.409706 -0.469492 1.865178 0.080937 -0.109611 1.473382 9.800000
2.417541 2.754649 1.413539 -0.463754 1.944664 0.085520 -0.110608 1.675660 9.850000
2.105349 2.930943 1.416833 -0.457447 2.034068 0.091289 -0.112491 1.869966 9.900000
1.742001 2.941249 1.419539 -0.450656 2.131525 0.092428 -0.115050 2.006101 9.950000
2.073122 3.000000 1.421697 -0.443597 2.233387 0.089106 -0.117724 2.059439 10.000000
1.614993 3.000000 1.423284 -0.436349 2.337520 0.088261 -0.120299 2.099232 10.050000
1.030261 2.679152 1.424309 -0.428993 2.442894 0.082638 -0.122617 2.113258 10.100000
0.370907 2.795139 1.424951 -0.421740 2.545404 0.072000 -0.124080 2.005041 10.150000
0.000000 2.425589 1.425453 -0.414765 2.645682 0.055884 -0.124413 2.005613 10.200000
0.095253 2.274257 1.426037 -0.408163 2.742123 0.037618 -0.123377 1.873175 10.250000
0.000000 2.544896 1.426764 -0.401908 2.832737 0.022106 -0.121093 1.767783 10.300000
0.000000 3.000000 1.427633 -0.395946 2.922755 0.006722 -0.117883 1.823719 10.350000
0.256956 2.894664 1.428670 -0.390240 3.019245 -0.008660 -0.113790 2.005881 10.400000
0.000000 2.896841 1.429821 -0.384736 3.120373 -0.021186 -0.108829 2.034279 10.450000
0.000000 2.526785 1.431075 -0.379392 -3.060798 -0.035027 -0.103069 2.044387 10.500000
0.428597 3.000000 1.432469 -0.374168 -2.962297 -0.047033 -0.096671 1.916499 10.550000
0.000000 2.571187 1.433872 -0.369053 -2.862967 -0.053823 -0.089806 2.036822 10.600000
0.000000 2.663558 1.435262 -0.364022 -2.764268 -0.063324 -0.082622 1.928844 10.650000
0.591659 2.719623 1.436703 -0.359034 -2.668032 -0.071228 -0.075191 1.921723 10.700000
0.308256 2.868177 1.438041 -0.354146 -2.571440 -0.072393 -0.067688 1.939184 10.750000
0.495733 2.771562 1.439197 -0.349396 -2.472754 -0.075350 -0.060187 1.998565 10.800000
0.000000 2.533689 1.440183 -0.344784 -2.373181 -0.075525 -0.052785 1.986445 10.850000
0.149991 2.586681 1.441039 -0.340276 -2.276435 -0.079135 -0.045656 1.897917 10.900000
0.113140 2.365069 1.441811 -0.335832 -2.181939 -0.080166 -0.038738 1.884253 10.950000
0.614539 2.058253 1.442469 -0.331486 -2.090168 -0.080507 -0.032166 1.800123 11.000000
1.551722 2.177364 1.442960 -0.327356 -2.004287 -0.075170 -0.026308 1.657424 11.050000
1.465618 1.944527 1.443164 -0.323767 -1.921762 -0.060589 -0.021426 1.645523 11.100000
1.237038 1.789226 1.443064 -0.320915 -1.842067 -0.046801 -0.017650 1.555903 11.150000
0.652976 1.792579 1.442754 -0.318734 -1.766947 -0.035202 -0.014857 1.462708 11.200000
0.248136 1.765119 1.442334 -0.317036 -1.694867 -0.029160 -0.012701 1.425901 11.250000
0.599942 1.611852 1.441873 -0.315587 -1.624299 -0.026890 -0.010862 1.400488 11.300000
0.000000 1.379697 1.441395 -0.314374 -1.556217 -0.021239 -0.009327 1.332501 11.350000
0.000000 0.971935 1.440912 -0.313334 -1.492911 -0.021191 -0.008054 1.215984 11.400000
0.000000 1.134463 1.440428 -0.312325 -1.437980 -0.020959 -0.006956 1.008860 11.450000
0.197319 0.874371 1.439946 -0.311349 -1.388396 -0.020612 -0.005986 0.978448 11.500000
0.000000 1.219425 1.439475 -0.310452 -1.342732 -0.018353 -0.005150 0.862756 11.550000
0.345404 1.034555 1.439019 -0.309632 -1.297298 -0.017963 -0.004388 0.944307 11.600000
1.036037 1.475972 1.438591 -0.308919 -1.251056 -0.014336 -0.003707 0.909785 11.650000
1.295346 1.456315 1.438273 -0.308536 -1.201156 -0.004406 -0.003255 1.065971 11.700000
0.368219 1.378250 1.438159 -0.308672 -1.146077 0.007559 -0.003212 1.128816 11.750000
0.031182 1.435896 1.438207 -0.309149 -1.089695 0.010446 -0.003466 1.126762 11.800000
0.000000 1.309227 1.438300 -0.309685 -1.032755 0.010069 -0.003766 1.147973 11.850000
0.567148 1.506795 1.438396 -0.310201 -0.976469 0.009397 -0.004029 1.108746 11.900000
0.039469 1.068665 1.438569 -0.310798 -0.919374 0.013995 -0.004371 1.167190 11.950000
0.000000 1.140380 1.438822 -0.311476 -0.865052 0.013505 -0.004756 1.024623 12.000000
0.973821 1.267145 1.439076 -0.312128 -0.814852 0.012668 -0.005063 0.988092 12.050000
0.976656 1.641173 1.439482 -0.312908 -0.764526 0.020890 -0.005497 1.020730 12.100000
0.146149 1.249647 1.440206 -0.313959 -0.708983 0.028746 -0.006301 1.179759 12.150000
0.000000 1.584578 1.441106 -0.315124 -0.652256 0.028513 -0.007245 1.100048 12.200000
0.000000 1.728673 1.442005 -0.316245 -0.594609 0.026849 -0.008138 1.193240 12.250000
0.000000 2.132596 1.442874 -0.317302 -0.532230 0.025123 -0.009019 1.288695 12.300000
0.000000 2.083737 1.443711 -0.318297 -0.462298 0.023290 -0.009920 1.480928 12.350000
0.266309 2.172881 1.444515 -0.319229 -0.386502 0.021358 -0.010791 1.541879 12.400000
0.525807 1.828416 1.445340 -0.320124 -0.307757 0.021842 -0.011640 1.599307 12.450000
0.858687 1.705997 1.446301 -0.321014 -0.230774 0.024658 -0.012523 1.495507 12.500000
0.156830 2.033689 1.447529 -0.321917 -0.158512 0.030448 -0.013519 1.407755 12.550000
0.128603 2.464344 1.448928 -0.322798 -0.085666 0.029383 -0.014616 1.493581 12.600000
0.000000 2.548646 1.450323 -0.323622 -0.005421 0.027832 -0.015759 1.686942 12.650000
0.000000 2.336133 1.451671 -0.324389 0.082001 0.024862 -0.016868 1.793275 12.700000
0.221882 1.866810 1.452939 -0.325103 0.170626 0.021856 -0.017773 1.757390 12.750000
0.000000 1.690881 1.454178 -0.325762 0.253173 0.021081 -0.018435 1.572756 12.800000
0.494246 1.283687 1.455391 -0.326374 0.327825 0.018411 -0.018862 1.433821 12.850000
0.101523 1.026883 1.456639 -0.326917 0.393510 0.020631 -0.019136 1.223291 12.900000
0.062585 0.725031 1.457944 -0.327385 0.449301 0.019356 -0.019283 1.033739 12.950000
0.000000 1.186579 1.459214 -0.327818 0.495252 0.018019 -0.019243 0.830108 13.000000
0.004274 0.703795 1.460432 -0.328229 0.539188 0.016207 -0.019128 0.916508 13.050000
0.302505 0.639492 1.461589 -0.328627 0.580806 0.014571 -0.018937 0.766722 13.100000
0.270671 0.958222 1.462748 -0.328974 0.616415 0.015934 -0.018683 0.669246 13.150000
0.610905 1.255016 1.463961 -0.329235 0.652118 0.016959 -0.018471 0.749323 13.200000
1.306816 1.039297 1.465277 -0.329363 0.693969 0.020962 -0.018416 0.905427 13.250000
1.499267 1.355043 1.466868 -0.329202 0.738918 0.031201 -0.018630 0.894007 13.300000
2.309197 1.734970 1.468858 -0.328605 0.786954 0.042741 -0.019274 1.012344 13.350000
2.732627 1.284000 1.471363 -0.327395 0.843249 0.061085 -0.020723 1.212662 13.400000
1.906080 1.624126 1.474504 -0.325340 0.901499 0.082475 -0.023003 1.128817 13.450000
1.673221 1.489563 1.478135 -0.322503 0.960598 0.095139 -0.025975 1.222495 13.500000
2.111898 1.305203 1.482031 -0.319075 1.021436 0.104837 -0.029436 1.212525 13.550000
2.842718 1.328361 1.486153 -0.315011 1.079952 0.118049 -0.033089 1.138355 13.600000
3.087077 1.512931 1.490569 -0.310073 1.136211 0.137353 -0.037094 1.115313 13.650000
3.092272 1.614342 1.495291 -0.304066 1.193718 0.157788 -0.041899 1.176937 13.700000
2.423161 2.071789 1.500237 -0.296951 1.254460 0.176877 -0.047738 1.243870 13.750000
2.445667 2.231304 1.505244 -0.288900 1.322429 0.187976 -0.054978 1.446379 13.800000
2.799884 2.651332 1.510152 -0.280088 1.398881 0.197445 -0.063633 1.590688 13.850000
2.244350 2.243998 1.514863 -0.270470 1.484536 0.208005 -0.073877 1.803050 13.900000
2.098481 2.409761 1.519260 -0.260152 1.572845 0.211496 -0.084575 1.739726 13.950000
1.542388 2.851214 1.523257 -0.249356 1.660899 0.212265 -0.095008 1.777012 14.000000
1.431630 2.545512 1.526807 -0.238310 1.754787 0.205779 -0.105776 1.950819 14.050000
1.742057 2.626836 1.529891 -0.227234 1.851067 0.196825 -0.115991 1.907603 14.100000
1.578132 2.161572 1.532486 -0.216133 1.946839 0.189917 -0.125243 1.921235 14.150000
1.720907 1.983404 1.534580 -0.205018 2.038232 0.181413 -0.133062 1.760221 14.200000
1.173009 2.218438 1.536177 -0.193918 2.122597 0.174996 -0.139233 1.633944 14.250000
2.124913 1.837183 1.537333 -0.182935 2.205334 0.163397 -0.144457 1.669892 14.300000
2.342154 1.356962 1.537991 -0.172022 2.285216 0.161125 -0.148757 1.544411 14.350000
1.808367 1.530622 1.537977 -0.160986 2.355880 0.162436 -0.151811 1.315425 14.400000
0.991015 1.795735 1.537334 -0.149899 2.420774 0.159678 -0.154072 1.284625 14.450000
1.374396 1.502238 1.536298 -0.139008 2.487472 0.148860 -0.156140 1.370838 14.500000
2.106958 1.522137 1.534952 -0.128398 2.553883 0.141919 -0.157681 1.296037 14.550000
2.203559 1.503442 1.533086 -0.117928 2.617986 0.142426 -0.158786 1.271535 14.600000
1.711303 1.350089 1.530539 -0.107528 2.681067 0.143939 -0.159796 1.254191 14.650000
1.689696 0.926569 1.527399 -0.097278 2.741907 0.141233 -0.160512 1.188398 14.700000
1.648623 1.247163 1.523778 -0.087250 2.795895 0.139892 -0.160424 0.996533 14.750000
2.630560 1.362800 1.519684 -0.077453 2.846783 0.138910 -0.159997 1.034064 14.800000
3.230670 1.583726 1.514920 -0.067852 2.900239 0.146550 -0.159972 1.096186 14.850000
3.013995 1.267992 1.509152 -0.058409 2.958265 0.158451 -0.160823 1.209858 14.900000
3.424004 0.813547 1.502333 -0.049186 3.016780 0.167693 -0.162123 1.140473 14.950000
4.224326 0.976533 1.494441 -0.040241 3.068006 0.181907 -0.162946 0.935763 15.000000
4.124014 1.341395 1.485213 -0.031606 3.113996 0.204108 -0.163702 0.908028 15.050000
4.126826 1.742991 1.474537 -0.023346 -3.120066 0.223738 -0.165613 1.040495 15.100000
4.912854 2.041102 1.462519 -0.015569 -3.061907 0.240388 -0.169597 1.257231 15.150000
4.964853 2.111878 1.449079 -0.008417 -2.993101 0.260790 -0.176120 1.466082 15.200000
4.499162 1.807958 1.434156 -0.002063 -2.916485 0.278262 -0.184833 1.582279 15.250000
4.589785 1.344260 1.417977 0.003373 -2.839157 0.289608 -0.194149 1.520900 15.300000
4.419223 0.879764 1.400734 0.007813 -2.768685 0.302273 -0.202340 1.326908 15.350000
3.817582 1.136869 1.382510 0.011204 -2.709614 0.315343 -0.208374 1.071580 15.400000
4.212878 1.634438 1.363521 0.013582 -2.656369 0.323531 -0.213346 1.060307 15.450000
4.943650 1.705385 1.343897 0.014926 -2.598013 0.333160 -0.219702 1.249128 15.500000
4.317984 2.167551 1.323549 0.015045 -2.532380 0.346409 -0.228069 1.361420 15.550000
4.995137 1.913737 1.302621 0.013874 -2.457939 0.349698 -0.238725 1.584261 15.600000
5.566876 1.602974 1.281292 0.011350 -2.378741 0.356446 -0.250447 1.584688 15.650000
5.157851 1.693560 1.259500 0.007243 -2.302688 0.368108 -0.261450 1.474996 15.700000
5.882870 1.403445 1.237357 0.001504 -2.229150 0.375309 -0.271924 1.468544 15.750000
5.512239 1.233249 1.214972 -0.005946 -2.158784 0.389135 -0.281702 1.362769 15.800000
6.000000 1.257523 1.192424 -0.015177 -2.093621 0.400106 -0.290293 1.259465 15.850000
6.000000 1.556556 1.169829 -0.026213 -2.031526 0.415653 -0.298316 1.229882 15.900000
5.986817 1.126978 1.147283 -0.039134 -1.967035 0.428872 -0.307435 1.336316 15.950000
6.000000 0.961636 1.124966 -0.053898 -1.903418 0.441015 -0.316507 1.225275 16.000000
6.000000 1.394555 1.103001 -0.070477 -1.845181 0.454401 -0.324121 1.119922 16.050000
5.999830 1.580128 1.081504 -0.088835 -1.785667 0.466048 -0.332439 1.244996 16.100000
5.720912 1.379357 1.060647 -0.108890 -1.719749 0.473539 -0.343011 1.374788 16.150000
5.753057 1.335298 1.040614 -0.130480 -1.651482 0.476062 -0.354213 1.359254 16.200000
5.691407 1.512130 1.021540 -0.153469 -1.584077 0.478193 -0.364834 1.340668 16.250000
5.945917 1.749020 1.003539 -0.177763 -1.515279 0.477992 -0.375609 1.403258 16.300000
5.553621 1.334301 0.986738 -0.203293 -1.441756 0.476667 -0.387577 1.521294 16.350000
5.520564 1.695903 0.971256 -0.229895 -1.368649 0.470830 -0.398753 1.418592 16.400000
5.543504 1.851142 0.957153 -0.257378 -1.295032 0.463565 -0.409385 1.512640 16.450000
6.000000 2.010402 0.944516 -0.285600 -1.216631 0.453029 -0.420730 1.609077 16.500000
5.794426 1.754048 0.933467 -0.314503 -1.133378 0.443126 -0.432646 1.706319 16.550000
6.000000 1.400231 0.924095 -0.343976 -1.049654 0.430153 -0.443575 1.650986 16.600000
6.000000 1.332718 0.916452 -0.373909 -0.971480 0.421892 -0.451777 1.498797 16.650000
5.290205 1.047905 0.910602 -0.404271 -0.899032 0.416743 -0.457609 1.411822 16.700000
5.360266 1.117226 0.906475 -0.434859 -0.832545 0.408458 -0.461124 1.267647 16.750000
4.441646 0.982721 0.904001 -0.465509 -0.770201 0.403500 -0.463017 1.230911 16.800000
4.133857 1.393820 0.903045 -0.496020 -0.710619 0.391836 -0.463685 1.160990 16.850000
5.101659 1.559229 0.903393 -0.526142 -0.649080 0.376500 -0.464312 1.282510 16.900000
4.428067 1.645362 0.905144 -0.555864 -0.581784 0.367049 -0.465901 1.392954 16.950000
5.163399 1.464128 0.908311 -0.585110 -0.509989 0.348717 -0.467903 1.466666 17.000000
4.479661 1.016829 0.912881 -0.613782 -0.437827 0.337554 -0.469156 1.424996 17.050000
4.862171 1.191685 0.918850 -0.641835 -0.371962 0.324461 -0.468238 1.235213 17.100000
5.159157 1.515138 0.926175 -0.669218 -0.310715 0.318499 -0.465873 1.216614 17.150000
4.576571 1.956589 0.934980 -0.695917 -0.246671 0.313946 -0.464012 1.328940 17.200000
4.046869 1.908798 0.945121 -0.721804 -0.174219 0.298984 -0.463615 1.537444 17.250000
3.508624 1.798855 0.956237 -0.746711 -0.095565 0.275829 -0.463496 1.597667 17.300000
2.931511 2.028352 0.968016 -0.770555 -0.016348 0.248314 -0.462056 1.572397 17.350000
1.962272 2.279839 0.980161 -0.793315 0.064172 0.215928 -0.459199 1.635893 17.400000
1.867703 2.283723 0.992265 -0.815022 0.149043 0.173489 -0.454899 1.739228 17.450000
1.264544 2.589992 1.004047 -0.835751 0.236868 0.130613 -0.448490 1.765869 17.500000
2.241086 2.124295 1.015349 -0.855617 0.328306 0.082494 -0.439739 1.870792 17.550000
2.745496 1.849644 1.026274 -0.874664 0.417830 0.047641 -0.428506 1.729601 17.600000
1.851746 1.590350 1.037224 -0.892799 0.499633 0.024663 -0.415638 1.565676 17.650000
1.936853 1.548612 1.048191 -0.910061 0.573109 0.000321 -0.401785 1.396344 17.700000
1.585637 1.271744 1.059074 -0.926525 0.640325 -0.017572 -0.387371 1.304121 17.750000
0.597828 1.502037 1.069876 -0.942217 0.701315 -0.033540 -0.372775 1.154982 17.800000
0.189355 1.195894 1.080400 -0.957321 0.759605 -0.055545 -0.357969 1.172837 17.850000
0.000000 1.429538 1.090451 -0.972066 0.815016 -0.077975 -0.342904 1.057701 17.900000
0.000000 1.029615 1.099996 -0.986550 0.868887 -0.099483 -0.327606 1.091597 17.950000
0.412768 1.519940 1.109066 -1.000812 0.919432 -0.117620 -0.312350 0.948113 18.000000
0.447709 1.248389 1.117778 -1.014766 0.970323 -0.130332 -0.297051 1.071127 18.050000
1.373693 1.481868 1.126226 -1.028346 1.022451 -0.141663 -0.281735 1.020407 18.100000
1.935358 1.160770 1.134554 -1.041356 1.075383 -0.143185 -0.266644 1.088260 18.150000
1.251105 1.030886 1.142935 -1.053499 1.127190 -0.137979 -0.252260 0.996643 18.200000
1.812465 1.005717 1.151341 -1.064785 1.174463 -0.136855 -0.238944 0.906245 18.250000
0.946163 1.040132 1.159739 -1.075222 1.218364 -0.128675 -0.226572 0.856655 18.300000
0.098067 1.003804 1.168087 -1.084876 1.260971 -0.127757 -0.214894 0.848885 18.350000
0.000000 0.864214 1.176251 -1.094132 1.302927 -0.133908 -0.203605 0.831535 18.400000
0.000000 0.553201 1.184177 -1.103196 1.342726 -0.139529 -0.192743 0.768246 18.450000
0.000000 0.242430 1.191875 -1.112072 1.376819 -0.142924 -0.182706 0.613860 18.500000
0.960513 0.157626 1.199351 -1.120731 1.401880 -0.143577 -0.173891 0.411369 18.550000
1.318388 0.441790 1.206638 -1.128919 1.418609 -0.133089 -0.166289 0.272905 18.600000
2.001339 0.332387 1.213780 -1.136330 1.433543 -0.119116 -0.159263 0.320145 18.650000
2.819611 0.325939 1.220804 -1.142750 1.449051 -0.099313 -0.152613 0.302704 18.700000
1.940828 0.812294 1.227740 -1.147863 1.463932 -0.072396 -0.146490 0.294247 18.750000
2.650350 1.087907 1.234570 -1.151737 1.484163 -0.055579 -0.140578 0.493986 18.800000
2.612112 1.134491 1.241271 -1.154471 1.514874 -0.034590 -0.134812 0.710083 18.850000
2.984766 1.599497 1.247822 -1.155973 1.553907 -0.016000 -0.129521 0.836357 18.900000
3.057149 2.098355 1.254177 -1.156223 1.602584 0.003963 -0.124919 1.079872 18.950000
2.812770 2.313118 1.260269 -1.155189 1.665131 0.021819 -0.121264 1.380743 19.000000
2.254644 2.162935 1.266020 -1.152993 1.740115 0.034983 -0.118669 1.588252 19.050000
1.991734 2.171798 1.271374 -1.149891 1.820362 0.041853 -0.116826 1.617356 19.100000
2.945799 2.607436 1.276304 -1.146127 1.901665 0.046032 -0.115394 1.632561 19.150000
3.052960 3.000000 1.280696 -1.141600 1.988056 0.058250 -0.114691 1.797613 19.200000
2.369131 3.000000 1.284390 -1.136168 2.083861 0.069554 -0.115170 2.001679 19.250000
1.543973 3.000000 1.287373 -1.130063 2.186138 0.072944 -0.116448 2.076903 19.300000
0.812523 3.000000 1.289791 -1.123671 2.290772 0.067981 -0.117735 2.103817 19.350000
0.128160 2.771668 1.291858 -1.117326 2.396228 0.056134 -0.118383 2.112699 19.400000
0.000000 2.947097 1.293821 -1.111265 2.499592 0.038697 -0.117834 2.034570 19.450000
0.000000 2.504265 1.295847 -1.105573 2.602266 0.020998 -0.115994 2.066662 19.500000
0.000000 2.070718 1.297980 -1.100214 2.701353 0.004860 -0.112946 1.920566 19.550000
0.061030 1.693970 1.300217 -1.095129 2.791279 -0.008827 -0.108965 1.709609 19.600000
0.699316 1.491888 1.302527 -1.090263 2.870411 -0.019359 -0.104454 1.488796 19.650000
0.255814 1.290159 1.304727 -1.085539 2.940111 -0.021770 -0.099871 1.323016 19.700000
0.661968 1.010106 1.306756 -1.080934 3.002084 -0.026767 -0.095397 1.176169 19.750000
0.010602 0.735105 1.308604 -1.076451 3.056018 -0.026420 -0.091126 1.004031 19.800000
0.000000 0.697107 1.310315 -1.072094 3.100982 -0.030757 -0.087110 0.817944 19.850000
0.871823 0.211158 1.312028 -1.067870 3.138984 -0.033989 -0.083271 0.714598 19.900000
0.650225 0.560759 1.313526 -1.063777 -3.115335 -0.027802 -0.079801 0.468313 19.950000
0.889671 0.744161 1.314652 -1.059821 -3.091414 -0.023254 -0.076655 0.486587 20.000000
0.041385 0.394378 1.315413 -1.056008 -3.064737 -0.016831 -0.073673 0.571078 20.050000
0.000000 0.336363 1.315966 -1.052331 -3.038949 -0.018340 -0.070848 0.471583 20.100000
0.138520 0.469419 1.316519 -1.048771 -3.017446 -0.019679 -0.068151 0.396702 20.150000
0.000000 0.104811 1.317042 -1.045328 -2.997170 -0.019492 -0.065555 0.412631 20.200000
0.104714 -0.353494 1.317535 -1.041998 -2.980480 -0.020218 -0.063094 0.269998 20.250000
0.500526 -0.035444 1.317997 -1.038780 -2.974398 -0.019001 -0.060868 -0.000333 20.300000
1.029326 0.114304 1.318303 -1.035695 -2.974851 -0.013605 -0.058808 -0.016225 20.350000
1.941985 0.472067 1.318244 -1.032773 -2.974144 -0.003587 -0.056811 0.039387 20.400000
2.128146 0.213482 1.317508 -1.030067 -2.967129 0.014066 -0.054921 0.223364 20.450000
2.818275 0.162508 1.315876 -1.027617 -2.956164 0.032519 -0.053241 0.216122 20.500000
2.740914 0.081570 1.313183 -1.025465 -2.946037 0.056777 -0.051758 0.191669 20.550000
3.159647 0.033057 1.309333 -1.023640 -2.937738 0.079551 -0.050404 0.145100 20.600000
2.302661 0.438182 1.304291 -1.022159 -2.931732 0.105525 -0.049088 0.099773 20.650000
1.672644 0.133800 1.298204 -1.020996 -2.922707 0.122361 -0.048168 0.246729 20.700000
1.410538 0.307344 1.291456 -1.020083 -2.911676 0.132584 -0.047536 0.199374 20.750000
1.358000 0.177360 1.284278 -1.019375 -2.900402 0.139975 -0.047023 0.246819 20.800000
0.986674 -0.041292 1.276758 -1.018858 -2.888850 0.146585 -0.046608 0.218223 20.850000
1.245668 -0.206971 1.269006 -1.018504 -2.880897 0.149727 -0.045866 0.110543 20.900000
2.049846 -0.479185 1.261050 -1.018297 -2.878945 0.155532 -0.044520 -0.020087 20.950000
2.593502 -0.698983 1.252649 -1.018284 -2.885145 0.169068 -0.042284 -0.209422 21.000000
3.073492 -0.203035 1.243504 -1.018513 -2.900992 0.187639 -0.038822 -0.404056 21.050000
2.694541 -0.057840 1.233400 -1.018998 -2.918354 0.209950 -0.035054 -0.301279 21.100000
3.201560 -0.013084 1.222355 -1.019717 -2.930234 0.227549 -0.032022 -0.185722 21.150000
4.191354 0.220221 1.210376 -1.020663 -2.937267 0.248929 -0.029750 -0.103614 21.200000
4.678135 0.020158 1.197165 -1.021902 -2.938461 0.278418 -0.028535 0.042179 21.250000
4.831796 -0.207557 1.182440 -1.023508 -2.936422 0.311146 -0.027998 0.039768 21.300000
4.715985 -0.233007 1.166117 -1.025500 -2.937126 0.344114 -0.026873 -0.058606 21.350000
3.772537 -0.191408 1.148245 -1.027845 -2.941867 0.374838 -0.024740 -0.124662 21.400000
2.887488 0.301245 1.129122 -1.030456 -2.948629 0.395627 -0.022044 -0.144010 21.450000
3.757379 -0.166144 1.109212 -1.033232 -2.950388 0.407208 -0.020810 0.054757 21.500000
3.912844 0.090308 1.088557 -1.036192 -2.950044 0.426336 -0.020200 -0.032745 21.550000
3.450623 0.477159 1.066951 -1.039369 -2.950034 0.446145 -0.019526 0.027514 21.600000
3.763368 0.099816 1.044509 -1.042761 -2.943205 0.460678 -0.021091 0.226369 21.650000
4.668053 0.225303 1.021312 -1.046404 -2.933230 0.477408 -0.023709 0.177780 21.700000
5.464383 -0.131429 0.997116 -1.050363 -2.923587 0.501828 -0.026278 0.205519 21.750000
5.876520 0.356519 0.971583 -1.054727 -2.916997 0.532723 -0.027800 0.071507 21.800000
5.833755 0.148438 0.944492 -1.059541 -2.909755 0.566131 -0.029718 0.205379 21.850000
5.429722 0.229739 0.915838 -1.064849 -2.899831 0.597626 -0.032828 0.193316 21.900000
4.635878 0.537664 0.885797 -1.070643 -2.889353 0.623995 -0.036285 0.223357 21.950000
4.008449 0.262995 0.854712 -1.076879 -2.874125 0.641589 -0.041944 0.371153 22.000000
4.848125 0.308465 0.822970 -1.083527 -2.856465 0.652352 -0.048666 0.339484 22.050000
5.307044 -0.024408 0.790565 -1.090618 -2.839342 0.670331 -0.055091 0.345752 22.100000
5.585473 0.008786 0.757246 -1.098248 -2.825695 0.691949 -0.059833 0.214506 22.150000
5.505415 -0.171352 0.722885 -1.106437 -2.816471 0.715533 -0.062424 0.160446 22.200000
5.932642 -0.576905 0.687477 -1.115169 -2.811310 0.737699 -0.062965 0.056385 22.250000
5.718286 -0.483776 0.650968 -1.124406 -2.814826 0.763608 -0.058912 -0.175128 22.300000
6.000000 -0.557023 0.613318 -1.134046 -2.826079 0.786966 -0.050680 -0.266696 22.350000
6.000000 -0.270639 0.574528 -1.143996 -2.841728 0.812057 -0.040029 -0.351736 22.400000
5.551584 -0.592976 0.534568 -1.154190 -2.857420 0.835845 -0.029464 -0.284443 22.450000
5.078971 -0.540512 0.493583 -1.164549 -2.874502 0.854262 -0.018160 -0.389470 22.500000
4.838653 -1.007668 0.451806 -1.174926 -2.895088 0.867273 -0.004907 -0.431498 22.550000
4.668971 -0.615616 0.409414 -1.185177 -2.922793 0.877028 0.012513 -0.654307 22.600000
4.089223 -0.419582 0.366512 -1.195141 -2.954497 0.883975 0.031989 -0.620942 22.650000
4.667974 0.065974 0.323299 -1.204735 -2.983167 0.884636 0.048973 -0.538101 22.700000
5.616153 0.343589 0.279802 -1.213978 -3.003628 0.890691 0.060235 -0.307194 22.750000
5.074282 0.740449 0.235693 -1.223020 -3.012542 0.906027 0.063868 -0.073459 22.800000
5.145331 0.281541 0.190914 -1.232009 -3.008022 0.916793 0.058727 0.226133 22.850000
5.090526 0.208705 0.145607 -1.241081 -2.997375 0.928148 0.049736 0.203474 22.900000
4.233783 0.162948 0.099799 -1.250268 -2.988249 0.938282 0.041984 0.166512 22.950000
4.021007 0.485770 0.053726 -1.259528 -2.980894 0.939857 0.035641 0.132175 23.000000
3.696772 0.756388 0.007647 -1.268832 -2.970947 0.939432 0.027761 0.254785 23.050000
3.040573 0.868820 -0.038300 -1.278243 -2.953104 0.936109 0.014877 0.441417 23.100000
3.351331 1.366226 -0.083868 -1.287846 -2.926811 0.926547 -0.003093 0.596062 23.150000
2.683311 0.940192 -0.128949 -1.297759 -2.888940 0.919278 -0.027929 0.887832 23.200000
1.750463 0.481961 -0.173407 -1.308109 -2.844948 0.904452 -0.055580 0.877665 23.250000
2.505915 0.821451 -0.216864 -1.318797 -2.805890 0.880581 -0.078537 0.708703 23.300000
1.694999 0.439266 -0.259311 -1.329755 -2.768643 0.863823 -0.099027 0.776116 23.350000
1.256239 0.579244 -0.300745 -1.340972 -2.732921 0.839530 -0.117336 0.668027 23.400000
1.048061 0.799001 -0.340933 -1.352300 -2.699228 0.811743 -0.133161 0.680049 23.450000
0.756351 0.385944 -0.379767 -1.363671 -2.662441 0.781901 -0.149507 0.780949 23.500000
1.026895 0.772232 -0.417167 -1.375040 -2.626498 0.750050 -0.164016 0.671024 23.550000
0.173049 1.035758 -0.453189 -1.386376 -2.590029 0.721263 -0.177525 0.776116 23.600000
0.000000 1.311876 -0.487727 -1.397618 -2.546803 0.683372 -0.193075 0.933976 23.650000
0.907155 1.697087 -0.520572 -1.408657 -2.494942 0.642140 -0.210942 1.117145 23.700000
0.578475 1.617271 -0.551844 -1.419602 -2.432525 0.606543 -0.231470 1.348421 23.750000
0.746236 1.353468 -0.581614 -1.430519 -2.363088 0.565329 -0.252498 1.419317 23.800000
1.003675 0.919167 -0.609872 -1.441329 -2.294080 0.525693 -0.270619 1.350747 23.850000
0.167207 1.364063 -0.636772 -1.452043 -2.232072 0.491245 -0.283742 1.155961 23.900000
0.000000 0.908683 -0.662337 -1.462505 -2.171943 0.450187 -0.294106 1.236852 23.950000
0.667871 0.953894 -0.686502 -1.472493 -2.114169 0.409465 -0.301632 1.092043 24.000000
0.908229 1.384267 -0.709444 -1.482091 -2.061042 0.378021 -0.306105 1.038630 24.050000
1.776345 1.177953 -0.731342 -1.491473 -2.005223 0.348642 -0.309969 1.174547 24.100000
0.996871 0.875003 -0.752328 -1.500850 -1.947150 0.327274 -0.313227 1.150588 24.150000
1.613467 0.915821 -0.772453 -1.510228 -1.893335 0.301148 -0.314431 1.018092 24.200000
1.086636 0.550344 -0.791760 -1.519588 -1.843794 0.283570 -0.313868 0.968860 24.250000
1.044878 0.391800 -0.810308 -1.528961 -1.800130 0.264373 -0.311526 0.797856 24.300000
1.483913 0.006052 -0.828126 -1.538256 -1.764398 0.249053 -0.307283 0.648226 24.350000
1.574749 -0.142065 -0.845294 -1.547609 -1.738483 0.242696 -0.301190 0.413976 24.400000
2.145661 0.090140 -0.861895 -1.557195 -1.722889 0.241820 -0.293468 0.228763 24.450000
2.072588 -0.255237 -0.877995 -1.567201 -1.711535 0.248104 -0.285316 0.225680 24.500000
2.718072 -0.642956 -0.893630 -1.577742 -1.704304 0.255160 -0.276759 0.078061 24.550000
2.297086 -0.979015 -0.908859 -1.588965 -1.707185 0.271739 -0.266656 -0.169317 24.600000
2.403090 -1.461551 -0.923757 -1.600947 -1.723249 0.288357 -0.254244 -0.444307 24.650000
2.286297 -1.810630 -0.938410 -1.613637 -1.754862 0.310182 -0.238725 -0.780995 24.700000
1.348325 -1.431025 -0.952945 -1.627044 -1.802325 0.334229 -0.219594 -1.079532 24.750000
1.528850 -1.028490 -0.967431 -1.640897 -1.856020 0.349100 -0.198975 -1.070239 24.800000
2.273854 -0.968711 -0.981878 -1.654963 -1.905074 0.362421 -0.179718 -0.913013 24.850000
3.125222 -1.449832 -0.996358 -1.669380 -1.948083 0.379514 -0.162196 -0.819644 24.900000
2.259945 -1.419827 -1.011033 -1.684432 -1.993218 0.403230 -0.144043 -0.967721 24.950000
2.934769 -1.877011 -1.025969 -1.700039 -2.043283 0.417707 -0.124470 -1.028161 25.000000
2.373898 -1.402938 -1.041227 -1.716073 -2.100562 0.437574 -0.102743 -1.236287 25.050000
2.982299 -1.581617 -1.056895 -1.732458 -2.159965 0.449992 -0.080452 -1.152835 25.100000
3.252661 -1.868492 -1.073009 -1.749103 -2.218657 0.465714 -0.058552 -1.191283 25.150000
2.713513 -1.683536 -1.089725 -1.766067 -2.281961 0.481803 -0.035164 -1.324281 25.200000
2.983150 -2.102052 -1.107047 -1.783171 -2.347990 0.490289 -0.011085 -1.319656 25.250000
3.253989 -2.545670 -1.124951 -1.800243 -2.418601 0.498717 0.014208 -1.483454 25.300000
2.613458 -2.191027 -1.143561 -1.817213 -2.499618 0.506341 0.042789 -1.723455 25.350000
3.087101 -2.151616 -1.162813 -1.833847 -2.585031 0.504195 0.072118 -1.699506 25.400000
3.203526 -2.265622 -1.182638 -1.849995 -2.669559 0.503334 0.100035 -1.686228 25.450000
4.055539 -2.388952 -1.203099 -1.865615 -2.755141 0.500278 0.127258 -1.732330 25.500000
4.312650 -2.477800 -1.224343 -1.880664 -2.843783 0.501517 0.154587 -1.804539 25.550000
3.542818 -2.676126 -1.246534 -1.895070 -2.935956 0.500994 0.182257 -1.873853 25.600000
4.454157 -2.637237 -1.269449 -1.908648 -3.032663 0.488680 0.210140 -1.979298 25.650000
4.845484 -2.471068 -1.292999 -1.921254 -3.132537 0.480764 0.237446 -2.012334 25.700000
5.350312 -1.999791 -1.317355 -1.932790 3.051215 0.473382 0.263091 -1.973320 25.750000
4.820443 -2.284022 -1.342599 -1.943145 2.957680 0.469953 0.285446 -1.798063 25.800000
4.709163 -2.673360 -1.368611 -1.952254 2.866604 0.460029 0.305779 -1.839570 25.850000
5.369443 -2.829126 -1.395091 -1.960062 2.770045 0.444610 0.326351 -1.997809 25.900000
5.767941 -2.345681 -1.421963 -1.966439 2.666799 0.430191 0.347250 -2.113437 25.950000
5.303848 -2.084212 -1.449255 -1.971219 2.564809 0.417899 0.366005 -1.987786 26.000000
4.791183 -2.397686 -1.476822 -1.974379 2.469420 0.402794 0.381161 -1.850222 26.050000
5.638847 -2.885427 -1.504369 -1.976036 2.375163 0.382303 0.394272 -1.909889 26.100000
5.682918 -3.000000 -1.531785 -1.976132 2.274032 0.365096 0.407502 -2.102903 26.150000
6.000000 -3.000000 -1.558993 -1.974543 2.165749 0.343174 0.420637 -2.209352 26.200000
6.000000 -2.927378 -1.585831 -1.971239 2.054271 0.321407 0.432359 -2.242944 26.250000
5.130591 -2.526314 -1.612157 -1.966200 1.942616 0.298793 0.441924 -2.225069 26.300000
4.397440 -2.872432 -1.637753 -1.959656 1.835766 0.270699 0.448130 -2.072898 26.350000
5.214749 -3.000000 -1.662428 -1.951995 1.730354 0.237074 0.451527 -2.131112 26.400000
5.960135 -3.000000 -1.686103 -1.943260 1.622103 0.210272 0.452988 -2.187166 26.450000
5.204181 -3.000000 -1.708716 -1.933170 1.512336 0.190417 0.452809 -2.199665 26.500000
4.643945 -3.000000 -1.730169 -1.921811 1.402391 0.164350 0.450858 -2.196473 26.550000
5.328725 -3.000000 -1.750411 -1.909562 1.292805 0.134746 0.446756 -2.186200 26.600000
5.501686 -3.000000 -1.769365 -1.896459 1.183791 0.113735 0.440778 -2.174511 26.650000
5.368979 -2.981534 -1.786892 -1.882386 1.075331 0.096440 0.433489 -2.164126 26.700000
6.000000 -2.596972 -1.802902 -1.867425 0.967547 0.080110 0.425120 -2.148485 26.750000
6.000000 -2.558008 -1.817235 -1.851578 0.864309 0.074138 0.415931 -2.004647 26.800000
6.000000 -2.072568 -1.829690 -1.834826 0.766033 0.072451 0.406548 -1.937215 26.850000
6.000000 -2.013906 -1.840162 -1.817297 0.674942 0.075985 0.397167 -1.738279 26.900000
6.000000 -1.531075 -1.848545 -1.799114 0.590824 0.084225 0.388127 -1.641770 26.950000
5.501658 -1.073977 -1.854761 -1.780416 0.514886 0.097406 0.379506 -1.428265 27.000000
6.000000 -0.918718 -1.858833 -1.761379 0.450825 0.112360 0.371065 -1.171051 27.050000
6.000000 -1.061702 -1.860694 -1.742102 0.397038 0.137193 0.362934 -1.004043 27.100000
5.088667 -1.115929 -1.860218 -1.722645 0.347258 0.163582 0.355672 -0.990494 27.150000
4.300190 -1.265069 -1.857632 -1.703205 0.297193 0.180809 0.349479 -1.010434 27.200000
5.216838 -1.590825 -1.853358 -1.684022 0.244718 0.189301 0.344287 -1.079816 27.250000
5.398997 -1.352815 -1.847421 -1.665204 0.186250 0.203523 0.340558 -1.238192 27.300000
5.375508 -0.999494 -1.839643 -1.646823 0.124884 0.217808 0.337966 -1.219761 27.350000
4.428867 -0.839233 -1.830035 -1.628993 0.067882 0.233522 0.335403 -1.080029 27.400000
4.254844 -1.129571 -1.818849 -1.611814 0.017338 0.242964 0.332349 -0.958072 27.450000
4.109881 -1.021408 -1.806375 -1.595363 -0.032225 0.251058 0.329568 -1.017157 27.500000
4.803072 -1.066648 -1.792747 -1.579702 -0.082686 0.257261 0.327292 -1.003353 27.550000
4.141939 -1.512550 -1.777890 -1.564905 -0.133215 0.269770 0.325451 -1.016725 27.600000
3.761224 -1.544638 -1.761876 -1.551034 -0.189139 0.273353 0.325026 -1.196370 27.650000
3.809644 -1.243865 -1.745054 -1.538126 -0.251545 0.270390 0.325870 -1.287184 27.700000
3.588902 -0.749452 -1.727584 -1.526219 -0.313758 0.268018 0.326512 -1.211678 27.750000
3.763245 -0.592756 -1.709532 -1.515332 -0.368021 0.267210 0.325532 -0.988405 27.800000
2.806965 -0.572855 -1.690897 -1.505478 -0.412852 0.272320 0.322863 -0.825502 27.850000
2.199324 -0.844681 -1.671841 -1.496596 -0.451745 0.271118 0.319211 -0.740336 27.900000
2.186442 -0.718822 -1.652707 -1.488532 -0.490609 0.264522 0.315584 -0.805727 27.950000
2.318831 -0.829689 -1.633648 -1.481220 -0.530318 0.257895 0.312055 -0.784636 28.000000
2.976870 -0.502308 -1.614654 -1.474672 -0.570452 0.252766 0.308565 -0.816393 28.050000
3.502241 -0.553430 -1.595582 -1.468984 -0.608025 0.255212 0.304687 -0.700440 28.100000
3.257411 -0.222920 -1.576205 -1.464315 -0.642055 0.264095 0.300450 -0.665225 28.150000
3.817289 -0.059073 -1.556488 -1.460703 -0.671137 0.272560 0.295617 -0.515438 28.200000
4.439524 0.413139 -1.536371 -1.458195 -0.692975 0.288967 0.289762 -0.374083 28.250000
4.797204 0.134589 -1.515624 -1.456959 -0.704270 0.314781 0.282158 -0.105894 28.300000
4.791074 -0.223593 -1.494048 -1.457115 -0.708854 0.345537 0.273500 -0.080914 28.350000
4.825006 0.219243 -1.471615 -1.458675 -0.716787 0.373843 0.266123 -0.223258 28.400000
3.982995 0.659055 -1.448390 -1.461606 -0.725052 0.401295 0.259222 -0.118557 28.450000
3.136335 0.626231 -1.424527 -1.465738 -0.724307 0.423022 0.250050 0.124942 28.500000
3.866697 0.193169 -1.400272 -1.470757 -0.714725 0.438921 0.238492 0.246391 28.550000
3.715670 -0.108591 -1.375619 -1.476590 -0.705584 0.460669 0.227373 0.130782 28.600000
4.318962 0.221484 -1.350511 -1.483290 -0.704322 0.477638 0.219158 -0.062080 28.650000
4.715242 0.064277 -1.324936 -1.490901 -0.706561 0.498484 0.212409 -0.030644 28.700000
5.531385 0.487452 -1.298747 -1.499546 -0.709472 0.521983 0.206185 -0.081311 28.750000
4.913123 0.671851 -1.271760 -1.509370 -0.709409 0.552932 0.199066 0.069209 28.800000
4.977201 0.801000 -1.243927 -1.520336 -0.701505 0.578924 0.189032 0.231093 28.850000
4.290307 1.011238 -1.215312 -1.532271 -0.686011 0.606181 0.175994 0.374230 28.900000
4.395840 0.744467 -1.185982 -1.544978 -0.662740 0.627390 0.159722 0.539606 28.950000
3.854579 1.209324 -1.156001 -1.558266 -0.636307 0.648805 0.142241 0.521257 29.000000
3.565619 0.886915 -1.125439 -1.571980 -0.605095 0.664499 0.122758 0.707652 29.050000
3.108318 0.469592 -1.094417 -1.585899 -0.570554 0.676511 0.102066 0.679612 29.100000
3.810828 0.791228 -1.063096 -1.599864 -0.541432 0.682205 0.084504 0.507105 29.150000
4.418972 0.291423 -1.031463 -1.613890 -0.514668 0.693270 0.068505 0.559449 29.200000
5.296727 0.134684 -0.999264 -1.628087 -0.491446 0.708672 0.054593 0.389760 29.250000
4.425209 0.157984 -0.966244 -1.642618 -0.476065 0.730663 0.044870 0.241998 29.300000
5.039853 0.100825 -0.932466 -1.657490 -0.465790 0.743184 0.037959 0.176438 29.350000
4.626566 0.083323 -0.898021 -1.672669 -0.458545 0.760640 0.032797 0.119577 29.400000
5.436630 0.041939 -0.862907 -1.688173 -0.453581 0.773382 0.028976 0.082995 29.450000
5.439812 0.234506 -0.827073 -1.704035 -0.450436 0.792996 0.026244 0.046584 29.500000
4.454465 0.019228 -0.790383 -1.720322 -0.446388 0.811815 0.023032 0.109663 29.550000
4.372313 -0.478728 -0.753071 -1.736896 -0.442402 0.820674 0.019940 0.055421 29.600000
3.664633 -0.014737 -0.715400 -1.753669 -0.446272 0.828165 0.021566 -0.187256 29.650000
4.189118 -0.122623 -0.677596 -1.770636 -0.453996 0.828639 0.025393 -0.128109 29.700000
3.486546 -0.266218 -0.639707 -1.787781 -0.460811 0.833950 0.028574 -0.143496 29.750000
3.955502 -0.290910 -0.601785 -1.805095 -0.469941 0.832389 0.033036 -0.215270 29.800000
4.695447 -0.682035 -0.563905 -1.822591 -0.482147 0.835026 0.039177 -0.268495 29.850000
3.917988 -0.757231 -0.525852 -1.840449 -0.500966 0.843876 0.049135 -0.464928 29.900000
3.492584 -0.322383 -0.487718 -1.858754 -0.528071 0.844195 0.063791 -0.605684 29.950000
2.773728 -0.816478 -0.449814 -1.877430 -0.555644 0.839984 0.078170 -0.510259 30.000000
3.692854 -0.828306 -0.412387 -1.896343 -0.585602 0.828467 0.093337 -0.671653 30.050000
4.401874 -0.938140 -0.375454 -1.915581 -0.621772 0.824431 0.111478 -0.766534 30.100000
3.583689 -1.292436 -0.338775 -1.935417 -0.662875 0.825389 0.131861 -0.868220 30.150000
3.458336 -1.720178 -0.302476 -1.955883 -0.711842 0.815957 0.156022 -1.068146 30.200000
3.570249 -1.344335 -0.266882 -1.976908 -0.772786 0.801216 0.185834 -1.336736 30.250000
3.774326 -1.499388 -0.232159 -1.998532 -0.839233 0.784143 0.217005 -1.326507 30.300000
3.761716 -1.886936 -0.198349 -2.020788 -0.907440 0.766388 0.247243 -1.395497 30.350000
3.242882 -2.345766 -0.165539 -2.043682 -0.982482 0.743982 0.279133 -1.581994 30.400000
3.382253 -2.383642 -0.133972 -2.067065 -1.068840 0.709780 0.314250 -1.835670 30.450000
3.052693 -2.362766 -0.103870 -2.090775 -1.164042 0.670203 0.350191 -1.955173 30.500000
2.829872 -2.093274 -0.075342 -2.114646 -1.263004 0.622908 0.383627 -1.997157 30.550000
1.965797 -2.048958 -0.048438 -2.138429 -1.360542 0.572174 0.411791 -1.916886 30.600000
2.256287 -1.960844 -0.023134 -2.161785 -1.454940 0.514005 0.433941 -1.865055 30.650000
1.608082 -1.942885 0.000657 -2.184524 -1.546483 0.460158 0.450535 -1.803575 30.700000
2.172271 -2.081830 0.023063 -2.206533 -1.635498 0.402298 0.462109 -1.759956 30.750000
2.970188 -2.535721 0.044199 -2.227786 -1.724117 0.351099 0.469704 -1.778075 30.800000
1.982466 -2.558910 0.064112 -2.248569 -1.817615 0.305448 0.475121 -1.933243 30.850000
1.335955 -3.000000 0.082893 -2.268772 -1.915825 0.248867 0.477851 -1.982246 30.900000
1.490997 -2.997760 0.100760 -2.288004 -2.019539 0.184793 0.477109 -2.134986 30.950000
2.406719 -2.725196 0.117897 -2.306168 -2.127364 0.122390 0.472165 -2.166947 31.000000
1.798454 -3.000000 0.134300 -2.323556 -2.232822 0.073420 0.462955 -2.064423 31.050000
2.720509 -2.636465 0.150009 -2.340331 -2.337413 0.022740 0.450314 -2.107562 31.100000
2.144564 -2.581684 0.165012 -2.356619 -2.439190 -0.013787 0.434867 -1.981577 31.150000
2.818240 -2.823698 0.179253 -2.372570 -2.536119 -0.049244 0.417483 -1.905371 31.200000
3.501173 -2.863640 0.192689 -2.388246 -2.632880 -0.074634 0.398644 -1.955215 31.250000
4.004436 -3.000000 0.205042 -2.403824 -2.731472 -0.091154 0.378930 -1.983029 31.300000
3.295151 -2.798503 0.216042 -2.419388 -2.832271 -0.100816 0.358856 -2.039283 31.350000
3.125284 -3.000000 0.225716 -2.434864 -2.932725 -0.113798 0.338700 -1.987108 31.400000
3.048030 -3.000000 0.234228 -2.450137 -3.033572 -0.125287 0.318361 -2.038054 31.450000
2.150932 -2.710328 0.241617 -2.465144 -3.135998 -0.134926 0.297834 -2.055951 31.500000
2.012110 -3.000000 0.248085 -2.479828 3.047190 -0.148753 0.277415 -1.959698 31.550000
1.963920 -3.000000 0.253833 -2.494159 2.947252 -0.160546 0.256819 -2.026741 31.600000
1.891693 -2.742175 0.258881 -2.508121 2.845198 -0.170233 0.235930 -2.051496 31.650000
1.592302 -2.445220 0.263228 -2.521685 2.744987 -0.176796 0.215407 -1.970713 31.700000
1.810300 -2.541459 0.266921 -2.534825 2.650346 -0.181627 0.195906 -1.837014 31.750000
2.388850 -2.433873 0.269952 -2.547482 2.558903 -0.181004 0.177364 -1.823500 31.800000
3.291496 -2.151348 0.272168 -2.559496 2.468933 -0.172468 0.159952 -1.782639 31.850000
2.600178 -2.297214 0.273332 -2.570573 2.383126 -0.153017 0.144521 -1.668385 31.900000
3.291764 -1.908891 0.273484 -2.580597 2.299383 -0.138667 0.130882 -1.680243 31.950000
2.391311 -1.597882 0.272725 -2.589486 2.219258 -0.116388 0.119125 -1.545891 32.000000
3.254968 -1.660828 0.271182 -2.597216 2.146764 -0.100988 0.109440 -1.378794 32.050000
3.826956 -1.514310 0.268969 -2.603733 2.079087 -0.076592 0.101431 -1.335093 32.100000
3.360408 -1.094437 0.266027 -2.608717 2.014380 -0.046752 0.095134 -1.263815 32.150000
4.282177 -1.495618 0.262473 -2.612133 1.956559 -0.021028 0.090489 -1.075064 32.200000
3.977973 -1.803358 0.258395 -2.613872 1.900757 0.012854 0.087266 -1.147829 32.250000
3.557061 -2.058350 0.253873 -2.613823 1.839072 0.042145 0.085533 -1.299144 32.300000
2.644896 -2.538493 0.249105 -2.612184 1.769497 0.065595 0.085321 -1.460972 32.350000
2.902683 -2.777089 0.244300 -2.609303 1.689421 0.078414 0.086553 -1.705321 32.400000
3.198659 -2.754654 0.239617 -2.605378 1.598881 0.091697 0.089122 -1.887630 32.450000
3.140530 -2.389108 0.235178 -2.600338 1.502719 0.106148 0.092887 -1.949138 32.500000
3.358527 -2.506554 0.231113 -2.594193 1.408355 0.119208 0.097306 -1.842916 32.550000
3.866153 -2.583932 0.227550 -2.586977 1.316115 0.133482 0.102312 -1.846477 32.600000
4.302980 -2.121915 0.224647 -2.578618 1.222911 0.151105 0.108297 -1.877256 32.650000
4.049210 -1.790344 0.222598 -2.569024 1.133470 0.171888 0.114899 -1.725073 32.700000
4.158902 -1.377202 0.221526 -2.558274 1.052345 0.190045 0.121439 -1.547541 32.750000
4.873579 -1.401916 0.221503 -2.546510 0.981357 0.209541 0.127392 -1.324895 32.800000
5.456183 -1.013271 0.222699 -2.533673 0.917452 0.235604 0.133183 -1.243540 32.850000
5.919251 -0.628297 0.225351 -2.519641 0.860401 0.266828 0.138837 -1.063802 32.900000
5.084014 -0.146226 0.229657 -2.504346 0.813613 0.302689 0.143566 -0.837692 32.950000
5.358097 -0.485855 0.235572 -2.487947 0.779999 0.331727 0.146228 -0.542599 33.000000
6.000000 -0.072434 0.242997 -2.470597 0.753038 0.363381 0.147916 -0.537396 33.050000
6.000000 0.340188 0.252073 -2.452225 0.730834 0.400638 0.148886 -0.370142 33.100000
5.667146 0.504054 0.262875 -2.432776 0.719397 0.438566 0.147181 -0.114230 33.150000
5.785504 0.329840 0.275280 -2.412302 0.719406 0.474161 0.142121 0.094353 33.200000
6.000000 0.758197 0.289170 -2.390822 0.725261 0.510502 0.135208 0.135539 33.250000
5.917646 1.213104 0.304519 -2.368281 0.737604 0.548427 0.125904 0.337537 33.300000
6.000000 1.100557 0.321228 -2.344607 0.762654 0.585864 0.111435 0.632358 33.350000
5.211246 1.371985 0.339136 -2.319712 0.797217 0.623262 0.092723 0.738946 33.400000
5.776687 1.309080 0.357953 -2.293653 0.838794 0.651606 0.070649 0.905738 33.450000
4.807565 0.968347 0.377459 -2.266406 0.885814 0.683117 0.045863 0.969651 33.500000
5.280330 0.962965 0.397428 -2.238029 0.931646 0.702706 0.021673 0.878213 33.550000
6.000000 1.072692 0.417669 -2.208633 0.974574 0.724363 -0.000899 0.845857 33.600000
5.177027 1.426068 0.438226 -2.178004 1.017939 0.750451 -0.023681 0.886824 33.650000
5.171113 1.027291 0.458927 -2.146174 1.067032 0.766093 -0.049448 1.058491 33.700000
5.875426 0.704306 0.479488 -2.113308 1.118158 0.779109 -0.075929 0.998340 33.750000
6.000000 0.420234 0.499877 -2.079298 1.164106 0.796994 -0.099146 0.860701 33.800000
5.409473 0.850323 0.520121 -2.044023 1.202496 0.815076 -0.117808 0.697787 33.850000
5.835625 1.245675 0.540133 -2.007640 1.240271 0.826058 -0.135904 0.803490 33.900000
5.965585 1.580510 0.559751 -1.970215 1.286551 0.837778 -0.158744 1.023656 33.950000
6.000000 1.608950 0.578785 -1.931666 1.344617 0.845799 -0.188198 1.270438 34.000000
6.000000 1.412051 0.596978 -1.892034 1.411956 0.848723 -0.222439 1.408915 34.050000
6.000000 1.523739 0.614115 -1.851419 1.482454 0.847354 -0.257409 1.415480 34.100000
5.855007 2.021948 0.630044 -1.809943 1.554977 0.841973 -0.292209 1.481024 34.150000
5.934371 1.538239 0.644596 -1.767789 1.635531 0.828543 -0.330098 1.711308 34.200000
5.350999 1.493889 0.657585 -1.725166 1.719067 0.810940 -0.367448 1.644857 34.250000
5.195516 1.655486 0.668966 -1.682336 1.800436 0.785819 -0.400960 1.617229 34.300000
4.848997 2.023168 0.678739 -1.639603 1.882925 0.756141 -0.432307 1.675588 34.350000
5.620612 2.071029 0.686901 -1.597241 1.971364 0.717421 -0.463647 1.837550 34.400000
5.899094 1.690553 0.693384 -1.555359 2.065598 0.680047 -0.494332 1.919260 34.450000
6.000000 1.243171 0.698091 -1.513902 2.158526 0.644098 -0.520794 1.814536 34.500000
5.465847 1.530985 0.701009 -1.472868 2.243384 0.613495 -0.540457 1.610640 34.550000
4.534813 1.990070 0.702231 -1.432362 2.324534 0.579944 -0.555918 1.630619 34.600000
4.058579 2.223311 0.702022 -1.392743 2.410902 0.533514 -0.570581 1.795129 34.650000
4.699281 2.086416 0.700696 -1.354376 2.504559 0.477232 -0.584159 1.925437 34.700000
3.926216 1.958040 0.698314 -1.317318 2.600407 0.425942 -0.594338 1.906792 34.750000
4.769324 2.450971 0.694980 -1.281576 2.693758 0.370551 -0.599785 1.833368 34.800000
5.221346 2.616963 0.690731 -1.247128 2.789270 0.322950 -0.602167 1.961242 34.850000
5.133748 2.503801 0.685382 -1.213897 2.889968 0.277038 -0.602384 2.047290 34.900000
5.942943 2.856321 0.678937 -1.181903 2.991630 0.231517 -0.599472 2.018770 34.950000
6.000000 2.874013 0.671282 -1.151154 3.095475 0.194099 -0.594018 2.114609 35.000000
6.000000 2.437623 0.662300 -1.121695 -3.081173 0.157432 -0.586351 2.138562 35.050000
6.000000 2.691136 0.652028 -1.093600 -2.978808 0.126760 -0.575962 1.979197 35.100000
6.000000 2.537653 0.640468 -1.066942 -2.879202 0.100957 -0.563706 1.998822 35.150000
6.000000 2.634735 0.627673 -1.041807 -2.780876 0.078842 -0.550108 1.941228 35.200000
6.000000 2.643515 0.613698 -1.018284 -2.683625 0.060229 -0.535541 1.945965 35.250000
6.000000 2.700231 0.598623 -0.996463 -2.586350 0.044261 -0.520311 1.943713 35.300000
6.000000 2.434182 0.582543 -0.976431 -2.488738 0.030695 -0.504627 1.957181 35.350000
5.728858 2.723766 0.565562 -0.958275 -2.393591 0.021386 -0.488659 1.863060 35.400000
4.759953 2.969772 0.547826 -0.942044 -2.298531 0.012018 -0.472663 1.927951 35.450000
3.778140 2.606950 0.529664 -0.927568 -2.199002 -0.006741 -0.456301 2.034053 35.500000
3.664950 2.481891 0.511455 -0.914506 -2.100068 -0.031301 -0.438978 1.937327 35.550000
4.238630 2.663146 0.493370 -0.902697 -2.005682 -0.050972 -0.420859 1.850702 35.600000
3.404552 2.375525 0.475395 -0.892285 -1.912296 -0.061677 -0.402428 1.879477 35.650000
3.812334 2.799142 0.457602 -0.883235 -1.821063 -0.076252 -0.383911 1.784235 35.700000
3.039153 2.698620 0.440084 -0.875484 -1.728536 -0.084848 -0.365252 1.898256 35.750000
2.691304 2.625178 0.422910 -0.868936 -1.633468 -0.099176 -0.346322 1.903085 35.800000
1.870196 3.000000 0.406157 -0.863342 -1.539072 -0.113437 -0.327147 1.876521 35.850000
2.441636 2.979362 0.389848 -0.858444 -1.441707 -0.133568 -0.307240 1.997566 35.900000
1.742765 2.985641 0.373989 -0.854190 -1.340792 -0.146367 -0.286538 2.032989 35.950000
1.190454 2.510506 0.358581 -0.850574 -1.238722 -0.162747 -0.265387 2.047217 36.000000
0.522125 2.808338 0.343560 -0.847356 -1.141118 -0.179175 -0.244326 1.883656 36.050000
0.000000 3.000000 0.328839 -0.844342 -1.045619 -0.197723 -0.223076 1.928881 36.100000
0.936327 2.594089 0.314274 -0.841351 -0.946712 -0.218567 -0.200719 2.013528 36.150000
1.034685 2.933902 0.299915 -0.838539 -0.849289 -0.226527 -0.178365 1.902247 36.200000
0.617398 2.866047 0.285947 -0.836153 -0.751797 -0.230358 -0.156373 1.984757 36.250000
0.629100 2.490360 0.272349 -0.834172 -0.652307 -0.235418 -0.134498 1.994084 36.300000
0.000000 2.075998 0.259098 -0.832560 -0.556308 -0.236717 -0.113740 1.867389 36.350000
0.424427 2.305925 0.246138 -0.831256 -0.468561 -0.240081 -0.094943 1.673652 36.400000
0.000000 2.563994 0.233495 -0.830237 -0.384567 -0.236780 -0.077432 1.685170 36.450000
0.686278 2.424830 0.221201 -0.829517 -0.297403 -0.235867 -0.060109 1.786312 36.500000
0.361893 2.685603 0.209350 -0.829118 -0.208347 -0.226737 -0.043380 1.778053 36.550000
1.161619 2.723624 0.198056 -0.829048 -0.116752 -0.219125 -0.027347 1.871544 36.600000
0.455930 2.958208 0.187465 -0.829289 -0.021700 -0.202531 -0.012134 1.922856 36.650000
0.721381 2.818887 0.177623 -0.829800 0.077468 -0.191265 0.002202 2.027203 36.700000
0.594820 3.000000 0.168449 -0.830526 0.178545 -0.176099 0.015368 2.017826 36.750000
1.009677 3.000000 0.159994 -0.831398 0.281229 -0.160938 0.027186 2.079509 36.800000
0.260208 3.000000 0.152326 -0.832326 0.385871 -0.140878 0.037523 2.102473 36.850000
0.000000 3.000000 0.145361 -0.833266 0.491245 -0.127158 0.046321 2.111147 36.900000
0.949526 2.819081 0.138873 -0.834253 0.596900 -0.115196 0.053879 2.114528 36.950000
0.749815 2.394105 0.132979 -0.835137 0.700809 -0.094032 0.059798 2.052221 37.000000
1.401301 2.251423 0.127769 -0.835754 0.798380 -0.075374 0.063660 1.878860 37.050000
2.192871 1.846199 0.123237 -0.835965 0.888946 -0.051595 0.065594 1.762082 37.100000
2.558486 2.202865 0.119500 -0.835465 0.971476 -0.021952 0.065533 1.568424 37.150000
2.260424 2.331279 0.116589 -0.833998 1.051417 0.009646 0.063644 1.620914 37.200000
1.688834 2.659750 0.114371 -0.831522 1.134384 0.037252 0.060082 1.687289 37.250000
2.579689 2.377978 0.112619 -0.828201 1.222914 0.058459 0.055006 1.831113 37.300000
2.593242 2.095795 0.111217 -0.823955 1.313106 0.086570 0.048467 1.783877 37.350000
2.455179 2.317801 0.110088 -0.818602 1.398814 0.112599 0.040735 1.663139 37.400000
3.326580 2.279553 0.109080 -0.812210 1.482942 0.135317 0.031906 1.696823 37.450000
2.426283 1.957075 0.108064 -0.804657 1.567769 0.164210 0.021753 1.696450 37.500000
2.304395 2.166451 0.106910 -0.796021 1.649215 0.182349 0.010952 1.579508 37.550000
1.481545 1.732394 0.105516 -0.786617 1.729092 0.197432 -0.000245 1.611175 37.600000
1.318455 1.282814 0.103836 -0.776734 1.805459 0.203121 -0.011142 1.465551 37.650000
1.223645 0.978169 0.101884 -0.766653 1.872251 0.206234 -0.020508 1.238705 37.700000
2.115956 0.701380 0.099681 -0.756460 1.928135 0.207941 -0.028060 1.025486 37.750000
1.184026 0.854610 0.097167 -0.746000 1.973671 0.217796 -0.034012 0.821988 37.800000
1.166426 1.228114 0.094356 -0.735301 2.013805 0.218540 -0.039102 0.787769 37.850000
0.988072 1.083781 0.091329 -0.724591 2.056903 0.218639 -0.044498 0.919928 37.900000
1.815760 1.137493 0.088092 -0.713936 2.103064 0.216559 -0.050151 0.925939 37.950000
2.362884 1.426030 0.084558 -0.703227 2.150054 0.221837 -0.055797 0.950779 38.000000
2.027240 1.277758 0.080539 -0.692228 2.201115 0.231284 -0.062162 1.075741 38.050000
2.904488 1.081540 0.075987 -0.680964 2.254909 0.236548 -0.069026 1.076333 38.100000
2.768080 1.320227 0.070804 -0.669392 2.306626 0.249468 -0.075639 1.002456 38.150000
2.794014 1.793230 0.064867 -0.657443 2.358462 0.260133 -0.082493 1.063492 38.200000
1.873513 1.709885 0.058177 -0.645223 2.417608 0.269231 -0.090869 1.274234 38.250000
2.038196 1.548141 0.050877 -0.632976 2.483060 0.267895 -0.100314 1.335640 38.300000
1.490931 1.173741 0.043100 -0.620889 2.548888 0.267266 -0.109456 1.302573 38.350000
2.053811 0.840365 0.034935 -0.609045 2.609606 0.261613 -0.117168 1.147709 38.400000
2.050312 0.692914 0.026386 -0.597451 2.661445 0.262301 -0.122845 0.951810 38.450000
1.677521 0.633961 0.017348 -0.586034 2.704898 0.264009 -0.126800 0.804890 38.500000
1.966589 0.215687 0.007908 -0.574831 2.742547 0.262998 -0.129543 0.712320 38.550000
2.531583 -0.122494 -0.001914 -0.563847 2.772216 0.266015 -0.130708 0.499085 38.600000
1.928963 0.317161 -0.012304 -0.552980 2.790318 0.276193 -0.129732 0.251553 38.650000
1.365016 0.241176 -0.023245 -0.542210 2.804333 0.281120 -0.128094 0.303700 38.700000
2.360315 0.380406 -0.034465 -0.531637 2.819412 0.280463 -0.126744 0.299758 38.750000
3.269133 0.850459 -0.046055 -0.521237 2.835943 0.288849 -0.125780 0.355731 38.800000
3.073206 1.135974 -0.058421 -0.510905 2.859929 0.304072 -0.126582 0.579415 38.850000
3.812044 0.865049 -0.071687 -0.500671 2.895283 0.314835 -0.130084 0.808028 38.900000
2.939973 1.225499 -0.085940 -0.490598 2.935806 0.330907 -0.134976 0.812974 38.950000
2.358952 0.754056 -0.101106 -0.480765 2.980574 0.337154 -0.141042 0.959789 39.000000
2.050320 0.296568 -0.116813 -0.471305 3.025327 0.337399 -0.146979 0.845167 39.050000
1.687635 0.199049 -0.132842 -0.462253 3.060998 0.336311 -0.150511 0.609911 39.100000
1.464370 -0.279188 -0.149043 -0.453590 3.087156 0.333730 -0.151608 0.453923 39.150000
1.975628 -0.103826 -0.165297 -0.445284 3.102145 0.331465 -0.149972 0.174565 39.200000
2.112376 -0.184236 -0.181698 -0.437279 3.108720 0.335773 -0.146409 0.096014 39.250000
2.373791 -0.622768 -0.198406 -0.429539 3.111370 0.341979 -0.142046 0.017374 39.300000
2.010105 -0.721866 -0.215515 -0.422029 3.105883 0.351913 -0.135826 -0.214509 39.350000
1.576381 -0.540445 -0.233006 -0.414689 3.090502 0.359779 -0.127282 -0.383495 39.400000
0.689377 -0.674311 -0.250691 -0.407472 3.070893 0.363819 -0.117885 -0.399661 39.450000
0.295142 -0.440180 -0.268255 -0.400367 3.049088 0.359548 -0.108247 -0.466039 39.500000
1.084464 -0.443122 -0.285403 -0.393379 3.027428 0.351490 -0.099074 -0.407522 39.550000
0.445086 -0.416033 -0.302234 -0.386499 3.007795 0.350564 -0.090792 -0.381156 39.600000
0.117382 -0.656347 -0.318786 -0.379724 2.989372 0.343387 -0.083149 -0.358758 39.650000
0.997473 -0.435590 -0.334844 -0.373081 2.968952 0.333475 -0.075399 -0.448959 39.700000
1.566849 -0.299146 -0.350551 -0.366529 2.947667 0.331997 -0.067791 -0.407440 39.750000
1.247791 -0.343701 -0.366244 -0.360006 2.929411 0.335394 -0.061150 -0.331286 39.800000
2.125973 -0.720859 -0.381974 -0.353504 2.913411 0.335363 -0.055251 -0.311193 39.850000
2.372008 -0.945361 -0.397860 -0.346981 2.893790 0.343605 -0.048621 -0.458186 39.900000
2.613096 -1.368645 -0.414138 -0.340329 2.866192 0.354080 -0.040098 -0.627069 39.950000
2.448014 -1.334968 -0.430882 -0.333450 2.827709 0.366513 -0.028836 -0.882067 40.000000
1.897168 -0.891180 -0.448050 -0.326256 2.780521 0.376534 -0.015351 -0.992278 40.050000
1.623566 -0.631403 -0.465427 -0.318752 2.734275 0.380185 -0.002361 -0.873520 40.100000
1.854794 -0.322226 -0.482800 -0.311011 2.694967 0.380440 0.008372 -0.718458 40.150000
0.865353 0.171935 -0.500150 -0.303061 2.664553 0.382484 0.016352 -0.521437 40.200000
0.390354 0.211718 -0.517331 -0.295026 2.646844 0.375330 0.020577 -0.219275 40.250000
0.000000 -0.012770 -0.534077 -0.287119 2.640810 0.364324 0.021470 -0.039621 40.300000
0.365648 -0.041194 -0.550251 -0.279465 2.638967 0.350252 0.021214 -0.034509 40.350000
0.000000 -0.433095 -0.565875 -0.272060 2.636994 0.340129 0.020982 -0.043484 40.400000
0.000000 -0.232263 -0.580966 -0.264890 2.630115 0.326871 0.021906 -0.214882 40.450000
0.949792 -0.089052 -0.595456 -0.257964 2.619109 0.313997 0.023679 -0.224450 40.500000
0.951040 0.228892 -0.609559 -0.251160 2.609394 0.310469 0.025039 -0.169684 40.550000
0.507189 0.290800 -0.623486 -0.244373 2.605434 0.307277 0.025060 -0.004567 40.600000
1.213670 0.404218 -0.637174 -0.237677 2.608489 0.300324 0.023550 0.115456 40.650000
2.067069 0.237534 -0.650700 -0.231060 2.617427 0.300372 0.020836 0.230749 40.700000
2.307377 0.298914 -0.664396 -0.224353 2.628782 0.308368 0.017667 0.224248 40.750000
1.632823 0.372552 -0.678483 -0.217449 2.640622 0.318242 0.014424 0.247164 40.800000
2.044038 0.858123 -0.692861 -0.210418 2.654188 0.321437 0.010841 0.291147 40.850000
2.745187 1.354132 -0.707481 -0.203322 2.674978 0.328324 0.005647 0.516401 40.900000
2.925531 0.977357 -0.722593 -0.196109 2.709613 0.341280 -0.002836 0.832162 40.950000
2.433157 1.074062 -0.738393 -0.188789 2.751345 0.354881 -0.013101 0.837186 41.000000
1.644059 1.164508 -0.754801 -0.181464 2.794410 0.362749 -0.023680 0.880710 41.050000
1.549451 0.880419 -0.771518 -0.174301 2.840088 0.362247 -0.034687 0.939693 41.100000
1.070806 1.233661 -0.788335 -0.167407 2.884776 0.360282 -0.045019 0.858698 41.150000
1.043716 0.930314 -0.805108 -0.160830 2.930610 0.353255 -0.055153 0.962188 41.200000
0.249400 1.323564 -0.821713 -0.154619 2.976782 0.345618 -0.064782 0.893866 41.250000
0.091098 1.704851 -0.837952 -0.148800 3.024962 0.330125 -0.074186 1.017830 41.300000
0.000000 1.311626 -0.853599 -0.143417 3.081644 0.312214 -0.084640 1.222332 41.350000
0.593797 1.600985 -0.868588 -0.138473 3.141075 0.293050 -0.094581 1.163223 41.400000
0.000000 1.743442 -0.883038 -0.133936 -3.081526 0.279233 -0.103720 1.248670 41.450000
0.000000 1.619889 -0.896940 -0.129783 -3.016493 0.259050 -0.112662 1.339881 41.500000
0.000000 1.506111 -0.910148 -0.125977 -2.949723 0.238637 -0.120664 1.331974 41.550000
0.000000 1.414441 -0.922672 -0.122472 -2.884454 0.218616 -0.127183 1.285169 41.600000
0.000000 1.134121 -0.934533 -0.119220 -2.821775 0.199320 -0.132178 1.229460 41.650000
0.000000 1.280721 -0.945761 -0.116176 -2.764055 0.181316 -0.135495 1.096942 41.700000
0.000000 0.966029 -0.956393 -0.113298 -2.709307 0.164343 -0.137612 1.093117 41.750000
0.647313 0.758016 -0.966461 -0.110556 -2.658175 0.148584 -0.138615 0.968087 41.800000
0.733931 0.284133 -0.976140 -0.107996 -2.613710 0.140662 -0.138464 0.827942 41.850000
1.091136 0.416739 -0.985618 -0.105687 -2.579481 0.135803 -0.137105 0.571382 41.900000
1.112807 0.372531 -0.995017 -0.103676 -2.552980 0.135949 -0.134991 0.496975 41.950000
0.216387 0.746269 -1.004425 -0.102009 -2.529691 0.136952 -0.132649 0.440754 42.000000
0.094712 1.146161 -1.013672 -0.100562 -2.504220 0.129271 -0.130540 0.564066 42.050000
0.000000 1.403168 -1.022555 -0.099192 -2.469816 0.119242 -0.129133 0.785646 42.100000
0.862471 1.181426 -1.031021 -0.097858 -2.424726 0.106904 -0.128361 0.991684 42.150000
0.000000 0.885507 -1.039201 -0.096670 -2.374922 0.102277 -0.127695 0.999364 42.200000
0.966891 1.220997 -1.047106 -0.095614 -2.328129 0.090390 -0.126551 0.886429 42.250000
0.103919 1.052998 -1.054767 -0.094709 -2.281599 0.088062 -0.125197 0.964746 42.300000
0.000000 0.708290 -1.062207 -0.093962 -2.234208 0.077746 -0.123727 0.934506 42.350000
0.000000 1.107525 -1.069299 -0.093196 -2.191713 0.067779 -0.121711 0.783767 42.400000
0.393758 0.619639 -1.076057 -0.092393 -2.150118 0.058458 -0.119432 0.869245 42.450000
0.000000 0.585310 -1.082551 -0.091629 -2.110956 0.053671 -0.116925 0.715791 42.500000
0.059066 0.575405 -1.088804 -0.090906 -2.077644 0.046459 -0.114129 0.626962 42.550000
0.000000 0.147416 -1.094798 -0.090164 -2.047648 0.040703 -0.111172 0.578304 42.600000
0.339217 0.248049 -1.100551 -0.089411 -2.024276 0.035719 -0.108022 0.378503 42.650000
0.184412 0.288006 -1.106113 -0.088718 -2.007086 0.035065 -0.104778 0.315692 42.700000
0.000000 0.140641 -1.111516 -0.088128 -1.991767 0.033332 -0.101584 0.298796 42.750000
0.190846 0.460169 -1.116733 -0.087570 -1.978779 0.030333 -0.098422 0.227905 42.800000
0.000000 0.144514 -1.121773 -0.087048 -1.964757 0.029137 -0.095371 0.323093 42.850000
0.000000 0.575487 -1.126642 -0.086558 -1.950835 0.026283 -0.092403 0.242090 42.900000
0.000633 0.630026 -1.131331 -0.086061 -1.934974 0.023351 -0.089541 0.378086 42.950000
0.103008 0.793912 -1.135842 -0.085549 -1.913474 0.019922 -0.086828 0.471651 43.000000
0.000000 0.853100 -1.140188 -0.085040 -1.886704 0.017040 -0.084229 0.586200 43.050000
0.000000 1.298768 -1.144372 -0.084527 -1.855132 0.012861 -0.081702 0.667180 43.100000
0.911210 1.309628 -1.148392 -0.083979 -1.815690 0.008089 -0.079220 0.884011 43.150000
1.212469 1.151942 -1.152304 -0.083596 -1.768501 0.011275 -0.076857 0.990083 43.200000
0.912429 1.137544 -1.156156 -0.083641 -1.719350 0.017085 -0.074744 0.977629 43.250000
0.851674 0.840028 -1.159931 -0.084106 -1.670782 0.020081 -0.072849 0.966533 43.300000
0.037453 1.131720 -1.163600 -0.084897 -1.625877 0.022878 -0.071061 0.845011 43.350000
0.342025 0.697024 -1.167142 -0.085806 -1.582000 0.018208 -0.069290 0.902798 43.400000
0.402352 0.692270 -1.170551 -0.086714 -1.540918 0.016909 -0.067450 0.758253 43.450000
1.075223 1.098400 -1.173833 -0.087713 -1.505001 0.016787 -0.065591 0.686923 43.500000
0.373574 1.325138 -1.176973 -0.088975 -1.467083 0.022834 -0.063906 0.814479 43.550000
0.000000 1.676567 -1.179967 -0.090475 -1.422139 0.021613 -0.062450 0.964375 43.600000
0.000000 1.764659 -1.182843 -0.091947 -1.368127 0.016294 -0.061060 1.168968 43.650000
0.628509 1.979826 -1.185624 -0.093299 -1.306168 0.010630 -0.059581 1.292281 43.700000
1.608047 2.235399 -1.188278 -0.094672 -1.237742 0.010630 -0.058080 1.425678 43.750000
1.966304 2.639140 -1.190681 -0.096411 -1.162149 0.019303 -0.056926 1.575918 43.800000
2.919812 2.398097 -1.192685 -0.098763 -1.077358 0.030358 -0.056511 1.783707 43.850000
2.578702 2.876883 -1.194089 -0.101929 -0.988357 0.049530 -0.057136 1.777499 43.900000
2.326687 2.747496 -1.194751 -0.105936 -0.894552 0.064281 -0.059023 1.947512 43.950000
3.301149 3.000000 -1.194687 -0.110553 -0.796664 0.075497 -0.061906 1.965259 44.000000
2.738434 3.000000 -1.193720 -0.115781 -0.695593 0.094615 -0.065954 2.061823 44.050000
1.780477 3.000000 -1.191738 -0.121541 -0.591463 0.106855 -0.071206 2.097603 44.100000
1.306580 3.000000 -1.189005 -0.127486 -0.486192 0.108838 -0.076887 2.111081 44.150000
0.779543 2.764873 -1.185812 -0.133352 -0.380489 0.105497 -0.082354 2.116226 44.200000
0.560103 3.000000 -1.182391 -0.138998 -0.277029 0.096916 -0.087017 2.035651 44.250000
0.591249 2.632500 -1.178927 -0.144360 -0.173687 0.086043 -0.090797 2.088971 44.300000
1.345952 2.273789 -1.175482 -0.149435 -0.072460 0.075680 -0.093540 1.978378 44.350000
0.615827 2.617521 -1.171879 -0.154250 0.021565 0.073338 -0.095346 1.809819 44.400000
1.576809 2.621108 -1.168121 -0.158810 0.113784 0.064333 -0.096626 1.869281 44.450000
1.330350 3.000000 -1.164172 -0.163088 0.207927 0.064207 -0.097654 1.892678 44.500000
2.027922 3.000000 -1.159894 -0.167040 0.306728 0.061038 -0.098746 2.035780 44.550000
1.787849 2.841711 -1.155231 -0.170595 0.410032 0.063715 -0.099985 2.087716 44.600000
0.888332 2.889478 -1.150135 -0.173677 0.513343 0.063880 -0.101280 2.050930 44.650000
0.376372 2.501649 -1.144888 -0.176380 0.615989 0.055610 -0.102202 2.054204 44.700000
0.468438 2.854373 -1.139787 -0.178880 0.714729 0.043368 -0.102200 1.917660 44.750000
1.000682 2.646969 -1.134893 -0.181248 0.812774 0.032593 -0.101372 1.991780 44.800000
1.347808 3.000000 -1.130098 -0.183393 0.911002 0.027293 -0.100014 1.944925 44.850000
1.529274 2.712515 -1.125277 -0.185156 1.011380 0.025322 -0.098495 2.052345 44.900000
0.954089 2.240785 -1.120397 -0.186434 1.112176 0.025265 -0.096958 1.989872 44.950000
0.573500 1.783162 -1.115533 -0.187301 1.206125 0.020976 -0.095200 1.798813 45.000000
0.570618 1.469637 -1.110786 -0.187949 1.289161 0.014951 -0.093018 1.559325 45.050000
0.754779 1.768908 -1.106180 -0.188445 1.361032 0.010774 -0.090508 1.346410 45.100000
0.490735 1.530226 -1.101701 -0.188736 1.429015 0.009183 -0.087913 1.369576 45.150000
0.893534 1.275851 -1.097357 -0.188840 1.495206 0.005648 -0.085272 1.289363 45.200000
1.329829 1.696328 -1.093151 -0.188720 1.555949 0.006844 -0.082640 1.158371 45.250000
0.776334 1.447581 -1.089090 -0.188179 1.616806 0.012246 -0.080251 1.261783 45.300000
0.175528 1.656815 -1.085192 -0.187263 1.678484 0.012400 -0.078065 1.212175 45.350000
0.144883 1.984237 -1.081447 -0.186249 1.740741 0.007087 -0.075844 1.270006 45.400000
0.854716 1.526205 -1.077832 -0.185289 1.808461 0.001329 -0.073469 1.417712 45.450000
1.310529 1.501647 -1.074378 -0.184228 1.876208 0.002601 -0.071066 1.307826 45.500000
0.707872 1.333462 -1.071172 -0.182806 1.940010 0.008646 -0.068908 1.252098 45.550000
1.535893 1.130432 -1.068219 -0.181073 2.000116 0.009380 -0.066953 1.164215 45.600000
0.801300 0.984907 -1.065563 -0.178994 2.055027 0.018399 -0.065222 1.047832 45.650000
1.394101 0.610144 -1.063228 -0.176568 2.104348 0.020861 -0.063696 0.939083 45.700000
1.908234 0.356316 -1.061215 -0.173842 2.145746 0.029514 -0.062272 0.741332 45.750000
2.579315 0.431736 -1.059677 -0.170611 2.177314 0.043518 -0.060973 0.544417 45.800000
1.857964 0.228843 -1.058779 -0.166673 2.202656 0.063792 -0.059871 0.477028 45.850000
1.805497 0.293349 -1.058513 -0.162077 2.223255 0.077016 -0.058869 0.359767 45.900000
2.750101 0.179174 -1.058768 -0.156997 2.240295 0.089563 -0.057883 0.325554 45.950000
3.053255 -0.024427 -1.059668 -0.151297 2.254775 0.110632 -0.056950 0.260587 46.000000
2.161036 -0.098060 -1.061384 -0.144781 2.264509 0.134099 -0.055859 0.140992 46.050000
1.340285 0.282457 -1.063805 -0.137585 2.268908 0.148797 -0.054403 0.044391 46.100000
1.354950 -0.152967 -1.066651 -0.130040 2.274093 0.155259 -0.053124 0.152557 46.150000
1.385458 -0.130207 -1.069793 -0.122307 2.278303 0.161688 -0.051794 0.027863 46.200000
1.825757 -0.387946 -1.073224 -0.114380 2.278038 0.168471 -0.050005 -0.032781 46.250000
1.084720 -0.554007 -1.076999 -0.106172 2.272453 0.179433 -0.047610 -0.176659 46.300000
1.460649 -0.130065 -1.081048 -0.097732 2.259523 0.183526 -0.044320 -0.325353 46.350000
1.100788 -0.406221 -1.085292 -0.089118 2.245930 0.190933 -0.041007 -0.228439 46.400000
1.869993 -0.609579 -1.089722 -0.080332 2.232753 0.194630 -0.037806 -0.292152 46.450000
2.098582 -0.572498 -1.094376 -0.071296 2.214864 0.205494 -0.033967 -0.410883 46.500000
1.515382 -0.518256 -1.099364 -0.061816 2.193017 0.218130 -0.029515 -0.457958 46.550000
2.150608 -0.191481 -1.104600 -0.051964 2.170050 0.224768 -0.024889 -0.460583 46.600000
1.869384 -0.256558 -1.110064 -0.041733 2.150696 0.236801 -0.020870 -0.327938 46.650000
2.466133 0.083117 -1.115788 -0.031073 2.135475 0.245551 -0.017548 -0.285467 46.700000
2.003261 0.278947 -1.121795 -0.019939 2.125742 0.259322 -0.015214 -0.120474 46.750000
2.572324 0.626255 -1.128103 -0.008335 2.124507 0.268066 -0.014477 0.054538 46.800000
2.665846 0.923680 -1.134738 0.003723 2.133974 0.281533 -0.015859 0.299754 46.850000
2.956246 1.356400 -1.141817 0.016314 2.156008 0.295001 -0.019871 0.554113 46.900000
2.212866 0.862206 -1.149434 0.029440 2.192190 0.310021 -0.027029 0.857438 46.950000
1.637615 0.464808 -1.157575 0.042928 2.233693 0.316943 -0.035388 0.809143 47.000000
1.923233 0.323429 -1.166061 0.056488 2.269118 0.318144 -0.042202 0.629646 47.050000
1.267598 0.425655 -1.174834 0.070062 2.296570 0.322153 -0.047031 0.485105 47.100000
1.292174 0.880104 -1.183819 0.083590 2.319968 0.320025 -0.050792 0.454415 47.150000
1.113809 1.270705 -1.192918 0.096953 2.347428 0.317786 -0.055318 0.624930 47.200000
0.378383 1.343174 -1.202126 0.110088 2.385439 0.312934 -0.061994 0.866676 47.250000
0.000000 1.077843 -1.211308 0.122803 2.432818 0.300223 -0.070244 1.010431 47.300000
0.000000 1.231908 -1.220275 0.134909 2.482310 0.283769 -0.078158 0.974165 47.350000
0.742064 1.505788 -1.228947 0.146372 2.532258 0.267406 -0.085312 1.018157 47.400000
1.497315 1.226298 -1.237462 0.157309 2.586739 0.257542 -0.092607 1.144493 47.450000
2.154602 0.917442 -1.246108 0.167901 2.642534 0.254380 -0.099636 1.094298 47.500000
2.366826 0.491866 -1.255162 0.178302 2.693264 0.257663 -0.105497 0.953562 47.550000
3.365244 0.322752 -1.264797 0.188597 2.734440 0.263839 -0.109545 0.722336 47.600000
4.130812 -0.144492 -1.275264 0.198900 2.765573 0.280371 -0.111839 0.544079 47.650000
4.627785 0.176504 -1.286928 0.209361 2.785009 0.305079 -0.112056 0.264002 47.700000
4.633992 0.578655 -1.300037 0.220086 2.797852 0.334430 -0.111167 0.251558 47.750000
5.026966 0.699788 -1.314653 0.231076 2.814927 0.362042 -0.111642 0.414801 47.800000
4.274816 1.141994 -1.330815 0.242273 2.839472 0.391023 -0.114449 0.552522 47.850000
4.299540 1.107801 -1.348393 0.253540 2.874086 0.410119 -0.120465 0.803226 47.900000
4.525033 1.464337 -1.367175 0.264689 2.917335 0.426873 -0.129276 0.914013 47.950000
4.466829 1.248102 -1.387170 0.275601 2.968518 0.443004 -0.140762 1.109186 48.000000
3.696015 0.826221 -1.408355 0.286138 3.024229 0.456193 -0.153816 1.119333 48.050000
4.627560 0.549348 -1.430478 0.296179 3.075839 0.461652 -0.165429 0.966268 48.100000
5.327527 0.114230 -1.453543 0.305687 3.119230 0.476710 -0.174262 0.792313 48.150000
5.566424 -0.334448 -1.477903 0.314670 -3.131412 0.499828 -0.179590 0.540159 48.200000
5.093689 -0.173018 -1.503756 0.323151 -3.112933 0.527505 -0.180163 0.232788 48.250000
4.269856 0.104325 -1.531027 0.331186 -3.103890 0.551966 -0.177462 0.138839 48.300000
5.013768 0.050479 -1.559373 0.338810 -3.095109 0.567872 -0.174900 0.205981 48.350000
5.745249 0.404227 -1.588725 0.346003 -3.084386 0.589588 -0.173340 0.221875 48.400000
6.000000 0.024594 -1.619374 0.352716 -3.068911 0.616077 -0.174083 0.381416 48.450000
6.000000 -0.269107 -1.651470 0.358873 -3.051755 0.643404 -0.175817 0.313144 48.500000
6.000000 -0.186817 -1.685017 0.364464 -3.040386 0.670946 -0.175101 0.158123 48.550000
5.519111 -0.336009 -1.719976 0.369527 -3.033791 0.698475 -0.172320 0.110848 48.600000
5.930961 0.155741 -1.756187 0.374105 -3.030673 0.721213 -0.167990 0.022466 48.650000
5.410762 0.297805 -1.793589 0.378223 -3.025151 0.746277 -0.165157 0.183192 48.700000
5.956001 0.027185 -1.832078 0.381826 -3.011869 0.763719 -0.166678 0.333439 48.750000
5.496774 -0.102516 -1.871582 0.384840 -2.995996 0.784841 -0.169733 0.305473 48.800000
5.533725 -0.128158 -1.912073 0.387251 -2.982530 0.801305 -0.171529 0.240637 48.850000
5.653896 0.157398 -1.953417 0.389089 -2.971690 0.817991 -0.171910 0.197890 48.900000
6.000000 0.060923 -1.995611 0.390350 -2.959074 0.834642 -0.173473 0.297343 48.950000
6.000000 0.026356 -2.038703 0.390970 -2.943752 0.853099 -0.176755 0.314845 49.000000
6.000000 -0.216831 -2.082713 0.390906 -2.928037 0.870590 -0.180358 0.314902 49.050000
5.639951 -0.173898 -2.127595 0.390151 -2.914981 0.887913 -0.182350 0.218159 49.100000
4.705318 -0.061965 -2.173240 0.388754 -2.904949 0.901869 -0.182500 0.186759 49.150000
4.350418 -0.533314 -2.219323 0.386799 -2.894753 0.906512 -0.182825 0.218160 49.200000
4.616620 -0.528439 -2.265535 0.384370 -2.888833 0.908730 -0.180374 0.036012 49.250000
4.142212 -0.821418 -2.311892 0.381552 -2.889845 0.915006 -0.173530 -0.067708 49.300000
4.379830 -0.521323 -2.358379 0.378446 -2.898368 0.918299 -0.162007 -0.256350 49.350000
3.555939 -0.294439 -2.404981 0.375170 -2.910753 0.924310 -0.148338 -0.242630 49.400000
4.410743 -0.539636 -2.451557 0.371780 -2.920270 0.921665 -0.137020 -0.149386 49.450000
4.562435 -0.737350 -2.498104 0.368266 -2.929356 0.926837 -0.126353 -0.209755 49.500000
3.885411 -0.779010 -2.544863 0.364629 -2.943217 0.933809 -0.112842 -0.334018 49.550000
4.751190 -0.703646 -2.591726 0.360989 -2.962464 0.934679 -0.096174 -0.428631 49.600000
3.951516 -0.238271 -2.638750 0.357427 -2.984690 0.943427 -0.078021 -0.460017 49.650000
3.839316 -0.117217 -2.685933 0.353979 -3.003122 0.943525 -0.062990 -0.297230 49.700000
4.807995 -0.317029 -2.733035 0.350623 -3.014418 0.941715 -0.053275 -0.169266 49.750000
5.419571 -0.571023 -2.780243 0.347286 -3.023421 0.948671 -0.045400 -0.190106 49.800000
5.479432 -0.388606 -2.827916 0.343955 -3.036317 0.961084 -0.035066 -0.314727 49.850000
5.967860 0.006575 -2.876194 0.340696 -3.051991 0.973418 -0.023071 -0.314343 49.900000
5.697400 -0.257745 -2.925175 0.337524 -3.063342 0.989401 -0.014371 -0.157158 49.950000
