0.737558 0.338466 -0.214091 0.124616 -0.168011 0.925890 0.000000 0.451930 0.000000
0.714387 -0.111756 -0.169189 0.117135 -0.147069 0.895045 -0.013590 0.394251 0.050000
0.372891 -0.448481 -0.125742 0.110119 -0.133171 0.865196 -0.021849 0.184553 0.100000
0.379710 -0.211283 -0.083789 0.103441 -0.130941 0.833747 -0.022461 -0.071092 0.150000
0.000000 -0.131416 -0.043353 0.096977 -0.135710 0.803921 -0.018918 -0.115988 0.200000
0.384496 0.323227 -0.004459 0.090697 -0.141334 0.771855 -0.015121 -0.110173 0.250000
0.357060 -0.056845 0.032964 0.084613 -0.141492 0.744599 -0.014524 0.085274 0.300000
1.052798 -0.367936 0.069066 0.078766 -0.138647 0.718189 -0.015516 0.033487 0.350000
1.326978 -0.427059 0.104056 0.073106 -0.141424 0.699461 -0.013586 -0.129393 0.400000
2.061098 -0.605240 0.138196 0.067529 -0.151117 0.684155 -0.008344 -0.247223 0.450000
2.177268 -0.111169 0.171743 0.061933 -0.167367 0.676249 -0.000176 -0.388978 0.500000
2.072495 -0.080302 0.204903 0.056241 -0.183330 0.669580 0.007481 -0.263596 0.550000
2.261313 -0.555702 0.237697 0.050479 -0.194378 0.662152 0.012469 -0.186707 0.600000
2.328501 -0.076380 0.270158 0.044655 -0.208113 0.656647 0.018512 -0.346927 0.650000
1.832595 -0.431486 0.302345 0.038716 -0.222389 0.651868 0.024539 -0.236280 0.700000
2.649735 -0.067384 0.334169 0.032694 -0.236720 0.642576 0.030324 -0.328090 0.750000
3.384607 -0.419314 0.365712 0.026550 -0.250356 0.641175 0.035531 -0.228281 0.800000
3.976071 -0.425950 0.397333 0.020203 -0.264405 0.646528 0.040785 -0.324415 0.850000
4.296471 -0.573461 0.429307 0.013539 -0.282192 0.656802 0.047672 -0.381870 0.900000
3.417137 -0.511730 0.461798 0.006454 -0.303902 0.669154 0.056329 -0.477341 0.950000
3.271869 -0.897754 0.494627 -0.001062 -0.328552 0.672318 0.066208 -0.506667 1.000000
3.017800 -0.866209 0.527520 -0.008984 -0.358793 0.673087 0.078476 -0.684089 1.050000
2.901816 -0.826022 0.560330 -0.017351 -0.395246 0.670194 0.093268 -0.765994 1.100000
2.210366 -0.957317 0.592924 -0.026181 -0.434377 0.665237 0.108722 -0.797275 1.150000
2.991234 -0.707886 0.625091 -0.035424 -0.476284 0.652809 0.124708 -0.871523 1.200000
3.907101 -0.294108 0.656814 -0.045114 -0.518242 0.647253 0.139891 -0.815429 1.250000
3.643458 -0.530633 0.688435 -0.055431 -0.553806 0.650923 0.151551 -0.630652 1.300000
3.826230 -0.792331 0.720089 -0.066422 -0.585590 0.652283 0.161135 -0.640710 1.350000
3.579867 -1.143272 0.751715 -0.078088 -0.620819 0.654064 0.172037 -0.756120 1.400000
4.518400 -1.061856 0.783213 -0.090459 -0.664222 0.650906 0.186351 -0.956636 1.450000
5.294083 -1.260837 0.814590 -0.103689 -0.713954 0.654010 0.203102 -1.025841 1.500000
5.410613 -1.215997 0.846031 -0.118066 -0.768525 0.661599 0.221737 -1.143859 1.550000
6.000000 -0.761275 0.877532 -0.133760 -0.826959 0.667315 0.241799 -1.189966 1.600000
6.000000 -0.748574 0.909068 -0.150900 -0.882345 0.677783 0.260006 -1.047273 1.650000
5.175384 -1.198692 0.940644 -0.169576 -0.933001 0.688253 0.275697 -0.989046 1.700000
5.944700 -0.834647 0.972032 -0.189620 -0.986851 0.688292 0.292619 -1.146323 1.750000
5.936052 -0.875645 1.003061 -0.211013 -1.042405 0.693531 0.309854 -1.086343 1.800000
6.000000 -0.460247 1.033718 -0.233882 -1.096636 0.697783 0.326020 -1.085352 1.850000
6.000000 -0.129287 1.063912 -0.258212 -1.146554 0.703301 0.339624 -0.933187 1.900000
6.000000 -0.050894 1.093620 -0.283992 -1.187753 0.711877 0.348593 -0.740290 1.950000
6.000000 0.434345 1.122853 -0.311206 -1.221443 0.723257 0.353709 -0.622587 2.000000
6.000000 0.926959 1.151628 -0.339838 -1.245580 0.738597 0.353968 -0.371736 2.050000
6.000000 0.614796 1.180040 -0.369885 -1.254940 0.760385 0.346635 -0.036559 2.100000
6.000000 0.845747 1.208230 -0.401338 -1.255307 0.785491 0.334812 0.016972 2.150000
5.946603 0.652962 1.236263 -0.434153 -1.250902 0.811638 0.320689 0.147201 2.200000
5.685919 0.407929 1.264208 -0.468268 -1.243728 0.837243 0.305381 0.141190 2.250000
5.991009 0.405237 1.292053 -0.503548 -1.239521 0.857991 0.292302 0.037926 2.300000
5.512131 0.620799 1.319764 -0.539944 -1.239177 0.879103 0.282005 -0.018342 2.350000
4.670341 1.058533 1.347305 -0.577366 -1.238377 0.895026 0.271763 0.045228 2.400000
3.786660 1.023444 1.374634 -0.615481 -1.229908 0.905178 0.256937 0.272954 2.450000
4.075101 0.701720 1.401759 -0.653880 -1.213021 0.909304 0.237163 0.393021 2.500000
4.884332 0.738657 1.428730 -0.692403 -1.194989 0.915818 0.217290 0.337263 2.550000
4.311097 0.397705 1.455659 -0.731261 -1.178233 0.928719 0.198818 0.335802 2.600000
4.428367 0.394429 1.482569 -0.770468 -1.165122 0.934420 0.183312 0.204585 2.650000
5.204436 0.012981 1.509375 -0.809906 -1.156673 0.939601 0.171401 0.141545 2.700000
6.000000 0.004800 1.536116 -0.849754 -1.154848 0.950134 0.164332 -0.049537 2.750000
6.000000 -0.012420 1.562840 -0.890346 -1.160329 0.965951 0.162473 -0.159236 2.800000
5.924514 0.359860 1.589532 -0.931836 -1.170194 0.980107 0.163769 -0.229015 2.850000
6.000000 0.733434 1.616135 -0.974183 -1.178448 0.993285 0.163957 -0.113074 2.900000
6.000000 1.064954 1.642705 -1.017347 -1.177972 1.008504 0.157979 0.111549 2.950000
6.000000 1.091372 1.669396 -1.061279 -1.164986 1.025577 0.143127 0.382463 3.000000
5.039843 0.983194 1.696400 -1.105892 -1.141309 1.043459 0.120757 0.550021 3.050000
5.844748 1.005988 1.723767 -1.150884 -1.112241 1.051664 0.094930 0.610619 3.100000
5.936115 1.419627 1.751575 -1.196134 -1.080132 1.066240 0.067452 0.671810 3.150000
5.601260 1.724717 1.780017 -1.241722 -1.040550 1.080219 0.034845 0.891090 3.200000
5.610876 2.099056 1.809236 -1.287424 -0.989073 1.088728 -0.006177 1.143331 3.250000
5.729127 2.573702 1.839388 -1.332937 -0.923847 1.093171 -0.056752 1.434976 3.300000
5.773081 2.248277 1.870675 -1.377971 -0.842589 1.091676 -0.118178 1.775927 3.350000
6.000000 2.007181 1.903239 -1.422172 -0.752224 1.081811 -0.184186 1.841246 3.400000
5.042260 1.903282 1.937092 -1.465286 -0.660845 1.066297 -0.247845 1.827985 3.450000
5.135963 1.775352 1.971989 -1.506985 -0.569695 1.035095 -0.307571 1.827933 3.500000
5.662846 1.786318 2.007636 -1.546986 -0.478826 0.999222 -0.362796 1.816717 3.550000
5.796090 1.615483 2.044021 -1.585237 -0.387344 0.962974 -0.414148 1.844764 3.600000
5.920806 1.979890 2.081136 -1.621685 -0.296054 0.923619 -0.461050 1.816311 3.650000
5.173733 1.941068 2.118885 -1.656245 -0.201391 0.879302 -0.505721 1.951747 3.700000
5.938147 1.457922 2.156936 -1.688758 -0.102539 0.821468 -0.547837 1.995984 3.750000
5.892225 1.646474 2.195133 -1.719181 -0.007221 0.770805 -0.582556 1.841584 3.800000
5.176376 1.279550 2.233547 -1.747574 0.085060 0.720274 -0.610972 1.847114 3.850000
5.599500 1.588584 2.271903 -1.773971 0.173429 0.665409 -0.632919 1.706293 3.900000
4.915948 1.700983 2.310088 -1.798429 0.260087 0.615930 -0.650015 1.749450 3.950000
5.239137 2.148711 2.347950 -1.820998 0.348811 0.558516 -0.664036 1.787987 4.000000
4.431592 2.367130 2.385298 -1.841733 0.442794 0.500155 -0.675874 1.940636 4.050000
4.687188 2.063343 2.421886 -1.860745 0.543112 0.429514 -0.685035 2.046480 4.100000
5.132620 1.688623 2.457527 -1.878182 0.642723 0.363890 -0.688763 1.946459 4.150000
5.350003 2.159312 2.492414 -1.894015 0.734433 0.312296 -0.686285 1.747130 4.200000
5.204992 2.317522 2.526734 -1.908164 0.823953 0.267305 -0.680336 1.816701 4.250000
5.179913 2.495181 2.560453 -1.920658 0.916665 0.220660 -0.672240 1.876048 4.300000
5.247696 2.404107 2.593487 -1.931578 1.012414 0.174012 -0.661793 1.937800 4.350000
6.000000 2.306625 2.625801 -1.940956 1.108511 0.131010 -0.648704 1.905747 4.400000
5.431313 2.657661 2.657460 -1.948618 1.202021 0.100740 -0.633383 1.841145 4.450000
6.000000 2.674639 2.688439 -1.954524 1.296673 0.067394 -0.616602 1.926984 4.500000
5.782066 2.607190 2.718651 -1.958704 1.393802 0.040792 -0.598511 1.951067 4.550000
5.273299 2.629231 2.748035 -1.961099 1.490653 0.015837 -0.579292 1.924533 4.600000
5.629763 2.313740 2.776486 -1.961883 1.586583 -0.009620 -0.559044 1.912008 4.650000
5.492242 1.945824 2.803917 -1.961086 1.678584 -0.025222 -0.538173 1.786607 4.700000
6.000000 2.178147 2.830228 -1.958618 1.762576 -0.033207 -0.517458 1.601079 4.750000
5.150220 1.943174 2.855285 -1.954374 1.842958 -0.031378 -0.497433 1.612699 4.800000
5.170242 1.468609 2.879001 -1.948478 1.921249 -0.034000 -0.478149 1.531101 4.850000
5.132026 1.579443 2.901321 -1.941147 1.991815 -0.029441 -0.459780 1.322243 4.900000
5.326516 1.333814 2.922139 -1.932396 2.056675 -0.020225 -0.442549 1.279064 4.950000
5.474406 1.729366 2.941349 -1.922250 2.117539 -0.005738 -0.426518 1.171524 5.000000
5.081075 1.396108 2.958834 -1.910719 2.179186 0.010407 -0.411762 1.280552 5.050000
4.983278 1.831934 2.974575 -1.897975 2.241051 0.023359 -0.398150 1.205357 5.100000
5.067626 2.112658 2.988587 -1.884215 2.305184 0.034807 -0.385641 1.341659 5.150000
5.612358 2.590041 3.000849 -1.869586 2.376977 0.043708 -0.374261 1.506651 5.200000
4.946807 2.262828 3.011248 -1.854156 2.459336 0.053107 -0.364135 1.750918 5.250000
4.501785 2.235525 3.019800 -1.838130 2.546228 0.054843 -0.354827 1.728296 5.300000
4.292831 2.332327 3.026682 -1.821802 2.632099 0.053936 -0.345837 1.709338 5.350000
3.407445 2.362673 3.031998 -1.805369 2.718352 0.051973 -0.337100 1.736388 5.400000
2.421121 2.773384 3.035980 -1.789047 2.805754 0.042355 -0.328351 1.755949 5.450000
1.987268 2.886991 3.039052 -1.773066 2.897969 0.022878 -0.319122 1.907256 5.500000
2.949762 2.787117 3.041568 -1.757552 2.996032 -0.001173 -0.308826 1.998807 5.550000
2.743664 2.818175 3.043423 -1.742498 3.095823 -0.014654 -0.297573 1.993055 5.600000
3.654966 2.929002 3.044443 -1.727909 -3.087512 -0.028013 -0.285763 1.999256 5.650000
3.141934 2.982309 3.044467 -1.713847 -2.986378 -0.031273 -0.273758 2.039335 5.700000
3.854439 2.666757 3.043431 -1.700388 -2.883458 -0.038187 -0.261763 2.071784 5.750000
4.786823 3.000000 3.041323 -1.687639 -2.782772 -0.035790 -0.250074 1.972350 5.800000
5.139192 2.563885 3.037823 -1.675837 -2.681744 -0.023397 -0.239345 2.055567 5.850000
4.237815 2.963712 3.032763 -1.665243 -2.582512 -0.006251 -0.230050 1.934457 5.900000
3.442676 3.000000 3.026378 -1.655932 -2.482906 0.002919 -0.222035 2.033769 5.950000
3.126783 3.000000 3.019131 -1.647773 -2.379776 0.004346 -0.214676 2.083192 6.000000
3.694882 3.000000 3.011332 -1.640664 -2.275099 0.003347 -0.207589 2.100855 6.050000
3.965300 2.747350 3.003044 -1.634707 -2.169867 0.008493 -0.200909 2.107497 6.100000
3.820571 2.333030 2.994270 -1.630109 -2.066989 0.017492 -0.194963 2.022226 6.150000
3.104995 1.851474 2.985128 -1.626951 -1.971024 0.027382 -0.189797 1.845470 6.200000
3.216151 1.735237 2.975824 -1.625094 -1.885685 0.033582 -0.185127 1.605537 6.250000
3.027011 1.351427 2.966506 -1.624443 -1.809348 0.043326 -0.180868 1.468614 6.300000
2.312635 1.753744 2.957263 -1.624990 -1.741601 0.053446 -0.176997 1.269902 6.350000
2.340229 1.744772 2.948206 -1.626529 -1.676160 0.057426 -0.173529 1.338198 6.400000
3.315174 1.955127 2.939420 -1.628873 -1.608513 0.061290 -0.170454 1.364092 6.450000
4.247569 2.348432 2.930958 -1.632227 -1.537727 0.073603 -0.168037 1.454599 6.500000
4.222462 2.614681 2.922917 -1.636978 -1.459712 0.092649 -0.166939 1.638972 6.550000
3.529147 2.887610 2.915443 -1.643242 -1.372815 0.108760 -0.167492 1.810626 6.600000
2.835029 3.000000 2.908645 -1.650736 -1.277519 0.115754 -0.169407 1.974836 6.650000
3.243466 2.855928 2.902553 -1.659029 -1.175850 0.114268 -0.171954 2.075192 6.700000
4.186605 3.000000 2.897230 -1.667958 -1.072509 0.115891 -0.174548 2.060956 6.750000
4.203863 2.590592 2.892896 -1.677704 -0.968114 0.125577 -0.177569 2.107389 6.800000
3.444481 2.778476 2.889754 -1.688324 -0.866423 0.135260 -0.180935 1.981656 6.850000
4.373768 2.415486 2.887771 -1.699547 -0.766711 0.137528 -0.184437 2.003377 6.900000
3.451135 2.426449 2.887038 -1.711256 -0.670029 0.148638 -0.187972 1.883895 6.950000
4.360799 2.535130 2.887588 -1.723331 -0.576982 0.151218 -0.191473 1.844487 7.000000
5.120755 2.301014 2.889451 -1.735622 -0.484030 0.161719 -0.195287 1.869977 7.050000
5.043432 2.248131 2.892977 -1.748164 -0.392633 0.178780 -0.199681 1.798126 7.100000
4.344617 1.802821 2.898309 -1.760839 -0.304003 0.194643 -0.204630 1.754681 7.150000
3.790218 1.667484 2.905260 -1.773415 -0.221366 0.204498 -0.209348 1.578387 7.200000
4.175203 1.222421 2.913529 -1.785691 -0.145859 0.210374 -0.213317 1.459810 7.250000
3.991384 1.391599 2.923059 -1.797566 -0.078984 0.221753 -0.216272 1.246099 7.300000
3.377348 1.724638 2.933874 -1.808970 -0.017405 0.232291 -0.218809 1.221076 7.350000
3.375563 1.824485 2.945736 -1.819816 0.046976 0.235639 -0.222042 1.338031 7.400000
3.523201 1.343526 2.958429 -1.830017 0.116385 0.236998 -0.226113 1.425963 7.450000
3.449196 1.155646 2.971920 -1.839499 0.183606 0.239990 -0.229757 1.283420 7.500000
3.966361 1.213820 2.986193 -1.848215 0.244041 0.244018 -0.232272 1.152258 7.550000
4.831217 1.198259 3.001314 -1.856097 0.300690 0.253700 -0.234332 1.118713 7.600000
4.181864 1.313913 3.017534 -1.863001 0.356097 0.271264 -0.236642 1.100838 7.650000
4.979378 1.720490 3.034812 -1.868852 0.412244 0.281675 -0.239573 1.140359 7.700000
4.777876 1.891356 3.053068 -1.873566 0.474233 0.296887 -0.244141 1.315875 7.750000
4.733503 2.190412 3.072275 -1.877010 0.544073 0.306533 -0.250779 1.458073 7.800000
4.011573 2.355922 3.092207 -1.879139 0.621903 0.311913 -0.259322 1.630106 7.850000
3.080086 2.236687 3.112537 -1.880001 0.707165 0.306749 -0.269199 1.760513 7.900000
2.883744 2.007874 3.132812 -1.879817 0.795406 0.290915 -0.278706 1.767684 7.950000
2.783950 2.024853 3.152758 -1.878773 0.881442 0.273698 -0.286388 1.685982 8.000000
3.021281 1.640591 3.172294 -1.876937 0.964950 0.256431 -0.292268 1.658024 8.050000
3.344397 1.993761 3.191413 -1.874294 1.043427 0.243499 -0.296136 1.503701 8.100000
3.383656 1.925689 3.210160 -1.870737 1.120529 0.234266 -0.299034 1.570093 8.150000
2.545357 1.961914 3.228511 -1.866216 1.199045 0.224902 -0.301543 1.570137 8.200000
3.345255 1.959632 3.246338 -1.860930 1.277879 0.207757 -0.303269 1.580743 8.250000
3.053224 2.368131 3.263587 -1.854910 1.356951 0.198469 -0.304227 1.581529 8.300000
2.080180 2.291908 3.280242 -1.848077 1.440290 0.184967 -0.305104 1.728718 8.350000
2.952711 2.546248 3.296206 -1.840785 1.527493 0.161286 -0.305306 1.754085 8.400000
3.215217 2.553961 3.311445 -1.833094 1.618033 0.145274 -0.304642 1.851196 8.450000
4.093040 2.816725 3.325933 -1.824791 1.711659 0.131167 -0.303329 1.887225 8.500000
4.047640 3.000000 3.339584 -1.815669 1.809075 0.124392 -0.301722 1.991855 8.550000
3.190901 2.937608 3.352291 -1.805627 1.911625 0.115576 -0.300069 2.092747 8.600000
2.639286 2.476674 3.364052 -1.794963 2.016614 0.098422 -0.297696 2.103942 8.650000
2.631177 2.552137 3.374955 -1.784031 2.117108 0.079042 -0.293742 1.941627 8.700000
2.527704 2.533671 3.385039 -1.772951 2.213147 0.062706 -0.288435 1.904954 8.750000
2.665526 2.536234 3.394303 -1.761757 2.307727 0.047340 -0.282174 1.881239 8.800000
3.179323 2.334563 3.402727 -1.750468 2.401490 0.034990 -0.275178 1.870330 8.850000
3.836467 2.692404 3.410177 -1.739010 2.492746 0.029716 -0.267779 1.792089 8.900000
3.515180 2.593336 3.416409 -1.727273 2.585204 0.031224 -0.260564 1.890492 8.950000
3.989762 2.716868 3.421345 -1.715312 2.679769 0.029839 -0.253641 1.891784 9.000000
3.154033 2.989566 3.424935 -1.703226 2.775651 0.033336 -0.247069 1.936400 9.050000
3.567548 3.000000 3.427262 -1.691158 2.875758 0.028369 -0.240771 2.048972 9.100000
3.241407 3.000000 3.428435 -1.679258 2.979485 0.027120 -0.234539 2.092669 9.150000
3.663353 2.803661 3.428454 -1.667621 3.084563 0.023331 -0.228360 2.107703 9.200000
3.580979 2.812222 3.427313 -1.656356 -3.095098 0.024955 -0.222283 2.044026 9.250000
4.575190 2.650461 3.424958 -1.645571 -2.993473 0.027145 -0.216530 2.024324 9.300000
5.242160 2.681908 3.421220 -1.635422 -2.894107 0.039899 -0.211464 1.961192 9.350000
5.031690 3.000000 3.415792 -1.626143 -2.796346 0.059427 -0.207671 1.951579 9.400000
5.857268 2.973146 3.408697 -1.617931 -2.695534 0.075808 -0.205425 2.062973 9.450000
5.876238 2.941181 3.399977 -1.611023 -2.591428 0.098525 -0.204860 2.096487 9.500000
6.000000 3.000000 3.389658 -1.605679 -2.486508 0.120287 -0.206025 2.100472 9.550000
5.159786 3.000000 3.377945 -1.602079 -2.380767 0.141855 -0.208850 2.125770 9.600000
5.816140 2.744474 3.365207 -1.600231 -2.274152 0.154042 -0.212935 2.137434 9.650000
5.806658 2.928228 3.351718 -1.600199 -2.169710 0.171855 -0.217753 2.054986 9.700000
5.886376 2.544774 3.337621 -1.602163 -2.065866 0.188315 -0.223621 2.093229 9.750000
6.000000 2.802775 3.323168 -1.606169 -1.964660 0.204824 -0.230108 1.975512 9.800000
5.651351 2.486259 3.308587 -1.612267 -1.864393 0.221098 -0.237436 2.027551 9.850000
5.200031 2.178151 3.294145 -1.620370 -1.765642 0.232969 -0.245244 1.938085 9.900000
5.736498 2.208397 3.280096 -1.630256 -1.672822 0.241176 -0.252473 1.797899 9.950000
5.949152 1.712194 3.266617 -1.641895 -1.584080 0.254568 -0.259457 1.758873 10.000000
5.409607 2.021227 3.253870 -1.655393 -1.501687 0.270861 -0.265921 1.567303 10.050000
5.210568 1.797256 3.242001 -1.670594 -1.422157 0.281822 -0.272428 1.608522 10.100000
5.123047 1.366795 3.231137 -1.687217 -1.343550 0.290142 -0.279049 1.545933 10.150000
4.536992 1.672787 3.221376 -1.705104 -1.271487 0.299174 -0.284531 1.363876 10.200000
5.216929 1.597417 3.212754 -1.724032 -1.202126 0.302940 -0.289597 1.405144 10.250000
5.599237 1.987649 3.205362 -1.743912 -1.132126 0.312133 -0.294940 1.396849 10.300000
4.747129 2.243328 3.199378 -1.764844 -1.058140 0.322341 -0.301503 1.542186 10.350000
4.724732 2.708864 3.194824 -1.786551 -0.976577 0.320356 -0.309781 1.697098 10.400000
3.773933 2.617404 3.191657 -1.808659 -0.885088 0.313007 -0.319743 1.926135 10.450000
4.371551 2.921504 3.189757 -1.830796 -0.787260 0.293092 -0.329802 1.977850 10.500000
4.622760 2.706153 3.189073 -1.852753 -0.684741 0.276102 -0.339180 2.101655 10.550000
4.850691 3.000000 3.189732 -1.874524 -0.580619 0.260157 -0.347309 2.068258 10.600000
5.222117 3.000000 3.191810 -1.896044 -0.474601 0.244985 -0.354351 2.156763 10.650000
4.901525 2.537331 3.195395 -1.917224 -0.365904 0.231615 -0.360512 2.185550 10.700000
4.432285 2.820243 3.200463 -1.937929 -0.261114 0.216944 -0.364717 2.031326 10.750000
4.002185 3.000000 3.206819 -1.957998 -0.158340 0.198999 -0.367278 2.071752 10.800000
4.485990 3.000000 3.214200 -1.977290 -0.052602 0.176001 -0.368644 2.144020 10.850000
3.544396 3.000000 3.222549 -1.995717 0.055226 0.157248 -0.368633 2.164324 10.900000
3.479029 2.852721 3.231694 -2.013223 0.163517 0.130355 -0.366909 2.165308 10.950000
3.337910 3.000000 3.241359 -2.029792 0.270133 0.105119 -0.363089 2.107408 11.000000
3.752232 2.974549 3.251472 -2.045413 0.376258 0.080450 -0.357485 2.131724 11.050000
3.076554 3.000000 3.262055 -2.060037 0.482702 0.061324 -0.350440 2.125738 11.100000
2.306236 2.902757 3.273017 -2.073671 0.589062 0.037788 -0.342024 2.126888 11.150000
1.873148 3.000000 3.284049 -2.086476 0.694280 0.009826 -0.331930 2.086832 11.200000
1.190070 2.561768 3.294942 -2.098622 0.799048 -0.019358 -0.320057 2.099934 11.250000
0.759396 2.929683 3.305550 -2.110298 0.899535 -0.050178 -0.306465 1.943793 11.300000
1.303203 2.910340 3.315782 -2.121695 0.998718 -0.081355 -0.291202 2.010925 11.350000
1.097778 2.467469 3.325721 -2.132796 1.099668 -0.104821 -0.274431 2.023998 11.400000
1.347265 2.530395 3.335474 -2.143519 1.196371 -0.125441 -0.257010 1.868836 11.450000
1.595215 2.539353 3.345086 -2.153800 1.288749 -0.139212 -0.239433 1.831983 11.500000
1.913107 2.306297 3.354614 -2.163486 1.380033 -0.147613 -0.221856 1.821214 11.550000
1.450517 1.966177 3.364076 -2.172413 1.468566 -0.149807 -0.204840 1.734188 11.600000
1.680864 1.709623 3.373437 -2.180573 1.550765 -0.152559 -0.188944 1.577988 11.650000
2.497577 1.506402 3.382646 -2.187977 1.625188 -0.149465 -0.174450 1.422381 11.700000
2.019155 1.360553 3.391634 -2.194352 1.692348 -0.135877 -0.161642 1.284371 11.750000
2.054187 1.098379 3.400328 -2.199620 1.753377 -0.124871 -0.150440 1.172745 11.800000
1.611574 0.762398 3.408673 -2.203897 1.807826 -0.111801 -0.140702 1.025370 11.850000
0.941062 0.750632 3.416637 -2.207290 1.853561 -0.101069 -0.132423 0.829306 11.900000
0.623988 0.510331 3.424244 -2.210063 1.892336 -0.095283 -0.125190 0.733575 11.950000
1.522718 0.364150 3.431544 -2.212445 1.925050 -0.091305 -0.118745 0.591785 12.000000
1.690368 0.548047 3.438470 -2.214311 1.951045 -0.077807 -0.113128 0.462875 12.050000
1.907108 0.951565 3.444919 -2.215444 1.974487 -0.062691 -0.108104 0.473939 12.100000
1.148900 0.928621 3.450854 -2.215798 2.002948 -0.046693 -0.103325 0.645372 12.150000
1.116294 1.146276 3.456332 -2.215533 2.037360 -0.038975 -0.098761 0.722197 12.200000
0.583228 1.458078 3.461431 -2.214853 2.076957 -0.032318 -0.094399 0.846648 12.250000
1.107341 1.261595 3.466218 -2.213902 2.124396 -0.031612 -0.090111 1.027814 12.300000
1.254176 0.947820 3.470693 -2.212705 2.175975 -0.026284 -0.085983 1.034587 12.350000
1.554584 0.648809 3.474760 -2.211150 2.224358 -0.019152 -0.082274 0.916082 12.400000
2.169385 1.101780 3.478340 -2.209175 2.265316 -0.008458 -0.079070 0.743641 12.450000
3.100830 0.806248 3.481281 -2.206642 2.305252 0.007822 -0.076383 0.841998 12.500000
3.985837 0.935008 3.483333 -2.203334 2.345408 0.032259 -0.074361 0.773015 12.550000
4.257861 0.637509 3.484188 -2.199017 2.384603 0.064189 -0.073190 0.792825 12.600000
3.768488 0.305758 3.483643 -2.193596 2.421235 0.097738 -0.072812 0.685731 12.650000
4.288251 0.686401 3.481733 -2.187200 2.450367 0.126219 -0.072649 0.501078 12.700000
3.617587 0.226035 3.478460 -2.179900 2.477179 0.158669 -0.072916 0.564671 12.750000
4.102863 0.220516 3.473868 -2.171798 2.501131 0.183915 -0.073352 0.410791 12.800000
3.584754 0.495937 3.468013 -2.162976 2.519435 0.213247 -0.073446 0.330364 12.850000
4.195917 0.718668 3.460928 -2.153493 2.537974 0.236601 -0.073933 0.403713 12.900000
4.451144 0.582430 3.452618 -2.143404 2.561794 0.264159 -0.075692 0.535038 12.950000
3.738236 0.327076 3.442932 -2.132686 2.588910 0.292593 -0.078507 0.548624 13.000000
4.167816 0.774867 3.431988 -2.121471 2.613690 0.313442 -0.081185 0.453593 13.050000
3.216325 0.366353 3.419864 -2.109856 2.640150 0.337165 -0.084581 0.590064 13.100000
4.142000 0.725662 3.406692 -2.097976 2.667004 0.350944 -0.088285 0.495223 13.150000
3.721196 0.919207 3.392495 -2.085886 2.694548 0.372540 -0.092400 0.595797 13.200000
3.059931 0.817867 3.377191 -2.073615 2.727979 0.388423 -0.098340 0.726763 13.250000
3.370007 0.643257 3.361030 -2.061359 2.765036 0.396741 -0.105367 0.753039 13.300000
2.856310 0.252439 3.344109 -2.049216 2.801160 0.407396 -0.112130 0.699085 13.350000
1.908987 0.526195 3.326494 -2.037229 2.831048 0.413537 -0.117043 0.517783 13.400000
0.944591 0.134045 3.308527 -2.025503 2.857532 0.411011 -0.120838 0.539370 13.450000
0.254314 -0.352962 3.290644 -2.014166 2.880366 0.400126 -0.123316 0.390333 13.500000
0.356554 -0.439263 3.273205 -2.003271 2.892111 0.385090 -0.122397 0.107774 13.550000
0.500485 -0.713396 3.256314 -1.992764 2.892157 0.373546 -0.118238 -0.087990 13.600000
0.059394 -0.582311 3.239883 -1.982560 2.881511 0.365457 -0.111404 -0.315572 13.650000
0.000000 -0.306129 3.223956 -1.972612 2.863801 0.354509 -0.103067 -0.386114 13.700000
0.557604 -0.749889 3.208625 -1.962929 2.846557 0.343189 -0.095272 -0.312175 13.750000
1.487713 -0.496840 3.193759 -1.953472 2.826880 0.337610 -0.087257 -0.459655 13.800000
0.976595 -0.329158 3.179015 -1.944106 2.804605 0.340961 -0.078904 -0.434564 13.850000
1.802778 -0.817585 3.164306 -1.934793 2.785103 0.338915 -0.071501 -0.354607 13.900000
1.414469 -1.104482 3.149570 -1.925501 2.762908 0.344665 -0.063658 -0.515977 13.950000
0.682000 -0.616834 3.134729 -1.916151 2.731537 0.347043 -0.053756 -0.716271 14.000000
0.972544 -0.763561 3.120049 -1.906800 2.698375 0.342223 -0.043788 -0.621958 14.050000
0.480751 -0.667752 3.105629 -1.897490 2.666866 0.339776 -0.034645 -0.637227 14.100000
0.750036 -0.592489 3.091515 -1.888240 2.635814 0.332464 -0.026032 -0.608723 14.150000
0.785375 -0.799852 3.077749 -1.879076 2.606570 0.327544 -0.018272 -0.566395 14.200000
1.499865 -1.248858 3.064263 -1.869961 2.576455 0.322861 -0.010672 -0.631207 14.250000
2.353887 -0.986510 3.050921 -1.860782 2.538924 0.324718 -0.001639 -0.844840 14.300000
2.317345 -1.126790 3.037455 -1.851296 2.496680 0.333927 0.008338 -0.845454 14.350000
1.378850 -0.823840 3.023760 -1.841374 2.452785 0.341823 0.018636 -0.903703 14.400000
1.438086 -1.261170 3.010064 -1.831149 2.410124 0.340137 0.028374 -0.814468 14.450000
0.481349 -0.865882 2.996551 -1.820754 2.365681 0.338425 0.038169 -0.947194 14.500000
1.219046 -0.958998 2.983399 -1.810331 2.320891 0.327304 0.047502 -0.856318 14.550000
1.328202 -0.546642 2.970642 -1.799921 2.278198 0.323086 0.055789 -0.852353 14.600000
1.699611 -0.805926 2.958143 -1.789384 2.240177 0.319987 0.062607 -0.688665 14.650000
1.159487 -1.211951 2.945824 -1.778645 2.205029 0.320387 0.068506 -0.714537 14.700000
1.736507 -1.346487 2.933728 -1.767737 2.164392 0.314918 0.075387 -0.889754 14.750000
2.477547 -1.721834 2.921901 -1.756643 2.116071 0.313779 0.083661 -1.026067 14.800000
2.902928 -1.872344 2.910239 -1.745099 2.058873 0.317902 0.093712 -1.234460 14.850000
3.300966 -1.584239 2.898708 -1.732874 1.992884 0.323777 0.105632 -1.384713 14.900000
3.458635 -1.798256 2.887334 -1.719813 1.924848 0.331727 0.117933 -1.343490 14.950000
3.412168 -2.059400 2.876168 -1.705824 1.855791 0.339512 0.130446 -1.410207 15.000000
4.027758 -1.774653 2.865316 -1.690926 1.781615 0.344385 0.144093 -1.538895 15.050000
4.872821 -1.365692 2.854880 -1.675041 1.706094 0.353129 0.157948 -1.490272 15.100000
4.746904 -1.693189 2.844910 -1.657887 1.636402 0.369320 0.170477 -1.322829 15.150000
5.433371 -1.219938 2.835490 -1.639361 1.568637 0.382983 0.182826 -1.380840 15.200000
5.128092 -1.409163 2.826749 -1.619414 1.503850 0.402126 0.194676 -1.232914 15.250000
4.698824 -1.515551 2.818787 -1.598039 1.441834 0.417397 0.206121 -1.247192 15.300000
4.207042 -1.911180 2.811699 -1.575507 1.378025 0.426566 0.218250 -1.299219 15.350000
4.315180 -2.373876 2.805552 -1.552148 1.308075 0.427811 0.232073 -1.474650 15.400000
4.375283 -1.959376 2.800443 -1.528198 1.227272 0.425041 0.248682 -1.721270 15.450000
4.725423 -2.157601 2.796481 -1.503785 1.142663 0.419789 0.265589 -1.671799 15.500000
4.351600 -2.341210 2.793762 -1.478951 1.057456 0.415883 0.281817 -1.728716 15.550000
4.587198 -2.349997 2.792327 -1.453849 0.968385 0.405271 0.298163 -1.820320 15.600000
4.121175 -1.975017 2.792196 -1.428669 0.876215 0.394045 0.314116 -1.860596 15.650000
3.389769 -2.023139 2.793343 -1.403586 0.786619 0.378211 0.327885 -1.742010 15.700000
3.832221 -1.970594 2.795566 -1.378877 0.700355 0.356208 0.339093 -1.712556 15.750000
3.551697 -1.622710 2.798798 -1.354652 0.615659 0.338730 0.348301 -1.679830 15.800000
3.610136 -1.794089 2.803047 -1.330928 0.535759 0.320716 0.354973 -1.537006 15.850000
3.187853 -1.767042 2.808261 -1.307761 0.458809 0.304762 0.359797 -1.539793 15.900000
4.122996 -1.574240 2.814338 -1.285230 0.382158 0.285222 0.363410 -1.527064 15.950000
4.947641 -1.519290 2.821373 -1.263334 0.308077 0.276106 0.365593 -1.447388 16.000000
4.513533 -1.980186 2.829744 -1.241986 0.237254 0.276449 0.366830 -1.393417 16.050000
3.829240 -1.880879 2.839502 -1.221245 0.163312 0.271053 0.368528 -1.542156 16.100000
3.112480 -2.275131 2.850315 -1.201272 0.085572 0.257438 0.370360 -1.563414 16.150000
2.225683 -1.944058 2.861793 -1.182176 0.003094 0.235134 0.371970 -1.711573 16.200000
2.646424 -1.447337 2.873493 -1.164001 -0.080526 0.204787 0.372135 -1.641867 16.250000
2.828788 -1.017346 2.885311 -1.146727 -0.156406 0.183542 0.369679 -1.424148 16.300000
2.705304 -1.038218 2.897446 -1.130346 -0.220307 0.171138 0.364887 -1.166843 16.350000
2.616632 -1.260376 2.909969 -1.114855 -0.275612 0.162741 0.358784 -1.059019 16.400000
2.420642 -1.682896 2.922845 -1.100247 -0.329559 0.154960 0.352437 -1.093578 16.450000
2.616322 -2.016731 2.935973 -1.086509 -0.389196 0.143411 0.346558 -1.267301 16.500000
2.645414 -1.571399 2.949279 -1.073642 -0.458193 0.130216 0.341276 -1.463497 16.550000
3.546916 -1.935620 2.962743 -1.061666 -0.528858 0.117542 0.335672 -1.374959 16.600000
3.583676 -1.582334 2.976531 -1.050704 -0.600388 0.113879 0.329946 -1.471836 16.650000
3.388145 -1.088172 2.990768 -1.040891 -0.671327 0.111515 0.324205 -1.378913 16.700000
3.298332 -1.080772 3.005388 -1.032242 -0.733825 0.111668 0.317929 -1.152345 16.750000
3.623344 -1.398713 3.020331 -1.024757 -0.788544 0.114834 0.311335 -1.050098 16.800000
3.402939 -1.754099 3.035599 -1.018499 -0.843240 0.121381 0.305181 -1.127666 16.850000
2.550541 -1.935508 3.051126 -1.013482 -0.904467 0.123376 0.299986 -1.297927 16.900000
2.592439 -2.046371 3.066653 -1.009489 -0.973363 0.114686 0.295470 -1.437379 16.950000
2.033628 -2.545838 3.081992 -1.006343 -1.048013 0.104846 0.291106 -1.533809 17.000000
2.137407 -2.190409 3.097027 -1.003910 -1.131026 0.087355 0.286742 -1.752214 17.050000
1.250332 -2.325116 3.111662 -1.002055 -1.217281 0.070773 0.281693 -1.704483 17.100000
0.365875 -2.295046 3.125836 -1.000598 -1.303286 0.047315 0.275581 -1.730390 17.150000
0.000000 -1.937667 3.139455 -0.999132 -1.389655 0.017174 0.268046 -1.723856 17.200000
0.000000 -2.369728 3.152526 -0.997385 -1.471886 -0.012791 0.258921 -1.585128 17.250000
0.014322 -2.489498 3.165122 -0.995310 -1.553996 -0.040504 0.248430 -1.683060 17.300000
0.000000 -2.018342 3.177325 -0.992927 -1.640408 -0.067214 0.236548 -1.760314 17.350000
0.333055 -1.574744 3.189210 -0.990266 -1.724264 -0.090805 0.223679 -1.615441 17.400000
0.779144 -1.124612 3.200815 -0.987476 -1.798628 -0.106153 0.210766 -1.391708 17.450000
0.431224 -0.953509 3.212111 -0.984811 -1.860692 -0.112107 0.198696 -1.127500 17.500000
0.569957 -1.353647 3.223076 -0.982349 -1.911904 -0.117265 0.187694 -0.944856 17.550000
0.846846 -1.082692 3.233711 -0.980074 -1.961202 -0.119719 0.177101 -1.017788 17.600000
0.789008 -1.538439 3.243984 -0.978079 -2.010074 -0.118713 0.166885 -0.946543 17.650000
0.247241 -1.992609 3.253872 -0.976411 -2.061510 -0.118175 0.156838 -1.092111 17.700000
0.000000 -2.169111 3.263456 -0.974930 -2.122905 -0.124012 0.146177 -1.330903 17.750000
0.781586 -1.998788 3.272864 -0.973473 -2.194246 -0.132892 0.134648 -1.498473 17.800000
1.293232 -2.244405 3.282040 -0.972158 -2.269345 -0.133699 0.122915 -1.504805 17.850000
1.341546 -1.752598 3.290792 -0.971228 -2.347292 -0.128993 0.111429 -1.599331 17.900000
2.127278 -1.506289 3.299009 -0.970763 -2.423177 -0.122556 0.100823 -1.457465 17.950000
3.095059 -1.317765 3.306498 -0.970857 -2.491788 -0.107107 0.091769 -1.308741 18.000000
2.162357 -1.194768 3.312892 -0.971697 -2.553439 -0.081665 0.084495 -1.176158 18.050000
2.767745 -1.591629 3.318156 -0.973203 -2.609306 -0.064672 0.078706 -1.072694 18.100000
2.288128 -1.958089 3.322334 -0.975243 -2.665994 -0.042376 0.073883 -1.180678 18.150000
3.169126 -2.182981 3.325410 -0.977749 -2.730360 -0.025780 0.069826 -1.368019 18.200000
2.500722 -2.300578 3.327301 -0.980660 -2.803444 -0.002106 0.066750 -1.531697 18.250000
3.479319 -2.761675 3.327976 -0.983883 -2.883205 0.014124 0.064838 -1.642247 18.300000
3.815663 -2.603362 3.327376 -0.987301 -2.971431 0.038241 0.064314 -1.853859 18.350000
3.504687 -2.532819 3.325230 -0.990821 -3.064834 0.064085 0.065552 -1.878573 18.400000
3.505501 -3.000000 3.321580 -0.994263 3.124859 0.085801 0.068331 -1.863826 18.450000
3.924746 -3.000000 3.316563 -0.997453 3.026964 0.105828 0.072725 -2.025744 18.500000
4.156944 -3.000000 3.310172 -1.000207 2.923926 0.127768 0.078856 -2.086098 18.550000
4.274382 -3.000000 3.302376 -1.002322 2.818949 0.149847 0.086583 -2.109561 18.600000
4.187002 -3.000000 3.293242 -1.003603 2.713177 0.170872 0.095749 -2.120128 18.650000
3.289039 -2.668575 3.282933 -1.003894 2.607006 0.188822 0.106120 -2.126362 18.700000
3.335500 -3.000000 3.271822 -1.003193 2.503961 0.196700 0.116667 -2.014698 18.750000
2.806700 -2.902782 3.260222 -1.001535 2.400951 0.203228 0.127392 -2.093080 18.800000
3.713073 -2.875158 3.248365 -0.998957 2.296432 0.202817 0.138181 -2.088817 18.850000
4.693737 -2.821488 3.236330 -0.995367 2.192277 0.209406 0.148776 -2.079507 18.900000
5.000340 -2.590246 3.224005 -0.990400 2.088889 0.223502 0.159656 -2.060101 18.950000
5.108589 -2.558214 3.211427 -0.983792 1.988387 0.239006 0.170766 -1.975071 19.000000
5.836491 -2.378804 3.198764 -0.975462 1.890784 0.254079 0.182082 -1.936393 19.050000
5.634094 -2.285470 3.186172 -0.965251 1.796138 0.274566 0.193679 -1.862639 19.100000
4.941824 -2.297395 3.173836 -0.953094 1.704668 0.291726 0.205503 -1.806392 19.150000
5.024167 -2.754027 3.161996 -0.939272 1.614742 0.300751 0.217446 -1.793661 19.200000
5.635738 -3.000000 3.150852 -0.924023 1.520363 0.307317 0.230460 -1.956233 19.250000
6.000000 -3.000000 3.140605 -0.907328 1.418180 0.315021 0.245233 -2.107075 19.300000
5.442905 -2.708454 3.131484 -0.889139 1.311147 0.322024 0.261113 -2.165549 19.350000
5.435077 -2.389495 3.123654 -0.869687 1.205147 0.321694 0.276427 -2.088443 19.400000
5.851332 -2.658048 3.117205 -0.849260 1.104730 0.321382 0.289887 -1.951704 19.450000
6.000000 -2.811678 3.112276 -0.827921 1.005758 0.323748 0.302641 -2.000077 19.500000
5.300431 -3.000000 3.109029 -0.805760 0.903587 0.324329 0.315792 -2.075051 19.550000
4.986097 -2.987357 3.107454 -0.783110 0.797076 0.314663 0.329130 -2.169505 19.600000
5.607407 -2.960450 3.107425 -0.760369 0.687757 0.299320 0.341648 -2.198104 19.650000
5.040756 -3.000000 3.109006 -0.737677 0.577848 0.288329 0.352816 -2.198133 19.700000
5.373136 -2.878070 3.112186 -0.715197 0.467570 0.270773 0.362539 -2.210257 19.750000
5.668283 -2.500095 3.116896 -0.693124 0.358228 0.256144 0.370468 -2.169795 19.800000
5.695618 -2.070749 3.123246 -0.671542 0.254059 0.246436 0.376222 -2.021537 19.850000
5.572635 -1.912722 3.131300 -0.650554 0.159006 0.241379 0.379631 -1.814063 19.900000
5.482270 -1.446606 3.141037 -0.630280 0.072236 0.239317 0.381270 -1.677932 19.950000
4.599719 -1.479533 3.152396 -0.610834 -0.005207 0.241213 0.381237 -1.453488 20.000000
4.415775 -1.451690 3.165142 -0.592307 -0.075601 0.238530 0.380000 -1.373579 20.050000
4.876837 -1.587553 3.178994 -0.574762 -0.143004 0.235923 0.378175 -1.328654 20.100000
5.467835 -1.495441 3.193968 -0.558277 -0.210344 0.237895 0.376400 -1.360496 20.150000
4.985343 -1.616033 3.210226 -0.542977 -0.277785 0.245378 0.374927 -1.340445 20.200000
5.346657 -1.193133 3.227703 -0.528947 -0.345888 0.247866 0.373870 -1.378388 20.250000
5.602317 -0.801047 3.246277 -0.516261 -0.410745 0.255366 0.372486 -1.236288 20.300000
5.694484 -0.477087 3.266032 -0.505039 -0.466617 0.269629 0.369964 -1.027424 20.350000
5.801355 -0.903346 3.287013 -0.495376 -0.511852 0.289722 0.366096 -0.810544 20.400000
5.640600 -0.554011 3.309215 -0.487336 -0.554360 0.311586 0.362504 -0.882175 20.450000
5.882905 -0.895242 3.332523 -0.480947 -0.595659 0.331878 0.359373 -0.783171 20.500000
6.000000 -0.800405 3.356860 -0.476248 -0.637407 0.353547 0.357112 -0.876505 20.550000
5.836759 -0.811651 3.382165 -0.473313 -0.681540 0.374384 0.356169 -0.888600 20.600000
5.114067 -0.521189 3.408303 -0.472157 -0.726372 0.392568 0.356064 -0.903947 20.650000
5.565212 -0.840907 3.435007 -0.472658 -0.768650 0.404560 0.355702 -0.800744 20.700000
5.589504 -0.643386 3.462156 -0.474786 -0.810950 0.420252 0.355802 -0.882187 20.750000
5.555547 -0.453852 3.489716 -0.478620 -0.854047 0.435131 0.356585 -0.847119 20.800000
6.000000 -0.210553 3.517598 -0.484161 -0.893932 0.450613 0.356785 -0.759963 20.850000
6.000000 0.273738 3.545804 -0.491481 -0.928147 0.472348 0.355635 -0.625859 20.900000
6.000000 -0.159059 3.574378 -0.500656 -0.952239 0.498156 0.351585 -0.367754 20.950000
5.361066 -0.458687 3.603325 -0.511669 -0.971992 0.525099 0.346601 -0.418218 21.000000
5.096877 -0.338251 3.632481 -0.524355 -0.997144 0.542591 0.344173 -0.571623 21.050000
4.656995 -0.833669 3.661612 -0.538501 -1.026601 0.554962 0.343764 -0.603718 21.100000
4.408830 -0.562790 3.690528 -0.553937 -1.062853 0.559533 0.346266 -0.820962 21.150000
3.624780 -0.624349 3.719020 -0.570488 -1.103859 0.559211 0.350600 -0.819836 21.200000
4.490145 -0.178953 3.746909 -0.587917 -1.145538 0.551068 0.354923 -0.844227 21.250000
4.144270 0.088090 3.774171 -0.606229 -1.183131 0.553067 0.357374 -0.679743 21.300000
5.064146 0.269278 3.800887 -0.625537 -1.211892 0.555997 0.356314 -0.492187 21.350000
5.724517 -0.166647 3.827156 -0.645975 -1.231816 0.571669 0.351933 -0.323509 21.400000
6.000000 -0.283176 3.853130 -0.667881 -1.250605 0.593468 0.347541 -0.418838 21.450000
5.690392 -0.109633 3.878811 -0.691407 -1.274349 0.614677 0.345726 -0.520815 21.500000
6.000000 -0.047130 3.904105 -0.716481 -1.299975 0.631295 0.345113 -0.506776 21.550000
5.514595 0.050650 3.928958 -0.743059 -1.324509 0.650621 0.344348 -0.478845 21.600000
5.174848 -0.079271 3.953327 -0.771060 -1.347039 0.665602 0.342968 -0.428623 21.650000
5.139873 0.061971 3.977141 -0.800259 -1.369297 0.676968 0.341729 -0.458951 21.700000
5.373302 -0.127654 4.000347 -0.830529 -1.391125 0.687768 0.340492 -0.419054 21.750000
6.000000 0.050348 4.022930 -0.861884 -1.413722 0.699948 0.339871 -0.478972 21.800000
5.191844 -0.278163 4.044875 -0.894477 -1.436587 0.717315 0.339631 -0.440867 21.850000
4.952608 -0.353966 4.066139 -0.928217 -1.461904 0.725310 0.340888 -0.559267 21.900000
4.043062 -0.364574 4.086609 -0.962796 -1.492453 0.728236 0.344902 -0.652667 21.950000
3.251437 -0.314906 4.106186 -0.997888 -1.526546 0.720745 0.350544 -0.705125 22.000000
3.425586 -0.322542 4.124803 -1.033056 -1.561968 0.705336 0.356377 -0.710836 22.050000
3.585406 -0.068637 4.142444 -1.068142 -1.597652 0.691798 0.361766 -0.715719 22.100000
2.786799 0.409811 4.159116 -1.103223 -1.630639 0.681423 0.365331 -0.615301 22.150000
2.008749 0.463946 4.174877 -1.138182 -1.654543 0.668505 0.364121 -0.367277 22.200000
1.638129 0.079309 4.189857 -1.172732 -1.668569 0.653846 0.358078 -0.208473 22.250000
1.026896 0.362781 4.204150 -1.206675 -1.680893 0.637299 0.351322 -0.275725 22.300000
1.205507 -0.013534 4.217800 -1.239807 -1.692209 0.616367 0.344188 -0.184001 22.350000
1.518403 0.326062 4.230850 -1.272079 -1.704180 0.597766 0.337436 -0.282849 22.400000
0.565164 0.236713 4.243292 -1.303626 -1.715696 0.583156 0.330585 -0.185959 22.450000
0.736918 0.442878 4.255186 -1.334352 -1.724388 0.561670 0.322682 -0.161992 22.500000
1.138296 0.874074 4.266595 -1.364131 -1.729521 0.544293 0.313535 -0.052007 22.550000
1.602981 1.109333 4.277554 -1.393179 -1.725196 0.535355 0.301024 0.202301 22.600000
1.628276 1.242451 4.288123 -1.421801 -1.708369 0.535946 0.284193 0.446701 22.650000
2.441237 1.138000 4.298388 -1.450193 -1.680838 0.540283 0.263825 0.635021 22.700000
2.624903 1.188799 4.308420 -1.478595 -1.647478 0.553180 0.241734 0.694090 22.750000
1.759337 1.669245 4.318275 -1.507237 -1.611236 0.567134 0.218948 0.750613 22.800000
2.599570 2.073718 4.328049 -1.535943 -1.567411 0.573417 0.193608 0.976582 22.850000
2.848719 1.646505 4.337884 -1.564710 -1.510989 0.588630 0.163585 1.246763 22.900000
3.137165 2.050373 4.347939 -1.593757 -1.449647 0.604152 0.131909 1.214476 22.950000
3.825978 2.523364 4.358326 -1.623125 -1.384670 0.619597 0.099048 1.366625 23.000000
4.786621 3.000000 4.369231 -1.652931 -1.309137 0.638851 0.061754 1.621127 23.050000
5.037006 3.000000 4.380956 -1.683386 -1.219766 0.662825 0.018123 1.912736 23.100000
6.000000 2.702258 4.393813 -1.714506 -1.120472 0.682481 -0.030170 2.043495 23.150000
6.000000 2.286678 4.408083 -1.746241 -1.019429 0.703592 -0.079111 2.010214 23.200000
6.000000 2.257741 4.423946 -1.778485 -0.922996 0.717959 -0.125298 1.875395 23.250000
5.029713 2.215234 4.441419 -1.810966 -0.830446 0.726656 -0.168695 1.838508 23.300000
4.087012 1.800258 4.460348 -1.843261 -0.738863 0.720929 -0.210185 1.831300 23.350000
4.733576 1.577356 4.480369 -1.874862 -0.651278 0.703076 -0.247407 1.697207 23.400000
3.798649 1.677935 4.501363 -1.905630 -0.569929 0.690115 -0.279263 1.578315 23.450000
3.615172 1.421846 4.523197 -1.935467 -0.491052 0.666697 -0.307756 1.578963 23.500000
3.904843 1.914263 4.545583 -1.964177 -0.414634 0.640784 -0.332698 1.492117 23.550000
4.624583 1.690122 4.568482 -1.991734 -0.335704 0.614955 -0.356493 1.643450 23.600000
4.129034 1.325505 4.592035 -2.018122 -0.254063 0.593055 -0.379248 1.625896 23.650000
3.169536 0.830557 4.616221 -2.043313 -0.176765 0.567462 -0.397997 1.486970 23.700000
2.563052 0.537124 4.640678 -2.067265 -0.109363 0.537801 -0.410648 1.242908 23.750000
1.695860 0.549069 4.665073 -2.090023 -0.053498 0.509317 -0.417152 1.019973 23.800000
0.789889 0.933475 4.689119 -2.111664 -0.005383 0.477997 -0.419518 0.915794 23.850000
1.457449 0.941336 4.712437 -2.132248 0.043051 0.439246 -0.420706 1.006931 23.900000
2.452712 1.347165 4.734972 -2.151812 0.094403 0.406530 -0.421498 1.040314 23.950000
3.175328 1.353574 4.757103 -2.170359 0.151069 0.381263 -0.422703 1.202624 24.000000
2.983475 0.932446 4.779174 -2.187835 0.213129 0.360517 -0.424357 1.269083 24.050000
2.585526 1.139599 4.801271 -2.204222 0.272700 0.340176 -0.424405 1.131029 24.100000
1.862814 0.651954 4.823277 -2.219576 0.329628 0.318517 -0.422953 1.142727 24.150000
1.380453 0.907192 4.844954 -2.233996 0.381407 0.294128 -0.419485 0.951392 24.200000
0.624637 1.013416 4.866102 -2.247615 0.429119 0.268809 -0.414421 0.954485 24.250000
0.721069 1.273286 4.886487 -2.260583 0.477825 0.237254 -0.408750 0.986914 24.300000
0.581583 0.979220 4.905992 -2.273006 0.530194 0.206196 -0.402776 1.091513 24.350000
1.018611 1.363409 4.924632 -2.284934 0.582645 0.175457 -0.395872 1.014199 24.400000
0.808246 1.194210 4.942522 -2.296363 0.636359 0.149803 -0.388314 1.118461 24.450000
1.110974 1.372711 4.959728 -2.307303 0.691558 0.122975 -0.380162 1.091058 24.500000
1.402448 1.011518 4.976305 -2.317766 0.747531 0.100221 -0.371393 1.139587 24.550000
2.360104 0.566694 4.992391 -2.327682 0.801034 0.082954 -0.361973 1.015630 24.600000
2.785146 0.978484 5.008246 -2.336828 0.845243 0.080433 -0.351965 0.781751 24.650000
2.290237 0.623365 5.024124 -2.344941 0.885794 0.084266 -0.342140 0.833974 24.700000
1.881024 0.285755 5.039994 -2.352039 0.924238 0.084848 -0.332591 0.717760 24.750000
2.611083 -0.185505 5.055732 -2.358275 0.954746 0.085623 -0.322915 0.524784 24.800000
1.910118 -0.645121 5.071411 -2.363556 0.972921 0.098863 -0.312914 0.233814 24.850000
2.274983 -0.733376 5.087087 -2.367842 0.975007 0.112034 -0.302232 -0.116320 24.900000
2.582426 -0.530722 5.102784 -2.371167 0.962894 0.133816 -0.290714 -0.344061 24.950000
3.256125 -0.360212 5.118647 -2.373415 0.944761 0.159748 -0.278777 -0.376712 25.000000
3.266011 0.032401 5.134831 -2.374452 0.927513 0.190326 -0.267014 -0.318242 25.050000
3.500440 0.498203 5.151418 -2.374229 0.917091 0.217140 -0.256317 -0.117946 25.100000
2.728207 0.293548 5.168390 -2.372785 0.919762 0.240493 -0.247957 0.195542 25.150000
2.576882 0.233883 5.185582 -2.370287 0.931975 0.252639 -0.241578 0.284180 25.200000
2.991836 -0.166016 5.202815 -2.366944 0.946831 0.262151 -0.235996 0.307760 25.250000
3.938098 0.079232 5.220110 -2.362725 0.957979 0.276430 -0.230010 0.154073 25.300000
3.838600 0.428253 5.237656 -2.357388 0.966265 0.299903 -0.223810 0.175843 25.350000
4.621098 0.207481 5.255536 -2.350805 0.979480 0.320113 -0.219060 0.336800 25.400000
4.542572 0.533850 5.273770 -2.342881 0.996221 0.345829 -0.215512 0.333958 25.450000
4.444768 0.377046 5.292386 -2.333515 1.016690 0.368779 -0.213345 0.470792 25.500000
3.769117 0.758553 5.311278 -2.322777 1.040481 0.388994 -0.212449 0.480490 25.550000
3.628276 1.140301 5.330279 -2.310852 1.069025 0.400763 -0.213207 0.643264 25.600000
4.407127 1.524782 5.349191 -2.297934 1.107758 0.407702 -0.217070 0.878139 25.650000
3.670643 1.532547 5.367940 -2.283917 1.159076 0.417531 -0.224740 1.141230 25.700000
3.477580 1.370662 5.386376 -2.268837 1.219625 0.416638 -0.235029 1.264567 25.750000
2.531391 1.689763 5.404297 -2.252937 1.282686 0.412320 -0.245573 1.259260 25.800000
3.286742 1.444702 5.421552 -2.236512 1.349056 0.397364 -0.256275 1.378750 25.850000
4.006627 1.199717 5.438061 -2.219649 1.416823 0.388592 -0.266421 1.338028 25.900000
3.445394 1.199781 5.453852 -2.202040 1.480635 0.387453 -0.274871 1.230073 25.950000
4.049768 1.080576 5.468901 -2.183678 1.540850 0.381835 -0.281890 1.184936 26.000000
3.334801 1.421802 5.483164 -2.164586 1.598272 0.382604 -0.287795 1.121008 26.050000
2.577527 1.645800 5.496605 -2.144831 1.657256 0.375626 -0.293801 1.224345 26.100000
2.886111 2.070320 5.509191 -2.124829 1.722150 0.359007 -0.300643 1.352937 26.150000
2.334056 1.721490 5.520887 -2.104767 1.795840 0.341638 -0.308659 1.563347 26.200000
1.572609 1.288077 5.531683 -2.084785 1.872702 0.317727 -0.316032 1.517092 26.250000
0.782208 1.330253 5.541683 -2.065195 1.943296 0.289782 -0.320361 1.332012 26.300000
0.816647 1.449859 5.551062 -2.046289 2.007982 0.257882 -0.321884 1.263277 26.350000
1.702399 1.136218 5.559939 -2.028183 2.071433 0.228028 -0.321719 1.271772 26.400000
2.306782 1.263550 5.568250 -2.010644 2.131594 0.209076 -0.319941 1.150167 26.450000
1.910076 0.816323 5.575839 -1.993336 2.188881 0.197895 -0.317171 1.141687 26.500000
1.150342 0.461157 5.582686 -1.976205 2.240903 0.185965 -0.313300 0.961931 26.550000
1.769538 0.336737 5.588954 -1.959420 2.282664 0.172079 -0.307781 0.735524 26.600000
2.031456 -0.007064 5.594650 -1.942939 2.314927 0.168734 -0.301050 0.573537 26.650000
2.738299 0.482257 5.599627 -1.926554 2.337422 0.172191 -0.293369 0.350667 26.700000
3.512349 0.895358 5.603722 -1.910067 2.357352 0.183315 -0.285770 0.437513 26.750000
3.362214 0.831680 5.606714 -1.893274 2.385204 0.198355 -0.279717 0.652740 26.800000
3.709278 0.838868 5.608526 -1.876163 2.420153 0.208959 -0.275149 0.735744 26.850000
3.246175 0.837077 5.609139 -1.858783 2.458188 0.221430 -0.271498 0.780678 26.900000
2.787833 0.681280 5.608587 -1.841219 2.497841 0.228696 -0.268500 0.802980 26.950000
3.665565 1.107114 5.607051 -1.823658 2.536568 0.231916 -0.265597 0.752296 27.000000
3.466069 1.255584 5.604454 -1.806087 2.578261 0.242231 -0.263504 0.897836 27.050000
4.363609 0.767254 5.600691 -1.788503 2.626737 0.247954 -0.262904 1.025137 27.100000
3.746528 0.891741 5.595637 -1.770914 2.674312 0.262144 -0.262479 0.895150 27.150000
4.359761 0.545538 5.589244 -1.753346 2.718799 0.271176 -0.261889 0.885892 27.200000
3.918951 0.123205 5.581523 -1.735862 2.759184 0.287046 -0.260885 0.747236 27.250000
2.998091 0.545405 5.572444 -1.718473 2.790000 0.301655 -0.258338 0.513097 27.300000
2.504421 0.318665 5.562310 -1.701300 2.817197 0.308509 -0.255358 0.568640 27.350000
2.179952 0.484757 5.551458 -1.684478 2.843850 0.310805 -0.252442 0.504628 27.400000
2.063263 0.471568 5.540081 -1.668074 2.870049 0.310255 -0.249551 0.539263 27.450000
1.279155 0.457970 5.528293 -1.652127 2.897330 0.308378 -0.246975 0.550476 27.500000
0.831418 0.061162 5.516313 -1.636695 2.924821 0.299320 -0.244427 0.548790 27.550000
1.320552 -0.097875 5.504415 -1.621828 2.947674 0.288098 -0.240796 0.382872 27.600000
0.843316 -0.349103 5.492558 -1.607476 2.962540 0.284567 -0.235542 0.227479 27.650000
0.054470 0.003194 5.480707 -1.593585 2.968636 0.279617 -0.228666 0.034606 27.700000
0.892184 -0.237286 5.469125 -1.580160 2.971454 0.268590 -0.221360 0.073606 27.750000
1.638170 -0.354761 5.457783 -1.567179 2.972856 0.266219 -0.214023 -0.010115 27.800000
1.354958 0.092758 5.446298 -1.554550 2.969643 0.272191 -0.206057 -0.109128 27.850000
1.698357 0.217635 5.434563 -1.542230 2.967870 0.274872 -0.198648 0.025237 27.900000
2.221843 0.303357 5.422588 -1.530225 2.972648 0.278887 -0.192787 0.153373 27.950000
1.522379 0.529101 5.410201 -1.518523 2.983248 0.286140 -0.188322 0.259903 28.000000
1.385399 0.094736 5.397475 -1.507153 3.000413 0.285008 -0.185369 0.410600 28.050000
2.174275 -0.342864 5.384625 -1.496164 3.018144 0.282576 -0.182603 0.309160 28.100000
1.368281 -0.317741 5.371490 -1.485515 3.027046 0.289804 -0.178153 0.070706 28.150000
1.506799 -0.612092 5.358056 -1.475160 3.027220 0.291392 -0.172087 -0.052465 28.200000
1.698850 -0.317368 5.344467 -1.465074 3.019241 0.296061 -0.164521 -0.247683 28.250000
1.734511 -0.570841 5.330635 -1.455201 3.007308 0.303099 -0.156349 -0.231523 28.300000
0.940845 -0.901590 5.316518 -1.445511 2.993024 0.310541 -0.147878 -0.329909 28.350000
1.838246 -1.137595 5.302296 -1.435990 2.971268 0.311588 -0.138001 -0.520155 28.400000
1.629895 -1.212609 5.287940 -1.426571 2.939855 0.322329 -0.126184 -0.714294 28.450000
2.477854 -1.604705 5.273301 -1.417156 2.900601 0.331439 -0.112729 -0.841037 28.500000
1.554924 -1.524540 5.258263 -1.407637 2.852477 0.348549 -0.097208 -1.056912 28.550000
1.726338 -1.686730 5.242893 -1.397939 2.797664 0.356152 -0.080127 -1.127241 28.600000
2.139252 -1.622392 5.227416 -1.388054 2.738560 0.364159 -0.062221 -1.224726 28.650000
2.110806 -1.777512 5.211769 -1.377880 2.676711 0.374427 -0.043819 -1.247292 28.700000
2.199632 -1.525899 5.195945 -1.367340 2.612286 0.382582 -0.024939 -1.320703 28.750000
3.169739 -1.435029 5.180014 -1.356392 2.547948 0.389604 -0.006382 -1.262301 28.800000
3.614380 -1.595343 5.163845 -1.344885 2.486409 0.403788 0.011242 -1.208023 28.850000
2.617240 -1.828782 5.147266 -1.332607 2.424820 0.420059 0.028962 -1.251027 28.900000
3.611906 -1.840219 5.130492 -1.319617 2.359093 0.424683 0.047788 -1.363694 28.950000
3.992752 -2.220858 5.113656 -1.305881 2.289284 0.436318 0.067607 -1.421957 29.000000
3.837361 -1.773111 5.096682 -1.291147 2.213282 0.448402 0.089309 -1.594519 29.050000
3.460049 -2.256348 5.079712 -1.275366 2.136117 0.456162 0.111152 -1.507087 29.100000
2.844379 -2.265121 5.062957 -1.258666 2.056487 0.457401 0.133316 -1.657326 29.150000
2.109729 -2.606759 5.046683 -1.241283 1.971655 0.449431 0.156195 -1.726907 29.200000
3.091029 -2.902983 5.031139 -1.223563 1.880828 0.430960 0.179365 -1.882689 29.250000
3.217890 -3.000000 5.016419 -1.205523 1.781819 0.417343 0.203176 -2.051274 29.300000
3.737594 -2.709321 5.002562 -1.187019 1.676373 0.400392 0.226949 -2.150824 29.350000
4.184461 -2.911067 4.989642 -1.168013 1.570679 0.385623 0.248754 -2.088438 29.400000
4.635137 -3.000000 4.977719 -1.148388 1.464770 0.372529 0.268814 -2.139975 29.450000
4.879164 -3.000000 4.966899 -1.128068 1.356269 0.360366 0.287893 -2.191798 29.500000
4.086491 -3.000000 4.957305 -1.107046 1.246100 0.347576 0.305751 -2.211958 29.550000
4.096190 -2.838009 4.948968 -1.085598 1.135287 0.325135 0.321739 -2.219025 29.600000
4.607137 -2.898363 4.941855 -1.064027 1.025949 0.302138 0.335028 -2.163422 29.650000
4.758933 -3.000000 4.936043 -1.042330 0.917786 0.283545 0.345986 -2.162677 29.700000
5.701489 -2.623371 4.931630 -1.020503 0.808679 0.265162 0.355317 -2.195253 29.750000
4.886358 -2.223170 4.928812 -0.998500 0.702465 0.256434 0.362705 -2.073770 29.800000
5.846303 -2.135985 4.927633 -0.976410 0.604198 0.243521 0.367584 -1.886980 29.850000
6.000000 -2.071369 4.928167 -0.954322 0.512797 0.242935 0.370640 -1.785368 29.900000
5.777806 -2.440350 4.930655 -0.932229 0.425309 0.245435 0.372976 -1.724050 29.950000
4.944184 -2.731941 4.935077 -0.910306 0.335915 0.244511 0.375636 -1.834334 30.000000
4.256997 -2.849181 4.941146 -0.888832 0.239989 0.232183 0.378885 -1.978544 30.050000
3.623131 -2.618622 4.948439 -0.868065 0.138403 0.210639 0.381741 -2.068505 30.100000
3.171478 -2.345331 4.956578 -0.848154 0.036539 0.183630 0.382756 -2.013405 30.150000
2.371976 -2.107383 4.965284 -0.829149 -0.060562 0.155970 0.381170 -1.888986 30.200000
2.065655 -2.189307 4.974274 -0.811032 -0.151007 0.125738 0.376970 -1.748849 30.250000
2.861083 -2.615049 4.983322 -0.793750 -0.237560 0.096422 0.370703 -1.716220 30.300000
3.747657 -2.554593 4.992542 -0.777311 -0.327293 0.074834 0.363298 -1.850300 30.350000
4.133926 -2.339827 5.002268 -0.761830 -0.420535 0.061539 0.355207 -1.874522 30.400000
3.212001 -2.571858 5.012729 -0.747455 -0.512223 0.054127 0.346645 -1.803741 30.450000
3.737342 -2.613175 5.023767 -0.734175 -0.603982 0.039475 0.337680 -1.857098 30.500000
3.662394 -2.930014 5.035237 -0.721984 -0.697777 0.030480 0.328311 -1.888939 30.550000
4.583324 -3.000000 5.047154 -0.710973 -0.795792 0.020478 0.318724 -2.010983 30.600000
5.116594 -2.892661 5.059554 -0.701312 -0.898321 0.018770 0.309131 -2.078712 30.650000
4.318578 -2.833917 5.072534 -0.693304 -1.001867 0.022969 0.299976 -2.065576 30.700000
3.407745 -2.941360 5.085913 -0.686945 -1.104410 0.021245 0.291217 -2.040236 30.750000
2.922417 -2.892861 5.099369 -0.681920 -1.207232 0.012226 0.282380 -2.067558 30.800000
3.796026 -3.000000 5.112677 -0.677941 -1.310350 0.000180 0.273080 -2.058130 30.850000
4.093359 -2.717756 5.125785 -0.675105 -1.414223 -0.002252 0.263583 -2.091112 30.900000
3.885135 -3.000000 5.138648 -0.673678 -1.516228 0.000141 0.254409 -2.003815 30.950000
4.210716 -3.000000 5.151143 -0.673673 -1.618407 0.001682 0.245718 -2.072024 31.000000
3.249510 -2.810261 5.163135 -0.675076 -1.722736 0.006656 0.237572 -2.097088 31.050000
2.645783 -2.944455 5.174521 -0.677688 -1.825913 0.003993 0.229782 -2.039533 31.100000
3.574694 -3.000000 5.185281 -0.681111 -1.928645 -0.002958 0.221916 -2.065174 31.150000
3.434602 -3.000000 5.195309 -0.685371 -2.032733 -0.000323 0.214170 -2.093651 31.200000
2.473876 -3.000000 5.204452 -0.690570 -2.137720 0.001715 0.206867 -2.104154 31.250000
3.205279 -3.000000 5.212768 -0.696411 -2.243032 -0.004319 0.199664 -2.107506 31.300000
2.529477 -3.000000 5.220217 -0.702779 -2.348435 -0.002329 0.192564 -2.108524 31.350000
1.666102 -2.672836 5.226748 -0.709616 -2.453870 -0.005708 0.185656 -2.108750 31.400000
1.290045 -2.207988 5.232590 -0.716622 -2.555940 -0.015159 0.178524 -1.993081 31.450000
1.352719 -2.500020 5.237942 -0.723608 -2.649534 -0.024740 0.171066 -1.784068 31.500000
1.116963 -2.849574 5.242833 -0.730536 -2.739470 -0.031594 0.163402 -1.809202 31.550000
1.456778 -3.000000 5.247297 -0.737383 -2.833822 -0.040383 0.155390 -1.943081 31.600000
0.474650 -2.988890 5.251314 -0.744142 -2.933955 -0.045817 0.147000 -2.045224 31.650000
0.766540 -3.000000 5.255036 -0.750777 -3.037164 -0.059603 0.138090 -2.077469 31.700000
0.225836 -3.000000 5.258606 -0.757268 -3.141471 -0.069066 0.128583 -2.092213 31.750000
0.114867 -2.909652 5.262063 -0.763641 3.036961 -0.081894 0.118549 -2.096939 31.800000
0.751690 -3.000000 5.265525 -0.769927 2.933000 -0.093688 0.107990 -2.066557 31.850000
1.448637 -2.784525 5.268834 -0.776117 2.829063 -0.097608 0.097218 -2.087523 31.900000
0.905152 -2.546030 5.271665 -0.782114 2.726660 -0.093227 0.086937 -2.020124 31.950000
0.026461 -2.784554 5.273980 -0.787865 2.628804 -0.092194 0.077506 -1.912036 32.000000
0.000000 -2.809019 5.276072 -0.793487 2.531885 -0.098044 0.068293 -1.957385 32.050000
0.000000 -2.820935 5.278101 -0.799082 2.433269 -0.102843 0.058905 -1.983138 32.100000
0.000000 -3.000000 5.280040 -0.804649 2.333703 -0.106275 0.049477 -1.997291 32.150000
0.856444 -2.984073 5.281859 -0.810179 2.231834 -0.108441 0.039996 -2.066164 32.200000
0.524992 -3.000000 5.283417 -0.815495 2.127949 -0.101375 0.030868 -2.086113 32.250000
1.194698 -3.000000 5.284650 -0.820471 2.023254 -0.096454 0.022436 -2.099563 32.300000
1.063846 -2.596387 5.285561 -0.824998 1.918121 -0.084371 0.014900 -2.105015 32.350000
1.098405 -2.870858 5.286156 -0.828931 1.816939 -0.072926 0.008718 -1.965593 32.400000
1.816817 -2.988666 5.286514 -0.832270 1.717303 -0.060810 0.003677 -2.012218 32.450000
2.159466 -3.000000 5.286686 -0.834833 1.614983 -0.041876 -0.000185 -2.070840 32.500000
3.098478 -3.000000 5.286757 -0.836379 1.510708 -0.020035 -0.002470 -2.095932 32.550000
2.909952 -2.827533 5.286881 -0.836643 1.405650 0.009907 -0.002752 -2.104854 32.600000
3.176685 -3.000000 5.287243 -0.835520 1.302081 0.036863 -0.000924 -2.047549 32.650000
2.598124 -3.000000 5.288019 -0.833090 1.198534 0.064892 0.002883 -2.087615 32.700000
2.520128 -2.658054 5.289331 -0.829540 1.093729 0.085818 0.008431 -2.102218 32.750000
3.203431 -2.372735 5.291235 -0.825136 0.991960 0.104410 0.015053 -1.987813 32.800000
3.651194 -2.365201 5.293898 -0.819886 0.896714 0.127849 0.022432 -1.845353 32.850000
4.099191 -1.896105 5.297554 -0.813718 0.806052 0.153705 0.030782 -1.790260 32.900000
3.564429 -2.117692 5.302412 -0.806645 0.722024 0.181983 0.039789 -1.600581 32.950000
2.698937 -1.739018 5.308499 -0.798844 0.641771 0.203367 0.049477 -1.608790 33.000000
3.086961 -1.855408 5.315580 -0.790672 0.565197 0.215097 0.059220 -1.474641 33.050000
2.208639 -2.088513 5.323568 -0.782309 0.491748 0.229245 0.068851 -1.465275 33.100000
2.880896 -1.649438 5.332349 -0.773912 0.416067 0.233476 0.079005 -1.549898 33.150000
2.590944 -2.029352 5.341869 -0.765609 0.342201 0.242971 0.088862 -1.423859 33.200000
2.678907 -1.929656 5.352181 -0.757441 0.268393 0.248421 0.098779 -1.515535 33.250000
3.434989 -1.744178 5.363209 -0.749521 0.192553 0.253186 0.108981 -1.518251 33.300000
3.674316 -1.421219 5.375108 -0.741895 0.118523 0.264036 0.118918 -1.453198 33.350000
4.369845 -1.386168 5.388062 -0.734613 0.050017 0.276652 0.128058 -1.308497 33.400000
4.235955 -1.164124 5.402244 -0.727745 -0.013356 0.295332 0.136608 -1.237269 33.450000
5.226643 -1.427726 5.417722 -0.721377 -0.072022 0.312218 0.144641 -1.125464 33.500000
4.558374 -0.976173 5.434631 -0.715617 -0.129859 0.337149 0.153102 -1.181597 33.550000
3.593502 -0.920199 5.452951 -0.710572 -0.184834 0.354840 0.161415 -1.037640 33.600000
3.283274 -1.046653 5.472234 -0.706244 -0.234354 0.363512 0.168568 -0.954639 33.650000
3.077202 -0.735356 5.492134 -0.702612 -0.282468 0.368818 0.175360 -0.968741 33.700000
3.830907 -0.910898 5.512483 -0.699676 -0.327712 0.372279 0.181298 -0.855799 33.750000
3.553189 -1.366940 5.533369 -0.697495 -0.371016 0.382731 0.186745 -0.874736 33.800000
3.750621 -1.097355 5.554829 -0.696143 -0.420099 0.388333 0.193853 -1.064774 33.850000
3.669867 -1.260656 5.576745 -0.695668 -0.472894 0.394048 0.201928 -1.049806 33.900000
4.517774 -1.487767 5.599063 -0.696116 -0.527050 0.397818 0.210291 -1.109322 33.950000
5.213995 -1.344366 5.621840 -0.697618 -0.585820 0.407306 0.219952 -1.226625 34.000000
6.000000 -1.550663 5.645253 -0.700415 -0.647166 0.421290 0.230515 -1.228354 34.050000
5.413065 -1.372427 5.669439 -0.704758 -0.710975 0.440296 0.242202 -1.313830 34.100000
5.221701 -1.673378 5.694259 -0.710718 -0.775941 0.451664 0.254518 -1.289737 34.150000
4.643008 -1.874801 5.719415 -0.718201 -0.843507 0.458758 0.267690 -1.398831 34.200000
4.815969 -2.019171 5.744603 -0.727088 -0.917020 0.456705 0.282458 -1.524433 34.250000
4.695399 -2.137556 5.769578 -0.737302 -0.996337 0.452534 0.298421 -1.633018 34.300000
5.526816 -1.895847 5.794172 -0.748826 -1.080564 0.443632 0.315015 -1.723014 34.350000
5.710261 -1.987085 5.818300 -0.761768 -1.165279 0.440754 0.330804 -1.674244 34.400000
6.000000 -1.916605 5.841921 -0.776300 -1.249496 0.438165 0.345722 -1.692642 34.450000
5.793295 -2.096140 5.864906 -0.792469 -1.333689 0.436723 0.359975 -1.678334 34.500000
5.493219 -1.664919 5.887101 -0.810219 -1.419409 0.431053 0.373989 -1.741429 34.550000
6.000000 -1.439955 5.908329 -0.829348 -1.502715 0.422545 0.386304 -1.611177 34.600000
6.000000 -0.948818 5.928497 -0.849852 -1.579451 0.421327 0.395913 -1.478687 34.650000
5.209206 -0.531205 5.947532 -0.871814 -1.646643 0.424478 0.402339 -1.243199 34.700000
6.000000 -0.684147 5.965405 -0.895046 -1.701438 0.426518 0.404901 -0.983546 34.750000
5.611148 -0.897345 5.982085 -0.919556 -1.749036 0.439638 0.405477 -0.928450 34.800000
6.000000 -0.824682 5.997509 -0.945381 -1.797176 0.448266 0.406590 -0.989990 34.850000
6.000000 -1.092626 6.011601 -0.972421 -1.846752 0.459266 0.408455 -0.993579 34.900000
6.000000 -1.146207 6.024270 -1.000657 -1.899504 0.467889 0.411665 -1.103034 34.950000
6.000000 -1.193281 6.035433 -1.029946 -1.956707 0.473385 0.416510 -1.176070 35.000000
6.000000 -1.059880 6.045016 -1.060144 -2.017005 0.476488 0.422401 -1.229329 35.050000
5.359984 -1.190267 6.052956 -1.091118 -2.077753 0.478727 0.428333 -1.204665 35.100000
5.970086 -0.933249 6.059279 -1.122621 -2.139135 0.474078 0.434223 -1.245175 35.150000
6.000000 -0.913786 6.063948 -1.154535 -2.199142 0.475638 0.439351 -1.166465 35.200000
5.076858 -1.126195 6.066851 -1.186902 -2.256329 0.478720 0.443441 -1.126975 35.250000
5.354108 -1.254395 6.068100 -1.219459 -2.314518 0.472183 0.447665 -1.191646 35.300000
5.661885 -1.170985 6.067784 -1.251966 -2.376280 0.465949 0.452667 -1.268159 35.350000
6.000000 -1.207801 6.065804 -1.284393 -2.439723 0.461368 0.457796 -1.269451 35.400000
6.000000 -1.610126 6.062049 -1.316724 -2.503622 0.459396 0.462743 -1.284628 35.450000
5.556913 -1.429247 6.056469 -1.348867 -2.572377 0.453962 0.468945 -1.442969 35.500000
5.689032 -1.118202 6.049185 -1.380585 -2.644459 0.441920 0.475527 -1.440204 35.550000
4.776170 -1.579410 6.040280 -1.411729 -2.713068 0.433288 0.480240 -1.320861 35.600000
4.164281 -1.787788 6.029939 -1.442149 -2.782556 0.415540 0.484434 -1.440258 35.650000
4.298565 -1.874672 6.018559 -1.471601 -2.858055 0.388453 0.489082 -1.559885 35.700000
4.336402 -1.993225 6.006323 -1.499958 -2.938158 0.360187 0.493294 -1.631198 35.750000
3.362155 -2.407287 5.993265 -1.527174 -3.021569 0.330782 0.496519 -1.693202 35.800000
3.369225 -2.058234 5.979689 -1.553175 -3.110992 0.289127 0.498846 -1.854565 35.850000
2.995416 -1.627023 5.965904 -1.577929 3.081656 0.248300 0.498651 -1.775698 35.900000
3.355958 -1.993394 5.951987 -1.601487 2.998596 0.210877 0.494712 -1.574092 35.950000
4.341966 -1.603046 5.937893 -1.623887 2.918613 0.180871 0.488515 -1.615933 36.000000
4.000264 -1.106232 5.923317 -1.645074 2.841684 0.163941 0.480816 -1.479796 36.050000
4.116334 -0.687458 5.908085 -1.664991 2.774747 0.151813 0.471470 -1.231595 36.100000
5.040871 -0.889241 5.892185 -1.683614 2.720848 0.150358 0.460737 -0.959980 36.150000
4.338558 -0.966800 5.875345 -1.700802 2.674102 0.162739 0.449833 -0.916144 36.200000
3.774834 -1.151082 5.857556 -1.716503 2.627964 0.169154 0.439571 -0.928091 36.250000
3.654966 -1.373986 5.839155 -1.730838 2.579374 0.169259 0.430087 -1.005284 36.300000
2.843574 -1.357397 5.820363 -1.743884 2.525713 0.165919 0.421497 -1.124836 36.350000
2.071819 -1.044616 5.801441 -1.755772 2.468222 0.153615 0.413342 -1.167792 36.400000
2.948214 -0.689880 5.782717 -1.766730 2.412826 0.136426 0.404649 -1.060822 36.450000
2.978679 -0.377464 5.764146 -1.776727 2.365138 0.132892 0.395115 -0.870545 36.500000
3.303907 -0.692238 5.745530 -1.785589 2.327616 0.135772 0.384940 -0.656186 36.550000
2.434132 -0.256079 5.726788 -1.793229 2.294181 0.144176 0.374892 -0.678884 36.600000
2.771754 -0.648514 5.708023 -1.799750 2.264820 0.146670 0.364898 -0.514328 36.650000
3.055432 -0.466571 5.689311 -1.805238 2.236963 0.153326 0.355213 -0.591371 36.700000
2.960669 -0.513606 5.670590 -1.809600 2.208349 0.162359 0.346105 -0.557370 36.750000
3.611174 -0.400633 5.651857 -1.812815 2.180396 0.170813 0.337425 -0.560663 36.800000
4.444800 -0.116055 5.633067 -1.814793 2.153552 0.185806 0.329142 -0.518500 36.850000
5.275195 -0.414918 5.614049 -1.815254 2.131371 0.210313 0.320862 -0.384583 36.900000
5.116662 -0.335694 5.594623 -1.813885 2.110522 0.242393 0.313133 -0.444436 36.950000
5.380536 -0.048480 5.574775 -1.810600 2.088201 0.271339 0.306393 -0.449227 37.000000
5.572512 0.243667 5.554558 -1.805415 2.068813 0.303006 0.299756 -0.339491 37.050000
6.000000 0.632901 5.533949 -1.798269 2.056659 0.338286 0.292153 -0.165890 37.100000
5.814323 0.866416 5.512868 -1.789068 2.055365 0.380494 0.282356 0.088378 37.150000
6.000000 0.395029 5.491234 -1.777813 2.066247 0.423851 0.269458 0.322075 37.200000
6.000000 0.520951 5.468980 -1.764586 2.080277 0.468102 0.255722 0.245984 37.250000
6.000000 0.146038 5.446081 -1.749455 2.092812 0.509800 0.242548 0.253876 37.300000
6.000000 0.368123 5.422547 -1.732523 2.101223 0.548265 0.231059 0.097525 37.350000
5.052338 0.712931 5.398426 -1.713879 2.106257 0.583995 0.221086 0.102841 37.400000
4.874868 0.958241 5.373839 -1.693795 2.115468 0.610599 0.209553 0.251056 37.450000
5.071518 1.025841 5.348858 -1.672575 2.133092 0.636578 0.194507 0.435166 37.500000
5.621990 1.240338 5.323390 -1.650302 2.158367 0.664809 0.176101 0.562871 37.550000
6.000000 1.667749 5.297244 -1.626939 2.190858 0.697879 0.154270 0.720133 37.600000
6.000000 2.114344 5.270183 -1.602457 2.233960 0.733990 0.126957 0.974918 37.650000
6.000000 2.536192 5.241994 -1.576996 2.291204 0.768837 0.091907 1.278195 37.700000
6.000000 2.877967 5.212497 -1.550849 2.363806 0.800593 0.048097 1.586866 37.750000
6.000000 3.000000 5.181536 -1.524379 2.450917 0.826699 -0.004143 1.862295 37.800000
5.995368 2.597208 5.149027 -1.498007 2.549055 0.844669 -0.062549 2.042726 37.850000
5.934257 2.187918 5.114992 -1.472137 2.649778 0.853725 -0.121440 2.002277 37.900000
5.952029 2.352269 5.079570 -1.447072 2.746031 0.855018 -0.175930 1.876843 37.950000
6.000000 2.358894 5.042917 -1.423029 2.840942 0.849891 -0.227602 1.920438 38.000000
6.000000 2.822776 5.005179 -1.400238 2.938172 0.838081 -0.278288 1.968284 38.050000
5.950258 2.772461 4.966532 -1.378931 3.042473 0.817132 -0.330249 2.175567 38.100000
6.000000 2.995256 4.927234 -1.359359 -3.129764 0.786108 -0.382208 2.254295 38.150000
5.274626 2.540637 4.887559 -1.341688 -3.013581 0.746340 -0.432373 2.375613 38.200000
5.348145 2.065231 4.847936 -1.325981 -2.897926 0.694465 -0.476620 2.270616 38.250000
4.624790 2.129720 4.808679 -1.312161 -2.790227 0.644632 -0.511256 2.071187 38.300000
4.006503 2.133513 4.769997 -1.300078 -2.688185 0.589720 -0.538139 2.017229 38.350000
4.913919 2.054036 4.732240 -1.289519 -2.588119 0.529524 -0.559065 1.986573 38.400000
5.716331 2.284038 4.695389 -1.280438 -2.490275 0.479476 -0.574494 1.932271 38.450000
5.038782 1.859188 4.659158 -1.272997 -2.392189 0.436932 -0.586226 1.979817 38.500000
5.169201 2.062037 4.623594 -1.267165 -2.297432 0.391222 -0.593431 1.830261 38.550000
4.920131 1.942540 4.588799 -1.262826 -2.205818 0.350420 -0.596643 1.830063 38.600000
4.103405 1.770375 4.554818 -1.259927 -2.115946 0.310136 -0.596673 1.769905 38.650000
4.037728 2.161807 4.521790 -1.258237 -2.030332 0.267496 -0.593170 1.665949 38.700000
3.204869 2.172040 4.489797 -1.257566 -1.944518 0.226298 -0.587296 1.748967 38.750000
2.946562 1.690498 4.458919 -1.257664 -1.856489 0.178025 -0.579212 1.764284 38.800000
3.793274 2.032582 4.429195 -1.258277 -1.773626 0.134377 -0.567957 1.574443 38.850000
4.298074 1.937210 4.400528 -1.259587 -1.693832 0.103973 -0.554696 1.608710 38.900000
4.329216 1.586725 4.372859 -1.261903 -1.614284 0.081088 -0.540386 1.575641 38.950000
4.046819 1.647867 4.346197 -1.265358 -1.539804 0.064601 -0.525212 1.424097 39.000000
3.095958 2.137921 4.320573 -1.269928 -1.469883 0.050852 -0.509618 1.377936 39.050000
3.937126 2.024145 4.295989 -1.275310 -1.396463 0.027889 -0.493792 1.533773 39.100000
4.911742 2.184886 4.272465 -1.281420 -1.319332 0.012759 -0.477589 1.547931 39.150000
5.332261 2.091923 4.250125 -1.288633 -1.240158 0.007645 -0.461444 1.609338 39.200000
5.281149 1.892938 4.229129 -1.297193 -1.159992 0.007731 -0.445738 1.598852 39.250000
6.000000 1.853915 4.209597 -1.307109 -1.082268 0.010457 -0.430656 1.521839 39.300000
5.975368 2.303884 4.191706 -1.318448 -1.007436 0.022960 -0.416514 1.478749 39.350000
5.652512 2.780533 4.175632 -1.331235 -0.929146 0.034215 -0.403615 1.630822 39.400000
4.671751 2.980281 4.161390 -1.345217 -0.840822 0.037952 -0.391864 1.865445 39.450000
4.065966 2.480874 4.148815 -1.359963 -0.742935 0.028806 -0.380567 2.023422 39.500000
4.342213 1.999093 4.137678 -1.375069 -0.645302 0.016022 -0.368871 1.901033 39.550000
5.074671 2.277935 4.127990 -1.390420 -0.556641 0.012258 -0.356919 1.679968 39.600000
4.876271 2.407468 4.120025 -1.406076 -0.472183 0.018846 -0.345470 1.696234 39.650000
5.647192 2.542641 4.113916 -1.421973 -0.385801 0.023720 -0.334807 1.750828 39.700000
5.815284 2.307725 4.109790 -1.437999 -0.296200 0.035334 -0.325105 1.822530 39.750000
5.607896 2.439764 4.107843 -1.454044 -0.206670 0.049215 -0.316540 1.768017 39.800000
6.000000 1.992862 4.108055 -1.469914 -0.117432 0.061737 -0.309122 1.797523 39.850000
6.000000 1.761897 4.110436 -1.485413 -0.031834 0.079774 -0.302729 1.650214 39.900000
5.087404 1.382855 4.115054 -1.500363 0.046660 0.100695 -0.297296 1.511475 39.950000
5.343567 1.284908 4.121655 -1.514602 0.116661 0.116276 -0.292414 1.317304 40.000000
4.387037 1.618561 4.130051 -1.528007 0.179211 0.137009 -0.287948 1.201742 40.050000
5.079157 1.515908 4.140018 -1.540501 0.241558 0.148479 -0.284362 1.281589 40.100000
5.599637 1.476147 4.151397 -1.551995 0.305567 0.165569 -0.281714 1.279818 40.150000
4.783395 1.388412 4.164364 -1.562315 0.369192 0.187173 -0.279993 1.267936 40.200000
3.805083 1.556999 4.178742 -1.571394 0.431578 0.200947 -0.278959 1.233010 40.250000
4.773265 1.476035 4.194043 -1.579326 0.494663 0.204901 -0.278463 1.283535 40.300000
5.070756 1.607712 4.210164 -1.586049 0.558620 0.217388 -0.278482 1.276382 40.350000
4.795402 2.081846 4.227254 -1.591362 0.623834 0.231642 -0.279319 1.325997 40.400000
4.040377 2.167254 4.245172 -1.595211 0.695870 0.240047 -0.281818 1.526781 40.450000
4.434027 2.151660 4.263552 -1.597708 0.775489 0.237892 -0.285664 1.640824 40.500000
5.056818 1.913844 4.282178 -1.598884 0.858678 0.237653 -0.289904 1.680751 40.550000
4.702445 1.904547 4.301078 -1.598542 0.940693 0.243208 -0.293939 1.610996 40.600000
3.976801 1.615395 4.320165 -1.596616 1.020384 0.245754 -0.297667 1.581423 40.650000
4.838981 1.541086 4.339182 -1.593310 1.096064 0.242728 -0.300540 1.463252 40.700000
4.545000 1.916842 4.358055 -1.588583 1.167064 0.249485 -0.302598 1.388114 40.750000
4.195150 1.554459 4.376739 -1.582329 1.239626 0.252384 -0.305129 1.498537 40.800000
3.394262 1.224155 4.395055 -1.574725 1.312010 0.251751 -0.307572 1.409820 40.850000
3.418805 1.438791 4.412852 -1.566046 1.377897 0.246241 -0.308611 1.248213 40.900000
3.384552 0.999706 4.430052 -1.556473 1.440633 0.242432 -0.308862 1.259476 40.950000
3.594529 0.863589 4.446612 -1.546028 1.498974 0.240306 -0.308200 1.096166 41.000000
2.974291 0.524079 4.462513 -1.534665 1.550234 0.243253 -0.306363 0.970699 41.050000
2.102202 0.418752 4.477737 -1.522479 1.593398 0.243834 -0.303247 0.779599 41.100000
3.026518 -0.079897 4.492288 -1.509801 1.628623 0.239745 -0.298827 0.645000 41.150000
3.204315 0.365344 4.506179 -1.496586 1.653372 0.248837 -0.292790 0.375223 41.200000
3.987882 0.128172 4.519414 -1.482547 1.673380 0.261288 -0.286322 0.420586 41.250000
3.856396 0.189792 4.531964 -1.467490 1.692406 0.281077 -0.280110 0.348853 41.300000
4.420154 0.385408 4.543810 -1.451293 1.709579 0.299720 -0.274001 0.339669 41.350000
4.784564 0.362336 4.554930 -1.433904 1.728740 0.322265 -0.268811 0.419094 41.400000
4.949819 0.123614 4.565265 -1.415180 1.750664 0.346425 -0.264776 0.454891 41.450000
4.443921 -0.017881 4.574770 -1.395064 1.771294 0.371736 -0.260923 0.379478 41.500000
5.413229 -0.144932 4.583456 -1.373683 1.787639 0.392957 -0.256378 0.284924 41.550000
4.998980 -0.230905 4.591310 -1.350960 1.799111 0.424105 -0.250876 0.185138 41.600000
4.799410 0.174101 4.598326 -1.326803 1.805963 0.451792 -0.244369 0.098210 41.650000
4.788043 -0.277492 4.604559 -1.301398 1.814327 0.476068 -0.238745 0.224465 41.700000
4.801058 -0.739775 4.610020 -1.274862 1.822277 0.499449 -0.233284 0.105800 41.750000
4.479767 -0.582349 4.614750 -1.247213 1.820395 0.525112 -0.224545 -0.155938 41.800000
4.932438 -0.510324 4.618856 -1.218504 1.810439 0.549100 -0.213012 -0.234571 41.850000
4.016511 -0.262255 4.622405 -1.188722 1.798348 0.576736 -0.200848 -0.247944 41.900000
4.080083 -0.656123 4.625471 -1.158015 1.788580 0.593932 -0.189897 -0.152871 41.950000
4.851133 -0.785401 4.628125 -1.126621 1.777747 0.611124 -0.178727 -0.269351 42.000000
4.578488 -1.027538 4.630398 -1.094358 1.760995 0.635943 -0.165149 -0.388913 42.050000
4.050256 -0.953290 4.632372 -1.061118 1.736958 0.658394 -0.148394 -0.555508 42.100000
3.799093 -1.414798 4.634202 -1.027100 1.707515 0.675436 -0.129322 -0.617074 42.150000
4.428628 -1.600710 4.636031 -0.992505 1.670431 0.689823 -0.106845 -0.841833 42.200000
3.500519 -1.146957 4.638018 -0.957258 1.623021 0.709489 -0.079535 -1.033322 42.250000
4.202608 -0.792378 4.640317 -0.921479 1.573537 0.718133 -0.051655 -0.959218 42.300000
4.755707 -0.831453 4.642989 -0.885288 1.530131 0.730861 -0.027497 -0.800045 42.350000
4.029733 -0.982829 4.646048 -0.848456 1.491529 0.746736 -0.006236 -0.752626 42.400000
4.379560 -1.208708 4.649531 -0.811090 1.452576 0.754102 0.014823 -0.802399 42.450000
4.216062 -1.462753 4.653515 -0.773338 1.408995 0.763070 0.037908 -0.928409 42.500000
4.940333 -1.586150 4.658122 -0.735238 1.357804 0.768146 0.064586 -1.100591 42.550000
4.190691 -1.320625 4.663523 -0.696768 1.298869 0.776915 0.094876 -1.242060 42.600000
3.524070 -1.122072 4.669829 -0.658065 1.237473 0.775565 0.125623 -1.221051 42.650000
4.282463 -1.037226 4.676977 -0.619544 1.178450 0.766103 0.153764 -1.152920 42.700000
3.613023 -0.895759 4.684980 -0.581250 1.122242 0.762581 0.179126 -1.105250 42.750000
4.247639 -0.812531 4.693836 -0.543221 1.068828 0.751901 0.201813 -1.042391 42.800000
4.874453 -0.850627 4.703536 -0.505507 1.018171 0.746807 0.221938 -0.992931 42.850000
5.582181 -0.485550 4.714228 -0.467903 0.968502 0.746718 0.240747 -0.996030 42.900000
5.402867 -0.513059 4.726095 -0.430217 0.922433 0.753229 0.257069 -0.865795 42.950000
5.927215 -0.582426 4.739197 -0.392393 0.880328 0.758276 0.270884 -0.825566 43.000000
6.000000 -0.116165 4.753588 -0.354439 0.838602 0.767337 0.284228 -0.843590 43.050000
5.026682 -0.457263 4.769363 -0.316327 0.801152 0.777681 0.295007 -0.676633 43.100000
5.698465 -0.116322 4.786356 -0.278243 0.765604 0.778815 0.304537 -0.739280 43.150000
6.000000 -0.275647 4.804521 -0.240307 0.731451 0.786278 0.313038 -0.640178 43.200000
5.137241 0.017152 4.824011 -0.202399 0.698856 0.796509 0.320594 -0.662724 43.250000
4.467546 0.406587 4.844714 -0.164662 0.668561 0.799012 0.326704 -0.561750 43.300000
4.523048 0.834367 4.866328 -0.127310 0.646238 0.798572 0.328073 -0.354088 43.350000
4.361360 0.791661 4.888711 -0.090325 0.636491 0.804251 0.322246 -0.064311 43.400000
3.945240 0.777136 4.911806 -0.053572 0.637288 0.812800 0.310620 0.083530 43.450000
4.695310 0.907374 4.935463 -0.017029 0.643723 0.819416 0.296132 0.167502 43.500000
3.764920 0.652833 4.959701 0.019426 0.655054 0.834460 0.279216 0.276497 43.550000
3.521805 0.263729 4.984437 0.055825 0.667775 0.840477 0.262000 0.238567 43.600000
3.538583 0.148738 5.009424 0.091990 0.674856 0.841776 0.248746 0.063854 43.650000
3.520381 0.607261 5.034630 0.127816 0.674194 0.840519 0.240595 -0.075843 43.700000
4.415078 0.413588 5.060061 0.163260 0.673729 0.839220 0.232589 0.046992 43.750000
3.683735 0.669662 5.085861 0.198497 0.675844 0.847065 0.223325 0.039464 43.800000
3.756099 0.606668 5.112032 0.233578 0.680822 0.848607 0.212638 0.150535 43.850000
3.248334 0.888133 5.138420 0.268464 0.689481 0.851699 0.200091 0.193442 43.900000
3.542996 0.618213 5.164912 0.303145 0.703253 0.851118 0.184864 0.344319 43.950000
2.580461 0.976444 5.191425 0.337667 0.719840 0.853666 0.168460 0.323808 44.000000
2.639281 0.587012 5.217811 0.371961 0.740094 0.847590 0.150412 0.473297 44.050000
2.911691 0.685286 5.243873 0.405951 0.761775 0.842097 0.132225 0.404433 44.100000
3.499896 0.379420 5.269664 0.439698 0.782405 0.838679 0.115359 0.421596 44.150000
4.377544 0.537467 5.295319 0.473352 0.800488 0.840048 0.100619 0.315318 44.200000
3.831295 0.455796 5.321078 0.507141 0.816718 0.848916 0.087424 0.333828 44.250000
3.564333 0.441357 5.346965 0.541123 0.832936 0.852051 0.074622 0.318498 44.300000
3.772009 0.658277 5.372826 0.575160 0.848662 0.852260 0.062536 0.313026 44.350000
4.350186 0.359397 5.398624 0.609257 0.866911 0.854306 0.049306 0.408826 44.400000
4.470479 0.822679 5.424434 0.643584 0.885534 0.861317 0.036254 0.344903 44.450000
4.690459 0.964021 5.450323 0.678271 0.907345 0.868914 0.021556 0.511706 44.500000
5.516288 1.443379 5.476236 0.713432 0.937153 0.877844 0.002247 0.666018 44.550000
5.767131 1.593025 5.502167 0.749330 0.978264 0.892956 -0.023823 0.948040 44.600000
5.377753 2.001080 5.528028 0.786244 1.031462 0.907418 -0.057196 1.157929 44.650000
5.400143 2.326108 5.553530 0.824184 1.096970 0.913689 -0.097825 1.430924 44.700000
5.509867 2.550215 5.578314 0.863080 1.175897 0.913755 -0.145955 1.694626 44.750000
5.424124 2.575712 5.602054 0.902902 1.266710 0.906612 -0.199936 1.912188 44.800000
4.738404 2.817921 5.624437 0.943518 1.365717 0.889684 -0.256493 2.036278 44.850000
5.365729 2.414445 5.645179 0.984549 1.472027 0.856707 -0.313848 2.196370 44.900000
4.934316 1.999739 5.664102 1.025746 1.579982 0.822256 -0.367572 2.137930 44.950000
4.504225 1.598993 5.681189 1.066950 1.682467 0.780943 -0.413317 1.989965 45.000000
3.805525 1.716487 5.696517 1.107832 1.776490 0.736677 -0.449707 1.802717 45.050000
2.908572 2.018435 5.710227 1.148069 1.865854 0.686558 -0.479272 1.775671 45.100000
2.777656 2.209202 5.722496 1.187227 1.957369 0.625449 -0.505233 1.867810 45.150000
1.939437 2.408763 5.733490 1.224992 2.053474 0.559455 -0.528040 1.957938 45.200000
1.325737 2.870554 5.743443 1.261103 2.153982 0.482508 -0.546745 2.042499 45.250000
1.859135 2.473530 5.752703 1.295256 2.261146 0.395766 -0.560982 2.208107 45.300000
1.073133 1.980934 5.761477 1.327483 2.368535 0.315729 -0.568378 2.098387 45.350000
1.739279 1.781921 5.769962 1.357943 2.466551 0.238292 -0.567631 1.854238 45.400000
1.168949 1.880503 5.778231 1.386868 2.553889 0.178745 -0.560553 1.662792 45.450000
1.046951 2.298905 5.786282 1.414485 2.635350 0.121681 -0.549489 1.599218 45.500000
1.722320 2.331272 5.794275 1.440851 2.718463 0.065815 -0.535671 1.703462 45.550000
1.163466 1.924355 5.802144 1.466131 2.804672 0.017817 -0.519377 1.735187 45.600000
1.017276 2.161869 5.809875 1.490456 2.887101 -0.028933 -0.500780 1.581165 45.650000
1.107560 1.969005 5.817571 1.513897 2.966550 -0.071137 -0.480363 1.591626 45.700000
1.889230 1.614757 5.825208 1.536555 3.043919 -0.107319 -0.458602 1.512222 45.750000
1.008959 1.769523 5.832510 1.558527 3.114641 -0.128544 -0.436607 1.340281 45.800000
0.555908 1.443574 5.839423 1.579858 -3.102044 -0.152609 -0.414696 1.321134 45.850000
1.397140 1.932413 5.846203 1.600585 -3.039844 -0.175649 -0.392961 1.184699 45.900000
0.889574 1.790762 5.852700 1.620726 -2.977058 -0.188461 -0.371145 1.309294 45.950000
1.593482 1.570942 5.858830 1.640314 -2.911622 -0.204919 -0.349076 1.308026 46.000000
1.780894 1.797566 5.864520 1.659347 -2.848601 -0.211171 -0.327621 1.224822 46.050000
1.076256 1.631409 5.869540 1.677762 -2.785881 -0.213509 -0.306788 1.277385 46.100000
0.567173 1.557809 5.874003 1.695596 -2.723110 -0.220578 -0.286470 1.239175 46.150000
0.667819 1.480636 5.878153 1.712948 -2.662381 -0.229642 -0.266836 1.196255 46.200000
0.000000 1.360115 5.882046 1.729849 -2.603895 -0.235058 -0.247953 1.150001 46.250000
0.337805 0.894316 5.885767 1.746361 -2.548240 -0.244091 -0.229914 1.085253 46.300000
0.166477 1.302287 5.889349 1.762503 -2.499855 -0.246163 -0.213557 0.877530 46.350000
0.000000 1.779500 5.892731 1.778225 -2.454122 -0.247970 -0.198175 0.944026 46.400000
0.000000 2.000580 5.895964 1.793594 -2.400763 -0.252233 -0.181868 1.162155 46.450000
0.000000 2.398343 5.899060 1.808683 -2.337470 -0.257423 -0.164142 1.344812 46.500000
0.041229 2.124102 5.901988 1.823534 -2.263709 -0.263011 -0.144842 1.572952 46.550000
0.000000 1.962639 5.904697 1.838163 -2.185236 -0.266907 -0.125068 1.567615 46.600000
0.409904 2.004106 5.907152 1.852550 -2.108548 -0.268702 -0.106158 1.509481 46.650000
1.260537 2.443095 5.909290 1.866584 -2.033226 -0.264530 -0.088224 1.504988 46.700000
1.905899 2.860509 5.910972 1.879974 -1.953291 -0.251299 -0.070532 1.668721 46.750000
1.103468 3.000000 5.912084 1.892384 -1.863537 -0.231482 -0.052703 1.887792 46.800000
0.795096 3.000000 5.912681 1.903831 -1.765235 -0.218251 -0.035156 2.022925 46.850000
0.497780 3.000000 5.912882 1.914535 -1.662588 -0.206275 -0.018426 2.074958 46.900000
1.478454 2.503849 5.912760 1.924597 -1.558238 -0.195309 -0.002857 2.096070 46.950000
2.162794 2.664248 5.912386 1.933821 -1.458260 -0.173641 0.010397 1.930869 47.000000
1.189329 3.000000 5.911907 1.941814 -1.361795 -0.144910 0.020995 1.928359 47.050000
1.571823 3.000000 5.911424 1.948668 -1.261925 -0.124940 0.029885 2.046945 47.100000
1.720233 2.619864 5.911017 1.954550 -1.158320 -0.100908 0.037207 2.090009 47.150000
1.242476 2.808431 5.910840 1.959395 -1.057272 -0.075677 0.042306 1.971519 47.200000
2.084929 2.773240 5.910960 1.963344 -0.958022 -0.055385 0.045503 1.994585 47.250000
1.628370 2.515812 5.911521 1.966411 -0.858425 -0.027691 0.046899 1.989855 47.300000
1.953669 2.368743 5.912655 1.968626 -0.761657 -0.005398 0.046446 1.895990 47.350000
1.510865 2.732953 5.914410 1.970130 -0.669416 0.018647 0.044431 1.807610 47.400000
2.154155 2.385115 5.916805 1.971055 -0.576231 0.037393 0.041050 1.904148 47.450000
1.301745 2.465071 5.919917 1.971493 -0.483594 0.060883 0.036407 1.815432 47.500000
1.576491 2.959319 5.923711 1.971578 -0.392968 0.074826 0.030782 1.810366 47.550000
1.442827 2.738970 5.928067 1.971479 -0.297374 0.090227 0.024098 1.985075 47.600000
1.719267 2.988578 5.933008 1.971282 -0.198515 0.102965 0.016464 1.971611 47.650000
1.719417 2.629732 5.938540 1.971083 -0.097498 0.116746 0.007979 2.055281 47.700000
2.566674 2.751287 5.944689 1.970972 0.002476 0.128802 -0.001049 1.959704 47.750000
2.635767 3.000000 5.951599 1.971047 0.100716 0.147025 -0.010689 1.968693 47.800000
3.211463 3.000000 5.959411 1.971432 0.201834 0.163766 -0.021552 2.061024 47.850000
3.938128 2.789113 5.968170 1.972291 0.305892 0.183529 -0.033728 2.095918 47.900000
3.386641 2.773915 5.978041 1.973842 0.408941 0.207550 -0.046966 2.036641 47.950000
2.777351 2.874906 5.988907 1.976222 0.510053 0.223759 -0.060935 2.012560 48.000000
3.771411 2.911417 6.000369 1.979403 0.611526 0.231699 -0.075357 2.042157 48.050000
2.819575 3.000000 6.012343 1.983509 0.714388 0.246394 -0.090346 2.068745 48.100000
2.336682 2.899271 6.024676 1.988585 0.819083 0.249308 -0.105788 2.112431 48.150000
1.473327 2.676017 6.036978 1.994412 0.924189 0.245407 -0.120727 2.095297 48.200000
2.356498 3.000000 6.048956 2.000723 1.026527 0.232104 -0.134029 2.012357 48.250000
3.295278 3.000000 6.060550 2.007494 1.129623 0.225615 -0.146284 2.097564 48.300000
2.799102 3.000000 6.071873 2.015066 1.235427 0.225851 -0.158324 2.129647 48.350000
2.119763 3.000000 6.082856 2.023483 1.342277 0.219545 -0.169878 2.142444 48.400000
1.748278 3.000000 6.093335 2.032426 1.449543 0.205481 -0.180314 2.147314 48.450000
1.041877 3.000000 6.103225 2.041595 1.556944 0.187076 -0.189163 2.148281 48.500000
0.862533 2.822473 6.112515 2.050690 1.664327 0.161678 -0.196020 2.146632 48.550000
1.048652 2.588830 6.121255 2.059477 1.769764 0.135294 -0.200447 2.081087 48.600000
0.316098 2.497214 6.129501 2.067962 1.870664 0.112429 -0.202468 1.972234 48.650000
0.721590 2.388212 6.137348 2.076045 1.967092 0.084726 -0.202286 1.896232 48.700000
1.180313 2.495913 6.144872 2.083689 2.059868 0.062985 -0.200220 1.825355 48.750000
0.201772 2.094245 6.152021 2.091114 2.151416 0.046996 -0.196934 1.834496 48.800000
0.408705 1.880575 6.158894 2.098242 2.238987 0.024043 -0.192388 1.690127 48.850000
0.000000 2.061265 6.165608 2.104981 2.319555 0.006281 -0.186655 1.552797 48.900000
0.073095 1.654316 6.172211 2.111355 2.397470 -0.013288 -0.180058 1.561784 48.950000
0.000000 1.815210 6.178770 2.117359 2.471290 -0.029735 -0.172754 1.412467 49.000000
0.000000 1.677278 6.185286 2.123051 2.541826 -0.044742 -0.164964 1.409034 49.050000
0.039143 1.515924 6.191774 2.128466 2.610727 -0.058067 -0.156792 1.354511 49.100000
0.000000 1.050889 6.198220 2.133650 2.676039 -0.069017 -0.148471 1.269703 49.150000
0.000000 1.483607 6.204606 2.138641 2.733435 -0.077646 -0.140396 1.055016 49.200000
0.570991 1.879087 6.210916 2.143462 2.788195 -0.084840 -0.132431 1.125880 49.250000
0.989802 1.549030 6.217027 2.148181 2.849670 -0.087019 -0.124149 1.308079 49.300000
1.853699 1.308578 6.222728 2.152874 2.913758 -0.084964 -0.115986 1.262055 49.350000
1.928467 1.534594 6.227722 2.157593 2.973720 -0.073657 -0.108641 1.151871 49.400000
2.809013 1.168748 6.231792 2.162339 3.032428 -0.061342 -0.102121 1.191403 49.450000
2.678913 1.043936 6.234732 2.167075 3.088550 -0.040481 -0.096603 1.070168 49.500000
2.259960 1.044269 6.236387 2.171743 3.139194 -0.020536 -0.092212 0.969117 49.550000
1.646169 1.270654 6.236917 2.176271 -3.096805 -0.004536 -0.088655 0.924299 49.600000
1.248078 1.095792 6.236599 2.180613 -3.048659 0.005258 -0.085658 0.992913 49.650000
1.858911 1.570637 6.235700 2.184750 -3.000036 0.011115 -0.083030 0.956746 49.700000
1.208257 1.652273 6.234195 2.188645 -2.947444 0.022151 -0.080843 1.124982 49.750000
1.947829 1.287401 6.232131 2.192275 -2.888175 0.026143 -0.079121 1.231346 49.800000
2.632018 0.891747 6.229521 2.195594 -2.829234 0.037020 -0.077757 1.139014 49.850000
3.172948 0.604037 6.226077 2.198471 -2.777742 0.054720 -0.076789 0.946123 49.900000
2.885998 0.734470 6.221572 2.200763 -2.736092 0.077854 -0.076136 0.745065 49.950000
