0.465463 -0.290033 0.969351 0.264497 -0.396537 -0.487424 0.000000 0.694179 0.000000
1.265490 -0.131076 0.947380 0.273606 -0.373995 -0.464017 0.007652 0.256225 0.050000
2.120623 -0.595238 0.926608 0.282132 -0.365725 -0.434155 0.010047 0.091103 0.100000
2.406263 -0.971018 0.907372 0.290030 -0.369118 -0.397704 0.008721 -0.199154 0.150000
2.754706 -0.924117 0.889878 0.297299 -0.387803 -0.360171 0.003405 -0.515012 0.200000
2.697060 -0.669854 0.874212 0.303944 -0.417571 -0.320731 -0.003919 -0.659573 0.250000
2.986651 -0.684278 0.860361 0.309945 -0.449732 -0.283077 -0.010706 -0.630572 0.300000
2.119093 -0.688055 0.848285 0.315246 -0.481047 -0.243960 -0.016223 -0.623071 0.350000
2.698163 -0.221921 0.837774 0.319882 -0.512152 -0.214218 -0.020751 -0.621406 0.400000
3.567238 -0.407374 0.828686 0.323857 -0.537938 -0.180253 -0.023686 -0.431296 0.450000
4.022773 -0.597870 0.821226 0.326973 -0.558898 -0.139605 -0.025273 -0.409333 0.500000
4.125545 -0.212548 0.815570 0.329059 -0.581204 -0.096193 -0.026281 -0.475511 0.550000
4.352778 -0.690691 0.811730 0.330042 -0.601518 -0.053524 -0.026487 -0.350347 0.600000
3.689541 -0.502388 0.809670 0.329875 -0.622669 -0.010320 -0.026052 -0.481258 0.650000
3.437986 -0.953076 0.809213 0.328618 -0.646444 0.025179 -0.025042 -0.470751 0.700000
3.854461 -0.821288 0.810096 0.326392 -0.674924 0.057125 -0.023338 -0.648122 0.750000
3.841411 -0.518041 0.812260 0.323159 -0.708296 0.091803 -0.020769 -0.682604 0.800000
3.996881 -0.289753 0.815682 0.318841 -0.739486 0.124863 -0.017664 -0.577153 0.850000
3.955808 -0.516196 0.820294 0.313416 -0.764285 0.157837 -0.014580 -0.431066 0.900000
3.381693 -0.053793 0.826034 0.306877 -0.786333 0.189011 -0.011356 -0.448934 0.950000
3.607644 -0.458925 0.832726 0.299339 -0.803759 0.213498 -0.008487 -0.267392 1.000000
4.152213 -0.158844 0.840259 0.290885 -0.819130 0.239049 -0.005712 -0.339947 1.050000
5.150445 0.183773 0.848700 0.281398 -0.833754 0.268599 -0.002880 -0.254072 1.100000
5.726551 -0.266059 0.858242 0.270644 -0.841226 0.306197 -0.001278 -0.063632 1.150000
6.000000 0.208229 0.869086 0.258404 -0.846753 0.347645 0.000068 -0.149214 1.200000
5.262466 0.191726 0.881298 0.244577 -0.850002 0.389978 0.000895 0.004522 1.250000
4.389539 0.610396 0.894766 0.229322 -0.847590 0.423776 0.000154 0.084438 1.300000
3.636064 0.321245 0.909220 0.213001 -0.837266 0.448092 -0.003087 0.306447 1.350000
4.528462 0.181392 0.924420 0.195986 -0.821940 0.464339 -0.007968 0.306994 1.400000
4.189886 0.626983 0.940387 0.178307 -0.808147 0.488132 -0.012377 0.250910 1.450000
4.025644 0.565339 0.957193 0.159920 -0.791260 0.507657 -0.017971 0.408545 1.500000
3.298257 0.380901 0.974773 0.140992 -0.769185 0.524559 -0.025494 0.468677 1.550000
4.076144 0.305804 0.992984 0.121738 -0.746911 0.533788 -0.033032 0.427578 1.600000
3.603542 0.119262 1.011828 0.102189 -0.726903 0.549753 -0.039637 0.378784 1.650000
4.514698 -0.074109 1.031337 0.082323 -0.710739 0.560738 -0.044684 0.278861 1.700000
4.003236 0.394713 1.051560 0.062080 -0.700450 0.580003 -0.047339 0.146480 1.750000
3.773103 0.662575 1.072532 0.041410 -0.689645 0.593653 -0.050269 0.273334 1.800000
4.106451 0.899117 1.094126 0.020494 -0.670966 0.603966 -0.056556 0.455230 1.850000
4.088230 1.104808 1.116393 -0.000581 -0.642816 0.615942 -0.066900 0.649963 1.900000
5.068325 1.463379 1.139424 -0.021735 -0.605178 0.625829 -0.081309 0.835047 1.950000
5.460858 1.423426 1.163436 -0.042943 -0.556802 0.642220 -0.100447 1.072128 2.000000
5.336174 1.461959 1.188717 -0.064183 -0.500339 0.658973 -0.123235 1.175583 2.050000
4.679908 1.736272 1.215310 -0.085291 -0.439555 0.671268 -0.147868 1.249034 2.100000
3.771845 1.727864 1.243017 -0.105998 -0.372939 0.673571 -0.174768 1.397934 2.150000
4.341497 1.374635 1.271449 -0.125979 -0.301047 0.663526 -0.203051 1.470366 2.200000
4.017548 0.967291 1.300471 -0.145080 -0.230161 0.656830 -0.229431 1.380963 2.250000
4.216408 0.553458 1.330075 -0.163281 -0.166319 0.647399 -0.251194 1.200148 2.300000
3.629641 0.857180 1.360199 -0.180593 -0.112870 0.642226 -0.267080 0.969920 2.350000
2.682347 1.224387 1.390735 -0.197037 -0.063865 0.632426 -0.280128 0.988870 2.400000
3.007745 0.771969 1.421284 -0.212551 -0.010081 0.611491 -0.294304 1.142663 2.450000
2.488210 0.368365 1.451653 -0.227082 0.044112 0.593295 -0.307387 1.039212 2.500000
2.416277 0.349520 1.481799 -0.240672 0.090329 0.573604 -0.315955 0.835162 2.550000
2.233943 -0.140889 1.511627 -0.253397 0.129147 0.556829 -0.320647 0.729857 2.600000
2.971093 0.192247 1.541128 -0.265328 0.158646 0.542961 -0.321091 0.478189 2.650000
2.942405 -0.007088 1.570499 -0.276511 0.182730 0.538868 -0.319261 0.484094 2.700000
2.059533 0.164147 1.599916 -0.286937 0.204709 0.535656 -0.316621 0.403423 2.750000
1.255318 0.133317 1.629180 -0.296670 0.225608 0.524928 -0.313564 0.428873 2.800000
0.802026 -0.345223 1.657912 -0.305803 0.246959 0.507075 -0.310566 0.424314 2.850000
1.020806 -0.305296 1.685863 -0.314431 0.262491 0.488287 -0.305331 0.217075 2.900000
1.569557 -0.339151 1.713070 -0.322623 0.270576 0.475463 -0.297551 0.115011 2.950000
2.523388 -0.484907 1.739775 -0.330372 0.274251 0.470087 -0.288509 0.038264 3.000000
3.437218 -0.898695 1.766365 -0.337617 0.273182 0.475643 -0.278184 -0.071334 3.050000
3.369103 -0.885966 1.793306 -0.344292 0.263074 0.492751 -0.265080 -0.309414 3.100000
3.729715 -0.733238 1.820834 -0.350434 0.244184 0.511379 -0.249178 -0.433498 3.150000
4.336611 -0.658689 1.849029 -0.356112 0.222400 0.533115 -0.232494 -0.438022 3.200000
4.051254 -1.094799 1.878087 -0.361341 0.201224 0.558919 -0.216265 -0.412381 3.250000
4.666599 -0.874976 1.908044 -0.366177 0.175941 0.581678 -0.198546 -0.581144 3.300000
4.848114 -0.716617 1.938966 -0.370718 0.146890 0.609531 -0.179406 -0.581920 3.350000
5.399172 -0.769978 1.970989 -0.375021 0.119456 0.636802 -0.161085 -0.523352 3.400000
5.298807 -1.081584 2.004220 -0.379131 0.093387 0.667097 -0.143463 -0.520956 3.450000
5.337927 -1.169480 2.038705 -0.383125 0.063711 0.695190 -0.124137 -0.652704 3.500000
5.805840 -1.553357 2.074380 -0.387142 0.028079 0.722533 -0.101883 -0.761916 3.550000
6.000000 -1.681072 2.111304 -0.391342 -0.016003 0.752885 -0.075195 -0.977546 3.600000
5.327152 -1.945504 2.149550 -0.395943 -0.069420 0.782745 -0.043366 -1.141695 3.650000
5.219021 -2.195807 2.188885 -0.401165 -0.131865 0.802915 -0.006561 -1.334678 3.700000
5.516317 -2.438616 2.228976 -0.407224 -0.204140 0.817697 0.035460 -1.533676 3.750000
4.606137 -2.571039 2.269670 -0.414358 -0.286316 0.829455 0.082560 -1.730594 3.800000
4.926848 -2.170943 2.310584 -0.422725 -0.377106 0.825577 0.133352 -1.884264 3.850000
4.610547 -1.697939 2.351332 -0.432403 -0.469513 0.818345 0.182956 -1.828273 3.900000
4.423815 -1.726417 2.391725 -0.443386 -0.555971 0.804326 0.226676 -1.661963 3.950000
4.542510 -1.768588 2.431538 -0.455560 -0.637977 0.785854 0.265353 -1.628255 4.000000
3.865084 -1.636120 2.470635 -0.468880 -0.719850 0.765189 0.301457 -1.647753 4.050000
4.118661 -2.042083 2.508793 -0.483217 -0.801381 0.735447 0.334621 -1.620462 4.100000
3.206196 -2.422480 2.545836 -0.498453 -0.886588 0.703985 0.366732 -1.767288 4.150000
2.210224 -2.158849 2.581518 -0.514394 -0.980686 0.657040 0.399624 -1.965487 4.200000
3.039067 -1.897643 2.615465 -0.530568 -1.078368 0.596841 0.429321 -1.944116 4.250000
2.474908 -2.212675 2.647688 -0.546829 -1.172513 0.545458 0.452621 -1.837197 4.300000
1.892695 -2.626718 2.678305 -0.563136 -1.266275 0.488523 0.471313 -1.900057 4.350000
2.216496 -3.000000 2.707274 -0.579129 -1.365909 0.422506 0.487125 -2.055189 4.400000
1.334043 -3.000000 2.734637 -0.594621 -1.473700 0.354783 0.499874 -2.222572 4.450000
1.314615 -3.000000 2.760499 -0.609358 -1.586027 0.276973 0.507576 -2.257621 4.500000
1.119784 -2.664995 2.785041 -0.623082 -1.698671 0.201137 0.508901 -2.243572 4.550000
0.891778 -2.779768 2.808487 -0.635781 -1.806704 0.129891 0.503730 -2.096212 4.600000
0.043670 -3.000000 2.831056 -0.647472 -1.910596 0.063197 0.493161 -2.059396 4.650000
0.000000 -3.000000 2.853004 -0.658027 -2.014889 -0.007316 0.477905 -2.099237 4.700000
0.000000 -3.000000 2.874588 -0.667389 -2.119746 -0.073479 0.458109 -2.090924 4.750000
0.000000 -2.955485 2.895961 -0.675727 -2.223768 -0.133547 0.434379 -2.069162 4.800000
0.000000 -2.498835 2.917229 -0.683239 -2.326200 -0.186847 0.407489 -2.031149 4.850000
0.000000 -2.443953 2.938436 -0.690131 -2.422407 -0.230933 0.378945 -1.845341 4.900000
0.634473 -2.025683 2.959555 -0.696592 -2.511942 -0.266265 0.349890 -1.750108 4.950000
0.000000 -1.669304 2.980414 -0.702858 -2.593954 -0.287428 0.321559 -1.559638 5.000000
0.000000 -1.858803 3.000932 -0.709026 -2.665977 -0.306455 0.295180 -1.351903 5.050000
0.000000 -2.197806 3.021156 -0.715087 -2.733175 -0.320380 0.269970 -1.338651 5.100000
0.000000 -2.626008 3.041056 -0.721099 -2.803657 -0.332583 0.244258 -1.463553 5.150000
0.853385 -2.756126 3.060636 -0.727131 -2.882945 -0.344508 0.216713 -1.677034 5.200000
0.882783 -2.881534 3.079704 -0.733309 -2.970715 -0.347313 0.187626 -1.814051 5.250000
1.858592 -3.000000 3.098032 -0.739722 -3.064393 -0.347628 0.157986 -1.918189 5.300000
2.756536 -2.587415 3.115335 -0.746388 3.120356 -0.336046 0.128594 -2.006824 5.350000
3.314165 -2.249871 3.131129 -0.753244 3.023136 -0.312649 0.101717 -1.901338 5.400000
3.395301 -2.110331 3.145048 -0.760102 2.932544 -0.280936 0.079075 -1.748416 5.450000
2.429343 -2.606985 3.156967 -0.766740 2.848144 -0.246612 0.060513 -1.644895 5.500000
2.387696 -2.194811 3.167144 -0.773049 2.761752 -0.220747 0.044080 -1.789250 5.550000
3.286845 -1.949308 3.175863 -0.778981 2.674914 -0.194497 0.029729 -1.699094 5.600000
3.525315 -2.125489 3.183018 -0.784313 2.593497 -0.159227 0.018453 -1.576729 5.650000
4.072909 -2.378153 3.188487 -0.788781 2.514163 -0.121964 0.009888 -1.594299 5.700000
4.473747 -2.286446 3.192258 -0.792158 2.431561 -0.080263 0.003623 -1.694596 5.750000
4.278831 -2.057776 3.194331 -0.794184 2.346651 -0.035864 0.000000 -1.700903 5.800000
4.261960 -2.272691 3.194874 -0.794715 2.263935 0.005314 -0.000896 -1.620105 5.850000
4.906146 -2.274181 3.194133 -0.793696 2.181585 0.044762 0.000625 -1.666757 5.900000
4.978834 -2.112319 3.192246 -0.790940 2.097700 0.088406 0.004606 -1.685778 5.950000
5.115708 -2.327257 3.189366 -0.786261 2.014887 0.130499 0.010924 -1.634758 6.000000
4.643161 -2.175539 3.185726 -0.779594 1.931444 0.171406 0.019563 -1.694195 6.050000
4.204785 -2.103340 3.181609 -0.771025 1.847618 0.205249 0.030170 -1.664028 6.100000
4.964952 -1.951502 3.177312 -0.760791 1.765465 0.232518 0.041980 -1.628209 6.150000
5.123619 -1.986036 3.173023 -0.748870 1.685999 0.264603 0.054647 -1.561412 6.200000
5.504259 -2.212457 3.168905 -0.735126 1.608247 0.295632 0.068335 -1.551238 6.250000
5.499995 -1.805590 3.165156 -0.719531 1.528303 0.327217 0.083793 -1.635168 6.300000
5.069450 -1.310697 3.161988 -0.702122 1.449751 0.355969 0.100072 -1.524985 6.350000
5.310959 -1.332521 3.159549 -0.683125 1.379920 0.379193 0.114945 -1.301865 6.400000
4.507660 -0.863689 3.157939 -0.662690 1.317148 0.403549 0.128538 -1.221700 6.450000
4.874855 -0.914818 3.157205 -0.641049 1.262011 0.419782 0.140313 -1.012912 6.500000
5.550775 -0.447018 3.157368 -0.618375 1.213347 0.439227 0.150417 -0.943872 6.550000
5.918555 -0.697128 3.158548 -0.594513 1.172097 0.465108 0.158546 -0.733494 6.600000
5.071307 -0.294252 3.160858 -0.569307 1.135320 0.493903 0.165701 -0.738485 6.650000
5.047492 -0.658668 3.164281 -0.542949 1.102707 0.514287 0.171733 -0.585185 6.700000
4.569007 -0.421427 3.168739 -0.515692 1.071352 0.533649 0.177578 -0.661378 6.750000
4.169122 -0.718030 3.174203 -0.487723 1.039786 0.547474 0.183655 -0.608474 6.800000
4.806968 -1.215063 3.180586 -0.459289 1.006661 0.556353 0.190406 -0.706081 6.850000
4.177951 -1.497160 3.187961 -0.430446 0.964379 0.567975 0.200856 -0.955801 6.900000
4.144985 -1.448305 3.196391 -0.401353 0.910091 0.569170 0.215991 -1.186731 6.950000
4.249068 -0.953918 3.205843 -0.372308 0.848238 0.566511 0.233616 -1.276708 7.000000
3.283672 -0.502428 3.216346 -0.343415 0.788485 0.564211 0.249643 -1.134405 7.050000
3.622844 -0.354392 3.227739 -0.314847 0.738370 0.555272 0.261017 -0.901223 7.100000
4.510796 -0.708609 3.239896 -0.286668 0.697930 0.552685 0.267972 -0.737117 7.150000
5.370232 -0.646900 3.253022 -0.258676 0.659261 0.558733 0.274055 -0.802617 7.200000
6.000000 -0.194869 3.267432 -0.230688 0.618831 0.571506 0.280888 -0.814499 7.250000
5.150865 0.176025 3.283397 -0.202575 0.582844 0.590968 0.286077 -0.646613 7.300000
4.685122 -0.142383 3.300851 -0.174380 0.556883 0.605474 0.287239 -0.418344 7.350000
5.584013 0.189857 3.319513 -0.146249 0.535522 0.616828 0.286628 -0.434823 7.400000
5.109833 0.667925 3.339447 -0.118150 0.517269 0.637279 0.284873 -0.309519 7.450000
4.390162 0.382535 3.360708 -0.090007 0.509093 0.656409 0.278776 -0.044107 7.500000
5.044047 -0.005619 3.383015 -0.061879 0.507618 0.670625 0.269856 -0.017069 7.550000
5.557397 0.348779 3.406319 -0.033765 0.502670 0.689070 0.262971 -0.166477 7.600000
4.739793 0.664398 3.430822 -0.005590 0.496170 0.710996 0.257145 -0.100265 7.650000
4.076317 0.362994 3.456419 0.022623 0.495859 0.726591 0.248429 0.072008 7.700000
3.499484 0.478240 3.482761 0.050768 0.498670 0.736401 0.238418 0.044012 7.750000
2.990355 0.156402 3.509561 0.078719 0.501888 0.740538 0.228524 0.082250 7.800000
2.803870 0.127518 3.536579 0.106366 0.502951 0.739087 0.220119 -0.028129 7.850000
1.866832 0.053865 3.563670 0.133598 0.499607 0.734667 0.214322 -0.098010 7.900000
2.405574 0.454904 3.590609 0.160263 0.492880 0.720803 0.210456 -0.163575 7.950000
1.871584 0.200739 3.617329 0.186320 0.488468 0.713213 0.205481 -0.025271 8.000000
2.517588 0.528133 3.643838 0.211832 0.486476 0.701686 0.199438 -0.050779 8.050000
3.002275 0.775387 3.670170 0.236844 0.487491 0.697449 0.192087 0.080182 8.100000
3.888370 0.616762 3.696557 0.261559 0.496509 0.699886 0.181003 0.263617 8.150000
3.268486 0.180028 3.723258 0.286220 0.510737 0.711509 0.167646 0.302830 8.200000
3.222766 0.662617 3.750297 0.310885 0.521564 0.715913 0.156418 0.147323 8.250000
2.648744 0.654224 3.777522 0.335452 0.532312 0.719531 0.145566 0.271408 8.300000
2.186608 0.480755 3.804781 0.359897 0.547781 0.718388 0.132666 0.341786 8.350000
2.547063 0.564452 3.831845 0.384142 0.564091 0.712883 0.119824 0.315239 8.400000
2.064665 0.976739 3.858689 0.408189 0.580598 0.710705 0.107365 0.343725 8.450000
1.564276 0.526892 3.885275 0.432064 0.603087 0.704648 0.092358 0.536789 8.500000
1.914021 1.024784 3.911385 0.455706 0.627783 0.693995 0.076911 0.461583 8.550000
1.927739 0.986043 3.936987 0.479114 0.655643 0.686800 0.060581 0.635331 8.600000
1.970289 1.263622 3.962120 0.502402 0.689609 0.679798 0.041979 0.716190 8.650000
1.207267 0.773591 3.986754 0.525629 0.729852 0.672848 0.021147 0.876535 8.700000
0.974263 1.186505 4.010718 0.548720 0.770629 0.658012 0.001090 0.770134 8.750000
1.180664 1.122855 4.033849 0.571507 0.812527 0.640538 -0.018342 0.892927 8.800000
1.233934 0.653376 4.056126 0.594004 0.858308 0.624444 -0.038365 0.935225 8.850000
0.720303 1.119731 4.077592 0.616254 0.900633 0.608584 -0.055662 0.778974 8.900000
0.345491 0.768792 4.098217 0.638147 0.942838 0.587676 -0.071768 0.896228 8.950000
0.000000 0.882524 4.117883 0.659521 0.985451 0.563227 -0.086807 0.819130 9.000000
0.745579 0.410754 4.136543 0.680227 1.026747 0.535936 -0.100029 0.831978 9.050000
1.371410 0.172996 4.154298 0.700347 1.063339 0.516699 -0.110348 0.653702 9.100000
1.737494 -0.151128 4.171396 0.720150 1.090947 0.505025 -0.116636 0.471624 9.150000
1.917234 -0.546997 4.188026 0.739836 1.108262 0.498704 -0.118846 0.245037 9.200000
2.718339 -0.431101 4.204336 0.759512 1.112551 0.496382 -0.116304 -0.045761 9.250000
3.122453 -0.748420 4.220524 0.779372 1.107101 0.503100 -0.110392 -0.161409 9.300000
2.317874 -1.226713 4.236776 0.799646 1.093565 0.514397 -0.101709 -0.360183 9.350000
1.342524 -1.305312 4.253134 0.820207 1.067130 0.519223 -0.088492 -0.664255 9.400000
1.906798 -1.753998 4.269507 0.840632 1.028693 0.515552 -0.071302 -0.852174 9.450000
1.758833 -1.780044 4.285940 0.860786 0.978473 0.517243 -0.050379 -1.123446 9.500000
2.162041 -1.701038 4.302566 0.880675 0.918384 0.516481 -0.026520 -1.263274 9.550000
1.729697 -2.177573 4.319468 0.900265 0.854140 0.517603 -0.001932 -1.303249 9.600000
1.511748 -2.466170 4.336653 0.919465 0.783167 0.512363 0.024207 -1.508457 9.650000
1.574377 -2.485946 4.354038 0.938055 0.702058 0.502161 0.052736 -1.708159 9.700000
0.842204 -2.706839 4.371589 0.955898 0.613959 0.489145 0.082091 -1.803389 9.750000
0.000000 -2.384017 4.389127 0.972823 0.520233 0.465643 0.111206 -1.927736 9.800000
0.000000 -2.162197 4.406260 0.988605 0.425681 0.431618 0.137655 -1.865758 9.850000
0.000000 -2.570758 4.422725 1.003218 0.335280 0.396712 0.159641 -1.766732 9.900000
0.000000 -2.150175 4.438448 1.016759 0.243736 0.360424 0.178878 -1.877543 9.950000
0.858038 -1.672924 4.453369 1.029310 0.153019 0.323615 0.194860 -1.768241 10.000000
0.812682 -1.244252 4.467660 1.041020 0.070854 0.296878 0.206338 -1.551236 10.050000
1.164906 -0.970871 4.481519 1.052025 0.000397 0.273065 0.213557 -1.302445 10.100000
0.829614 -1.028263 4.495054 1.062411 -0.058717 0.256241 0.217365 -1.090512 10.150000
1.067300 -1.189251 4.508305 1.072240 -0.111154 0.238708 0.219144 -1.016136 10.200000
0.584322 -1.024739 4.521267 1.081544 -0.162719 0.224226 0.220121 -1.042463 10.250000
1.524112 -0.616902 4.533889 1.090356 -0.213317 0.206069 0.220314 -0.987836 10.300000
1.223635 -1.019712 4.546300 1.098675 -0.257455 0.199299 0.219114 -0.800812 10.350000
1.080402 -1.058000 4.558673 1.106491 -0.299455 0.190716 0.217427 -0.870200 10.400000
0.949402 -0.821012 4.570900 1.113836 -0.344265 0.180402 0.215886 -0.915964 10.450000
0.477126 -1.260400 4.582916 1.120739 -0.387999 0.169688 0.213926 -0.842135 10.500000
0.384525 -1.097212 4.594598 1.127265 -0.433939 0.154479 0.211888 -0.977660 10.550000
0.493579 -0.668471 4.605824 1.133484 -0.482725 0.138313 0.209701 -0.973615 10.600000
0.575017 -0.397919 4.616621 1.139413 -0.526563 0.125347 0.206619 -0.800939 10.650000
0.021063 -0.577003 4.627079 1.145041 -0.561238 0.116380 0.202513 -0.608449 10.700000
0.000000 -0.562784 4.637153 1.150435 -0.590979 0.104148 0.197904 -0.583502 10.750000
0.000000 -0.728331 4.646760 1.155678 -0.619595 0.092670 0.193125 -0.562971 10.800000
0.080100 -0.502162 4.655919 1.160780 -0.649278 0.081536 0.188347 -0.617611 10.850000
0.000000 -0.170722 4.664665 1.165741 -0.678325 0.071921 0.183482 -0.551466 10.900000
0.496655 -0.501620 4.673031 1.170565 -0.701173 0.063639 0.178302 -0.380857 10.950000
0.000000 -0.230342 4.681126 1.175185 -0.721518 0.061039 0.173103 -0.427714 11.000000
0.000000 0.237092 4.688965 1.179608 -0.740461 0.054387 0.167959 -0.339214 11.050000
0.000000 0.295326 4.696485 1.183910 -0.750718 0.050062 0.162596 -0.095420 11.100000
0.000000 -0.149652 4.703729 1.188078 -0.751084 0.048114 0.157050 0.065717 11.150000
0.000000 -0.293795 4.710723 1.192108 -0.750502 0.046438 0.151664 -0.033070 11.200000
0.826260 -0.046125 4.717468 1.196007 -0.755358 0.043723 0.146639 -0.149805 11.250000
0.194888 -0.404480 4.724102 1.199655 -0.761744 0.048524 0.141841 -0.109636 11.300000
0.000000 -0.173076 4.730659 1.203030 -0.770780 0.046816 0.137307 -0.238858 11.350000
0.446876 0.176159 4.736995 1.206278 -0.781974 0.043022 0.132980 -0.211528 11.400000
0.000000 0.408209 4.743163 1.209358 -0.788080 0.044488 0.128633 -0.048625 11.450000
0.538448 0.824503 4.749185 1.212268 -0.785287 0.043305 0.124160 0.142239 11.500000
1.507241 1.138734 4.755104 1.214984 -0.770463 0.049135 0.119434 0.421651 11.550000
0.995271 1.294222 4.761204 1.217261 -0.741793 0.065837 0.114176 0.693801 11.600000
1.416172 1.664515 4.767592 1.219048 -0.701653 0.078660 0.108212 0.887877 11.650000
2.188761 1.234892 4.774284 1.220400 -0.650642 0.096102 0.101337 1.121848 11.700000
1.279577 1.373997 4.781528 1.221206 -0.596287 0.120003 0.093699 1.060273 11.750000
1.228317 1.698301 4.789298 1.221560 -0.542550 0.133895 0.085644 1.085787 11.800000
2.183319 1.849914 4.797409 1.221654 -0.484408 0.146654 0.076910 1.221538 11.850000
1.606999 1.388095 4.806060 1.221461 -0.420014 0.167677 0.067068 1.337945 11.900000
0.956567 1.691451 4.815324 1.221026 -0.356666 0.181577 0.056905 1.213485 11.950000
0.816292 1.289329 4.824911 1.220525 -0.294220 0.187966 0.046744 1.275973 12.000000
0.476435 1.104593 4.834629 1.220068 -0.233973 0.191841 0.037003 1.151322 12.050000
0.416847 1.079821 4.844345 1.219698 -0.179945 0.191386 0.028370 1.026618 12.100000
1.255552 0.871836 4.853948 1.219435 -0.130451 0.189649 0.020687 0.961831 12.150000
0.531025 0.570128 4.863610 1.219258 -0.085469 0.195178 0.013819 0.851571 12.200000
0.736155 0.486128 4.873337 1.219159 -0.047683 0.193276 0.008122 0.680696 12.250000
0.619065 0.810536 4.883001 1.219141 -0.016904 0.193037 0.003611 0.564133 12.300000
0.322623 1.228548 4.892616 1.219196 0.013356 0.191536 -0.000660 0.637889 12.350000
1.051632 1.028846 4.902083 1.219337 0.050963 0.187116 -0.005715 0.842000 12.400000
1.939077 1.432729 4.911502 1.219594 0.093595 0.189312 -0.011244 0.861085 12.450000
2.473750 1.292677 4.921236 1.220020 0.141381 0.199226 -0.017494 1.029109 12.500000
3.156151 1.763433 4.931581 1.220706 0.193492 0.213170 -0.024569 1.052601 12.550000
3.752295 2.133850 4.942763 1.221766 0.251586 0.232134 -0.032982 1.245488 12.600000
4.028399 2.184039 4.954985 1.223365 0.320269 0.254593 -0.043815 1.470305 12.650000
4.163956 1.899376 4.968322 1.225685 0.397043 0.277077 -0.056905 1.584529 12.700000
5.160641 2.327436 4.982719 1.228878 0.474662 0.298459 -0.070905 1.529442 12.750000
4.678671 1.984381 4.998258 1.233165 0.555125 0.326403 -0.086454 1.669205 12.800000
5.269527 2.230781 5.014851 1.238707 0.636687 0.346872 -0.103094 1.604545 12.850000
5.407297 2.465651 5.032323 1.245606 0.718907 0.370032 -0.120619 1.675097 12.900000
5.005457 2.318612 5.050582 1.254044 0.806076 0.390613 -0.140173 1.794824 12.950000
5.217977 2.611507 5.069336 1.264031 0.895778 0.403755 -0.160798 1.795103 13.000000
4.723667 2.683696 5.088318 1.275559 0.988753 0.415018 -0.182461 1.907803 13.050000
4.408457 2.884377 5.107247 1.288564 1.086279 0.417255 -0.205160 1.982773 13.100000
4.717552 3.000000 5.125802 1.302840 1.188429 0.412094 -0.228334 2.087324 13.150000
5.556431 3.000000 5.143768 1.318316 1.295201 0.405302 -0.251608 2.170790 13.200000
4.786371 3.000000 5.161027 1.335148 1.404728 0.402265 -0.274481 2.205796 13.250000
4.550673 3.000000 5.177399 1.353229 1.515481 0.388418 -0.296226 2.222324 13.300000
4.048674 2.998832 5.192710 1.372194 1.626818 0.369582 -0.316066 2.230101 13.350000
4.510571 2.727760 5.206872 1.391739 1.738390 0.343926 -0.333491 2.232034 13.400000
5.204332 2.390186 5.219825 1.411743 1.847218 0.322459 -0.347761 2.136979 13.450000
4.981865 2.158918 5.231465 1.432384 1.949599 0.309517 -0.358728 1.983702 13.500000
5.613557 1.750162 5.241708 1.453693 2.044743 0.297255 -0.366821 1.844303 13.550000
4.656228 1.955994 5.250448 1.475686 2.131157 0.294840 -0.372277 1.643680 13.600000
4.450318 2.234932 5.257676 1.498231 2.213234 0.285268 -0.376300 1.639575 13.650000
4.007062 2.213605 5.263507 1.520992 2.298049 0.272324 -0.380076 1.737218 13.700000
3.106280 2.154898 5.268032 1.543728 2.385700 0.253905 -0.383289 1.763531 13.750000
3.378060 1.897766 5.271483 1.566135 2.473427 0.227506 -0.384993 1.746454 13.800000
4.038492 1.885180 5.273978 1.588081 2.557715 0.206373 -0.384612 1.639984 13.850000
3.794770 2.103429 5.275335 1.609677 2.638263 0.194268 -0.382721 1.588781 13.900000
4.685936 1.997340 5.275476 1.630925 2.719332 0.180334 -0.380231 1.644442 13.950000
4.600692 2.189444 5.274282 1.651808 2.801000 0.175208 -0.377350 1.624816 14.000000
3.629377 2.510604 5.271597 1.672301 2.883998 0.169130 -0.374420 1.685318 14.050000
4.186611 2.120888 5.267708 1.692231 2.972234 0.151942 -0.371506 1.821475 14.100000
5.121592 2.095244 5.262761 1.711482 3.060652 0.140898 -0.367806 1.728928 14.150000
6.000000 1.681136 5.256425 1.730016 -3.137433 0.141084 -0.363572 1.682255 14.200000
6.000000 1.648180 5.248304 1.747734 -3.058190 0.152786 -0.359219 1.513570 14.250000
6.000000 1.204379 5.238225 1.764493 -2.984751 0.167296 -0.355115 1.436158 14.300000
6.000000 0.857972 5.226250 1.780154 -2.918531 0.185100 -0.351079 1.241266 14.350000
5.687676 1.318711 5.212420 1.794601 -2.862508 0.207404 -0.346704 1.029352 14.400000
6.000000 1.448143 5.196864 1.807760 -2.808572 0.227218 -0.343051 1.117518 14.450000
6.000000 1.018976 5.179712 1.819539 -2.750072 0.247258 -0.341067 1.210999 14.500000
5.404978 1.245680 5.161033 1.829822 -2.692909 0.267266 -0.339708 1.092659 14.550000
5.141005 1.474697 5.141059 1.838593 -2.637195 0.281713 -0.338840 1.131566 14.600000
6.000000 1.614732 5.120096 1.845884 -2.577571 0.291364 -0.339287 1.239320 14.650000
6.000000 1.794687 5.098182 1.851563 -2.512692 0.306094 -0.341358 1.342394 14.700000
6.000000 1.624242 5.075328 1.855463 -2.442310 0.317430 -0.345182 1.457258 14.750000
6.000000 1.137496 5.051730 1.857531 -2.369822 0.326926 -0.349854 1.444951 14.800000
5.419938 0.886441 5.027538 1.857721 -2.302847 0.338258 -0.353563 1.261128 14.850000
5.804239 1.120899 5.002938 1.856095 -2.244671 0.347717 -0.355489 1.089856 14.900000
6.000000 0.655442 4.978040 1.852659 -2.189691 0.361768 -0.357056 1.107962 14.950000
6.000000 0.914984 4.952873 1.847301 -2.139051 0.379082 -0.358005 0.940629 15.000000
5.654401 0.925020 4.927500 1.839978 -2.091209 0.396996 -0.358815 0.970482 15.050000
5.920045 0.446428 4.902085 1.830778 -2.042081 0.410279 -0.360495 0.992778 15.100000
6.000000 0.020232 4.876749 1.819737 -1.997324 0.427545 -0.361315 0.820418 15.150000
6.000000 0.177032 4.851499 1.806783 -1.963231 0.450083 -0.359394 0.573810 15.200000
5.586282 0.207296 4.826337 1.791902 -1.936054 0.475172 -0.355872 0.520637 15.250000
6.000000 -0.160661 4.801340 1.775217 -1.910308 0.496215 -0.352434 0.511303 15.300000
5.187533 -0.032854 4.776554 1.756767 -1.888945 0.522450 -0.347939 0.360869 15.350000
5.735107 -0.368402 4.752013 1.736672 -1.871514 0.542047 -0.342482 0.339363 15.400000
5.595792 -0.065754 4.727745 1.715026 -1.858639 0.568149 -0.335683 0.191755 15.450000
5.741019 -0.247085 4.703709 1.691773 -1.847668 0.592853 -0.328600 0.242668 15.500000
5.564776 -0.525606 4.679929 1.666966 -1.836793 0.618023 -0.321908 0.197654 15.550000
5.377247 -0.242335 4.656404 1.640658 -1.830755 0.642697 -0.313461 0.057953 15.600000
5.639989 0.133987 4.633123 1.612972 -1.826657 0.665476 -0.304537 0.101978 15.650000
4.862884 -0.155660 4.610109 1.583948 -1.816484 0.687299 -0.298944 0.286899 15.700000
5.614169 -0.395960 4.587473 1.553772 -1.802682 0.699607 -0.295433 0.267403 15.750000
5.234662 -0.346260 4.565231 1.522485 -1.792342 0.719808 -0.290444 0.157690 15.800000
6.000000 -0.631750 4.543332 1.490031 -1.785509 0.737073 -0.283959 0.119420 15.850000
6.000000 -0.657154 4.521727 1.456354 -1.783443 0.762566 -0.275243 -0.023178 15.900000
6.000000 -1.007254 4.500310 1.421315 -1.787116 0.789084 -0.263707 -0.115278 15.950000
6.000000 -1.262169 4.478997 1.384960 -1.798402 0.817024 -0.248132 -0.316770 16.000000
5.561156 -0.831260 4.457644 1.347338 -1.820263 0.846862 -0.226599 -0.535790 16.050000
6.000000 -1.054168 4.436124 1.308618 -1.845517 0.871661 -0.203356 -0.483005 16.100000
6.000000 -1.139253 4.414374 1.268885 -1.871714 0.898894 -0.179842 -0.559196 16.150000
5.888330 -1.081917 4.392268 1.228131 -1.902010 0.924986 -0.153979 -0.646203 16.200000
5.489755 -0.846207 4.369709 1.186482 -1.935249 0.948365 -0.126519 -0.683192 16.250000
6.000000 -0.826941 4.346664 1.144152 -1.967684 0.965691 -0.100085 -0.625305 16.300000
6.000000 -1.231114 4.323095 1.101204 -1.998340 0.985649 -0.075360 -0.607170 16.350000
5.285537 -1.472556 4.298903 1.057623 -2.033403 1.004008 -0.047906 -0.779735 16.400000
4.829243 -1.509919 4.274022 1.013697 -2.077910 1.013882 -0.014239 -0.981487 16.450000
3.838660 -1.705429 4.248427 0.969834 -2.130646 1.016859 0.024441 -1.117371 16.500000
3.953776 -1.240481 4.222184 0.926490 -2.191053 1.007153 0.067216 -1.283998 16.550000
4.175755 -0.876778 4.195341 0.883986 -2.253011 0.995311 0.109154 -1.211851 16.600000
4.651547 -1.094281 4.167890 0.842323 -2.309414 0.983753 0.145207 -1.069674 16.650000
5.499249 -0.910443 4.139777 0.801409 -2.364029 0.974872 0.178375 -1.114689 16.700000
5.619255 -1.172439 4.110792 0.761113 -2.418860 0.971785 0.210301 -1.087758 16.750000
5.056007 -1.617813 4.080782 0.721390 -2.476277 0.966773 0.242761 -1.199448 16.800000
5.832927 -1.166766 4.049822 0.682496 -2.542957 0.950792 0.279996 -1.439616 16.850000
5.752813 -1.000541 4.017877 0.644634 -2.613535 0.937769 0.317818 -1.395708 16.900000
6.000000 -1.108333 3.984869 0.607832 -2.681511 0.922336 0.351855 -1.336632 16.950000
6.000000 -0.758369 3.950826 0.572165 -2.749208 0.906985 0.383766 -1.370752 17.000000
5.000952 -1.206553 3.915760 0.537714 -2.814767 0.890697 0.412380 -1.269416 17.050000
5.116054 -1.043964 3.879959 0.504625 -2.882095 0.862350 0.440057 -1.406457 17.100000
5.164673 -1.154841 3.843706 0.473076 -2.952504 0.831928 0.467167 -1.410960 17.150000
4.523122 -0.941533 3.807048 0.443122 -3.024413 0.799805 0.492604 -1.459349 17.200000
4.272526 -0.635780 3.770206 0.414823 -3.095712 0.761216 0.514949 -1.400725 17.250000
4.960760 -0.274222 3.733429 0.388170 3.121489 0.723833 0.531731 -1.257539 17.300000
5.031942 -0.339929 3.696590 0.363091 3.064395 0.699668 0.541940 -1.052773 17.350000
5.474970 -0.768729 3.659466 0.339522 3.013731 0.681298 0.547767 -0.981881 17.400000
4.678670 -1.083073 3.621953 0.317476 2.960938 0.665815 0.553821 -1.111925 17.450000
4.909508 -1.129143 3.584251 0.296994 2.900406 0.637241 0.562413 -1.283836 17.500000
4.002296 -1.151779 3.546628 0.278108 2.833797 0.606600 0.572093 -1.366707 17.550000
3.622324 -1.069928 3.509339 0.260783 2.764467 0.565870 0.580849 -1.398514 17.600000
3.133909 -1.316835 3.472716 0.244896 2.695373 0.522783 0.587114 -1.365888 17.650000
2.616509 -1.474612 3.436951 0.230315 2.625220 0.475597 0.591311 -1.426727 17.700000
2.849701 -1.285593 3.402274 0.216874 2.551943 0.422705 0.593850 -1.489553 17.750000
2.912861 -1.378448 3.368735 0.204472 2.479238 0.374464 0.593486 -1.423074 17.800000
2.395578 -0.999961 3.336218 0.193096 2.408348 0.330365 0.590296 -1.409444 17.850000
1.407403 -0.734323 3.304738 0.182634 2.342559 0.287722 0.583903 -1.240917 17.900000
0.801007 -0.284477 3.274415 0.172831 2.285923 0.245470 0.574027 -1.045790 17.950000
0.000000 0.197440 3.245332 0.163435 2.241512 0.209498 0.560964 -0.761997 18.000000
0.343990 0.061728 3.217496 0.154257 2.213015 0.180248 0.545153 -0.414057 18.050000
1.084627 -0.091764 3.190783 0.145303 2.195998 0.164283 0.528056 -0.278748 18.100000
1.069191 -0.057146 3.164941 0.136819 2.182443 0.158632 0.511058 -0.263950 18.150000
1.936802 -0.108508 3.139825 0.128939 2.169962 0.154092 0.494511 -0.237114 18.200000
1.922335 -0.106932 3.115291 0.121819 2.157965 0.158378 0.478512 -0.242188 18.250000
2.525625 -0.091836 3.091213 0.115603 2.145807 0.162517 0.463149 -0.243871 18.300000
2.689383 -0.068904 3.067506 0.110380 2.133751 0.172412 0.448390 -0.239214 18.350000
2.453924 -0.390239 3.044071 0.106276 2.122083 0.183915 0.434207 -0.229025 18.400000
2.514687 -0.134376 3.020922 0.103240 2.107045 0.191054 0.421072 -0.359040 18.450000
2.960078 -0.051987 2.998110 0.101188 2.090118 0.197683 0.408734 -0.322040 18.500000
1.963655 0.038324 2.975572 0.100203 2.075482 0.209719 0.396618 -0.269307 18.550000
2.785367 0.305886 2.953360 0.100158 2.063823 0.213846 0.384572 -0.203573 18.600000
3.382987 0.272930 2.931469 0.101011 2.057723 0.228482 0.372152 -0.055385 18.650000
3.643954 0.045094 2.909703 0.103056 2.056772 0.250746 0.359382 0.010220 18.700000
4.522136 -0.454771 2.887953 0.106434 2.055533 0.274444 0.347150 -0.054614 18.750000
3.930294 -0.570722 2.866125 0.111317 2.045880 0.301492 0.337128 -0.307387 18.800000
4.414131 -0.893332 2.844281 0.117672 2.025357 0.317195 0.329992 -0.493952 18.850000
5.007545 -1.310411 2.822538 0.125406 1.994301 0.332259 0.325779 -0.722493 18.900000
5.438284 -1.572066 2.800922 0.134676 1.950355 0.346666 0.325170 -1.001295 18.950000
5.026160 -1.547700 2.779517 0.145624 1.893740 0.358836 0.328179 -1.233094 19.000000
4.909859 -1.390564 2.758500 0.158173 1.829405 0.362930 0.333372 -1.327677 19.050000
5.392611 -1.768502 2.738053 0.172141 1.763514 0.364609 0.338899 -1.310832 19.100000
5.355194 -1.282581 2.718278 0.187555 1.694068 0.368526 0.345313 -1.447979 19.150000
5.770666 -1.451787 2.699292 0.204438 1.625173 0.371610 0.351489 -1.325951 19.200000
4.894243 -1.560089 2.681191 0.222827 1.558458 0.378921 0.357138 -1.341327 19.250000
5.253151 -1.944233 2.664082 0.242530 1.489990 0.376423 0.363172 -1.390591 19.300000
6.000000 -1.810265 2.648075 0.263321 1.415748 0.373875 0.370429 -1.555221 19.350000
6.000000 -1.980893 2.633325 0.285318 1.337448 0.375544 0.378468 -1.574568 19.400000
5.196914 -1.719919 2.619978 0.308559 1.256639 0.374974 0.386930 -1.647288 19.450000
6.000000 -2.175967 2.608082 0.332717 1.176174 0.366266 0.394705 -1.581228 19.500000
6.000000 -2.549423 2.597721 0.357669 1.093051 0.363076 0.402586 -1.722312 19.550000
6.000000 -2.851488 2.589051 0.383392 1.001441 0.354364 0.412008 -1.911844 19.600000
6.000000 -2.485474 2.582141 0.409643 0.900699 0.339603 0.422578 -2.088126 19.650000
5.508999 -2.417403 2.577034 0.436192 0.798244 0.323079 0.432009 -2.020630 19.700000
5.479157 -2.370338 2.573679 0.462806 0.698707 0.303223 0.439121 -1.968323 19.750000
5.436716 -2.173598 2.572002 0.489275 0.601440 0.284415 0.444132 -1.927712 19.800000
4.787719 -2.419365 2.571993 0.515479 0.507640 0.267523 0.447037 -1.837582 19.850000
5.299444 -2.229681 2.573509 0.541237 0.414319 0.245277 0.448458 -1.885773 19.900000
4.637517 -2.497704 2.576496 0.566421 0.321615 0.228943 0.448430 -1.829982 19.950000
5.473465 -2.460020 2.580892 0.590934 0.228078 0.206663 0.447270 -1.898547 20.000000
4.739282 -2.465462 2.586689 0.614673 0.132939 0.192254 0.445153 -1.904769 20.050000
4.093029 -2.677250 2.593859 0.637549 0.037708 0.171867 0.441941 -1.902974 20.100000
3.144854 -3.000000 2.602025 0.659457 -0.059438 0.145611 0.437484 -1.969715 20.150000
3.862974 -3.000000 2.610745 0.680364 -0.161729 0.109204 0.431484 -2.097513 20.200000
2.939592 -2.526458 2.619902 0.700257 -0.267699 0.079696 0.423541 -2.132834 20.250000
2.398667 -2.342574 2.629432 0.719157 -0.369633 0.046310 0.413309 -1.969189 20.300000
2.894318 -2.730050 2.639056 0.737171 -0.464226 0.014759 0.400935 -1.833989 20.350000
1.993475 -2.452474 2.648811 0.754297 -0.558297 -0.009051 0.387157 -1.914161 20.400000
2.345753 -2.785501 2.658625 0.770601 -0.651832 -0.038238 0.372093 -1.837601 20.450000
2.586883 -2.505704 2.668418 0.786150 -0.746187 -0.061474 0.355802 -1.921636 20.500000
2.246039 -2.266481 2.678311 0.800855 -0.840175 -0.079287 0.338723 -1.848722 20.550000
2.235302 -2.478216 2.688306 0.814703 -0.929251 -0.095215 0.321427 -1.732064 20.600000
1.672278 -2.842557 2.698364 0.827711 -1.016725 -0.107866 0.303964 -1.761821 20.650000
2.325082 -3.000000 2.708409 0.839984 -1.108902 -0.125039 0.285801 -1.902277 20.700000
2.731003 -2.585809 2.718444 0.851504 -1.207139 -0.135437 0.266812 -2.009494 20.750000
1.803406 -2.329250 2.728549 0.862028 -1.304495 -0.138849 0.248082 -1.902573 20.800000
2.465956 -2.314239 2.738652 0.871619 -1.395825 -0.146395 0.230243 -1.771655 20.850000
1.922257 -2.138170 2.748685 0.880283 -1.482834 -0.144050 0.213315 -1.717703 20.900000
1.826628 -2.059611 2.758604 0.887962 -1.566311 -0.143935 0.197416 -1.634564 20.950000
2.463474 -1.735414 2.768345 0.894781 -1.646305 -0.142079 0.182488 -1.574719 21.000000
2.812925 -1.776441 2.777837 0.900599 -1.720964 -0.131568 0.168948 -1.433211 21.050000
3.124875 -1.633240 2.786976 0.905187 -1.791459 -0.116004 0.156948 -1.393129 21.100000
2.857761 -1.386893 2.795644 0.908426 -1.859171 -0.096490 0.146454 -1.325712 21.150000
3.556940 -1.266983 2.803749 0.910350 -1.922052 -0.078383 0.137527 -1.206672 21.200000
3.340552 -1.019706 2.811169 0.910919 -1.979677 -0.052817 0.130136 -1.111883 21.250000
3.618357 -1.146529 2.817785 0.910093 -2.031439 -0.028696 0.124186 -0.976883 21.300000
2.621828 -0.845847 2.823520 0.907937 -2.079998 -0.001994 0.119426 -0.967323 21.350000
3.012488 -1.295552 2.828409 0.904675 -2.124972 0.015303 0.115563 -0.847153 21.400000
2.087001 -1.647203 2.832484 0.900498 -2.170760 0.035672 0.112472 -0.969301 21.450000
1.369861 -1.757876 2.835796 0.895588 -2.224690 0.045615 0.110217 -1.162543 21.500000
1.971762 -1.745292 2.838558 0.890327 -2.286449 0.047505 0.108518 -1.290207 21.550000
1.216537 -1.298178 2.840771 0.884791 -2.352390 0.054434 0.107223 -1.340470 21.600000
1.349442 -1.593469 2.842455 0.879048 -2.415215 0.054645 0.106010 -1.192991 21.650000
0.403295 -1.458508 2.843702 0.873224 -2.476245 0.056440 0.104819 -1.241565 21.700000
1.273839 -1.420188 2.844663 0.867459 -2.537457 0.049449 0.103559 -1.210991 21.750000
2.059737 -1.887820 2.845345 0.861777 -2.597208 0.051125 0.102175 -1.182879 21.800000
2.712163 -2.284315 2.845423 0.855991 -2.661067 0.059573 0.101229 -1.348537 21.850000
3.665930 -2.586996 2.844609 0.850007 -2.734746 0.072461 0.101272 -1.566859 21.900000
4.297515 -3.000000 2.842575 0.843782 -2.818837 0.092215 0.102789 -1.766429 21.950000
4.354078 -2.652190 2.838993 0.837354 -2.913717 0.115279 0.106345 -1.992654 22.000000
5.122968 -3.000000 2.833748 0.830888 -3.012237 0.136890 0.111587 -1.954919 22.050000
5.351398 -3.000000 2.826702 0.824578 -3.113219 0.163620 0.118635 -2.066578 22.100000
4.903095 -3.000000 2.817713 0.818651 3.065393 0.189740 0.127787 -2.109922 22.150000
4.255829 -3.000000 2.806962 0.813351 2.959370 0.209016 0.138516 -2.128673 22.200000
3.750077 -2.783101 2.794847 0.808848 2.852672 0.219795 0.150109 -2.138339 22.250000
4.121464 -2.751633 2.781775 0.805229 2.747813 0.224178 0.161576 -2.068443 22.300000
4.471134 -3.000000 2.767909 0.802593 2.645390 0.230794 0.172665 -2.034778 22.350000
4.223622 -3.000000 2.753243 0.801103 2.541397 0.238457 0.184167 -2.112592 22.400000
4.364025 -2.715815 2.737939 0.800854 2.434898 0.241229 0.196077 -2.142846 22.450000
4.591865 -2.316649 2.722195 0.801892 2.330293 0.244039 0.207443 -2.056534 22.500000
4.466143 -2.005436 2.706103 0.804319 2.232424 0.249279 0.217516 -1.886732 22.550000
3.530264 -1.777929 2.689777 0.808181 2.143106 0.254479 0.226065 -1.713943 22.600000
3.337769 -2.236855 2.673465 0.813285 2.061692 0.252302 0.232986 -1.565445 22.650000
3.910377 -2.222599 2.657388 0.819401 1.980259 0.247675 0.239494 -1.675251 22.700000
4.717054 -2.639591 2.641620 0.826583 1.895386 0.246690 0.246212 -1.713944 22.750000
3.819361 -2.853460 2.626178 0.835092 1.804865 0.250506 0.253802 -1.880936 22.800000
3.873076 -3.000000 2.611225 0.844829 1.706761 0.242197 0.262300 -2.020320 22.850000
2.973793 -2.517400 2.596946 0.855515 1.602770 0.231458 0.270823 -2.122034 22.900000
2.325920 -2.251962 2.583442 0.866867 1.500585 0.212373 0.277629 -1.987214 22.950000
1.342128 -1.841368 2.570728 0.878492 1.405471 0.189936 0.281669 -1.840197 23.000000
0.835818 -2.332262 2.558732 0.890019 1.319460 0.162376 0.282728 -1.631368 23.050000
0.000000 -2.327230 2.547334 0.901141 1.235217 0.131835 0.281792 -1.722634 23.100000
0.909940 -2.166489 2.536376 0.911569 1.148274 0.093876 0.279044 -1.748962 23.150000
1.193886 -2.581059 2.525799 0.921360 1.062372 0.066648 0.274317 -1.694190 23.200000
0.319897 -2.279146 2.515677 0.930809 0.974055 0.042823 0.268294 -1.817791 23.250000
0.448990 -1.945593 2.505883 0.939824 0.885071 0.012336 0.260779 -1.750675 23.300000
0.000000 -1.900686 2.496287 0.948331 0.801905 -0.012795 0.251767 -1.598201 23.350000
0.000000 -1.568270 2.486823 0.956362 0.724314 -0.038224 0.241678 -1.516526 23.400000
0.000000 -1.110082 2.477412 0.963927 0.653068 -0.059573 0.230872 -1.355804 23.450000
0.826572 -0.611959 2.468074 0.971104 0.592209 -0.075903 0.219993 -1.111636 23.500000
0.033026 -0.906416 2.459015 0.978067 0.545179 -0.079048 0.209834 -0.808289 23.550000
0.000000 -1.041902 2.450282 0.984856 0.505502 -0.086783 0.200288 -0.781859 23.600000
0.000000 -1.242571 2.441715 0.991392 0.465268 -0.094170 0.190824 -0.822432 23.650000
0.000000 -1.147995 2.433299 0.997692 0.421391 -0.101675 0.181222 -0.920322 23.700000
0.755854 -0.885563 2.425022 1.003777 0.375141 -0.108890 0.171545 -0.928582 23.750000
0.647898 -0.581090 2.417052 1.009732 0.331496 -0.107626 0.162306 -0.829785 23.800000
0.459367 -0.453476 2.409545 1.015611 0.294689 -0.105433 0.153960 -0.662772 23.850000
0.431833 -0.697288 2.402455 1.021387 0.265251 -0.103185 0.146509 -0.530179 23.900000
0.000000 -0.696524 2.395740 1.027043 0.237820 -0.100603 0.139515 -0.563471 23.950000
0.869311 -1.090933 2.389289 1.032554 0.209175 -0.102098 0.132685 -0.580512 24.000000
1.212765 -0.880902 2.383192 1.037946 0.175458 -0.096080 0.125782 -0.748636 24.050000
2.112559 -0.437617 2.377706 1.043272 0.138057 -0.087396 0.119050 -0.747805 24.100000
1.490063 -0.335998 2.373105 1.048553 0.105606 -0.069584 0.113169 -0.571359 24.150000
0.822624 -0.585515 2.369442 1.053766 0.080605 -0.056874 0.108184 -0.443250 24.200000
1.491201 -0.795248 2.366402 1.058861 0.057403 -0.050427 0.103615 -0.480862 24.250000
1.163887 -1.276288 2.363963 1.063827 0.030427 -0.038386 0.099241 -0.586539 24.300000
1.717939 -1.149733 2.362173 1.068658 -0.005794 -0.030894 0.094979 -0.833007 24.350000
0.729646 -1.038048 2.361048 1.073335 -0.049361 -0.019253 0.090975 -0.901360 24.400000
1.347761 -1.388125 2.360459 1.077844 -0.094107 -0.017150 0.087301 -0.889967 24.450000
0.465476 -1.664909 2.360300 1.082169 -0.142325 -0.009566 0.083880 -1.021953 24.500000
0.000000 -1.283144 2.360487 1.086309 -0.198148 -0.011096 0.080620 -1.188632 24.550000
0.769519 -0.973735 2.360692 1.090315 -0.255515 -0.016812 0.077308 -1.115806 24.600000
0.998121 -0.941707 2.360993 1.094166 -0.307006 -0.014306 0.074108 -0.963763 24.650000
1.158872 -0.897781 2.361617 1.097790 -0.352884 -0.009005 0.071209 -0.881808 24.700000
1.737382 -1.103305 2.362639 1.101141 -0.395419 -0.001921 0.068625 -0.826548 24.750000
1.911274 -1.040493 2.364199 1.104138 -0.438304 0.010383 0.066429 -0.882099 24.800000
1.635142 -1.128802 2.366422 1.106691 -0.482461 0.023845 0.064716 -0.884114 24.850000
2.050030 -0.887182 2.369242 1.108789 -0.527683 0.034234 0.063460 -0.920296 24.900000
2.644463 -0.806882 2.372645 1.110393 -0.571515 0.048273 0.062594 -0.842826 24.950000
3.256705 -1.067730 2.376789 1.111359 -0.611755 0.067652 0.062131 -0.775302 25.000000
3.561853 -0.766675 2.381846 1.111504 -0.652542 0.091951 0.062354 -0.847561 25.050000
4.460546 -0.914506 2.387909 1.110678 -0.692567 0.118199 0.063233 -0.764000 25.100000
5.384726 -1.051319 2.395110 1.108681 -0.731328 0.151840 0.064827 -0.784411 25.150000
4.635398 -1.072734 2.403658 1.105208 -0.772392 0.192455 0.067683 -0.850569 25.200000
5.287632 -0.694589 2.413443 1.100214 -0.816090 0.224099 0.071885 -0.892679 25.250000
5.056023 -0.382894 2.424311 1.093692 -0.857150 0.260576 0.076526 -0.766012 25.300000
4.486092 -0.656441 2.436217 1.085569 -0.890328 0.294073 0.080466 -0.583262 25.350000
4.184310 -0.654119 2.448953 1.076007 -0.920109 0.321165 0.084268 -0.606006 25.400000
4.304144 -0.514408 2.462303 1.065180 -0.950760 0.344118 0.088677 -0.619171 25.450000
3.498657 -0.972655 2.476158 1.053135 -0.980392 0.367214 0.093172 -0.572161 25.500000
2.708205 -1.372467 2.490350 1.040024 -1.013567 0.381248 0.098870 -0.736256 25.550000
2.389724 -1.130502 2.504574 1.026165 -1.057114 0.385617 0.107426 -0.976337 25.600000
3.253615 -0.641405 2.518592 1.011785 -1.106470 0.385430 0.117334 -0.996067 25.650000
3.575359 -1.046434 2.532409 0.996780 -1.151211 0.393419 0.125741 -0.816908 25.700000
4.047482 -1.445247 2.546115 0.980916 -1.194254 0.403876 0.133694 -0.895832 25.750000
3.613370 -1.509780 2.559692 0.964044 -1.244561 0.416405 0.143864 -1.092089 25.800000
3.749239 -1.744083 2.573009 0.946193 -1.302466 0.422091 0.156269 -1.209373 25.850000
4.249391 -1.563342 2.585915 0.927475 -1.367025 0.426299 0.170465 -1.353977 25.900000
3.754760 -1.693754 2.598314 0.907799 -1.434654 0.432974 0.185346 -1.352754 25.950000
3.885544 -1.410930 2.610104 0.887232 -1.503794 0.433028 0.200342 -1.406361 26.000000
4.777348 -1.086524 2.621181 0.865925 -1.571832 0.433244 0.214468 -1.327539 26.050000
4.155466 -1.443484 2.631489 0.843691 -1.633873 0.442319 0.226446 -1.176355 26.100000
3.485588 -1.182636 2.640977 0.820525 -1.694800 0.444618 0.237930 -1.251458 26.150000
4.124170 -0.754300 2.649603 0.796806 -1.755560 0.439741 0.248887 -1.188273 26.200000
5.098690 -0.749719 2.657333 0.772586 -1.809595 0.442495 0.257286 -0.999060 26.250000
4.801835 -0.852186 2.664072 0.747515 -1.857165 0.455919 0.263643 -0.915588 26.300000
4.797997 -0.841271 2.669750 0.721496 -1.903091 0.466238 0.269649 -0.921685 26.350000
3.918277 -0.362113 2.674338 0.694674 -1.949230 0.475646 0.275839 -0.924548 26.400000
4.340440 -0.007924 2.677882 0.667308 -1.990267 0.478098 0.280250 -0.740146 26.450000
5.089130 0.347605 2.680429 0.639495 -2.020866 0.488179 0.281090 -0.510909 26.500000
4.341432 -0.082907 2.681891 0.610951 -2.039199 0.509476 0.277874 -0.250926 26.550000
3.902086 -0.462397 2.682311 0.581652 -2.052942 0.524766 0.273360 -0.294646 26.600000
3.568536 -0.389365 2.681821 0.551901 -2.072696 0.533202 0.271399 -0.476224 26.650000
4.462833 -0.474880 2.680482 0.521946 -2.098299 0.536075 0.271802 -0.540849 26.700000
3.977374 -0.044316 2.678209 0.491738 -2.127256 0.545851 0.273602 -0.610191 26.750000
4.849035 -0.047286 2.674946 0.461250 -2.153925 0.551516 0.274580 -0.472494 26.800000
5.036201 0.305438 2.670654 0.430410 -2.175680 0.566849 0.273772 -0.405686 26.850000
4.618511 0.730336 2.665216 0.399016 -2.191026 0.585699 0.270610 -0.227349 26.900000
5.311475 0.537034 2.658711 0.367080 -2.194838 0.604162 0.262866 0.048307 26.950000
5.537518 0.919222 2.651175 0.334480 -2.190434 0.631182 0.251861 0.120861 27.000000
5.210050 1.139900 2.642560 0.301013 -2.178847 0.661470 0.237826 0.322459 27.050000
5.653929 0.880920 2.632996 0.266643 -2.157170 0.690305 0.219179 0.523821 27.100000
4.726651 1.363215 2.622604 0.231292 -2.130924 0.722746 0.198436 0.527119 27.150000
5.037110 1.306752 2.611572 0.195045 -2.098904 0.745885 0.174849 0.732213 27.200000
4.651686 1.563988 2.600139 0.157978 -2.059867 0.771345 0.147744 0.821464 27.250000
4.911399 1.632485 2.588478 0.120085 -2.014434 0.791772 0.117365 0.979784 27.300000
4.549744 1.417194 2.576793 0.081370 -1.962244 0.812673 0.083499 1.097108 27.350000
5.485535 1.420173 2.565276 0.041871 -1.907792 0.827109 0.048829 1.087357 27.400000
6.000000 1.097332 2.554028 0.001507 -1.853039 0.847071 0.014486 1.105522 27.450000
6.000000 0.938891 2.543084 -0.039978 -1.800571 0.868471 -0.018087 1.010826 27.500000
6.000000 1.271229 2.532516 -0.082617 -1.752511 0.886942 -0.047543 0.927183 27.550000
6.000000 1.158226 2.522427 -0.126328 -1.703120 0.902570 -0.077460 1.039153 27.600000
6.000000 0.719252 2.512983 -0.171034 -1.650463 0.915057 -0.108952 1.068742 27.650000
5.183802 0.399484 2.504307 -0.216648 -1.600950 0.925383 -0.137703 0.934286 27.700000
4.526635 0.814146 2.496429 -0.262904 -1.559084 0.927512 -0.160628 0.765275 27.750000
4.407632 1.178934 2.489343 -0.309410 -1.518118 0.922411 -0.182152 0.864677 27.800000
4.213835 1.064752 2.483140 -0.355922 -1.469196 0.913027 -0.207931 1.069828 27.850000
3.574105 1.160584 2.477949 -0.402276 -1.413938 0.898566 -0.236471 1.135884 27.900000
4.128466 1.150551 2.473816 -0.448193 -1.354905 0.875378 -0.265654 1.217982 27.950000
4.015099 1.468942 2.470793 -0.493573 -1.292760 0.854836 -0.294808 1.264904 28.000000
4.766318 1.247114 2.468941 -0.538420 -1.225203 0.829371 -0.325171 1.418766 28.050000
3.773274 1.493906 2.468362 -0.582750 -1.154499 0.807777 -0.355145 1.413334 28.100000
4.596361 1.964733 2.469031 -0.626407 -1.081029 0.773706 -0.384213 1.512799 28.150000
5.420473 1.741287 2.470951 -0.669211 -0.999080 0.741171 -0.415091 1.733413 28.200000
6.000000 1.834091 2.474327 -0.711303 -0.912098 0.711344 -0.445620 1.745666 28.250000
5.952373 1.424027 2.479328 -0.752793 -0.823573 0.683736 -0.474039 1.789704 28.300000
5.014012 1.729422 2.486000 -0.793633 -0.737806 0.655520 -0.498323 1.661397 28.350000
4.833761 1.484333 2.494132 -0.833580 -0.652994 0.617817 -0.519299 1.720805 28.400000
4.938187 1.721632 2.503467 -0.872373 -0.568988 0.578389 -0.536818 1.648633 28.450000
5.050591 1.491854 2.513936 -0.909962 -0.485066 0.539806 -0.551344 1.698221 28.500000
5.966595 1.124498 2.525519 -0.946317 -0.402236 0.503215 -0.562668 1.623730 28.550000
5.183577 1.351484 2.538412 -0.981523 -0.325991 0.480651 -0.569512 1.450152 28.600000
6.000000 1.124870 2.552631 -1.015590 -0.253283 0.453904 -0.573616 1.454987 28.650000
6.000000 1.131638 2.568158 -1.048462 -0.183086 0.437472 -0.575642 1.364399 28.700000
6.000000 1.071856 2.585158 -1.080137 -0.116013 0.424027 -0.575898 1.322971 28.750000
5.389142 0.999761 2.603598 -1.110551 -0.051132 0.412862 -0.574904 1.277421 28.800000
5.726236 0.729223 2.623298 -1.139638 0.011272 0.398541 -0.572641 1.224386 28.850000
5.673793 1.009939 2.644174 -1.167352 0.068774 0.391971 -0.568607 1.092539 28.900000
5.988107 0.527365 2.666281 -1.193655 0.124721 0.386697 -0.564077 1.138341 28.950000
6.000000 0.364471 2.689627 -1.218487 0.176886 0.387805 -0.558554 0.970073 29.000000
6.000000 0.841214 2.714292 -1.241805 0.221418 0.395154 -0.551270 0.829166 29.050000
6.000000 0.600872 2.740256 -1.263575 0.266325 0.402346 -0.544633 0.951910 29.100000
6.000000 0.706468 2.767410 -1.283742 0.312891 0.408412 -0.538904 0.915532 29.150000
5.052115 1.024481 2.795675 -1.302263 0.359378 0.414639 -0.533576 0.940909 29.200000
4.812649 1.406623 2.824739 -1.319174 0.410226 0.408969 -0.529742 1.074751 29.250000
3.816251 1.822961 2.854200 -1.334545 0.469720 0.395308 -0.528179 1.276081 29.300000
2.959176 1.988741 2.883629 -1.348485 0.540266 0.365085 -0.528728 1.509177 29.350000
2.809890 1.846669 2.912495 -1.361227 0.619900 0.321534 -0.529607 1.650635 29.400000
3.805330 2.304526 2.940536 -1.372952 0.702161 0.276455 -0.528486 1.637382 29.450000
3.074566 2.609647 2.967901 -1.383586 0.788328 0.239819 -0.525749 1.782930 29.500000
3.846809 2.301453 2.994587 -1.393160 0.881898 0.192967 -0.521682 1.931328 29.550000
4.421518 2.578359 3.020559 -1.401724 0.976499 0.155061 -0.515050 1.860354 29.600000
3.589374 2.123791 3.046010 -1.409045 1.071316 0.124780 -0.506402 1.919671 29.650000
3.285948 2.256482 3.070895 -1.415193 1.162941 0.091331 -0.495649 1.766489 29.700000
2.379805 2.650336 3.095110 -1.420380 1.250685 0.060351 -0.482990 1.743866 29.750000
2.587241 2.268597 3.118578 -1.424877 1.341457 0.021759 -0.468711 1.864364 29.800000
1.936615 2.442190 3.141276 -1.428864 1.431740 -0.011286 -0.452618 1.760605 29.850000
1.131345 2.019747 3.163241 -1.432411 1.520191 -0.045987 -0.434975 1.772792 29.900000
0.803281 1.722180 3.184498 -1.435823 1.604300 -0.082171 -0.415928 1.613537 29.950000
0.265924 2.065109 3.205108 -1.439271 1.679803 -0.113096 -0.396161 1.431589 30.000000
0.000000 1.990814 3.225145 -1.442860 1.752735 -0.144442 -0.375669 1.477296 30.050000
0.279703 2.136618 3.244705 -1.446720 1.826200 -0.175255 -0.354234 1.462102 30.100000
0.124546 2.245824 3.263851 -1.450782 1.900575 -0.200533 -0.331976 1.505638 30.150000
0.000000 1.964530 3.282638 -1.454958 1.977461 -0.225080 -0.308806 1.561028 30.200000
0.000000 1.676999 3.301138 -1.459239 2.053138 -0.246921 -0.285390 1.478164 30.250000
0.411647 1.549474 3.319372 -1.463565 2.123007 -0.263404 -0.262828 1.337159 30.300000
0.425403 1.630381 3.337272 -1.467773 2.186839 -0.271293 -0.241605 1.231532 30.350000
1.112231 1.523983 3.354759 -1.471733 2.248064 -0.276141 -0.221348 1.219887 30.400000
0.701752 1.033735 3.371717 -1.475291 2.307851 -0.272373 -0.202058 1.178412 30.450000
0.794365 1.224399 3.388076 -1.478393 2.361013 -0.269358 -0.184861 0.975782 30.500000
0.048824 1.288475 3.403839 -1.481099 2.409388 -0.263281 -0.169348 0.961951 30.550000
0.694548 0.954261 3.419108 -1.483517 2.458091 -0.263443 -0.154413 0.984048 30.600000
0.963328 0.825875 3.433892 -1.485668 2.503973 -0.256094 -0.140640 0.866954 30.650000
0.323647 0.754732 3.447999 -1.487433 2.544435 -0.244751 -0.128616 0.764875 30.700000
0.507496 0.649602 3.461485 -1.488887 2.580583 -0.238454 -0.118006 0.690561 30.750000
0.000000 0.847498 3.474429 -1.490110 2.612976 -0.229630 -0.108581 0.614629 30.800000
0.000000 1.287022 3.486896 -1.491155 2.644936 -0.225402 -0.099702 0.659051 30.850000
0.000000 0.985719 3.499005 -1.492081 2.683457 -0.221781 -0.090171 0.858125 30.900000
0.192818 1.251657 3.510778 -1.492875 2.725721 -0.218231 -0.080477 0.835675 30.950000
0.000000 1.265696 3.522179 -1.493516 2.770196 -0.212704 -0.070913 0.931711 31.000000
0.000000 0.776125 3.533217 -1.494002 2.818234 -0.208923 -0.061286 0.983571 31.050000
0.000000 0.812942 3.543933 -1.494348 2.862727 -0.204422 -0.052652 0.817423 31.100000
0.095819 1.040370 3.554316 -1.494572 2.901837 -0.199258 -0.045240 0.754898 31.150000
0.813513 1.183294 3.564342 -1.494681 2.941305 -0.193041 -0.038189 0.816602 31.200000
1.401269 0.987579 3.573832 -1.494640 2.984573 -0.180198 -0.031143 0.903622 31.250000
2.051508 1.063174 3.582496 -1.494413 3.028767 -0.162030 -0.024699 0.868777 31.300000
2.429541 0.642121 3.590066 -1.494011 3.072609 -0.138151 -0.019178 0.883348 31.350000
3.397214 0.153942 3.596333 -1.493471 3.112318 -0.111288 -0.014992 0.724608 31.400000
4.245622 0.407833 3.601022 -1.492858 3.140926 -0.076073 -0.012552 0.451050 31.450000
5.044012 0.581926 3.603764 -1.492241 -3.120679 -0.034118 -0.011280 0.416060 31.500000
4.649939 1.081256 3.604249 -1.491683 -3.098385 0.013703 -0.010749 0.469931 31.550000
4.607841 1.406058 3.602472 -1.491246 -3.068461 0.055966 -0.011164 0.700591 31.600000
3.938312 1.880664 3.598627 -1.491010 -3.026646 0.096010 -0.013091 0.942299 31.650000
4.311751 2.340361 3.592974 -1.491070 -2.971161 0.127870 -0.017117 1.237818 31.700000
4.440570 2.748787 3.585685 -1.491558 -2.900657 0.161169 -0.023850 1.539171 31.750000
3.501998 2.558037 3.576773 -1.492668 -2.815841 0.193036 -0.033802 1.811844 31.800000
3.042705 2.816224 3.566578 -1.494514 -2.724156 0.213312 -0.045957 1.850040 31.850000
2.975177 2.666073 3.555559 -1.497106 -2.628504 0.226661 -0.059424 1.959030 31.900000
3.687733 2.324615 3.543975 -1.500478 -2.530870 0.236900 -0.073553 1.948742 31.950000
2.930807 2.045349 3.531842 -1.504779 -2.437009 0.251925 -0.087411 1.826286 32.000000
2.934546 1.814864 3.519296 -1.510029 -2.349880 0.258488 -0.100288 1.682129 32.050000
3.628287 1.764285 3.506572 -1.516127 -2.269762 0.264398 -0.111802 1.544184 32.100000
3.409874 1.996188 3.493653 -1.523202 -2.194618 0.276109 -0.122470 1.472897 32.150000
2.611060 1.748574 3.480575 -1.531342 -2.119272 0.284201 -0.133353 1.532810 32.200000
2.800123 1.389474 3.467585 -1.540335 -2.044502 0.283571 -0.143931 1.468074 32.250000
3.089051 1.444613 3.454825 -1.550044 -1.975648 0.284920 -0.152957 1.309356 32.300000
4.068445 1.358957 3.442294 -1.560556 -1.911455 0.289100 -0.160861 1.265112 32.350000
4.817031 1.505075 3.429955 -1.572128 -1.849605 0.302064 -0.168391 1.216428 32.400000
5.240801 1.874897 3.417785 -1.585118 -1.787718 0.320812 -0.176379 1.254777 32.450000
6.000000 2.020402 3.405863 -1.599736 -1.720425 0.340680 -0.186235 1.415419 32.500000
5.678906 1.983815 3.394336 -1.616173 -1.646058 0.363961 -0.198560 1.542225 32.550000
4.854640 2.379059 3.383402 -1.634422 -1.567712 0.380904 -0.212564 1.586561 32.600000
4.426278 2.748910 3.373258 -1.654089 -1.483579 0.386214 -0.228295 1.754244 32.650000
5.350323 3.000000 3.364068 -1.674730 -1.390036 0.382406 -0.246099 1.956117 32.700000
5.639242 2.748173 3.356014 -1.696280 -1.287371 0.381813 -0.265621 2.123751 32.750000
5.527506 2.599410 3.349307 -1.718815 -1.181895 0.380174 -0.285111 2.100524 32.800000
5.021607 2.376657 3.344070 -1.742185 -1.078533 0.375732 -0.303107 2.044366 32.850000
5.257563 2.539904 3.340315 -1.766098 -0.979128 0.366074 -0.318892 1.948243 32.900000
4.380402 2.194872 3.338063 -1.790351 -0.881015 0.357544 -0.333156 1.972706 32.950000
3.771167 2.324680 3.337242 -1.814680 -0.785674 0.340728 -0.345316 1.859107 33.000000
4.319096 2.225793 3.337619 -1.838733 -0.692650 0.318598 -0.355187 1.860757 33.050000
3.830626 2.323710 3.339172 -1.862415 -0.600688 0.301829 -0.363178 1.823081 33.100000
4.011885 2.548980 3.341887 -1.885661 -0.509003 0.280424 -0.369580 1.840433 33.150000
4.351861 2.554377 3.345672 -1.908344 -0.414552 0.259424 -0.374907 1.923074 33.200000
5.177132 2.108192 3.350589 -1.930425 -0.317552 0.240492 -0.379149 1.951230 33.250000
5.426396 2.563529 3.356861 -1.951904 -0.224384 0.231504 -0.381609 1.799378 33.300000
5.926961 2.445588 3.364709 -1.972748 -0.131377 0.224991 -0.383478 1.903747 33.350000
5.292687 2.485080 3.374234 -1.992830 -0.036303 0.222078 -0.385282 1.899730 33.400000
5.563301 2.363697 3.385327 -2.012003 0.059019 0.213049 -0.386655 1.910783 33.450000
6.000000 1.865263 3.397820 -2.030127 0.153376 0.207260 -0.387325 1.869744 33.500000
5.603817 2.186752 3.411812 -2.047057 0.241207 0.209161 -0.386849 1.674324 33.550000
6.000000 2.043683 3.427250 -2.062678 0.326115 0.208910 -0.386043 1.715541 33.600000
5.940745 1.705040 3.444017 -2.076866 0.410860 0.212522 -0.385334 1.680013 33.650000
5.949608 1.465657 3.462077 -2.089486 0.490917 0.217992 -0.384188 1.543278 33.700000
5.543622 1.592376 3.481327 -2.100438 0.563995 0.227108 -0.382394 1.401247 33.750000
6.000000 1.148710 3.501594 -2.109690 0.633776 0.233977 -0.380559 1.391753 33.800000
6.000000 1.342233 3.522772 -2.117162 0.698541 0.247582 -0.378415 1.223349 33.850000
6.000000 1.052127 3.544850 -2.122729 0.759823 0.262613 -0.376403 1.228227 33.900000
6.000000 0.558575 3.567697 -2.126347 0.818241 0.278671 -0.374572 1.123687 33.950000
5.023358 0.499246 3.591216 -2.127976 0.867815 0.298745 -0.371718 0.890681 34.000000
5.751334 0.096275 3.615206 -2.127756 0.908746 0.313508 -0.367717 0.763045 34.050000
6.000000 -0.208761 3.639590 -2.125713 0.940769 0.339101 -0.362360 0.544754 34.100000
6.000000 -0.314161 3.664499 -2.121658 0.961635 0.371668 -0.355030 0.316354 34.150000
5.296337 -0.786005 3.689976 -2.115555 0.973072 0.407631 -0.345865 0.158797 34.200000
5.218578 -0.520705 3.715954 -2.107576 0.973272 0.440944 -0.333896 -0.122854 34.250000
5.637753 -0.499483 3.742395 -2.097922 0.966005 0.475487 -0.319953 -0.162988 34.300000
5.807533 -0.667916 3.769367 -2.086600 0.957585 0.512865 -0.305917 -0.172041 34.350000
5.253409 -0.520997 3.796956 -2.073581 0.946975 0.551009 -0.291310 -0.244385 34.400000
4.359550 -0.972722 3.825124 -2.059029 0.935414 0.582596 -0.276587 -0.220388 34.450000
4.033254 -1.372733 3.853683 -2.043302 0.919528 0.605912 -0.260302 -0.397186 34.500000
4.177381 -1.622433 3.882550 -2.026710 0.892472 0.628601 -0.239408 -0.657075 34.550000
5.108681 -1.917592 3.911837 -2.009394 0.853079 0.654584 -0.213134 -0.892071 34.600000
5.691213 -1.957589 3.941847 -1.991312 0.801910 0.689697 -0.181268 -1.126788 34.650000
5.238105 -2.148157 3.972953 -1.972413 0.741882 0.728313 -0.144692 -1.259809 34.700000
5.901507 -2.456736 4.005261 -1.952931 0.674824 0.759141 -0.104166 -1.406540 34.750000
6.000000 -2.235274 4.038879 -1.933126 0.598977 0.791871 -0.058634 -1.604130 34.800000
5.747633 -2.604131 4.073985 -1.913224 0.518240 0.819525 -0.010235 -1.628637 34.850000
4.961099 -2.768018 4.110511 -1.893561 0.431998 0.838093 0.041131 -1.801995 34.900000
4.750522 -2.677399 4.148173 -1.874589 0.337548 0.841594 0.096341 -1.959188 34.950000
4.850022 -2.924328 4.186631 -1.856702 0.238080 0.835042 0.152542 -2.018284 35.000000
4.608162 -3.000000 4.225681 -1.840142 0.133286 0.820812 0.209218 -2.158052 35.050000
4.972819 -3.000000 4.265066 -1.825127 0.022499 0.795009 0.265867 -2.262585 35.100000
5.665973 -2.758398 4.304561 -1.811809 -0.092267 0.763798 0.320476 -2.323437 35.150000
6.000000 -3.000000 4.344152 -1.800285 -0.207082 0.732220 0.370591 -2.281423 35.200000
6.000000 -2.821355 4.383825 -1.790630 -0.323532 0.696728 0.417020 -2.365224 35.250000
6.000000 -2.766703 4.423383 -1.782899 -0.441062 0.655142 0.459078 -2.341954 35.300000
5.527295 -2.700291 4.462599 -1.777071 -0.557472 0.609802 0.495463 -2.318773 35.350000
6.000000 -2.247903 4.501196 -1.773032 -0.672455 0.557700 0.525882 -2.284873 35.400000
6.000000 -2.023682 4.539052 -1.770716 -0.781600 0.512240 0.548944 -2.108982 35.450000
5.617046 -2.146371 4.576213 -1.770139 -0.882716 0.471814 0.565010 -1.958065 35.500000
5.331251 -2.130191 4.612583 -1.771198 -0.980018 0.430550 0.576338 -1.934473 35.550000
5.224796 -2.293917 4.648004 -1.773722 -1.076000 0.388089 0.583961 -1.905557 35.600000
4.882510 -2.520970 4.682373 -1.777581 -1.172300 0.345300 0.588481 -1.937017 35.650000
4.105100 -2.237070 4.715589 -1.782610 -1.271430 0.298356 0.590408 -2.010983 35.700000
3.981967 -2.162629 4.747539 -1.788490 -1.369373 0.246985 0.588539 -1.916558 35.750000
3.400687 -2.492957 4.778207 -1.795010 -1.462932 0.200468 0.582632 -1.833886 35.800000
4.223982 -2.320086 4.807620 -1.802003 -1.556687 0.151129 0.573787 -1.900098 35.850000
5.065424 -2.218884 4.835806 -1.809504 -1.650179 0.112829 0.562308 -1.844277 35.900000
4.414960 -2.058028 4.862755 -1.817912 -1.740412 0.087835 0.548915 -1.773487 35.950000
4.647297 -2.104999 4.888438 -1.827280 -1.826373 0.062592 0.534169 -1.677233 36.000000
4.032207 -2.558267 4.912826 -1.837523 -1.909437 0.044292 0.518531 -1.647904 36.050000
3.342798 -3.000000 4.935916 -1.848524 -1.996074 0.020280 0.502312 -1.792640 36.100000
2.648689 -3.000000 4.957822 -1.859918 -2.091661 -0.013259 0.484925 -1.994929 36.150000
1.885585 -3.000000 4.978734 -1.871359 -2.193284 -0.053504 0.465494 -2.056373 36.200000
2.455933 -3.000000 4.998878 -1.882588 -2.296453 -0.097441 0.443630 -2.065506 36.250000
2.418521 -2.585241 5.018301 -1.893638 -2.399581 -0.131186 0.419707 -2.058594 36.300000
1.970636 -2.404314 5.036899 -1.904678 -2.498015 -0.157999 0.394900 -1.903019 36.350000
2.371784 -2.853587 5.054695 -1.915704 -2.589514 -0.181051 0.370080 -1.776334 36.400000
3.338655 -3.000000 5.071634 -1.926750 -2.681574 -0.196661 0.344829 -1.888075 36.450000
4.055528 -2.707998 5.087417 -1.937963 -2.778727 -0.201790 0.319077 -1.983123 36.500000
4.201357 -2.519901 5.101648 -1.949447 -2.875965 -0.196767 0.294211 -1.918219 36.550000
4.824628 -2.860332 5.114073 -1.961150 -2.969340 -0.185964 0.271301 -1.832016 36.600000
4.780473 -3.000000 5.124471 -1.972958 -3.063666 -0.167334 0.250084 -1.927251 36.650000
5.293248 -3.000000 5.132722 -1.984717 3.120557 -0.148722 0.230340 -2.017708 36.700000
4.546795 -2.528164 5.138749 -1.996226 3.018590 -0.124439 0.212503 -2.056031 36.750000
3.879921 -2.968778 5.142654 -2.007281 2.920129 -0.104763 0.197148 -1.907858 36.800000
3.754325 -3.000000 5.144815 -2.017740 2.821691 -0.090103 0.183564 -2.013100 36.850000
2.955848 -3.000000 5.145490 -2.027503 2.719537 -0.076330 0.171222 -2.065010 36.900000
2.204361 -2.576720 5.144961 -2.036526 2.615698 -0.069250 0.159973 -2.085474 36.950000
1.780847 -2.805539 5.143617 -2.044875 2.515531 -0.067139 0.149621 -1.944732 37.000000
2.602707 -2.354096 5.141727 -2.052625 2.417420 -0.067278 0.139806 -1.974895 37.050000
3.484334 -2.398323 5.139265 -2.059654 2.323000 -0.057843 0.130811 -1.826268 37.100000
3.702300 -2.530426 5.136020 -2.065609 2.232812 -0.038782 0.123244 -1.787850 37.150000
4.299102 -2.527200 5.131946 -2.070228 2.142421 -0.017613 0.117234 -1.822737 37.200000
3.716020 -2.427255 5.127097 -2.073297 2.050888 0.008766 0.112961 -1.836899 37.250000
4.218561 -2.233288 5.121647 -2.074779 1.959885 0.029245 0.110350 -1.808213 37.300000
3.717356 -2.420570 5.115791 -2.074663 1.871774 0.054289 0.109215 -1.729124 37.350000
3.086087 -2.350890 5.109701 -2.072949 1.784200 0.073859 0.109507 -1.768142 37.400000
3.945810 -1.985400 5.103604 -2.069919 1.696057 0.086641 0.110825 -1.759260 37.450000
3.557696 -1.532837 5.097643 -2.065547 1.611990 0.107348 0.112857 -1.624631 37.500000
4.346554 -1.799805 5.091932 -2.059763 1.537045 0.124818 0.115199 -1.405923 37.550000
4.209962 -2.026901 5.086597 -2.052518 1.466432 0.149365 0.118185 -1.417517 37.600000
4.374573 -1.674499 5.081777 -2.043741 1.392942 0.170883 0.122564 -1.509248 37.650000
4.137101 -1.927823 5.077607 -2.033526 1.320095 0.192732 0.127824 -1.418578 37.700000
3.316018 -1.684396 5.074199 -2.021990 1.247474 0.211011 0.133929 -1.478229 37.750000
3.244396 -2.078199 5.071578 -2.009480 1.175399 0.220435 0.140441 -1.414524 37.800000
2.277336 -1.739272 5.069743 -1.996286 1.101184 0.227749 0.147516 -1.536616 37.850000
1.573915 -1.473852 5.068638 -1.982724 1.026492 0.224990 0.154525 -1.462232 37.900000
1.969464 -1.372024 5.068087 -1.969185 0.957081 0.216289 0.160154 -1.332805 37.950000
2.350907 -1.352378 5.068054 -1.955745 0.893094 0.212328 0.164447 -1.239744 38.000000
2.547023 -1.223417 5.068648 -1.942273 0.832452 0.212476 0.168001 -1.192564 38.050000
3.445216 -1.351847 5.069963 -1.928701 0.774793 0.214854 0.171031 -1.123341 38.100000
3.552905 -1.652313 5.072190 -1.914895 0.718066 0.225464 0.174085 -1.143473 38.150000
3.768699 -1.892754 5.075510 -1.900777 0.657337 0.235437 0.178117 -1.268958 38.200000
3.649829 -1.815148 5.079986 -1.886423 0.589718 0.244949 0.183614 -1.415507 38.250000
3.948729 -1.905108 5.085631 -1.871954 0.517973 0.251399 0.190022 -1.449841 38.300000
4.066279 -2.190696 5.092477 -1.857473 0.444067 0.259161 0.196967 -1.499678 38.350000
4.019526 -2.075869 5.100587 -1.843071 0.365418 0.265676 0.204942 -1.627684 38.400000
4.153151 -1.618859 5.109943 -1.828890 0.283723 0.269760 0.213504 -1.638973 38.450000
4.398030 -1.971124 5.120529 -1.815048 0.206420 0.275322 0.221175 -1.477818 38.500000
4.697641 -2.187055 5.132399 -1.801626 0.130606 0.282600 0.228663 -1.545424 38.550000
5.113724 -2.143433 5.145613 -1.788737 0.050203 0.290105 0.237231 -1.654902 38.600000
4.188785 -2.035195 5.160248 -1.776524 -0.033405 0.299155 0.246638 -1.685588 38.650000
4.696177 -2.523635 5.176086 -1.765119 -0.116957 0.298218 0.255934 -1.660795 38.700000
4.608061 -2.472035 5.192931 -1.754638 -0.204885 0.299400 0.265869 -1.830337 38.750000
4.479852 -2.318430 5.210741 -1.745214 -0.297782 0.296674 0.276444 -1.878269 38.800000
3.722276 -2.158711 5.229335 -1.736934 -0.390655 0.291587 0.286372 -1.842645 38.850000
3.327720 -1.703591 5.248413 -1.729785 -0.480740 0.279605 0.294810 -1.771782 38.900000
2.336441 -1.753261 5.267667 -1.723686 -0.563744 0.266408 0.300753 -1.577751 38.950000
1.847955 -2.081292 5.286803 -1.718473 -0.640877 0.246383 0.304442 -1.515867 39.000000
2.311844 -2.516549 5.305519 -1.713936 -0.719331 0.221727 0.306999 -1.607269 39.050000
1.746325 -2.227004 5.323774 -1.710047 -0.805207 0.198986 0.309260 -1.797084 39.100000
2.602051 -1.864629 5.341508 -1.706744 -0.894027 0.170447 0.310244 -1.759970 39.150000
2.822436 -1.788550 5.358771 -1.704062 -0.977695 0.153130 0.309143 -1.608977 39.200000
2.933581 -1.905409 5.375729 -1.702209 -1.055538 0.141159 0.306603 -1.517669 39.250000
2.708243 -1.795667 5.392407 -1.701259 -1.131541 0.131740 0.303388 -1.521292 39.300000
3.221791 -1.696915 5.408756 -1.701181 -1.206424 0.121402 0.299649 -1.479554 39.350000
2.351369 -1.980485 5.424761 -1.702037 -1.278815 0.117636 0.295453 -1.423914 39.400000
1.497321 -2.127749 5.440363 -1.703737 -1.352333 0.105894 0.291103 -1.504292 39.450000
1.142624 -1.975901 5.455428 -1.705858 -1.429966 0.085504 0.286340 -1.587420 39.500000
0.447396 -1.713834 5.469911 -1.708099 -1.508581 0.062765 0.280598 -1.560009 39.550000
1.069712 -1.898930 5.483831 -1.710224 -1.583363 0.036537 0.273551 -1.446626 39.600000
1.707021 -1.739486 5.497231 -1.712251 -1.656228 0.018540 0.265541 -1.464423 39.650000
1.755688 -1.251738 5.510121 -1.714491 -1.727891 0.008379 0.257069 -1.409578 39.700000
0.805608 -0.954703 5.522484 -1.717122 -1.792444 0.002312 0.248449 -1.201449 39.750000
0.172584 -1.351774 5.534354 -1.719975 -1.846684 -0.008199 0.239777 -0.995078 39.800000
0.440214 -0.962861 5.545824 -1.722730 -1.898109 -0.022666 0.230961 -1.053665 39.850000
0.194889 -0.490406 5.556937 -1.725325 -1.947230 -0.032781 0.222048 -0.927120 39.900000
0.258809 -0.033672 5.567699 -1.727807 -1.986666 -0.041361 0.213377 -0.680188 39.950000
0.073772 -0.130593 5.578115 -1.730195 -2.012138 -0.044622 0.205271 -0.373008 40.000000
0.000000 -0.361365 5.588181 -1.732514 -2.027478 -0.046451 0.197732 -0.253099 40.050000
0.000000 -0.301628 5.597921 -1.734733 -2.041022 -0.048272 0.190497 -0.285324 40.100000
0.224637 -0.407397 5.607354 -1.736843 -2.055077 -0.050024 0.183478 -0.277661 40.150000
0.000000 0.014653 5.616467 -1.738896 -2.070067 -0.049719 0.176663 -0.317857 40.200000
0.920540 0.374620 5.625270 -1.740894 -2.081696 -0.050588 0.170201 -0.163042 40.250000
1.028185 -0.066902 5.633678 -1.743002 -2.083333 -0.040514 0.164320 0.074626 40.300000
1.044013 0.174777 5.641569 -1.745443 -2.081131 -0.028965 0.158757 0.018406 40.350000
1.982018 0.618219 5.648950 -1.748229 -2.078289 -0.017583 0.153377 0.088268 40.400000
1.076243 0.853521 5.655726 -1.751554 -2.067701 0.003653 0.148176 0.312077 40.450000
0.228357 0.594106 5.661911 -1.755429 -2.046153 0.017764 0.142943 0.526203 40.500000
0.042976 0.141265 5.667721 -1.759499 -2.019765 0.024234 0.137668 0.528866 40.550000
0.000000 0.155196 5.673287 -1.763544 -1.998441 0.027627 0.132576 0.344128 40.600000
0.000000 0.012290 5.678648 -1.767497 -1.983761 0.029181 0.127757 0.252554 40.650000
0.000000 -0.058968 5.683821 -1.771341 -1.974145 0.029725 0.123199 0.143095 40.700000
0.535388 0.021341 5.688816 -1.775064 -1.969474 0.029382 0.118901 0.052505 40.750000
0.293856 0.375293 5.693592 -1.778779 -1.967304 0.033605 0.114801 0.035787 40.800000
0.000000 0.336441 5.698132 -1.782547 -1.961645 0.035946 0.110750 0.176859 40.850000
0.000000 0.105599 5.702491 -1.786261 -1.951117 0.036153 0.106708 0.238098 40.900000
0.000000 0.426473 5.706700 -1.789866 -1.940964 0.036243 0.102813 0.174472 40.950000
0.000000 0.144080 5.710766 -1.793362 -1.929479 0.036459 0.099017 0.274769 41.000000
0.106893 0.160790 5.714694 -1.796757 -1.917504 0.036672 0.095336 0.210759 41.050000
0.062567 -0.070350 5.718480 -1.800074 -1.907728 0.037535 0.091835 0.183072 41.100000
0.289317 -0.306452 5.722125 -1.803324 -1.901675 0.037454 0.088551 0.070094 41.150000
0.034005 -0.536700 5.725622 -1.806540 -1.902667 0.038628 0.085569 -0.094291 41.200000
0.000000 -0.550981 5.728978 -1.809702 -1.912576 0.036373 0.082926 -0.283074 41.250000
0.824575 -0.107749 5.732220 -1.812736 -1.929690 0.033124 0.080531 -0.390124 41.300000
1.400057 -0.382319 5.735287 -1.815815 -1.945676 0.037836 0.078197 -0.262711 41.350000
1.821341 -0.198033 5.738063 -1.819242 -1.960104 0.047930 0.075984 -0.309670 41.400000
2.518458 -0.582576 5.740461 -1.823217 -1.974174 0.061639 0.073952 -0.258584 41.450000
2.684858 -0.826359 5.742380 -1.827953 -1.990791 0.081092 0.072297 -0.392296 41.500000
3.521041 -0.677236 5.743736 -1.833586 -2.015144 0.100634 0.071434 -0.563133 41.550000
2.638594 -0.761984 5.744412 -1.840265 -2.044051 0.126780 0.071358 -0.590346 41.600000
1.858326 -0.417511 5.744398 -1.847914 -2.074930 0.143530 0.071916 -0.639407 41.650000
1.256226 0.014684 5.743862 -1.856133 -2.103718 0.152573 0.072508 -0.525282 41.700000
2.068164 0.377961 5.742966 -1.864617 -2.123465 0.156555 0.072214 -0.289962 41.750000
2.245628 0.142463 5.741695 -1.873416 -2.130309 0.169198 0.070541 -0.011286 41.800000
1.589678 -0.301409 5.739951 -1.882735 -2.129355 0.183753 0.068023 0.044156 41.850000
2.509121 -0.249336 5.737812 -1.892464 -2.131493 0.191371 0.066007 -0.114670 41.900000
3.088211 -0.050024 5.735249 -1.902625 -2.139062 0.206760 0.064846 -0.181635 41.950000
2.634517 -0.430797 5.732080 -1.913484 -2.146861 0.226923 0.063848 -0.135099 42.000000
1.834312 -0.065364 5.728303 -1.925029 -2.157346 0.241865 0.063444 -0.270789 42.050000
0.975184 0.434487 5.724084 -1.936973 -2.168703 0.248725 0.063274 -0.191609 42.100000
1.242286 0.044425 5.719654 -1.948987 -2.171274 0.248095 0.061576 0.064425 42.150000
1.714060 0.380012 5.715115 -1.960979 -2.168649 0.250401 0.059021 0.042720 42.200000
2.447035 0.820069 5.710381 -1.973100 -2.162923 0.257229 0.055978 0.173669 42.250000
2.307599 0.388520 5.705322 -1.985597 -2.147179 0.271291 0.051096 0.429487 42.300000
2.159699 0.215439 5.699913 -1.998603 -2.126901 0.283689 0.045354 0.386448 42.350000
2.559104 -0.150876 5.694224 -2.012050 -2.110166 0.293875 0.040377 0.293000 42.400000
3.501862 0.201286 5.688237 -2.025963 -2.101109 0.306873 0.037084 0.089632 42.450000
3.835154 0.225068 5.681794 -2.040579 -2.095610 0.327904 0.034580 0.126727 42.500000
3.822769 0.096261 5.674774 -2.056132 -2.088430 0.351251 0.031667 0.157489 42.550000
4.484632 -0.316865 5.667178 -2.072656 -2.081581 0.373515 0.028829 0.120226 42.600000
5.033128 -0.271651 5.658955 -2.090242 -2.080961 0.400776 0.027706 -0.076888 42.650000
4.262761 0.109782 5.649959 -2.109071 -2.087329 0.431768 0.028672 -0.169075 42.700000
4.269876 0.075210 5.640221 -2.129026 -2.092772 0.454392 0.029409 -0.059457 42.750000
5.157206 0.341275 5.629864 -2.149917 -2.094478 0.476312 0.028975 -0.013231 42.800000
5.391764 0.541661 5.618825 -2.171896 -2.091311 0.505759 0.026866 0.126612 42.850000
5.037966 0.423982 5.607046 -2.195174 -2.080508 0.536416 0.021919 0.289433 42.900000
4.849882 0.388972 5.594636 -2.219710 -2.064928 0.562564 0.015067 0.330144 42.950000
4.261250 0.291432 5.581735 -2.245368 -2.048159 0.585758 0.007691 0.340269 43.000000
4.244022 -0.188481 5.568487 -2.271957 -2.032042 0.602364 0.000608 0.308531 43.050000
3.887551 0.115363 5.554978 -2.299317 -2.022552 0.618012 -0.003518 0.093064 43.100000
4.713377 -0.285475 5.541224 -2.327316 -2.017598 0.629690 -0.005604 0.104278 43.150000
5.033657 -0.562407 5.527175 -2.356024 -2.016876 0.648563 -0.005724 -0.059889 43.200000
4.539355 -1.041128 5.512672 -2.385621 -2.025641 0.669662 -0.001384 -0.270329 43.250000
4.320773 -1.431296 5.497643 -2.415980 -2.047846 0.685127 0.009424 -0.584900 43.300000
4.730760 -1.609338 5.482022 -2.446826 -2.086052 0.697067 0.027968 -0.906839 43.350000
5.645578 -1.743495 5.465632 -2.478043 -2.137872 0.710431 0.053054 -1.138977 43.400000
6.000000 -1.616914 5.448180 -2.509712 -2.199547 0.728880 0.082933 -1.308838 43.450000
6.000000 -1.826692 5.429397 -2.541863 -2.266110 0.746592 0.115138 -1.352247 43.500000
5.882388 -1.914174 5.409173 -2.574335 -2.336932 0.759807 0.149269 -1.468845 43.550000
6.000000 -1.521140 5.387479 -2.606857 -2.413149 0.766774 0.185663 -1.570153 43.600000
5.742182 -1.601525 5.364300 -2.639185 -2.489147 0.770909 0.220944 -1.487205 43.650000
5.075364 -1.259822 5.339697 -2.671122 -2.563836 0.769373 0.254356 -1.502768 43.700000
4.656637 -1.663730 5.313892 -2.702386 -2.635911 0.759456 0.284846 -1.399113 43.750000
3.719982 -1.735286 5.287160 -2.732740 -2.709262 0.742645 0.314283 -1.520328 43.800000
4.427046 -1.684959 5.259856 -2.761904 -2.787700 0.712669 0.344081 -1.606418 43.850000
4.452262 -1.543665 5.232106 -2.789745 -2.868663 0.686217 0.372497 -1.630397 43.900000
5.415238 -1.811059 5.203837 -2.816257 -2.949110 0.658435 0.398077 -1.594133 43.950000
6.000000 -1.664184 5.174904 -2.841428 -3.031329 0.637072 0.422168 -1.682397 44.000000
6.000000 -1.705819 5.145063 -2.865207 -3.115013 0.618574 0.444866 -1.668290 44.050000
5.897170 -1.500702 5.114290 -2.887510 3.084399 0.598337 0.465631 -1.681280 44.100000
5.391144 -1.145428 5.082723 -2.908253 3.002312 0.576877 0.483680 -1.612728 44.150000
5.193932 -1.466311 5.050578 -2.927413 2.926245 0.553847 0.497334 -1.453024 44.200000
5.567947 -1.712200 5.018059 -2.945005 2.852124 0.529983 0.508499 -1.503305 44.250000
5.846998 -1.707306 4.985231 -2.960978 2.773865 0.506581 0.519546 -1.609905 44.300000
5.355441 -2.128993 4.952096 -2.975238 2.692308 0.483249 0.530039 -1.645628 44.350000
5.334486 -2.304649 4.918843 -2.987776 2.605347 0.451243 0.540354 -1.805540 44.400000
6.000000 -2.177359 4.885760 -2.998639 2.511702 0.414224 0.550204 -1.919052 44.450000
6.000000 -1.902729 4.852874 -3.007748 2.416088 0.382290 0.557935 -1.905080 44.500000
5.579497 -2.127565 4.820163 -3.015013 2.324074 0.353580 0.562358 -1.791068 44.550000
5.793179 -1.741190 4.787764 -3.020498 2.233678 0.322944 0.564306 -1.817510 44.600000
6.000000 -1.664861 4.755797 -3.024242 2.146803 0.298119 0.563594 -1.676868 44.650000
5.370347 -1.308745 4.724252 -3.026145 2.065552 0.280698 0.560453 -1.585150 44.700000
5.587273 -1.056867 4.693227 -3.026268 1.991307 0.263867 0.555068 -1.408647 44.750000
4.659465 -0.639411 4.662795 -3.024653 1.925813 0.256880 0.547633 -1.234593 44.800000
5.268438 -0.695333 4.633025 -3.021402 1.870858 0.250032 0.538242 -0.994514 44.850000
6.000000 -0.279858 4.603946 -3.016527 1.823640 0.255419 0.527796 -0.905606 44.900000
5.215452 -0.767884 4.575501 -3.009700 1.784082 0.273485 0.516666 -0.702707 44.950000
4.895373 -0.992350 4.547720 -3.000929 1.746137 0.285251 0.506089 -0.803468 45.000000
5.614867 -0.738862 4.520734 -2.990548 1.702097 0.289943 0.497370 -0.940908 45.050000
6.000000 -0.577147 4.494618 -2.978549 1.656030 0.300272 0.489607 -0.906613 45.100000
5.722174 -0.691560 4.469408 -2.964718 1.612870 0.316160 0.481912 -0.830318 45.150000
4.806242 -0.256617 4.445164 -2.949072 1.571008 0.330115 0.474671 -0.843348 45.200000
3.945462 -0.106916 4.421945 -2.931939 1.533458 0.338183 0.466971 -0.678741 45.250000
3.402478 -0.257774 4.399752 -2.913729 1.503444 0.343074 0.457900 -0.537882 45.300000
2.414900 -0.401693 4.378557 -2.894756 1.476838 0.345192 0.448412 -0.527137 45.350000
3.291999 -0.814308 4.358325 -2.875396 1.449078 0.337696 0.439499 -0.576512 45.400000
3.693681 -0.319262 4.339063 -2.855717 1.415011 0.335224 0.432335 -0.763453 45.450000
3.269478 0.151204 4.320834 -2.835489 1.379881 0.336285 0.425638 -0.654373 45.500000
3.912643 -0.101363 4.303627 -2.814703 1.354006 0.339001 0.416995 -0.407946 45.550000
4.178392 -0.335762 4.287429 -2.793258 1.334248 0.351304 0.407317 -0.385165 45.600000
4.667997 -0.297926 4.272279 -2.770964 1.312605 0.364802 0.398662 -0.471562 45.650000
5.331176 -0.564086 4.258233 -2.747720 1.288170 0.381052 0.391283 -0.503014 45.700000
4.946971 -0.936658 4.245383 -2.723341 1.259481 0.400788 0.385681 -0.630963 45.750000
4.550261 -0.544519 4.233785 -2.697889 1.221911 0.411711 0.383172 -0.846475 45.800000
4.331407 -0.535258 4.223428 -2.671670 1.181016 0.416893 0.381913 -0.795818 45.850000
4.668463 -0.967132 4.214285 -2.644876 1.141985 0.420874 0.380280 -0.768874 45.900000
3.983946 -1.057330 4.206385 -2.617541 1.099080 0.425881 0.380021 -0.927873 45.950000
4.280533 -1.274691 4.199722 -2.589854 1.049602 0.420908 0.381744 -1.036929 46.000000
3.986368 -1.366719 4.194279 -2.562008 0.994001 0.415546 0.385051 -1.169291 46.050000
4.176055 -1.113272 4.190074 -2.534119 0.932910 0.404504 0.389512 -1.261250 46.100000
4.646476 -1.058454 4.187104 -2.506302 0.871495 0.395149 0.393445 -1.203000 46.150000
4.240252 -1.230695 4.185474 -2.478485 0.812682 0.391647 0.396229 -1.155896 46.200000
4.531362 -1.378648 4.185195 -2.450716 0.753621 0.384169 0.398761 -1.200137 46.250000
4.574736 -1.559444 4.186249 -2.423105 0.691494 0.377813 0.401748 -1.274394 46.300000
4.904790 -1.743558 4.188681 -2.395710 0.624949 0.369420 0.405480 -1.373072 46.350000
5.258203 -1.989592 4.192540 -2.368608 0.553174 0.361169 0.410046 -1.481819 46.400000
5.820251 -1.925296 4.197925 -2.341856 0.475221 0.352588 0.415594 -1.615921 46.450000
6.000000 -1.936347 4.204981 -2.315514 0.393581 0.346881 0.421450 -1.645162 46.500000
5.048876 -2.023709 4.213823 -2.289666 0.310879 0.341830 0.427042 -1.660530 46.550000
4.952276 -2.509892 4.224229 -2.264515 0.226797 0.326745 0.432165 -1.696332 46.600000
4.073874 -2.992475 4.235888 -2.240258 0.136586 0.307158 0.437468 -1.881522 46.650000
4.276399 -2.790395 4.248448 -2.217059 0.035668 0.273137 0.443064 -2.114084 46.700000
4.659064 -3.000000 4.261619 -2.195018 -0.070182 0.238721 0.446871 -2.116811 46.750000
3.688836 -3.000000 4.275457 -2.174175 -0.177969 0.207649 0.448387 -2.181169 46.800000
3.811815 -3.000000 4.289745 -2.154527 -0.287439 0.167708 0.447333 -2.192389 46.850000
3.554634 -3.000000 4.304239 -2.136034 -0.396895 0.130833 0.443320 -2.184142 46.900000
4.189668 -3.000000 4.318887 -2.118671 -0.505750 0.094135 0.436533 -2.169451 46.950000
3.825330 -2.959181 4.333747 -2.102482 -0.613835 0.066356 0.427450 -2.154235 47.000000
4.183722 -2.838501 4.348852 -2.087510 -0.720774 0.038359 0.416502 -2.125900 47.050000
4.295776 -2.867984 4.364171 -2.073791 -0.825372 0.017743 0.404049 -2.066428 47.100000
4.558475 -3.000000 4.379745 -2.061443 -0.928251 0.001693 0.390673 -2.050274 47.150000
4.955840 -3.000000 4.395557 -2.050577 -1.031862 -0.009795 0.376773 -2.087173 47.200000
4.922941 -2.871389 4.411587 -2.041358 -1.136555 -0.015738 0.362716 -2.098269 47.250000
4.841307 -3.000000 4.427751 -2.033896 -1.240242 -0.019298 0.348814 -2.056122 47.300000
4.624797 -3.000000 4.443899 -2.028199 -1.343913 -0.021548 0.335203 -2.085687 47.350000
4.816559 -3.000000 4.459868 -2.024206 -1.448498 -0.024242 0.321875 -2.095868 47.400000
4.316089 -3.000000 4.475506 -2.021907 -1.553397 -0.023327 0.308949 -2.099580 47.450000
3.733059 -2.669656 4.490668 -2.021210 -1.658417 -0.025346 0.296437 -2.100945 47.500000
3.793204 -2.712248 4.505231 -2.021836 -1.760082 -0.029631 0.284184 -1.984854 47.550000
3.988716 -2.861295 4.519099 -2.023653 -1.858527 -0.030322 0.272264 -1.957490 47.600000
4.135662 -2.579139 4.532151 -2.026679 -1.957656 -0.027858 0.260820 -2.000715 47.650000
4.153287 -2.179860 4.544252 -2.030923 -2.055264 -0.022105 0.250084 -1.917552 47.700000
3.258276 -2.316777 4.555268 -2.036352 -2.146133 -0.012813 0.240325 -1.745103 47.750000
2.804245 -2.782364 4.565199 -2.042722 -2.232938 -0.009744 0.231357 -1.729665 47.800000
2.743399 -3.000000 4.574168 -2.049695 -2.324116 -0.011323 0.222728 -1.891609 47.850000
1.895743 -3.000000 4.582224 -2.057094 -2.422699 -0.014538 0.214172 -2.029034 47.900000
1.901415 -3.000000 4.589512 -2.064707 -2.525585 -0.025579 0.205341 -2.077835 47.950000
2.061333 -3.000000 4.596170 -2.072370 -2.629957 -0.035294 0.196023 -2.094010 48.000000
2.082771 -2.746049 4.602148 -2.080079 -2.734806 -0.041942 0.186408 -2.098930 48.050000
2.366989 -3.000000 4.607383 -2.087819 -2.837191 -0.046170 0.176794 -2.011118 48.100000
3.169932 -3.000000 4.611782 -2.095562 -2.939431 -0.046244 0.167373 -2.068907 48.150000
2.269529 -2.779758 4.615088 -2.103291 -3.043499 -0.037985 0.158524 -2.090494 48.200000
2.913842 -2.972705 4.617327 -2.110911 3.137175 -0.036888 0.150360 -2.021568 48.250000
2.787470 -2.503587 4.618563 -2.118311 3.034826 -0.028718 0.142833 -2.065352 48.300000
3.104326 -2.640449 4.618698 -2.125385 2.935898 -0.020403 0.136212 -1.916544 48.350000
3.478889 -2.776936 4.617720 -2.132010 2.840226 -0.008046 0.130596 -1.911468 48.400000
3.884232 -2.899586 4.615532 -2.138029 2.743266 0.007762 0.126140 -1.959475 48.450000
4.042752 -2.448039 4.612061 -2.143255 2.643479 0.026767 0.123080 -2.022054 48.500000
3.871323 -2.663603 4.607311 -2.147500 2.546328 0.047288 0.121441 -1.886621 48.550000
4.389282 -2.823083 4.601418 -2.150644 2.451186 0.065899 0.121150 -1.914872 48.600000
4.922459 -2.760390 4.594479 -2.152534 2.353450 0.088135 0.122405 -1.983810 48.650000
5.400961 -2.404432 4.586507 -2.152907 2.254120 0.113937 0.125400 -1.989153 48.700000
5.842612 -2.050989 4.577568 -2.151501 2.158218 0.143292 0.129913 -1.867508 48.750000
6.000000 -2.031511 4.567775 -2.148074 2.069769 0.176306 0.135545 -1.698099 48.800000
6.000000 -2.238707 4.557294 -2.142466 1.986874 0.209810 0.142331 -1.629347 48.850000
6.000000 -1.973273 4.546363 -2.134640 1.903904 0.241143 0.150829 -1.682485 48.900000
6.000000 -2.043388 4.535239 -2.124621 1.821859 0.270422 0.160637 -1.611489 48.950000
6.000000 -2.325469 4.524162 -2.112456 1.741234 0.297726 0.171483 -1.614448 49.000000
6.000000 -2.189556 4.513371 -2.098220 1.657379 0.321895 0.184163 -1.724358 49.050000
5.324401 -2.676018 4.503110 -2.082018 1.571211 0.342990 0.198286 -1.724033 49.100000
5.466186 -2.641640 4.493601 -2.064137 1.479799 0.353757 0.214221 -1.905025 49.150000
5.678341 -2.559026 4.485058 -2.044865 1.382809 0.361671 0.231614 -1.966079 49.200000
5.711083 -2.433755 4.477671 -2.024287 1.284574 0.368541 0.249224 -1.964971 49.250000
6.000000 -2.243610 4.471603 -2.002524 1.187504 0.373543 0.266317 -1.925661 49.300000
6.000000 -2.051363 4.467005 -1.979678 1.093490 0.379987 0.282376 -1.848770 49.350000
5.967084 -1.886994 4.464009 -1.955856 1.003769 0.385901 0.297107 -1.756089 49.400000
5.329526 -1.498464 4.462692 -1.931228 0.918599 0.391441 0.310422 -1.665950 49.450000
5.382734 -1.975971 4.463019 -1.906064 0.840324 0.392382 0.321523 -1.492008 49.500000
5.189989 -2.294151 4.464940 -1.880589 0.762601 0.392871 0.332155 -1.601340 49.550000
5.996391 -2.684762 4.468448 -1.855009 0.677870 0.387151 0.344218 -1.763359 49.600000
5.840445 -2.335506 4.473652 -1.829462 0.583778 0.383213 0.358143 -1.968045 49.650000
6.000000 -2.336266 4.480644 -1.804096 0.486728 0.374765 0.371913 -1.921896 49.700000
6.000000 -2.822888 4.489403 -1.779101 0.391091 0.367145 0.384265 -1.906420 49.750000
5.786252 -2.628081 4.499913 -1.754648 0.290897 0.355814 0.396732 -2.073668 49.800000
6.000000 -2.760744 4.512033 -1.730966 0.187468 0.339545 0.408538 -2.064571 49.850000
6.000000 -2.448337 4.525676 -1.708226 0.083018 0.323779 0.418987 -2.105867 49.900000
6.000000 -2.498582 4.540797 -1.686572 -0.019449 0.308441 0.427433 -2.008438 49.950000
