-0.643371 0.011830 0.398917 -0.355717 -0.486760 -0.814430 0.000000 -0.618087 0.000000
0.000000 -0.420412 0.363586 -0.336862 -0.509769 -0.787538 -0.013135 -0.335260 0.050000
0.811562 -0.743911 0.329640 -0.318519 -0.527541 -0.755616 -0.022464 -0.372883 0.100000
1.578512 -0.290868 0.297318 -0.300842 -0.550543 -0.717087 -0.033770 -0.531169 0.150000
1.231712 -0.148663 0.266886 -0.283975 -0.574337 -0.672699 -0.044414 -0.432517 0.200000
0.524560 -0.514415 0.238320 -0.267989 -0.593004 -0.633442 -0.051601 -0.326042 0.250000
0.167915 -0.382449 0.211312 -0.252754 -0.611988 -0.602185 -0.058207 -0.423346 0.300000
0.308200 -0.498915 0.185602 -0.238102 -0.633100 -0.575185 -0.065089 -0.421752 0.350000
1.122333 -0.565338 0.161101 -0.223985 -0.655530 -0.547684 -0.071854 -0.470482 0.400000
2.016382 -0.240036 0.137942 -0.210523 -0.680532 -0.513293 -0.078862 -0.523865 0.450000
2.709472 0.118955 0.116377 -0.197952 -0.703798 -0.471995 -0.084356 -0.418258 0.500000
2.248058 0.398306 0.096579 -0.186521 -0.719049 -0.426751 -0.086388 -0.212687 0.550000
2.259347 0.219965 0.078449 -0.176272 -0.723306 -0.388881 -0.084704 0.020658 0.600000
1.521304 -0.014630 0.061793 -0.167125 -0.720677 -0.353207 -0.081135 0.079696 0.650000
2.414791 -0.307733 0.046410 -0.158930 -0.718452 -0.325747 -0.077837 0.015986 0.700000
2.613975 -0.383417 0.032296 -0.151665 -0.722009 -0.290468 -0.075963 -0.142520 0.750000
3.567491 0.085048 0.019613 -0.145449 -0.732369 -0.254037 -0.075383 -0.259559 0.800000
4.065076 -0.260518 0.008506 -0.140426 -0.741622 -0.210297 -0.074366 -0.123496 0.850000
3.392423 -0.422190 -0.000858 -0.136794 -0.749686 -0.163761 -0.072906 -0.191662 0.900000
3.076477 0.052648 -0.008587 -0.134482 -0.762101 -0.124849 -0.071696 -0.293933 0.950000
2.901053 0.525701 -0.014920 -0.133300 -0.772786 -0.090545 -0.070093 -0.147719 1.000000
3.288103 0.703334 -0.020018 -0.133140 -0.772390 -0.060231 -0.067716 0.136941 1.050000
3.841276 0.339850 -0.023912 -0.133994 -0.759106 -0.028616 -0.065020 0.370805 1.100000
3.526242 0.387738 -0.026484 -0.135954 -0.741259 0.006611 -0.062674 0.346120 1.150000
3.426332 0.703230 -0.027719 -0.138990 -0.723725 0.037674 -0.060828 0.354657 1.200000
2.651952 1.162344 -0.027714 -0.142968 -0.702230 0.066359 -0.059577 0.490647 1.250000
3.332948 1.436279 -0.026646 -0.147680 -0.670555 0.085973 -0.059297 0.746836 1.300000
2.373607 1.744682 -0.024538 -0.153024 -0.626666 0.110168 -0.060380 0.979858 1.350000
2.289627 2.038482 -0.021447 -0.158863 -0.571250 0.123460 -0.062965 1.206710 1.400000
1.701296 2.326619 -0.017574 -0.164953 -0.504908 0.134260 -0.066940 1.417441 1.450000
0.846092 1.898902 -0.013059 -0.171119 -0.428437 0.137817 -0.072096 1.612549 1.500000
0.006545 1.475307 -0.008222 -0.177140 -0.350066 0.132568 -0.077199 1.534112 1.550000
0.930759 1.213632 -0.003443 -0.182857 -0.278781 0.120005 -0.080992 1.344698 1.600000
0.841334 1.307959 0.001297 -0.188297 -0.216642 0.117225 -0.083489 1.165657 1.650000
1.131638 1.612638 0.006189 -0.193526 -0.159554 0.114114 -0.085358 1.123550 1.700000
0.806806 1.293770 0.011271 -0.198543 -0.100592 0.113455 -0.087242 1.221619 1.750000
1.800958 1.780278 0.016521 -0.203334 -0.041749 0.109674 -0.088953 1.142770 1.800000
2.657353 1.632235 0.022086 -0.207889 0.019687 0.114816 -0.090854 1.293959 1.850000
2.169830 1.593358 0.028368 -0.212167 0.084657 0.127096 -0.093371 1.303740 1.900000
1.657237 1.247305 0.035409 -0.216108 0.149565 0.134150 -0.096241 1.294147 1.950000
0.667257 1.507477 0.042938 -0.219692 0.210434 0.136464 -0.098833 1.159261 2.000000
1.029248 1.281991 0.050585 -0.222969 0.269549 0.129528 -0.101074 1.199759 2.050000
1.924574 1.579903 0.058195 -0.225963 0.327590 0.126207 -0.102922 1.131129 2.100000
1.675293 1.233190 0.066037 -0.228579 0.386530 0.131057 -0.104829 1.215188 2.150000
1.364698 1.239868 0.074220 -0.230747 0.444584 0.133381 -0.106729 1.119965 2.200000
0.693258 1.641605 0.082596 -0.232506 0.499467 0.133056 -0.108305 1.080612 2.250000
1.162665 1.558900 0.090941 -0.233957 0.557373 0.125936 -0.109963 1.217081 2.300000
1.032268 1.550655 0.099188 -0.235118 0.619018 0.122757 -0.111683 1.244876 2.350000
1.241652 1.677204 0.107388 -0.235948 0.681511 0.118222 -0.113246 1.253564 2.400000
1.937596 2.136078 0.115535 -0.236435 0.745657 0.115421 -0.114731 1.305033 2.450000
1.944846 1.736835 0.123754 -0.236433 0.816454 0.118002 -0.116724 1.498945 2.500000
2.877966 1.921108 0.132103 -0.235825 0.889448 0.120000 -0.118936 1.430862 2.550000
2.797120 1.767740 0.140664 -0.234429 0.962169 0.130410 -0.121380 1.472219 2.600000
2.876089 2.193743 0.149476 -0.232079 1.034659 0.139449 -0.124215 1.433321 2.650000
2.399915 2.056164 0.158441 -0.228771 1.110426 0.148005 -0.127758 1.576447 2.700000
2.731187 1.865347 0.167415 -0.224600 1.189472 0.150842 -0.131823 1.584397 2.750000
3.293525 1.956085 0.176294 -0.219608 1.266783 0.156534 -0.135794 1.518194 2.800000
3.649992 2.258621 0.185066 -0.213610 1.342915 0.167029 -0.139945 1.526269 2.850000
3.123552 2.112880 0.193677 -0.206431 1.422564 0.179280 -0.145016 1.642593 2.900000
2.980206 2.079849 0.201998 -0.198161 1.504525 0.185124 -0.150712 1.637060 2.950000
2.449023 1.874183 0.209909 -0.189007 1.585996 0.188880 -0.156425 1.624079 3.000000
2.774741 2.217253 0.217334 -0.179177 1.664901 0.187505 -0.161658 1.544269 3.050000
1.924693 1.832570 0.224216 -0.168762 1.744838 0.188423 -0.166849 1.639080 3.100000
1.834989 1.708063 0.230527 -0.157942 1.823825 0.181092 -0.171537 1.535866 3.150000
2.448234 2.163142 0.236293 -0.146961 1.898092 0.173878 -0.175056 1.447683 3.200000
1.811759 2.108370 0.241459 -0.135729 1.974277 0.171833 -0.178460 1.580100 3.250000
0.822995 1.682984 0.246012 -0.124309 2.054228 0.162682 -0.181880 1.612790 3.300000
0.538836 1.481533 0.250115 -0.113077 2.130711 0.145252 -0.184036 1.467620 3.350000
1.234445 1.259614 0.253935 -0.102270 2.200188 0.127463 -0.184478 1.330553 3.400000
1.139274 1.047155 0.257431 -0.091769 2.262630 0.118589 -0.183627 1.186754 3.450000
0.598072 0.556266 0.260524 -0.081433 2.317848 0.111066 -0.181851 1.041103 3.500000
1.553250 1.027985 0.263312 -0.071344 2.362612 0.101526 -0.179009 0.781752 3.550000
1.323013 0.598073 0.265714 -0.061400 2.403482 0.102339 -0.175852 0.845208 3.600000
2.113982 0.373818 0.267614 -0.051487 2.441802 0.101759 -0.172616 0.704568 3.650000
1.433558 0.481132 0.268902 -0.041520 2.472605 0.110465 -0.169031 0.546111 3.700000
0.784515 0.553392 0.269559 -0.031479 2.498924 0.113683 -0.165350 0.510639 3.750000
0.670043 0.330202 0.269837 -0.021563 2.524769 0.110982 -0.161765 0.521750 3.800000
0.312518 0.754911 0.269885 -0.011876 2.548465 0.107913 -0.158081 0.435455 3.850000
0.000000 0.499552 0.269797 -0.002469 2.573815 0.101403 -0.154569 0.563946 3.900000
0.826928 0.394747 0.269711 0.006574 2.600905 0.091995 -0.151154 0.523858 3.950000
0.161170 0.736425 0.269521 0.015332 2.625322 0.091295 -0.147584 0.459876 4.000000
0.916277 0.461274 0.269196 0.023838 2.651271 0.084249 -0.144167 0.565946 4.050000
0.438950 0.363026 0.268721 0.032103 2.677933 0.084467 -0.140846 0.507104 4.100000
1.384912 0.846994 0.268040 0.040166 2.701332 0.080976 -0.137417 0.436491 4.150000
0.639010 0.918319 0.267053 0.048078 2.727643 0.085976 -0.134300 0.597915 4.200000
1.197896 0.752488 0.265738 0.055843 2.760594 0.082763 -0.131701 0.707180 4.250000
1.168811 0.558067 0.264148 0.063428 2.795584 0.084616 -0.129296 0.694024 4.300000
1.766388 0.903341 0.262171 0.070872 2.827925 0.086703 -0.126858 0.609500 4.350000
1.933535 0.446529 0.259685 0.078207 2.861122 0.094218 -0.124679 0.707060 4.400000
1.132555 0.775864 0.256534 0.085464 2.892701 0.103368 -0.122646 0.571978 4.450000
0.784418 1.231713 0.252875 0.092588 2.923148 0.104998 -0.120729 0.638233 4.500000
0.102430 1.704319 0.248988 0.099501 2.961072 0.102184 -0.119419 0.852763 4.550000
0.000000 2.059467 0.245134 0.106138 3.011753 0.091130 -0.118839 1.137241 4.600000
0.075656 2.424845 0.241522 0.112464 3.076020 0.077385 -0.118645 1.396851 4.650000
0.000000 2.913969 0.238179 0.118491 -3.130349 0.062864 -0.118437 1.639365 4.700000
0.456415 3.000000 0.235128 0.124247 -3.040517 0.046142 -0.117884 1.910655 4.750000
0.979728 3.000000 0.232296 0.129755 -2.941174 0.032890 -0.116660 2.041206 4.800000
0.160684 2.894328 0.229464 0.135004 -2.837756 0.024570 -0.114799 2.087564 4.850000
0.680538 3.000000 0.226699 0.140038 -2.733997 0.009208 -0.112128 2.066071 4.900000
0.000000 2.960519 0.224055 0.144892 -2.629859 -0.000368 -0.108631 2.094473 4.950000
0.325999 3.000000 0.221544 0.149613 -2.525264 -0.015433 -0.104333 2.089824 5.000000
0.000000 3.000000 0.219209 0.154260 -2.420438 -0.026269 -0.099215 2.101126 5.050000
0.000000 3.000000 0.217012 0.158854 -2.315280 -0.038996 -0.093382 2.104434 5.100000
0.258787 2.806606 0.214968 0.163459 -2.210038 -0.050376 -0.086844 2.105010 5.150000
0.458218 3.000000 0.212999 0.168027 -2.106770 -0.057737 -0.079903 2.037096 5.200000
1.422968 2.608658 0.211017 0.172459 -2.003645 -0.061968 -0.072782 2.080614 5.250000
0.785860 2.840302 0.208904 0.176490 -1.903167 -0.055855 -0.066084 1.958848 5.300000
1.532238 2.610164 0.206656 0.180031 -1.804122 -0.054901 -0.059928 1.996780 5.350000
1.338393 3.000000 0.204319 0.183041 -1.706242 -0.046166 -0.054366 1.929590 5.400000
1.013545 3.000000 0.201921 0.185386 -1.606449 -0.039005 -0.049497 2.043406 5.450000
0.881565 3.000000 0.199531 0.187194 -1.503070 -0.034739 -0.045101 2.084878 5.500000
0.822233 3.000000 0.197198 0.188580 -1.398387 -0.031348 -0.041106 2.099930 5.550000
0.566999 2.918612 0.194954 0.189594 -1.293230 -0.028122 -0.037483 2.105468 5.600000
0.000000 3.000000 0.192815 0.190318 -1.188729 -0.026865 -0.034163 2.079069 5.650000
0.000000 3.000000 0.190735 0.190936 -1.084217 -0.030462 -0.030866 2.098185 5.700000
0.759386 3.000000 0.188661 0.191562 -0.979108 -0.033470 -0.027422 2.105001 5.750000
0.704878 2.912933 0.186697 0.192037 -0.873785 -0.028832 -0.024155 2.107527 5.800000
0.135073 3.000000 0.184959 0.192241 -0.769270 -0.024417 -0.021353 2.078082 5.850000
0.291077 3.000000 0.183366 0.192300 -0.664780 -0.025088 -0.018784 2.098142 5.900000
0.095217 3.000000 0.181858 0.192288 -0.559663 -0.023940 -0.016311 2.105340 5.950000
0.136942 3.000000 0.180434 0.192214 -0.454320 -0.024317 -0.013945 2.107944 6.000000
0.000000 3.000000 0.179072 0.192098 -0.348895 -0.023962 -0.011657 2.108910 6.050000
0.000000 3.000000 0.177756 0.191949 -0.243439 -0.024573 -0.009437 2.109290 6.100000
0.931970 3.000000 0.176462 0.191774 -0.137969 -0.024846 -0.007258 2.109460 6.150000
0.508073 2.620642 0.175414 0.191551 -0.032494 -0.016158 -0.005473 2.109575 6.200000
0.910141 2.979082 0.174727 0.191298 0.069100 -0.011500 -0.004286 1.976382 6.250000
1.277804 2.764383 0.174387 0.191064 0.170198 -0.003146 -0.003619 2.054550 6.300000
0.424973 2.857312 0.174554 0.190923 0.271546 0.008356 -0.003688 2.007245 6.350000
0.896387 3.000000 0.175087 0.190893 0.372364 0.011454 -0.004277 2.022889 6.400000
1.540649 2.652313 0.175872 0.190992 0.475139 0.018702 -0.005243 2.078765 6.450000
1.758941 2.310385 0.177107 0.191369 0.576097 0.031505 -0.006875 1.976570 6.500000
0.768857 2.280611 0.178906 0.192178 0.670304 0.045659 -0.009234 1.817453 6.550000
0.000000 1.993725 0.181056 0.193346 0.759128 0.049827 -0.011947 1.746686 6.600000
0.204626 1.569863 0.183207 0.194615 0.842668 0.046472 -0.014411 1.615154 6.650000
0.602442 1.231310 0.185258 0.195889 0.917435 0.045080 -0.016363 1.406390 6.700000
0.000000 1.657450 0.187302 0.197274 0.981646 0.047506 -0.017927 1.192072 6.750000
0.000000 1.727072 0.189308 0.198724 1.043230 0.044178 -0.019333 1.261662 6.800000
0.000000 1.527410 0.191198 0.200117 1.107916 0.040778 -0.020638 1.317912 6.850000
0.000000 1.162678 0.192978 0.201450 1.172346 0.037407 -0.021735 1.266474 6.900000
0.943808 1.409338 0.194656 0.202721 1.231093 0.034253 -0.022500 1.105310 6.950000
0.277711 1.084650 0.196312 0.204139 1.287027 0.040017 -0.023222 1.128914 7.000000
0.000000 0.814627 0.197957 0.205760 1.340229 0.039407 -0.023942 1.014328 7.050000
0.000000 1.007576 0.199530 0.207365 1.386506 0.036423 -0.024382 0.856746 7.100000
0.000000 1.430108 0.201024 0.208894 1.429407 0.033641 -0.024628 0.859007 7.150000
0.733841 1.765950 0.202443 0.210348 1.477053 0.030790 -0.024889 1.025520 7.200000
0.728250 1.717241 0.203802 0.211897 1.534133 0.034521 -0.025381 1.230150 7.250000
0.980433 2.162479 0.205098 0.213699 1.597652 0.037787 -0.026162 1.300785 7.300000
1.956501 1.959667 0.206305 0.215798 1.668325 0.042933 -0.027317 1.497730 7.350000
1.174621 2.395033 0.207359 0.218457 1.743381 0.056655 -0.029063 1.503721 7.400000
0.498511 2.021120 0.208208 0.221682 1.823255 0.062183 -0.031471 1.666654 7.450000
1.349224 1.682687 0.208886 0.225101 1.904513 0.060891 -0.033970 1.594644 7.500000
1.960890 1.841153 0.209352 0.228731 1.979837 0.067574 -0.036267 1.441123 7.550000
2.868365 1.363565 0.209455 0.232860 2.051787 0.079616 -0.038819 1.437504 7.600000
2.907110 1.228929 0.208993 0.237751 2.118520 0.099654 -0.041761 1.257553 7.650000
3.388939 1.592378 0.207810 0.243523 2.177765 0.119452 -0.044969 1.129876 7.700000
3.394169 1.847232 0.205793 0.250188 2.236639 0.142709 -0.048961 1.213943 7.750000
4.161199 2.046606 0.202828 0.257729 2.301156 0.164356 -0.054383 1.348308 7.800000
4.892230 2.262170 0.198741 0.266143 2.372366 0.191223 -0.061590 1.481340 7.850000
4.521479 1.972594 0.193230 0.275507 2.450341 0.222438 -0.071030 1.617929 7.900000
3.660241 1.799308 0.186185 0.285671 2.529821 0.247767 -0.081946 1.569437 7.950000
3.330574 1.635749 0.177817 0.296276 2.605971 0.263319 -0.093035 1.489236 8.000000
3.104965 1.695171 0.168359 0.307033 2.677820 0.274654 -0.103646 1.398661 8.050000
3.188150 2.050966 0.157943 0.317775 2.747378 0.282771 -0.113941 1.386121 8.100000
3.599653 1.559568 0.146619 0.328383 2.820398 0.289779 -0.124976 1.516381 8.150000
2.851121 1.109264 0.134312 0.338778 2.892588 0.299398 -0.135867 1.390407 8.200000
3.080767 1.257017 0.121131 0.348869 2.955831 0.302419 -0.144781 1.170530 8.250000
2.726866 1.738013 0.107219 0.358590 3.013296 0.307911 -0.152336 1.133623 8.300000
2.431640 1.245204 0.092642 0.367881 3.074783 0.308430 -0.160650 1.302983 8.350000
2.281283 0.782196 0.077600 0.376659 3.136731 0.305406 -0.168702 1.190838 8.400000
1.546708 1.232208 0.062220 0.384902 -3.093316 0.302574 -0.174430 0.964741 8.450000
2.063918 1.330935 0.046714 0.392629 -3.043028 0.293337 -0.179140 1.037345 8.500000
1.390481 0.976278 0.031155 0.399824 -2.989150 0.288054 -0.184172 1.108443 8.550000
2.188857 1.461450 0.015606 0.406483 -2.936703 0.276748 -0.188414 1.003128 8.600000
2.041370 1.856274 0.000049 0.412599 -2.882588 0.272572 -0.192559 1.142980 8.650000
2.770208 1.958289 -0.015616 0.418113 -2.819407 0.264440 -0.198060 1.354800 8.700000
3.516740 2.295539 -0.031442 0.422946 -2.748009 0.260642 -0.204638 1.482748 8.750000
3.756616 2.583268 -0.047660 0.426931 -2.668768 0.261024 -0.212367 1.660479 8.800000
4.755824 2.301175 -0.064353 0.429920 -2.580672 0.260119 -0.221459 1.836176 8.850000
3.865470 2.243393 -0.081617 0.431701 -2.489813 0.266583 -0.230907 1.804035 8.900000
2.875941 2.310148 -0.099342 0.432219 -2.400520 0.263892 -0.239847 1.772926 8.950000
1.924490 2.572550 -0.117074 0.431737 -2.311513 0.251178 -0.247932 1.785219 9.000000
1.456809 2.865574 -0.134417 0.430589 -2.219422 0.228149 -0.255125 1.882168 9.050000
1.638266 2.412443 -0.151112 0.429074 -2.121311 0.198734 -0.261258 2.018703 9.100000
1.108525 2.641945 -0.167111 0.427296 -2.023694 0.171658 -0.265124 1.903661 9.150000
1.927374 2.974247 -0.182422 0.425363 -1.927488 0.140849 -0.266688 1.937598 9.200000
1.472670 3.000000 -0.197093 0.423243 -1.826933 0.117156 -0.266736 2.062679 9.250000
2.103174 3.000000 -0.211172 0.420904 -1.722331 0.088781 -0.265205 2.111714 9.300000
2.571764 3.000000 -0.224679 0.418329 -1.616345 0.067190 -0.261943 2.124468 9.350000
3.239041 3.000000 -0.237645 0.415279 -1.510072 0.051233 -0.257392 2.125456 9.400000
2.701426 3.000000 -0.250033 0.411504 -1.403844 0.042808 -0.252078 2.123551 9.450000
3.414149 3.000000 -0.261793 0.407005 -1.297731 0.030545 -0.246163 2.120839 9.500000
3.727471 2.829384 -0.272847 0.401776 -1.191754 0.026296 -0.239832 2.118441 9.550000
4.414267 2.841521 -0.283043 0.395639 -1.087613 0.026616 -0.233536 2.057458 9.600000
3.862533 2.675613 -0.292179 0.388457 -0.985242 0.034716 -0.227742 2.040521 9.650000
2.904944 2.766826 -0.300143 0.380305 -0.885080 0.038817 -0.222532 1.976667 9.700000
3.650969 2.416254 -0.307068 0.371566 -0.785987 0.034871 -0.217486 1.985420 9.750000
3.765398 2.352556 -0.312923 0.362370 -0.690246 0.039657 -0.212547 1.864107 9.800000
3.924461 2.658465 -0.317504 0.352670 -0.599002 0.047217 -0.208070 1.796650 9.850000
2.990720 2.858480 -0.320714 0.342547 -0.506702 0.056183 -0.204343 1.882018 9.900000
2.760802 2.868741 -0.322701 0.332227 -0.409591 0.055238 -0.201195 1.985431 9.950000
2.431202 3.000000 -0.323712 0.321945 -0.309120 0.051691 -0.198123 2.026447 10.000000
2.230708 3.000000 -0.323883 0.311829 -0.206036 0.044946 -0.194879 2.086571 10.050000
2.174589 3.000000 -0.323352 0.301977 -0.101105 0.036587 -0.191242 2.106915 10.100000
1.579118 2.740606 -0.322192 0.292450 0.004425 0.028417 -0.187127 2.112951 10.150000
1.167725 2.448727 -0.320568 0.283285 0.107448 0.016278 -0.182345 2.022672 10.200000
1.250624 2.265948 -0.318708 0.274485 0.204582 0.002922 -0.176751 1.884797 10.250000
0.629360 2.711864 -0.316664 0.266043 0.295397 -0.006903 -0.170561 1.766326 10.300000
1.107424 2.469908 -0.314541 0.257921 0.387022 -0.021527 -0.163790 1.880117 10.350000
0.768565 2.200126 -0.312366 0.250103 0.479729 -0.030517 -0.156461 1.835123 10.400000
0.043102 2.468827 -0.310091 0.242598 0.568159 -0.040502 -0.148866 1.719980 10.450000
0.519931 2.636035 -0.307904 0.235280 0.655663 -0.055737 -0.140770 1.771727 10.500000
0.878723 2.735024 -0.305827 0.228105 0.746545 -0.065592 -0.132028 1.850832 10.550000
0.326827 2.845699 -0.303687 0.221192 0.840972 -0.071252 -0.122913 1.915734 10.600000
0.000000 3.000000 -0.301498 0.214503 0.938599 -0.081153 -0.113411 1.978915 10.650000
0.657631 2.995986 -0.299365 0.207880 1.039799 -0.092943 -0.103256 2.056183 10.700000
1.202158 3.000000 -0.297213 0.201398 1.143381 -0.097070 -0.092718 2.082753 10.750000
1.395937 2.516097 -0.294903 0.195329 1.247852 -0.094621 -0.082420 2.094342 10.800000
0.749364 2.993880 -0.292402 0.189865 1.347744 -0.088593 -0.073086 1.928957 10.850000
0.015469 2.575289 -0.289782 0.184930 1.447374 -0.087561 -0.064345 2.038321 10.900000
0.657312 2.624482 -0.287117 0.180219 1.546152 -0.092159 -0.055826 1.930656 10.950000
0.428676 2.173444 -0.284428 0.175738 1.642051 -0.089303 -0.047726 1.908981 11.000000
0.000000 2.449314 -0.281727 0.171602 1.732595 -0.087361 -0.040401 1.739776 11.050000
0.184956 2.864728 -0.279020 0.167672 1.820603 -0.088481 -0.033512 1.775120 11.100000
0.350210 3.000000 -0.276303 0.163904 1.914084 -0.087234 -0.026519 1.938030 11.150000
0.000000 2.551503 -0.273604 0.160390 2.014147 -0.083817 -0.019518 2.046657 11.200000
0.120120 2.245129 -0.270916 0.157099 2.113027 -0.082842 -0.012979 1.928149 11.250000
0.817884 2.105964 -0.268239 0.153990 2.204992 -0.079871 -0.007203 1.775052 11.300000
0.472832 1.773416 -0.265712 0.151218 2.290605 -0.069825 -0.002390 1.666424 11.350000
0.253383 1.713006 -0.263413 0.148825 2.369196 -0.062864 0.001410 1.501985 11.400000
0.871651 1.381720 -0.261276 0.146687 2.441743 -0.057865 0.004485 1.412908 11.450000
0.581383 0.955926 -0.259393 0.144839 2.507781 -0.047092 0.006805 1.251433 11.500000
0.000000 0.775658 -0.257833 0.143296 2.563757 -0.039356 0.008303 1.018821 11.550000
0.150769 1.083447 -0.256436 0.141912 2.609748 -0.037340 0.009280 0.843071 11.600000
0.623287 1.469517 -0.255117 0.140618 2.652997 -0.033979 0.010065 0.882057 11.650000
0.109493 1.277526 -0.254006 0.139477 2.701869 -0.026228 0.010769 1.051056 11.700000
0.503832 1.358064 -0.253092 0.138471 2.754489 -0.023445 0.011336 1.053405 11.750000
0.468734 1.388166 -0.252349 0.137572 2.808069 -0.017052 0.011725 1.085533 11.800000
1.072038 1.349194 -0.251856 0.136795 2.863080 -0.011180 0.011881 1.111443 11.850000
1.456169 1.169674 -0.251736 0.136151 2.918552 0.000087 0.011696 1.107906 11.900000
1.343198 1.614367 -0.252207 0.135660 2.971941 0.014442 0.011023 1.036986 11.950000
1.082487 1.953475 -0.253313 0.135287 3.027743 0.027177 0.009815 1.176418 12.000000
1.760814 2.283899 -0.254952 0.134971 3.091966 0.037000 0.008005 1.366015 12.050000
1.088593 2.144403 -0.257201 0.134658 -3.117109 0.052658 0.005350 1.568619 12.100000
1.510110 2.427616 -0.260033 0.134289 -3.037798 0.061200 0.001945 1.599226 12.150000
2.241911 2.686688 -0.263355 0.133801 -2.954499 0.072938 -0.002115 1.715009 12.200000
1.262368 2.463901 -0.267388 0.133079 -2.864734 0.090475 -0.007291 1.853740 12.250000
1.754811 2.640111 -0.272012 0.132069 -2.772830 0.097537 -0.013210 1.826828 12.300000
1.337887 3.000000 -0.277050 0.130737 -2.679940 0.108123 -0.019584 1.880338 12.350000
1.262005 2.883162 -0.282451 0.129034 -2.581607 0.113412 -0.026700 2.028786 12.400000
0.948860 3.000000 -0.288039 0.126976 -2.479778 0.116680 -0.034156 2.042290 12.450000
1.532773 2.718679 -0.293677 0.124601 -2.376309 0.115802 -0.041581 2.088820 12.500000
1.716863 2.895848 -0.299352 0.121856 -2.274250 0.119453 -0.048734 2.007320 12.550000
1.065628 2.845697 -0.305123 0.118609 -2.172907 0.123739 -0.055876 2.041016 12.600000
1.634069 2.757313 -0.310857 0.114953 -2.071001 0.120793 -0.062867 2.036151 12.650000
0.827223 2.452043 -0.316480 0.110912 -1.970140 0.122400 -0.069481 2.003810 12.700000
0.649215 2.782953 -0.321932 0.106559 -1.873432 0.116001 -0.075339 1.884120 12.750000
0.187004 2.506850 -0.327114 0.102132 -1.777090 0.107511 -0.080456 1.957578 12.800000
0.000000 2.615055 -0.331994 0.097797 -1.681281 0.094501 -0.084618 1.886262 12.850000
0.000000 2.907172 -0.336575 0.093719 -1.586631 0.079917 -0.087622 1.897704 12.900000
0.113780 2.867249 -0.340895 0.089948 -1.488619 0.065154 -0.089706 2.004954 12.950000
0.429531 3.000000 -0.344992 0.086463 -1.387660 0.051432 -0.090846 2.029174 13.000000
1.428349 2.811020 -0.348887 0.083163 -1.284600 0.040806 -0.091141 2.083863 13.050000
0.624569 3.000000 -0.352514 0.079753 -1.181780 0.039889 -0.090997 2.036816 13.100000
1.167590 3.000000 -0.355862 0.076203 -1.078501 0.031516 -0.090527 2.085945 13.150000
0.376587 2.589883 -0.358940 0.072589 -0.973699 0.028413 -0.089686 2.103164 13.200000
1.004073 2.100478 -0.361786 0.068965 -0.872576 0.018669 -0.088327 1.964665 13.250000
1.342229 2.115533 -0.364408 0.065363 -0.780901 0.016466 -0.086464 1.738430 13.300000
1.662598 2.527795 -0.366639 0.061615 -0.696331 0.018545 -0.084577 1.656977 13.350000
2.386333 2.226140 -0.368348 0.057653 -0.610070 0.023531 -0.083003 1.775152 13.400000
2.207141 2.212423 -0.369319 0.053392 -0.523138 0.035136 -0.081999 1.712135 13.450000
2.121387 2.276986 -0.369432 0.048845 -0.438367 0.044960 -0.081635 1.683316 13.500000
2.445312 2.425383 -0.368731 0.044130 -0.353835 0.053653 -0.081836 1.696096 13.550000
2.868923 2.092058 -0.367166 0.039315 -0.267318 0.064747 -0.082715 1.755522 13.600000
3.820872 1.779950 -0.364579 0.034452 -0.182350 0.079395 -0.084268 1.658457 13.650000
3.577655 1.682795 -0.360673 0.029591 -0.103791 0.102860 -0.086500 1.507071 13.700000
4.121270 2.014984 -0.355316 0.024833 -0.031196 0.123608 -0.089417 1.411144 13.750000
3.247147 2.303129 -0.348490 0.020309 0.041811 0.148223 -0.093469 1.497101 13.800000
2.528550 2.261900 -0.340351 0.016151 0.120769 0.162522 -0.099055 1.640100 13.850000
2.179831 2.353825 -0.331358 0.012445 0.204007 0.168359 -0.105509 1.683129 13.900000
1.697148 2.328541 -0.321831 0.009233 0.289638 0.169635 -0.112239 1.734396 13.950000
1.438875 1.843274 -0.312024 0.006513 0.376683 0.165384 -0.118811 1.745741 14.000000
1.443050 1.437595 -0.302146 0.004247 0.459011 0.158965 -0.124273 1.573712 14.050000
1.325687 1.664889 -0.292265 0.002413 0.531411 0.154011 -0.128103 1.354282 14.100000
0.854753 1.511102 -0.282405 0.000994 0.598943 0.148680 -0.131018 1.347888 14.150000
0.840175 1.164064 -0.272693 -0.000090 0.664599 0.139275 -0.133283 1.286790 14.200000
0.958014 0.833527 -0.263218 -0.000913 0.724428 0.130997 -0.134493 1.127918 14.250000
1.674272 1.235361 -0.253941 -0.001463 0.775206 0.125727 -0.134544 0.929007 14.300000
2.472881 1.144776 -0.244704 -0.001605 0.823505 0.127770 -0.134321 0.994550 14.350000
2.827683 0.864202 -0.235291 -0.001081 0.873096 0.136924 -0.134418 0.989932 14.400000
3.783060 0.442755 -0.225570 0.000318 0.919470 0.149603 -0.134561 0.879386 14.450000
3.067186 0.343459 -0.215399 0.002841 0.957341 0.172221 -0.134295 0.662256 14.500000
2.165822 0.649110 -0.204784 0.006528 0.986415 0.188940 -0.133445 0.517666 14.550000
1.437374 0.594231 -0.193974 0.011055 1.013758 0.196985 -0.132657 0.570271 14.600000
2.181869 0.426398 -0.183209 0.016086 1.042398 0.197745 -0.132161 0.574805 14.650000
1.673771 0.888807 -0.172507 0.021620 1.069312 0.205721 -0.131520 0.509314 14.700000
0.980873 1.341972 -0.161856 0.027693 1.099096 0.208172 -0.131434 0.664296 14.750000
1.377170 1.307536 -0.151430 0.034040 1.139500 0.202166 -0.132865 0.920416 14.800000
1.736748 1.797735 -0.141307 0.040584 1.188510 0.198406 -0.135332 1.026321 14.850000
2.472471 1.834209 -0.131458 0.047471 1.246532 0.196260 -0.138886 1.262663 14.900000
1.676467 2.292856 -0.121858 0.054917 1.312983 0.199100 -0.143518 1.379135 14.950000
1.953258 2.210860 -0.112576 0.062868 1.388238 0.192231 -0.149122 1.598652 15.000000
2.623221 1.953977 -0.103708 0.071163 1.469843 0.186306 -0.155041 1.656752 15.050000
1.825701 2.263491 -0.095273 0.079987 1.550646 0.186381 -0.160471 1.586236 15.100000
0.946653 1.906285 -0.087308 0.089272 1.632422 0.178248 -0.165614 1.671717 15.150000
0.482084 1.678703 -0.079826 0.098584 1.713200 0.161974 -0.169737 1.573866 15.200000
0.915781 2.078980 -0.072775 0.107611 1.788314 0.142967 -0.172085 1.448667 15.250000
1.577010 1.931198 -0.066122 0.116358 1.863494 0.128511 -0.173468 1.544049 15.300000
2.197339 1.553819 -0.059917 0.125065 1.940209 0.120278 -0.174330 1.526851 15.350000
2.668990 1.672173 -0.054266 0.134002 2.012323 0.119157 -0.174508 1.379190 15.400000
3.352846 1.364436 -0.049290 0.143384 2.080797 0.123315 -0.174452 1.362303 15.450000
3.518190 1.261427 -0.045153 0.153403 2.145423 0.134583 -0.174413 1.240243 15.500000
2.670388 0.927477 -0.042000 0.164171 2.204861 0.148182 -0.174428 1.150016 15.550000
2.723748 0.962009 -0.039770 0.175497 2.257623 0.154967 -0.174148 0.982714 15.600000
2.419012 1.299725 -0.038373 0.187194 2.305010 0.163282 -0.173559 0.920916 15.650000
2.381264 1.549862 -0.037780 0.199174 2.353990 0.168096 -0.173411 1.025027 15.700000
3.146137 1.095246 -0.037938 0.211311 2.409323 0.170860 -0.174171 1.169169 15.750000
2.678581 0.684568 -0.038979 0.223650 2.464665 0.180559 -0.175134 1.059493 15.800000
3.213383 0.885893 -0.040960 0.236193 2.511763 0.187452 -0.175302 0.851236 15.850000
2.794776 1.093655 -0.043904 0.248919 2.553848 0.200235 -0.175118 0.834636 15.900000
2.931007 1.103961 -0.047827 0.261792 2.597695 0.208211 -0.175513 0.910076 15.950000
2.202241 0.788604 -0.052662 0.274707 2.644330 0.216437 -0.176568 0.950489 16.000000
1.916853 0.567066 -0.058273 0.287541 2.688921 0.218005 -0.177422 0.846345 16.050000
1.391926 0.306264 -0.064446 0.300167 2.727401 0.218305 -0.177324 0.709465 16.100000
1.468961 0.334853 -0.071010 0.312517 2.758081 0.215619 -0.175992 0.537476 16.150000
0.730650 0.258566 -0.077875 0.324570 2.782859 0.215221 -0.173769 0.461951 16.200000
0.494514 -0.173292 -0.084899 0.336288 2.803992 0.208914 -0.171015 0.390793 16.250000
0.000000 0.169491 -0.091877 0.347621 2.817512 0.202495 -0.167144 0.172182 16.300000
0.299977 -0.052733 -0.098667 0.358553 2.826786 0.192752 -0.162733 0.195928 16.350000
0.000000 -0.187543 -0.105238 0.369092 2.834321 0.186604 -0.158188 0.113301 16.400000
0.929289 -0.496585 -0.111607 0.379264 2.837117 0.178954 -0.153146 0.008149 16.450000
0.238724 -0.510393 -0.117935 0.389145 2.832256 0.181806 -0.147284 -0.184152 16.500000
0.768353 -0.742370 -0.124289 0.398789 2.819961 0.179539 -0.140672 -0.296480 16.550000
0.398583 -1.219082 -0.130643 0.408217 2.800798 0.183436 -0.133388 -0.453380 16.600000
0.000000 -0.864041 -0.137039 0.417479 2.770469 0.185492 -0.124848 -0.728362 16.650000
0.000000 -0.687912 -0.143314 0.426553 2.734224 0.184367 -0.115814 -0.722488 16.700000
0.000000 -1.104148 -0.149378 0.435416 2.700119 0.182535 -0.107409 -0.650514 16.750000
0.302903 -0.921182 -0.155229 0.444068 2.663885 0.180685 -0.099062 -0.783303 16.800000
0.390926 -0.733330 -0.160932 0.452557 2.624938 0.181657 -0.090662 -0.775745 16.850000
0.575489 -1.110258 -0.166560 0.460934 2.588324 0.182709 -0.082825 -0.698359 16.900000
0.243390 -0.791073 -0.172158 0.469232 2.550222 0.185206 -0.075012 -0.812177 16.950000
0.000000 -0.317676 -0.177684 0.477444 2.511613 0.184172 -0.067381 -0.741069 17.000000
0.908682 -0.192630 -0.183024 0.485486 2.480806 0.179877 -0.061097 -0.517396 17.050000
1.126998 -0.492550 -0.188306 0.493433 2.459481 0.183205 -0.056268 -0.353551 17.100000
0.761855 -0.128641 -0.193734 0.501435 2.440730 0.188112 -0.051877 -0.392438 17.150000
1.206861 -0.104068 -0.199269 0.509471 2.424701 0.189149 -0.047966 -0.262482 17.200000
0.261475 -0.068201 -0.204920 0.517545 2.413771 0.193884 -0.044850 -0.182828 17.250000
0.000000 0.000305 -0.210594 0.525567 2.406233 0.189414 -0.042301 -0.124554 17.300000
0.000000 0.115225 -0.216086 0.533348 2.401677 0.182497 -0.040265 -0.063676 17.350000
0.000000 -0.074804 -0.221362 0.540846 2.400764 0.175642 -0.038784 0.019262 17.400000
0.115543 -0.300518 -0.226433 0.548067 2.400779 0.169001 -0.037473 -0.015508 17.450000
0.158984 -0.393643 -0.231325 0.555042 2.396815 0.163885 -0.035733 -0.131979 17.500000
0.627964 -0.091607 -0.236068 0.561815 2.387351 0.159615 -0.033432 -0.236253 17.550000
1.213778 -0.364002 -0.240749 0.568485 2.377460 0.159855 -0.031175 -0.166435 17.600000
1.011369 -0.413726 -0.245549 0.575223 2.367028 0.165519 -0.028908 -0.243180 17.650000
0.561177 -0.173193 -0.250518 0.582096 2.353146 0.169179 -0.026272 -0.305682 17.700000
0.995054 -0.565902 -0.255535 0.588999 2.339701 0.168454 -0.023766 -0.239078 17.750000
0.584200 -0.362242 -0.260592 0.595931 2.324203 0.171802 -0.021079 -0.367484 17.800000
0.000000 -0.210379 -0.265681 0.602903 2.306277 0.171211 -0.018174 -0.351368 17.850000
0.956603 0.172056 -0.270641 0.609743 2.290677 0.165098 -0.015690 -0.280179 17.900000
0.000000 -0.182952 -0.275539 0.616518 2.282134 0.167920 -0.014150 -0.081336 17.950000
0.275166 -0.308881 -0.280386 0.623215 2.276951 0.161672 -0.013063 -0.122090 18.000000
0.688644 -0.283777 -0.285079 0.629720 2.268758 0.158260 -0.011687 -0.198169 18.050000
1.010036 -0.753655 -0.289723 0.636168 2.257990 0.158842 -0.010075 -0.229417 18.100000
0.527367 -1.141660 -0.294419 0.642700 2.240642 0.162437 -0.007742 -0.442087 18.150000
0.552539 -0.981956 -0.299121 0.649299 2.211077 0.161438 -0.004063 -0.709928 18.200000
1.255908 -0.770723 -0.303735 0.655897 2.173677 0.160567 0.000368 -0.778031 18.250000
1.017878 -0.714251 -0.308344 0.662641 2.136199 0.166042 0.004719 -0.727309 18.300000
1.290344 -0.255696 -0.312993 0.669615 2.101140 0.168905 0.008745 -0.680715 18.350000
0.765194 -0.613622 -0.317673 0.676821 2.072893 0.174114 0.011897 -0.472957 18.400000
0.433848 -1.038310 -0.322354 0.684194 2.048104 0.174196 0.014573 -0.514080 18.450000
0.995754 -0.970905 -0.326928 0.691556 2.017016 0.170957 0.017907 -0.707216 18.500000
1.178932 -1.283272 -0.331397 0.698964 1.979752 0.172742 0.021869 -0.775281 18.550000
0.856461 -1.236255 -0.335810 0.706575 1.936590 0.175751 0.026497 -0.931849 18.600000
0.000000 -0.938777 -0.340121 0.714355 1.888448 0.175168 0.031624 -0.986927 18.650000
0.510664 -0.849096 -0.344224 0.722034 1.841649 0.166395 0.036251 -0.896617 18.700000
0.344908 -1.312101 -0.348104 0.729535 1.798986 0.162651 0.040026 -0.819566 18.750000
1.120305 -1.768907 -0.351792 0.736933 1.753893 0.157154 0.043811 -0.965808 18.800000
1.012640 -1.740762 -0.355296 0.744366 1.698695 0.158181 0.048539 -1.209770 18.850000
1.942717 -1.901118 -0.358608 0.751971 1.635459 0.157229 0.054007 -1.306377 18.900000
2.546713 -2.156406 -0.361700 0.759917 1.567226 0.164081 0.059999 -1.408593 18.950000
2.626158 -2.568326 -0.364521 0.768525 1.492831 0.175153 0.066975 -1.547172 19.000000
2.838205 -2.575303 -0.366977 0.777894 1.409485 0.184900 0.075420 -1.755141 19.050000
2.785048 -2.199928 -0.368954 0.788006 1.319288 0.194477 0.085071 -1.839800 19.100000
2.555273 -2.317165 -0.370354 0.798805 1.230234 0.202149 0.094769 -1.738766 19.150000
1.765970 -2.588007 -0.371133 0.810146 1.143152 0.206500 0.104235 -1.744123 19.200000
1.042258 -2.359650 -0.371341 0.821721 1.053026 0.201776 0.113810 -1.845159 19.250000
1.478421 -2.147859 -0.371123 0.833148 0.962019 0.189248 0.122614 -1.802034 19.300000
0.579054 -1.804482 -0.370524 0.844337 0.874600 0.180878 0.129962 -1.709299 19.350000
1.531119 -2.129079 -0.369639 0.855202 0.793793 0.164901 0.135482 -1.547367 19.400000
0.635627 -2.618410 -0.368470 0.865754 0.714865 0.158190 0.139949 -1.601575 19.450000
0.000000 -2.183297 -0.367034 0.875991 0.629034 0.141611 0.144341 -1.800466 19.500000
0.920163 -2.135465 -0.365645 0.885679 0.541377 0.118957 0.147545 -1.718183 19.550000
0.317892 -2.053810 -0.364262 0.894891 0.456928 0.106073 0.149273 -1.667298 19.600000
0.215468 -2.063137 -0.362843 0.903702 0.375033 0.088467 0.149846 -1.615892 19.650000
0.592342 -1.741973 -0.361545 0.912080 0.294770 0.070905 0.149279 -1.596996 19.700000
1.591068 -2.203893 -0.360308 0.920085 0.218576 0.058447 0.147686 -1.469364 19.750000
0.899204 -2.009150 -0.358814 0.927814 0.141712 0.055789 0.145775 -1.587503 19.800000
1.514920 -2.226043 -0.357010 0.935276 0.063047 0.046656 0.143664 -1.562584 19.850000
0.723648 -1.923472 -0.354921 0.942451 -0.017071 0.043546 0.141336 -1.631586 19.900000
0.000000 -1.995170 -0.352603 0.949334 -0.096230 0.033648 0.138682 -1.547221 19.950000
0.758623 -2.358989 -0.350405 0.955957 -0.173346 0.018092 0.135365 -1.538339 20.000000
1.586148 -2.784477 -0.348309 0.962332 -0.253979 0.009907 0.131549 -1.667225 20.050000
1.823410 -2.733827 -0.345962 0.968388 -0.343245 0.008628 0.127658 -1.871178 20.100000
2.330323 -3.000000 -0.343161 0.974033 -0.438510 0.009044 0.123906 -1.929907 20.150000
3.313794 -3.000000 -0.339793 0.979155 -0.538387 0.013858 0.120504 -2.046071 20.200000
3.053822 -2.948702 -0.335625 0.983522 -0.641933 0.027453 0.117930 -2.088856 20.250000
3.122961 -2.565392 -0.330623 0.986965 -0.746320 0.038277 0.116360 -2.087133 20.300000
2.296791 -3.000000 -0.324942 0.989432 -0.846745 0.050127 0.115553 -1.952460 20.350000
1.952270 -2.683880 -0.318812 0.990998 -0.947428 0.053875 0.115356 -2.057513 20.400000
2.472705 -2.443552 -0.312504 0.991852 -1.048169 0.054287 0.115306 -1.984300 20.450000
2.128844 -2.344746 -0.306073 0.991937 -1.144129 0.060273 0.115290 -1.872441 20.500000
2.876969 -1.860613 -0.299573 0.991208 -1.235520 0.063544 0.115392 -1.795521 20.550000
1.926956 -1.902992 -0.293055 0.989564 -1.319391 0.074804 0.115585 -1.591090 20.600000
1.461541 -1.799159 -0.286597 0.987057 -1.397075 0.077749 0.115868 -1.526058 20.650000
1.028407 -2.290475 -0.280330 0.984021 -1.471522 0.076741 0.116017 -1.461337 20.700000
1.913538 -2.246468 -0.274310 0.980680 -1.549044 0.071246 0.116155 -1.616263 20.750000
1.418425 -2.262032 -0.268569 0.976951 -1.631169 0.073441 0.116436 -1.661831 20.800000
1.318058 -1.861807 -0.263137 0.972773 -1.714941 0.070656 0.116771 -1.685378 20.850000
1.049473 -1.828133 -0.258031 0.968309 -1.795257 0.067573 0.116743 -1.548025 20.900000
1.218998 -2.063656 -0.253249 0.963651 -1.870709 0.062903 0.116270 -1.480001 20.950000
1.905714 -2.142123 -0.248797 0.958832 -1.946409 0.060003 0.115626 -1.539160 21.000000
2.317665 -2.204281 -0.244761 0.953689 -2.024884 0.063221 0.115136 -1.591981 21.050000
2.712194 -1.793610 -0.241279 0.948032 -2.105755 0.069805 0.115053 -1.636275 21.100000
2.573414 -1.955193 -0.238487 0.941760 -2.183754 0.080247 0.115299 -1.503781 21.150000
3.080759 -2.258723 -0.236461 0.934887 -2.259139 0.089366 0.115931 -1.510783 21.200000
2.337914 -2.105105 -0.235299 0.927434 -2.337998 0.102202 0.117380 -1.626486 21.250000
1.476497 -1.699982 -0.234993 0.919542 -2.419049 0.107107 0.119429 -1.617129 21.300000
1.690957 -1.568977 -0.235287 0.911542 -2.495520 0.104360 0.121116 -1.464381 21.350000
1.845891 -1.482670 -0.236076 0.903564 -2.565548 0.104628 0.122199 -1.352872 21.400000
1.158025 -1.054521 -0.237437 0.895585 -2.630931 0.107010 0.122962 -1.273664 21.450000
0.713753 -1.486649 -0.239262 0.887690 -2.689013 0.104083 0.123133 -1.076309 21.500000
1.631475 -1.722202 -0.241317 0.880007 -2.745050 0.097478 0.122961 -1.154539 21.550000
1.739457 -1.368307 -0.243699 0.872508 -2.806303 0.098787 0.123060 -1.278509 21.600000
2.680463 -1.615896 -0.246617 0.865139 -2.867933 0.100975 0.123249 -1.197884 21.650000
2.186038 -1.359781 -0.250299 0.857871 -2.929525 0.111804 0.123726 -1.257805 21.700000
1.667515 -1.448090 -0.254822 0.850736 -2.990403 0.117695 0.124485 -1.187172 21.750000
0.767058 -1.369477 -0.259932 0.843823 -3.049854 0.118722 0.125250 -1.190452 21.800000
0.900600 -1.834908 -0.265281 0.837199 -3.108560 0.111415 0.125793 -1.161560 21.850000
1.347712 -1.347768 -0.270678 0.830884 3.111881 0.104895 0.126343 -1.325366 21.900000
0.384542 -0.985690 -0.276243 0.824888 3.048871 0.102694 0.126692 -1.210888 21.950000
0.058725 -1.102866 -0.281854 0.819195 2.993687 0.092971 0.126216 -1.021505 22.000000
0.000000 -0.685253 -0.287230 0.813755 2.943764 0.081545 0.125015 -0.980476 22.050000
0.519462 -1.175709 -0.292303 0.808530 2.899903 0.071128 0.123137 -0.796694 22.100000
0.503324 -1.418575 -0.297205 0.803527 2.857081 0.066220 0.121036 -0.902847 22.150000
0.000000 -1.483689 -0.302048 0.798769 2.807883 0.060426 0.119132 -1.046423 22.200000
0.000000 -1.191125 -0.306703 0.794207 2.753031 0.049396 0.117216 -1.135538 22.250000
0.000000 -1.036179 -0.311066 0.789786 2.698342 0.038961 0.114942 -1.061598 22.300000
0.969522 -0.549636 -0.315161 0.785490 2.647920 0.029757 0.112259 -0.967319 22.350000
0.764484 -0.414033 -0.319215 0.781420 2.606163 0.031400 0.109339 -0.732093 22.400000
0.863509 -0.790202 -0.323402 0.777666 2.574247 0.032679 0.106342 -0.564110 22.450000
0.289962 -0.382038 -0.327704 0.774221 2.544129 0.035212 0.103452 -0.632751 22.500000
0.000000 -0.772721 -0.332021 0.771017 2.516142 0.032730 0.100608 -0.501583 22.550000
0.887903 -0.916580 -0.336194 0.767939 2.488492 0.027799 0.097780 -0.593856 22.600000
1.881889 -0.688214 -0.340334 0.765066 2.455898 0.030762 0.095137 -0.697782 22.650000
1.780058 -1.111105 -0.344772 0.762673 2.422134 0.042813 0.092786 -0.657715 22.700000
1.660696 -1.421003 -0.349636 0.760893 2.385045 0.053150 0.090908 -0.807954 22.750000
0.690894 -1.383305 -0.354839 0.759690 2.339191 0.060996 0.089693 -1.001793 22.800000
1.624856 -1.081925 -0.360154 0.758879 2.287001 0.058831 0.088873 -1.075999 22.850000
2.490432 -1.391764 -0.365544 0.758461 2.235551 0.065573 0.088130 -0.992968 22.900000
2.168046 -1.637912 -0.371243 0.758766 2.183556 0.080075 0.087842 -1.076178 22.950000
3.139170 -1.834057 -0.377265 0.759897 2.125990 0.090362 0.088363 -1.208736 23.000000
3.754104 -1.879798 -0.383604 0.761982 2.061769 0.108401 0.089926 -1.341808 23.050000
4.428571 -1.857477 -0.390330 0.765343 1.992545 0.130661 0.092782 -1.416839 23.100000
5.410968 -2.195291 -0.397429 0.770247 1.921002 0.157710 0.096992 -1.441824 23.150000
5.396749 -2.261689 -0.404861 0.777038 1.844960 0.191738 0.103197 -1.580168 23.200000
5.783551 -2.644407 -0.412471 0.785890 1.763574 0.222785 0.111735 -1.663520 23.250000
6.000000 -2.363113 -0.420024 0.796826 1.675351 0.254048 0.122968 -1.839019 23.300000
6.000000 -2.678509 -0.427268 0.809888 1.584280 0.284139 0.136259 -1.809837 23.350000
5.378508 -2.558531 -0.433945 0.825007 1.490702 0.310802 0.151487 -1.917499 23.400000
4.423147 -2.381073 -0.439817 0.841880 1.394769 0.328111 0.168172 -1.920773 23.450000
3.920674 -2.849371 -0.444747 0.859985 1.300413 0.334082 0.184690 -1.863868 23.500000
3.393109 -3.000000 -0.448689 0.878842 1.202893 0.332191 0.201543 -2.013428 23.550000
3.005094 -2.918477 -0.451628 0.898060 1.099016 0.321412 0.218840 -2.123708 23.600000
3.984872 -2.715569 -0.453612 0.917295 0.992478 0.304282 0.235082 -2.135947 23.650000
4.406573 -2.941262 -0.454552 0.936548 0.887603 0.295277 0.249402 -2.070522 23.700000
3.646333 -3.000000 -0.454245 0.955966 0.782415 0.288477 0.262708 -2.127700 23.750000
4.103795 -2.806179 -0.452743 0.975341 0.674826 0.272174 0.275152 -2.168691 23.800000
3.378436 -2.616842 -0.450105 0.994485 0.567959 0.259351 0.285895 -2.114998 23.850000
4.102058 -2.651574 -0.446410 1.013274 0.464735 0.240330 0.294392 -2.027928 23.900000
3.712665 -2.519494 -0.441671 1.031624 0.363942 0.228698 0.301062 -2.006954 23.950000
2.752766 -2.536846 -0.435850 1.049488 0.265218 0.213944 0.306217 -1.950648 24.000000
1.808148 -2.777770 -0.429281 1.066709 0.168185 0.190976 0.309619 -1.932480 24.050000
0.880688 -3.000000 -0.422439 1.083175 0.069395 0.159046 0.311222 -2.005348 24.100000
1.314834 -3.000000 -0.415804 1.098866 -0.033750 0.117819 0.310616 -2.101875 24.150000
1.757328 -2.806491 -0.409516 1.113847 -0.139654 0.081314 0.307369 -2.127778 24.200000
2.231325 -3.000000 -0.403363 1.128177 -0.244164 0.051524 0.301667 -2.061992 24.250000
2.175067 -3.000000 -0.397113 1.141854 -0.348426 0.028297 0.294194 -2.100636 24.300000
2.303732 -2.917166 -0.390672 1.154869 -0.453750 0.006155 0.285310 -2.109607 24.350000
3.263795 -2.682352 -0.384024 1.167213 -0.558383 -0.012348 0.275215 -2.079776 24.400000
3.159105 -2.574514 -0.376949 1.178728 -0.659595 -0.018511 0.264593 -1.984351 24.450000
2.833056 -2.369677 -0.369307 1.189249 -0.756668 -0.022513 0.254042 -1.910484 24.500000
3.497675 -2.531175 -0.361217 1.198779 -0.849258 -0.026513 0.243662 -1.809221 24.550000
3.637838 -2.913780 -0.352684 1.207201 -0.940294 -0.022406 0.233691 -1.829267 24.600000
3.815160 -3.000000 -0.343682 1.214331 -1.035968 -0.017394 0.224312 -1.974380 24.650000
3.599395 -3.000000 -0.334296 1.220088 -1.137150 -0.011386 0.215574 -2.059063 24.700000
3.311560 -2.744726 -0.324665 1.224463 -1.241013 -0.007225 0.207484 -2.090358 24.750000
2.468317 -2.351818 -0.314962 1.227549 -1.343254 -0.004348 0.199932 -2.012425 24.800000
1.754306 -2.578742 -0.305358 1.229583 -1.438998 -0.006672 0.192684 -1.844557 24.850000
2.737127 -2.792780 -0.295985 1.230907 -1.531747 -0.013841 0.185397 -1.862325 24.900000
3.141171 -2.425987 -0.286896 1.231464 -1.627269 -0.011375 0.178191 -1.945202 24.950000
2.484014 -2.656885 -0.278168 1.230950 -1.721641 -0.004076 0.171562 -1.845956 25.000000
2.199941 -2.160936 -0.269879 1.229455 -1.815271 -0.002181 0.165484 -1.891900 25.050000
1.926554 -1.798826 -0.262064 1.227229 -1.905214 -0.001434 0.159696 -1.731302 25.100000
2.144708 -2.197328 -0.254744 1.224412 -1.986184 -0.000663 0.154164 -1.537081 25.150000
1.865700 -2.631137 -0.247966 1.221032 -2.065028 0.003131 0.148969 -1.606354 25.200000
1.577331 -2.944831 -0.241756 1.217147 -2.150706 0.003372 0.144087 -1.791954 25.250000
0.684715 -2.738250 -0.236065 1.212929 -2.245617 -0.000288 0.139275 -1.974816 25.300000
0.281500 -2.446516 -0.230732 1.208637 -2.344174 -0.012144 0.134077 -1.968256 25.350000
0.633726 -2.180699 -0.225555 1.204489 -2.439476 -0.025990 0.128197 -1.860896 25.400000
0.818433 -2.382165 -0.220535 1.200463 -2.528563 -0.034205 0.121905 -1.724054 25.450000
1.082165 -2.337804 -0.215783 1.196459 -2.615342 -0.039256 0.115474 -1.743925 25.500000
0.960209 -1.868099 -0.211398 1.192422 -2.702293 -0.040936 0.109050 -1.735462 25.550000
0.163547 -1.387772 -0.207421 1.188348 -2.784040 -0.042202 0.102907 -1.561058 25.600000
0.000000 -1.774591 -0.203676 1.184324 -2.854971 -0.048702 0.097102 -1.312182 25.650000
0.000000 -1.491617 -0.199972 1.180416 -2.921745 -0.055392 0.091318 -1.352918 25.700000
0.000000 -1.389081 -0.196282 1.176614 -2.986837 -0.061106 0.085507 -1.263337 25.750000
0.069752 -1.084030 -0.192622 1.172905 -3.047800 -0.065637 0.079844 -1.185847 25.800000
0.000000 -1.294649 -0.189022 1.169276 -3.102814 -0.068274 0.074504 -1.034850 25.850000
0.564210 -1.508354 -0.185497 1.165724 3.128240 -0.070791 0.069388 -1.048646 25.900000
0.244551 -1.149203 -0.182168 1.162245 3.073291 -0.067865 0.064319 -1.137556 25.950000
0.000000 -1.374335 -0.179090 1.158841 3.019200 -0.067582 0.059523 -1.039212 26.000000
0.000000 -0.918480 -0.176131 1.155505 2.966022 -0.069167 0.054911 -1.082254 26.050000
0.000000 -1.226520 -0.173241 1.152227 2.916350 -0.070121 0.050582 -0.925057 26.100000
0.000000 -0.920508 -0.170428 1.149008 2.868737 -0.070621 0.046479 -0.973336 26.150000
0.826386 -0.592016 -0.167695 1.145848 2.822809 -0.070743 0.042589 -0.876123 26.200000
0.225353 -0.656684 -0.165229 1.142813 2.783925 -0.062567 0.039295 -0.700700 26.250000
1.198365 -0.634639 -0.163073 1.139930 2.750536 -0.059844 0.036508 -0.641802 26.300000
2.110883 -0.217533 -0.161295 1.137247 2.719498 -0.047950 0.034079 -0.604190 26.350000
2.496346 0.062996 -0.160279 1.134951 2.694517 -0.027662 0.032243 -0.416142 26.400000
2.249561 0.415213 -0.160262 1.133187 2.679610 -0.004067 0.030970 -0.202520 26.450000
3.222531 0.035755 -0.161231 1.131970 2.676763 0.016875 0.029918 0.063146 26.500000
3.908660 0.500942 -0.163305 1.131364 2.679572 0.046307 0.028843 0.050286 26.550000
3.839348 0.894275 -0.166792 1.131512 2.687294 0.081194 0.027495 0.239712 26.600000
3.440402 1.321512 -0.171781 1.132427 2.706610 0.114513 0.025186 0.504455 26.650000
3.672444 1.358837 -0.178147 1.133982 2.740405 0.143232 0.021196 0.811229 26.700000
4.015652 1.469599 -0.185841 1.136051 2.785510 0.173066 0.015371 0.972702 26.750000
4.831302 1.232947 -0.194973 1.138557 2.837469 0.204641 0.007834 1.090439 26.800000
4.871878 0.908969 -0.205772 1.141439 2.890928 0.242005 -0.000948 1.053179 26.850000
4.073641 1.047176 -0.218383 1.144608 2.939596 0.277683 -0.009922 0.912155 26.900000
5.042286 1.154506 -0.232572 1.147907 2.984941 0.304021 -0.018995 0.903303 26.950000
5.179028 0.659114 -0.248323 1.151223 3.031234 0.337700 -0.028956 0.944013 27.000000
6.000000 0.998911 -0.265825 1.154473 3.073567 0.370879 -0.038651 0.771564 27.050000
6.000000 0.851833 -0.285228 1.157577 3.113711 0.409923 -0.048532 0.828282 27.100000
6.000000 0.702842 -0.306635 1.160425 -3.128830 0.446803 -0.059301 0.801932 27.150000
5.104424 0.431706 -0.329949 1.162904 -3.090623 0.481817 -0.069932 0.735699 27.200000
5.498459 0.583000 -0.354873 1.164948 -3.057648 0.507111 -0.079166 0.600376 27.250000
4.824544 0.637812 -0.381215 1.166518 -3.027680 0.534971 -0.087610 0.599664 27.300000
4.710236 0.612411 -0.408835 1.167568 -2.996970 0.554991 -0.096569 0.626877 27.350000
3.935185 0.765647 -0.437477 1.168061 -2.965411 0.572629 -0.105970 0.635737 27.400000
2.951206 1.004633 -0.466867 1.167978 -2.931657 0.581600 -0.116256 0.707285 27.450000
2.112244 1.034047 -0.496535 1.167337 -2.892529 0.579669 -0.128498 0.842644 27.500000
2.385243 1.232413 -0.526005 1.166175 -2.848151 0.568389 -0.142275 0.923540 27.550000
2.419510 1.117047 -0.555106 1.164484 -2.798618 0.558199 -0.157310 1.043556 27.600000
2.395649 0.845137 -0.583857 1.162209 -2.746044 0.547054 -0.172640 1.058625 27.650000
2.610480 0.635314 -0.612229 1.159343 -2.695794 0.535689 -0.186113 0.964569 27.700000
2.584299 0.220633 -0.640264 1.155890 -2.651015 0.527384 -0.196691 0.842665 27.750000
3.198958 0.004494 -0.668022 1.151861 -2.615060 0.521043 -0.203365 0.622296 27.800000
3.944555 -0.356633 -0.695674 1.147228 -2.589387 0.523283 -0.205926 0.426811 27.850000
3.212781 -0.836696 -0.723543 1.141867 -2.574954 0.535446 -0.204282 0.176776 27.900000
2.955964 -0.370015 -0.751699 1.135840 -2.575466 0.544457 -0.197051 -0.165043 27.950000
3.633675 0.076971 -0.780027 1.129347 -2.583574 0.552678 -0.187127 -0.160478 28.000000
4.631333 0.425449 -0.808612 1.122365 -2.586381 0.565436 -0.179618 0.029772 28.050000
5.491377 0.658982 -0.837711 1.114670 -2.577905 0.584184 -0.176973 0.284353 28.100000
6.000000 0.933982 -0.867573 1.105985 -2.557169 0.607179 -0.179754 0.520619 28.150000
6.000000 1.425115 -0.898311 1.096073 -2.524555 0.630830 -0.188028 0.757958 28.200000
5.030849 1.759261 -0.929826 1.084787 -2.477809 0.649249 -0.202963 1.074139 28.250000
5.823270 1.697551 -0.961688 1.072170 -2.416192 0.652458 -0.224622 1.354600 28.300000
6.000000 1.201731 -0.993609 1.058167 -2.345446 0.657999 -0.249962 1.462898 28.350000
6.000000 0.801056 -1.025552 1.042599 -2.276013 0.663056 -0.274024 1.335876 28.400000
6.000000 0.388339 -1.057429 1.025447 -2.214796 0.669008 -0.293599 1.142194 28.450000
5.085958 -0.098314 -1.089192 1.006734 -2.164382 0.677709 -0.307611 0.907152 28.500000
5.704830 0.313176 -1.120732 0.986661 -2.127332 0.682464 -0.314890 0.611597 28.550000
5.486869 0.692256 -1.152056 0.965302 -2.096060 0.694932 -0.319347 0.637568 28.600000
6.000000 0.606843 -1.183139 0.942602 -2.059451 0.702277 -0.326543 0.807796 28.650000
5.614247 0.579857 -1.213865 0.918526 -2.017572 0.711293 -0.336335 0.862450 28.700000
5.943990 0.624404 -1.244127 0.893080 -1.973859 0.714930 -0.346893 0.884889 28.750000
6.000000 0.670730 -1.273813 0.866309 -1.928665 0.720127 -0.357972 0.920197 28.800000
5.047619 0.426604 -1.302847 0.838171 -1.881511 0.723961 -0.369811 0.962429 28.850000
5.097914 0.757640 -1.331068 0.808913 -1.835387 0.718604 -0.380654 0.892474 28.900000
5.303841 0.877468 -1.358359 0.778769 -1.787930 0.712564 -0.391624 0.993893 28.950000
5.856657 0.806322 -1.384634 0.747742 -1.735511 0.705259 -0.404481 1.091239 29.000000
6.000000 0.334283 -1.409811 0.715725 -1.680370 0.700944 -0.418012 1.112932 29.050000
6.000000 0.505068 -1.433842 0.682616 -1.629479 0.699671 -0.428798 0.945763 29.100000
6.000000 0.549000 -1.456710 0.648406 -1.582358 0.699990 -0.437325 0.940842 29.150000
6.000000 0.422688 -1.478358 0.613150 -1.534793 0.699491 -0.445765 0.960315 29.200000
5.664037 0.903670 -1.498721 0.576918 -1.487821 0.698852 -0.453578 0.924165 29.250000
5.672027 1.274997 -1.517744 0.539862 -1.436718 0.692017 -0.463059 1.097936 29.300000
5.030448 1.199345 -1.535316 0.502204 -1.375531 0.678343 -0.476750 1.319577 29.350000
4.103805 1.631986 -1.551353 0.464265 -1.307646 0.653707 -0.492260 1.386049 29.400000
4.314743 1.781375 -1.565888 0.426538 -1.233014 0.615476 -0.508741 1.570482 29.450000
4.038650 1.743830 -1.578939 0.389337 -1.150940 0.573910 -0.525646 1.691821 29.500000
3.825073 1.370946 -1.590532 0.352795 -1.065597 0.527380 -0.540626 1.715194 29.550000
4.293879 0.899130 -1.600768 0.317061 -0.983792 0.481935 -0.550974 1.574834 29.600000
4.130295 0.693741 -1.609663 0.282027 -0.911982 0.449362 -0.555346 1.330208 29.650000
3.202347 0.242589 -1.617196 0.247530 -0.850881 0.424443 -0.554767 1.137727 29.700000
3.568848 0.245149 -1.623530 0.213660 -0.801589 0.400965 -0.549685 0.866260 29.750000
3.433393 0.477163 -1.628734 0.180390 -0.762024 0.389444 -0.541454 0.731093 29.800000
3.404884 0.086290 -1.632763 0.147620 -0.724860 0.379325 -0.532578 0.751404 29.850000
2.773438 -0.361148 -1.635653 0.115365 -0.691537 0.372557 -0.522759 0.598172 29.900000
3.758508 -0.341064 -1.637508 0.083653 -0.668957 0.368198 -0.510331 0.332893 29.950000
3.463917 -0.115162 -1.638230 0.052321 -0.655995 0.380102 -0.495861 0.199395 30.000000
2.742926 -0.543813 -1.637696 0.021212 -0.645398 0.390608 -0.481389 0.222114 30.050000
2.845591 -0.939098 -1.636122 -0.009544 -0.638955 0.396876 -0.466325 0.051723 30.100000
2.588576 -0.544258 -1.633625 -0.039943 -0.643646 0.410870 -0.448645 -0.213863 30.150000
2.989171 -0.623697 -1.630238 -0.070074 -0.653802 0.425039 -0.429950 -0.194601 30.200000
2.107274 -0.130134 -1.625977 -0.099987 -0.664185 0.442231 -0.411743 -0.218431 30.250000
2.554460 -0.359038 -1.620979 -0.129616 -0.669783 0.447694 -0.395636 -0.025217 30.300000
3.282599 -0.627089 -1.615370 -0.158854 -0.670833 0.454587 -0.381533 -0.018129 30.350000
2.430745 -0.507022 -1.608962 -0.187880 -0.674813 0.469419 -0.366953 -0.130516 30.400000
1.567786 -0.838888 -1.601810 -0.216719 -0.681707 0.477079 -0.351887 -0.144652 30.450000
2.556092 -0.701381 -1.594255 -0.245157 -0.693103 0.478368 -0.335800 -0.297110 30.500000
2.711153 -0.652769 -1.586295 -0.273284 -0.708744 0.490392 -0.318769 -0.326262 30.550000
3.057845 -0.320932 -1.577760 -0.301307 -0.725006 0.503268 -0.301985 -0.325136 30.600000
3.286173 -0.469234 -1.568605 -0.329307 -0.737501 0.516988 -0.287021 -0.189256 30.650000
3.620882 -0.824798 -1.558769 -0.357344 -0.746711 0.530782 -0.273678 -0.180583 30.700000
3.507536 -0.513545 -1.548197 -0.385512 -0.759776 0.548330 -0.259206 -0.327528 30.750000
4.100257 -0.160049 -1.536906 -0.413891 -0.774811 0.564513 -0.244322 -0.279628 30.800000
3.952245 0.196622 -1.524864 -0.442544 -0.784065 0.583391 -0.232150 -0.108141 30.850000
3.563711 -0.164664 -1.512022 -0.471467 -0.782730 0.596726 -0.224758 0.137950 30.900000
2.681689 0.004998 -1.498475 -0.500478 -0.776287 0.604385 -0.219794 0.121188 30.950000
3.614779 -0.397192 -1.484449 -0.529344 -0.768548 0.603205 -0.215580 0.181865 31.000000
4.550687 -0.892683 -1.469942 -0.558065 -0.763246 0.611478 -0.210462 0.043362 31.050000
3.836461 -1.209321 -1.454674 -0.587004 -0.769028 0.631215 -0.200646 -0.246798 31.100000
4.061931 -1.610210 -1.438692 -0.616306 -0.789418 0.647199 -0.184449 -0.538681 31.150000
4.182813 -1.400209 -1.422197 -0.646027 -0.825149 0.667640 -0.161355 -0.855063 31.200000
3.546941 -1.084224 -1.405282 -0.676350 -0.870048 0.688952 -0.134120 -0.933804 31.250000
4.331470 -1.395833 -1.388158 -0.707219 -0.914567 0.701775 -0.107482 -0.859437 31.300000
5.005370 -1.071952 -1.370904 -0.738658 -0.960299 0.719877 -0.080634 -0.960320 31.350000
5.173822 -1.101874 -1.353447 -0.770953 -1.006374 0.741835 -0.053891 -0.894395 31.400000
6.000000 -0.832584 -1.335793 -0.804243 -1.050878 0.762703 -0.028192 -0.889752 31.450000
5.541568 -1.326355 -1.317942 -0.838702 -1.092646 0.788784 -0.004145 -0.795957 31.500000
5.596463 -1.735595 -1.299969 -0.874364 -1.137000 0.808073 0.021273 -0.961277 31.550000
4.881869 -2.039043 -1.282124 -0.911144 -1.192088 0.824801 0.052663 -1.213536 31.600000
4.755828 -1.925901 -1.264738 -0.948888 -1.259657 0.830385 0.090782 -1.460089 31.650000
5.304905 -2.172309 -1.248145 -0.987361 -1.334945 0.829765 0.132266 -1.545190 31.700000
4.600391 -1.991784 -1.232530 -1.026564 -1.416374 0.828655 0.175916 -1.695704 31.750000
4.525724 -1.793490 -1.218098 -1.066321 -1.501548 0.815250 0.219804 -1.714500 31.800000
4.221885 -1.828638 -1.204986 -1.106309 -1.585919 0.797119 0.260730 -1.672128 31.850000
4.033983 -1.517769 -1.193246 -1.146303 -1.669842 0.772629 0.298688 -1.686779 31.900000
3.768190 -1.503824 -1.182896 -1.186069 -1.751410 0.744394 0.332441 -1.593230 31.950000
2.977672 -1.958354 -1.173893 -1.225417 -1.830079 0.712786 0.361753 -1.560377 32.000000
2.221576 -1.927907 -1.166154 -1.264023 -1.912634 0.670159 0.389865 -1.718303 32.050000
1.649420 -2.104016 -1.159547 -1.301428 -2.000009 0.616643 0.416338 -1.768030 32.100000
2.314298 -2.389685 -1.153865 -1.337285 -2.090665 0.555211 0.439648 -1.843848 32.150000
1.828072 -2.798543 -1.149010 -1.371577 -2.186424 0.496695 0.460159 -1.964089 32.200000
2.218684 -2.758778 -1.144867 -1.404298 -2.289812 0.428717 0.478124 -2.137904 32.250000
2.570187 -2.594149 -1.141278 -1.435404 -2.397706 0.361947 0.491736 -2.167772 32.300000
2.316216 -2.265598 -1.138224 -1.465077 -2.504286 0.300427 0.499607 -2.101559 32.350000
3.254425 -2.308650 -1.135627 -1.493444 -2.604851 0.242353 0.501485 -1.942252 32.400000
3.701101 -2.238459 -1.133591 -1.520711 -2.700295 0.198787 0.498860 -1.881298 32.450000
2.945099 -2.657488 -1.132387 -1.547097 -2.792638 0.163674 0.493258 -1.818980 32.500000
2.223245 -2.989495 -1.131925 -1.572601 -2.886942 0.122412 0.485560 -1.931169 32.550000
2.862588 -2.615289 -1.131814 -1.597141 -2.987764 0.072899 0.475540 -2.073495 32.600000
2.642398 -2.549649 -1.131994 -1.620757 -3.088734 0.032674 0.462654 -1.977679 32.650000
2.031821 -2.756173 -1.132596 -1.643527 3.097556 -0.003657 0.447444 -1.906660 32.700000
3.030995 -3.000000 -1.133463 -1.665497 3.001116 -0.041912 0.430223 -1.942135 32.750000
3.773876 -3.000000 -1.134704 -1.686690 2.901331 -0.068984 0.411255 -2.032444 32.800000
4.699805 -3.000000 -1.136717 -1.707033 2.798884 -0.086937 0.391219 -2.059799 32.850000
4.038268 -3.000000 -1.139858 -1.726356 2.695659 -0.093208 0.370970 -2.067786 32.900000
3.605801 -2.728883 -1.144150 -1.744557 2.592202 -0.102686 0.350847 -2.069880 32.950000
2.726226 -2.252249 -1.149326 -1.761663 2.491490 -0.111757 0.330959 -1.974309 33.000000
3.063799 -2.402525 -1.155123 -1.777760 2.398746 -0.122528 0.311727 -1.768315 33.050000
2.289314 -2.650647 -1.161440 -1.792833 2.311027 -0.125326 0.293191 -1.744455 33.100000
2.717711 -2.273313 -1.168181 -1.806913 2.221465 -0.133734 0.274793 -1.825256 33.150000
2.889448 -1.797322 -1.175256 -1.820022 2.133231 -0.135157 0.256848 -1.720885 33.200000
3.220745 -1.461329 -1.182707 -1.831981 2.053319 -0.130081 0.240429 -1.508389 33.250000
3.548818 -1.954989 -1.190529 -1.842607 1.983884 -0.117150 0.226025 -1.299868 33.300000
3.940363 -1.645616 -1.198704 -1.851709 1.916011 -0.099913 0.213023 -1.401536 33.350000
4.745325 -1.961512 -1.207185 -1.859130 1.847941 -0.078614 0.201377 -1.332176 33.400000
5.093621 -1.843892 -1.215926 -1.864604 1.778679 -0.049955 0.191317 -1.425971 33.450000
4.235623 -1.654072 -1.224833 -1.867898 1.707417 -0.018780 0.183023 -1.425688 33.500000
3.322001 -1.828280 -1.233721 -1.869169 1.638078 0.004439 0.176399 -1.358329 33.550000
4.028235 -1.614223 -1.242409 -1.868871 1.569044 0.018936 0.170943 -1.397822 33.600000
4.562231 -1.217038 -1.250775 -1.867094 1.500925 0.040128 0.166526 -1.336367 33.650000
4.003370 -1.209980 -1.258691 -1.863596 1.439064 0.067240 0.163182 -1.162865 33.700000
4.740253 -1.415281 -1.266051 -1.858436 1.383084 0.089667 0.160729 -1.087101 33.750000
4.729479 -1.539447 -1.272743 -1.851645 1.327379 0.118295 0.159376 -1.135465 33.800000
4.508419 -1.852625 -1.278633 -1.843154 1.268575 0.145113 0.159464 -1.207665 33.850000
3.863472 -1.982205 -1.283628 -1.833138 1.203848 0.167492 0.161249 -1.360686 33.900000
4.780128 -1.972647 -1.287698 -1.821921 1.132526 0.181340 0.164620 -1.475991 33.950000
4.611095 -1.682142 -1.290716 -1.809581 1.057411 0.201929 0.169264 -1.522533 34.000000
5.465060 -1.916417 -1.292516 -1.796099 0.983757 0.219987 0.174544 -1.436957 34.050000
5.361537 -1.432558 -1.292924 -1.781483 0.910338 0.244762 0.180748 -1.492711 34.100000
6.000000 -1.574964 -1.291765 -1.765755 0.840107 0.267766 0.187372 -1.339701 34.150000
5.848463 -1.377666 -1.288888 -1.748980 0.773317 0.296038 0.194380 -1.334060 34.200000
6.000000 -1.003490 -1.284169 -1.731252 0.708680 0.321709 0.201944 -1.262817 34.250000
6.000000 -1.072554 -1.277571 -1.712736 0.650331 0.348882 0.208941 -1.095327 34.300000
6.000000 -0.637757 -1.269050 -1.693547 0.596779 0.375812 0.215600 -1.053763 34.350000
5.241036 -0.549518 -1.258603 -1.673821 0.549252 0.402997 0.221363 -0.872070 34.400000
6.000000 -0.082183 -1.246391 -1.653747 0.508884 0.423885 0.225641 -0.757852 34.450000
6.000000 0.034167 -1.232428 -1.633390 0.477644 0.453600 0.227622 -0.520695 34.500000
5.260305 0.019601 -1.216582 -1.612687 0.456128 0.485069 0.226973 -0.358821 34.550000
5.176137 -0.376498 -1.199049 -1.591730 0.440260 0.510157 0.224793 -0.284555 34.600000
4.841353 0.053875 -1.180045 -1.570639 0.422493 0.532897 0.223693 -0.413290 34.650000
5.262543 0.282594 -1.159701 -1.549524 0.404804 0.551647 0.222832 -0.306321 34.700000
6.000000 -0.156433 -1.138034 -1.528385 0.393628 0.575525 0.219647 -0.156541 34.750000
6.000000 -0.062558 -1.114831 -1.507109 0.382892 0.605428 0.216641 -0.263027 34.800000
6.000000 -0.268618 -1.089988 -1.485695 0.369146 0.633243 0.215275 -0.285460 34.850000
5.658529 -0.244876 -1.063558 -1.464211 0.352077 0.658936 0.215762 -0.387619 34.900000
5.240008 -0.010298 -1.035668 -1.442776 0.331374 0.679287 0.218235 -0.436333 34.950000
5.666998 -0.130455 -1.006531 -1.421520 0.311428 0.695060 0.220500 -0.369626 35.000000
6.000000 0.000847 -0.976178 -1.400469 0.292444 0.714355 0.222465 -0.388744 35.050000
5.979988 -0.311790 -0.944481 -1.379614 0.274123 0.736071 0.224288 -0.349438 35.100000
5.894776 -0.398864 -0.911412 -1.358978 0.253533 0.755921 0.227548 -0.463153 35.150000
5.916263 -0.719143 -0.877050 -1.338669 0.227622 0.772345 0.233855 -0.563648 35.200000
5.783689 -0.244719 -0.841462 -1.318816 0.194254 0.785563 0.244366 -0.751165 35.250000
6.000000 0.006259 -0.804736 -1.299563 0.159232 0.795939 0.255680 -0.662383 35.300000
5.965940 0.446685 -0.766889 -1.280941 0.129961 0.809436 0.263597 -0.525895 35.350000
5.728924 0.181076 -0.727903 -1.262914 0.110450 0.825324 0.265842 -0.281897 35.400000
6.000000 0.597613 -0.687853 -1.245414 0.096790 0.840405 0.264785 -0.266632 35.450000
6.000000 0.551291 -0.646758 -1.228414 0.088451 0.859279 0.260684 -0.085201 35.500000
5.386209 0.175267 -0.604571 -1.211832 0.086419 0.879584 0.252952 -0.003532 35.550000
6.000000 0.455473 -0.561471 -1.195637 0.083152 0.892919 0.246323 -0.115953 35.600000
5.787197 0.273198 -0.517502 -1.179859 0.078922 0.911071 0.240558 -0.058613 35.650000
6.000000 0.185497 -0.472607 -1.164477 0.074769 0.926512 0.235011 -0.102979 35.700000
6.000000 -0.137487 -0.426830 -1.149510 0.067934 0.942428 0.231493 -0.164497 35.750000
6.000000 0.158230 -0.380173 -1.135014 0.055015 0.955752 0.232299 -0.335458 35.800000
5.112340 0.465700 -0.332693 -1.121080 0.039024 0.967490 0.235269 -0.308103 35.850000
5.284488 0.594714 -0.284628 -1.107723 0.027493 0.971873 0.235130 -0.167563 35.900000
6.000000 0.256189 -0.236144 -1.094873 0.022745 0.979824 0.230330 -0.034630 35.950000
5.901591 -0.180141 -0.187034 -1.082457 0.019160 0.994434 0.224948 -0.101988 36.000000
6.000000 -0.241268 -0.137195 -1.070513 0.007978 1.005190 0.225219 -0.323410 36.050000
5.019831 -0.177222 -0.086697 -1.059181 -0.012258 1.013535 0.232059 -0.471683 36.100000
4.361485 0.317977 -0.035813 -1.048579 -0.037409 1.010629 0.242226 -0.529664 36.150000
4.584994 0.293250 0.015048 -1.038738 -0.059242 1.002564 0.249535 -0.362839 36.200000
5.346060 0.666845 0.065808 -1.029585 -0.075316 0.998725 0.252398 -0.288298 36.250000
5.728833 0.928868 0.116726 -1.021067 -0.084335 1.004491 0.250121 -0.091879 36.300000
6.000000 0.995472 0.168111 -1.013080 -0.082807 1.017103 0.240380 0.132970 36.350000
6.000000 1.111647 0.220148 -1.005476 -0.071777 1.034609 0.224027 0.294285 36.400000
5.212574 1.526942 0.272911 -0.998102 -0.053065 1.053255 0.202390 0.441925 36.450000
5.026843 2.000704 0.326214 -0.990770 -0.023739 1.065821 0.173272 0.706182 36.500000
4.609182 2.159143 0.379829 -0.983206 0.021045 1.077916 0.133086 1.049701 36.550000
3.642063 2.246029 0.433581 -0.975095 0.080484 1.084986 0.082691 1.303246 36.600000
4.482539 2.026067 0.487042 -0.966183 0.150654 1.079255 0.025721 1.488346 36.650000
4.183655 2.046869 0.540039 -0.956283 0.225970 1.076062 -0.033041 1.529816 36.700000
3.229637 1.738246 0.592523 -0.945284 0.304204 1.064038 -0.091628 1.600402 36.750000
2.807798 1.598786 0.644037 -0.933225 0.382762 1.037638 -0.147363 1.558427 36.800000
3.110473 1.449737 0.694160 -0.920262 0.459569 1.003280 -0.198193 1.526973 36.850000
2.859746 1.419354 0.742791 -0.906482 0.534670 0.968755 -0.244168 1.489531 36.900000
2.803584 1.557259 0.789890 -0.891963 0.608948 0.929284 -0.285992 1.487274 36.950000
2.403238 1.957994 0.835344 -0.876814 0.685184 0.886147 -0.325425 1.556097 37.000000
3.244423 1.904777 0.878989 -0.861164 0.768335 0.833882 -0.365109 1.744079 37.050000
3.257126 2.367372 0.920792 -0.845012 0.857328 0.784249 -0.403722 1.807832 37.100000
2.501662 2.277578 0.960804 -0.828326 0.953366 0.728251 -0.441405 2.002832 37.150000
2.010980 2.725205 0.998828 -0.811386 1.054657 0.659678 -0.476044 2.041042 37.200000
1.267413 2.973143 1.034716 -0.794608 1.161486 0.581290 -0.506572 2.201210 37.250000
1.646974 3.000000 1.068401 -0.778448 1.275291 0.490289 -0.532193 2.323406 37.300000
2.070793 2.527388 1.100004 -0.763170 1.392378 0.400739 -0.550594 2.348229 37.350000
2.991932 2.683576 1.129805 -0.748695 1.504614 0.320187 -0.559971 2.165464 37.400000
2.586393 2.779055 1.158072 -0.734705 1.611996 0.254199 -0.562168 2.129319 37.450000
1.802238 3.000000 1.184975 -0.721077 1.718475 0.187776 -0.559078 2.123795 37.500000
1.020837 2.550913 1.210688 -0.708082 1.826240 0.116464 -0.551017 2.171202 37.550000
0.121697 3.000000 1.235451 -0.696021 1.930053 0.045095 -0.537542 2.002402 37.600000
0.188975 2.647028 1.259559 -0.685113 2.032386 -0.028659 -0.519189 2.072077 37.650000
0.000000 3.000000 1.283257 -0.675384 2.132518 -0.094662 -0.496513 1.947915 37.700000
0.000000 2.784803 1.306686 -0.666652 2.231763 -0.156019 -0.470201 2.007267 37.750000
0.020024 2.668161 1.329978 -0.658767 2.330166 -0.210761 -0.440853 1.936845 37.800000
0.000000 2.808821 1.353171 -0.651516 2.424785 -0.256987 -0.409661 1.858364 37.850000
0.668270 2.708406 1.376270 -0.644711 2.518156 -0.296837 -0.376939 1.872915 37.900000
1.139486 2.656633 1.399139 -0.638105 2.610865 -0.324397 -0.343296 1.840733 37.950000
1.502591 3.000000 1.421507 -0.631440 2.702059 -0.341608 -0.309737 1.812554 38.000000
0.686965 2.848635 1.443141 -0.624560 2.796062 -0.351713 -0.275792 1.930224 38.050000
1.288128 3.000000 1.464101 -0.617454 2.892419 -0.365486 -0.241634 1.926315 38.100000
1.244465 2.649756 1.484358 -0.610111 2.990420 -0.369187 -0.207649 1.986052 38.150000
0.405285 2.923782 1.503706 -0.602496 3.086938 -0.368356 -0.175136 1.892223 38.200000
0.570337 3.000000 1.522268 -0.594651 -3.099625 -0.371201 -0.143658 1.963164 38.250000
1.016035 3.000000 1.540127 -0.586587 -2.999737 -0.368866 -0.112389 2.024416 38.300000
0.507627 3.000000 1.557068 -0.578339 -2.897676 -0.358610 -0.082083 2.055106 38.350000
0.893043 2.572416 1.573041 -0.569954 -2.794415 -0.349512 -0.053214 2.074111 38.400000
0.424694 2.410735 1.588024 -0.561508 -2.694737 -0.333168 -0.027138 1.937394 38.450000
1.274646 2.302846 1.602011 -0.553097 -2.600866 -0.318414 -0.004407 1.835288 38.500000
0.858093 2.470455 1.614931 -0.544877 -2.511230 -0.293689 0.015306 1.762718 38.550000
0.171659 2.641881 1.626731 -0.536994 -2.422064 -0.271571 0.032755 1.799006 38.600000
1.128148 2.226674 1.637643 -0.529357 -2.329865 -0.254502 0.048938 1.877134 38.650000
2.070685 2.422734 1.647659 -0.522088 -2.239425 -0.227472 0.062818 1.759465 38.700000
2.333757 2.345654 1.656573 -0.515603 -2.150691 -0.191366 0.073923 1.785729 38.750000
2.084947 1.862301 1.664345 -0.510205 -2.061931 -0.153038 0.082299 1.767275 38.800000
2.449233 2.356356 1.671133 -0.505953 -1.978871 -0.118334 0.087537 1.583026 38.850000
3.183133 2.231368 1.677093 -0.502904 -1.896652 -0.081214 0.090390 1.688962 38.900000
2.688754 1.832684 1.682302 -0.501320 -1.812374 -0.038234 0.090889 1.682455 38.950000
2.445147 2.316686 1.686925 -0.501245 -1.732584 -0.002095 0.088943 1.531386 39.000000
2.265699 2.362589 1.691175 -0.502478 -1.652686 0.030130 0.085101 1.646628 39.050000
1.491319 2.809680 1.695213 -0.504889 -1.568599 0.059438 0.079507 1.707110 39.100000
1.738011 2.494614 1.699180 -0.508207 -1.477921 0.080391 0.072266 1.890685 39.150000
1.242737 2.366939 1.703195 -0.512261 -1.384665 0.102114 0.063734 1.846526 39.200000
0.709577 1.944663 1.707338 -0.516924 -1.294154 0.117066 0.054492 1.783865 39.250000
0.115245 1.460155 1.711611 -0.521893 -1.210069 0.124934 0.045387 1.606958 39.300000
0.000000 1.026481 1.715941 -0.526868 -1.136867 0.125393 0.037314 1.357833 39.350000
0.308199 0.600129 1.720248 -0.531673 -1.076615 0.123442 0.030705 1.089253 39.400000
0.000000 0.184314 1.724526 -0.536343 -1.030200 0.123426 0.025583 0.803747 39.450000
0.851392 0.240072 1.728748 -0.540879 -0.998451 0.119802 0.021965 0.501516 39.500000
1.670917 -0.254512 1.732965 -0.545394 -0.976978 0.123806 0.019360 0.371571 39.550000
2.042135 -0.217325 1.737383 -0.550213 -0.965975 0.134947 0.017702 0.096435 39.600000
1.817356 -0.447152 1.742136 -0.555555 -0.964899 0.148861 0.017003 -0.040530 39.650000
1.960569 -0.311883 1.747218 -0.561433 -0.971725 0.159971 0.017188 -0.215417 39.700000
2.569755 -0.728276 1.752585 -0.567822 -0.983570 0.171862 0.018011 -0.254461 39.750000
2.341061 -0.233418 1.758305 -0.574860 -1.001665 0.188774 0.019743 -0.448808 39.800000
1.966453 -0.250763 1.764378 -0.582610 -1.021279 0.202821 0.021808 -0.346864 39.850000
1.614843 -0.211256 1.770704 -0.590935 -1.037350 0.212904 0.023450 -0.300890 39.900000
1.688126 -0.073581 1.777177 -0.599674 -1.051273 0.219370 0.024801 -0.260316 39.950000
1.522291 0.275987 1.783755 -0.608758 -1.062105 0.226350 0.025680 -0.181038 40.000000
1.498898 0.407852 1.790429 -0.618152 -1.065900 0.231757 0.025423 0.010817 40.050000
1.890599 0.014927 1.797196 -0.627800 -1.060854 0.237036 0.023713 0.175174 40.100000
2.786537 -0.313835 1.804115 -0.637758 -1.054156 0.245785 0.021762 0.100161 40.150000
1.952524 0.156092 1.811324 -0.648275 -1.054138 0.262307 0.021036 -0.082249 40.200000
2.764383 -0.103903 1.818798 -0.659348 -1.055578 0.270398 0.020593 0.015440 40.250000
2.063794 0.187908 1.826531 -0.670950 -1.056337 0.285730 0.020052 -0.040615 40.300000
2.787489 -0.273696 1.834520 -0.683083 -1.055821 0.293990 0.019262 0.052563 40.350000
2.184409 -0.602534 1.842765 -0.695731 -1.057154 0.308596 0.018908 -0.092259 40.400000
2.241256 -0.397790 1.851242 -0.708907 -1.067813 0.316777 0.020657 -0.312075 40.450000
2.900414 -0.546426 1.859837 -0.722501 -1.084336 0.324952 0.023741 -0.345569 40.500000
3.370752 -0.201188 1.868592 -0.736658 -1.103829 0.338742 0.027557 -0.425838 40.550000
3.584653 0.024888 1.877586 -0.751601 -1.122369 0.356291 0.031210 -0.326648 40.600000
3.897796 -0.387572 1.886870 -0.767445 -1.134677 0.375327 0.033351 -0.180857 40.650000
3.934729 -0.328361 1.896484 -0.784268 -1.146338 0.396505 0.035440 -0.276151 40.700000
4.289317 -0.104457 1.906414 -0.802116 -1.160909 0.416990 0.038470 -0.304189 40.750000
3.656259 0.064519 1.916652 -0.821045 -1.173993 0.439967 0.041156 -0.227423 40.800000
3.986803 0.321407 1.927154 -0.840952 -1.182295 0.456376 0.042404 -0.115928 40.850000
4.610731 0.739408 1.937902 -0.861733 -1.183409 0.475594 0.041320 0.055159 40.900000
4.223005 0.921982 1.949024 -0.883541 -1.173150 0.500419 0.036317 0.328061 40.950000
3.458208 0.611376 1.960625 -0.906350 -1.150592 0.521058 0.026848 0.550677 41.000000
4.457666 0.707289 1.972676 -0.929830 -1.123329 0.533577 0.015690 0.541858 41.050000
5.257077 0.408338 1.985239 -0.953968 -1.095173 0.554449 0.004232 0.581053 41.100000
4.572084 0.409198 1.998531 -0.979070 -1.068840 0.581455 -0.006564 0.484301 41.150000
4.678727 0.090906 2.012560 -1.005093 -1.045878 0.600681 -0.016015 0.440096 41.200000
4.641584 0.387910 2.027252 -1.031863 -1.028043 0.619976 -0.023217 0.290098 41.250000
3.874449 0.176985 2.042586 -1.059357 -1.012243 0.638032 -0.029524 0.337778 41.300000
4.838528 -0.072868 2.058464 -1.087366 -0.996994 0.648113 -0.035510 0.279052 41.350000
4.769736 -0.002703 2.074896 -1.115904 -0.986724 0.666863 -0.039106 0.145729 41.400000
5.757633 0.020887 2.091952 -1.145134 -0.980591 0.684373 -0.040731 0.104007 41.450000
5.530416 0.111140 2.109721 -1.175212 -0.975720 0.710363 -0.041772 0.092301 41.500000
5.467190 0.184607 2.128278 -1.206239 -0.970199 0.733101 -0.043203 0.125684 41.550000
4.641492 -0.114366 2.147578 -1.238101 -0.962509 0.754140 -0.045823 0.177355 41.600000
3.828789 0.254637 2.167495 -1.270575 -0.956280 0.766699 -0.047636 0.081514 41.650000
4.392566 0.631308 2.187781 -1.303325 -0.949341 0.771125 -0.049835 0.186127 41.700000
4.908983 0.804388 2.208440 -1.336253 -0.934053 0.779944 -0.056622 0.403793 41.750000
4.693221 0.900120 2.229703 -1.369461 -0.908596 0.792110 -0.068991 0.595091 41.800000
5.058183 1.166632 2.251695 -1.402881 -0.874875 0.800388 -0.085807 0.739408 41.850000
4.671503 1.654571 2.274511 -1.436404 -0.832705 0.809723 -0.107117 0.927461 41.900000
4.124145 1.690495 2.298225 -1.469849 -0.778174 0.811647 -0.135018 1.219283 41.950000
3.800565 1.573349 2.322763 -1.502835 -0.712776 0.803944 -0.168084 1.378910 42.000000
2.977346 1.710524 2.347993 -1.535041 -0.642737 0.789451 -0.202110 1.421080 42.050000
3.595335 1.700250 2.373671 -1.566181 -0.569339 0.763753 -0.235805 1.506142 42.100000
3.318987 1.898744 2.399712 -1.596123 -0.492816 0.740519 -0.268716 1.551539 42.150000
4.207962 2.093823 2.426115 -1.624826 -0.412332 0.710813 -0.301076 1.654918 42.200000
3.260097 2.388011 2.452931 -1.652237 -0.326122 0.684632 -0.333543 1.777093 42.250000
3.914126 1.957260 2.480029 -1.678245 -0.232666 0.643539 -0.366215 1.936805 42.300000
2.924674 1.738753 2.507220 -1.702743 -0.138462 0.605952 -0.395411 1.846628 42.350000
2.199746 1.305758 2.534335 -1.725760 -0.049395 0.560247 -0.418626 1.733006 42.400000
1.645667 1.368701 2.560941 -1.747357 0.031298 0.512169 -0.434826 1.524238 42.450000
1.396720 1.706709 2.586768 -1.767665 0.105533 0.463304 -0.445419 1.452649 42.500000
0.796512 1.978451 2.611646 -1.786806 0.180627 0.412661 -0.453272 1.535335 42.550000
0.710857 2.021675 2.635358 -1.804899 0.260873 0.354594 -0.459336 1.652324 42.600000
0.723893 2.492895 2.657738 -1.822088 0.344861 0.295198 -0.462687 1.695659 42.650000
0.502724 2.777075 2.678787 -1.838508 0.434619 0.234411 -0.463410 1.863051 42.700000
0.360012 2.557893 2.698471 -1.854324 0.532072 0.169208 -0.461179 2.006023 42.750000
1.267204 2.208487 2.716775 -1.869734 0.631146 0.104759 -0.454683 1.959096 42.800000
1.207552 2.521519 2.733987 -1.884752 0.724546 0.055800 -0.444098 1.798530 42.850000
1.314324 2.949206 2.750413 -1.899316 0.815627 0.011017 -0.430731 1.835211 42.900000
0.690217 3.000000 2.766146 -1.913479 0.911916 -0.032287 -0.414951 1.988115 42.950000
0.000000 3.000000 2.781189 -1.927411 1.013182 -0.080269 -0.396397 2.049007 43.000000
0.093758 2.573864 2.795501 -1.941414 1.115987 -0.130907 -0.374832 2.058433 43.050000
0.413456 2.589925 2.809182 -1.955603 1.214387 -0.173422 -0.351108 1.901291 43.100000
0.000000 2.581197 2.822425 -1.969823 1.307780 -0.205800 -0.326287 1.842695 43.150000
0.000000 2.975067 2.835348 -1.984031 1.399100 -0.236695 -0.300571 1.813955 43.200000
0.362222 3.000000 2.848033 -1.998264 1.493532 -0.264324 -0.273305 1.942413 43.250000
0.000000 3.000000 2.860594 -2.012389 1.592303 -0.285443 -0.244508 1.999458 43.300000
0.490739 3.000000 2.873117 -2.026333 1.692933 -0.305772 -0.214870 2.022668 43.350000
0.559302 2.740575 2.885645 -2.039974 1.794401 -0.316912 -0.184955 2.035250 43.400000
1.031726 2.663679 2.898169 -2.053088 1.893751 -0.322445 -0.155962 1.953765 43.450000
1.870479 2.687974 2.910614 -2.065474 1.989916 -0.318976 -0.128633 1.902831 43.500000
1.263858 2.508895 2.922791 -2.076803 2.084913 -0.304235 -0.103138 1.899378 43.550000
1.265639 2.355792 2.934593 -2.087021 2.178131 -0.292357 -0.079795 1.840321 43.600000
1.842131 2.443169 2.945996 -2.096263 2.268030 -0.277826 -0.058805 1.768326 43.650000
1.935029 2.796788 2.956824 -2.104455 2.356669 -0.256004 -0.039943 1.777008 43.700000
2.285841 2.838120 2.966890 -2.111538 2.449389 -0.232164 -0.022462 1.911178 43.750000
2.922822 3.000000 2.976040 -2.117522 2.546902 -0.203989 -0.006547 1.978945 43.800000
2.981947 3.000000 2.984000 -2.122387 2.648290 -0.169028 0.007144 2.063043 43.850000
2.195014 3.000000 2.990550 -2.126211 2.752356 -0.133125 0.018102 2.094523 43.900000
2.542588 2.800116 2.995784 -2.129245 2.857423 -0.104526 0.026383 2.106220 43.950000
2.090680 2.498460 2.999757 -2.131710 2.960809 -0.072861 0.032023 2.040234 44.000000
2.639333 2.957341 3.002482 -2.133782 3.059012 -0.046224 0.035106 1.909269 44.050000
2.467160 2.518839 3.003953 -2.135633 -3.125389 -0.015189 0.036059 2.023161 44.100000
1.741042 2.889373 3.004118 -2.137419 -3.027554 0.013026 0.034909 1.908826 44.150000
1.430799 2.725787 3.003247 -2.139273 -2.929524 0.033179 0.032097 1.997668 44.200000
1.784304 2.675300 3.001642 -2.141271 -2.830387 0.049284 0.028088 1.972011 44.250000
1.201500 2.490303 2.999360 -2.143509 -2.732585 0.067417 0.023059 1.944540 44.300000
0.513936 2.581436 2.996525 -2.146034 -2.637566 0.078658 0.017326 1.868558 44.350000
0.965379 2.511878 2.993468 -2.148755 -2.544012 0.082300 0.011367 1.872969 44.400000
0.238573 2.952535 2.990287 -2.151669 -2.451031 0.089234 0.005291 1.850056 44.450000
0.841803 2.678680 2.987072 -2.154739 -2.354203 0.088378 -0.001024 1.998869 44.500000
1.065007 2.232158 2.983888 -2.157958 -2.255482 0.092325 -0.007354 1.956970 44.550000
0.544630 2.409125 2.980645 -2.161466 -2.162697 0.097455 -0.013383 1.782559 44.600000
1.033345 2.792322 2.977421 -2.165194 -2.073631 0.096897 -0.019105 1.780508 44.650000
0.067578 2.707336 2.974260 -2.169133 -1.980629 0.100085 -0.024998 1.917653 44.700000
0.674476 3.000000 2.971239 -2.173163 -1.884131 0.093305 -0.030805 1.938876 44.750000
0.073683 3.000000 2.968412 -2.177190 -1.783936 0.091514 -0.036369 2.050531 44.800000
0.021327 2.799941 2.965780 -2.181191 -1.680227 0.083285 -0.041600 2.091034 44.850000
0.213676 2.916082 2.963360 -2.184997 -1.577301 0.074255 -0.045970 2.035345 44.900000
0.799725 3.000000 2.961127 -2.188629 -1.474928 0.066836 -0.049560 2.056080 44.950000
0.037842 3.000000 2.959080 -2.192257 -1.371047 0.064573 -0.052749 2.092986 45.000000
0.000000 2.710911 2.957200 -2.195823 -1.266014 0.054813 -0.055427 2.106039 45.050000
0.648627 3.000000 2.955424 -2.199143 -1.163544 0.044949 -0.057189 2.008935 45.100000
0.000000 3.000000 2.953785 -2.202356 -1.061156 0.041289 -0.058397 2.075431 45.150000
0.000000 2.764888 2.952262 -2.205462 -0.956693 0.031434 -0.059120 2.099005 45.200000
0.805753 3.000000 2.950757 -2.208339 -0.853914 0.022037 -0.059069 2.024533 45.250000
0.035320 3.000000 2.949380 -2.211148 -0.751063 0.020514 -0.058626 2.080177 45.300000
0.000000 3.000000 2.948121 -2.213900 -0.646476 0.011831 -0.057839 2.099863 45.350000
0.000000 2.992333 2.946829 -2.216481 -0.541286 0.003252 -0.056437 2.106520 45.400000
0.000000 3.000000 2.945489 -2.218914 -0.435977 -0.004775 -0.054461 2.105878 45.450000
0.000000 2.602645 2.944096 -2.221225 -0.330618 -0.012189 -0.051972 2.108049 45.500000
0.000000 2.649274 2.942652 -2.223442 -0.229271 -0.018667 -0.049090 1.968951 45.550000
0.000000 2.803157 2.941166 -2.225589 -0.131825 -0.024237 -0.045932 1.934508 45.600000
0.000000 3.000000 2.939648 -2.227683 -0.033882 -0.029195 -0.042505 1.976311 45.650000
0.737156 3.000000 2.938107 -2.229743 0.067403 -0.033677 -0.038791 2.061001 45.700000
0.578961 3.000000 2.936725 -2.231766 0.171345 -0.030759 -0.035089 2.091562 45.750000
0.652963 3.000000 2.935636 -2.233722 0.276245 -0.028964 -0.031666 2.102605 45.800000
0.754715 2.867173 2.934816 -2.235589 0.381493 -0.026096 -0.028527 2.106654 45.850000
0.000000 2.431377 2.934294 -2.237322 0.485511 -0.021925 -0.025780 2.061692 45.900000
0.755730 2.269543 2.933921 -2.238970 0.583643 -0.024365 -0.023286 1.891523 45.950000
0.054947 2.277755 2.933691 -2.240504 0.674702 -0.019161 -0.021083 1.770201 46.000000
0.000000 2.131793 2.933609 -2.241912 0.761958 -0.020310 -0.019141 1.726833 46.050000
0.000000 1.791377 2.933536 -2.243299 0.846284 -0.021628 -0.017231 1.656998 46.100000
0.000000 1.785356 2.933468 -2.244672 0.924751 -0.022554 -0.015412 1.504574 46.150000
0.000000 1.427663 2.933410 -2.246027 0.998143 -0.023158 -0.013694 1.440520 46.200000
0.581259 1.624065 2.933364 -2.247359 1.065585 -0.023472 -0.012110 1.279992 46.250000
0.797588 1.608033 2.933396 -2.248545 1.129756 -0.018185 -0.010749 1.286018 46.300000
1.783610 1.549813 2.933573 -2.249416 1.193959 -0.010981 -0.009720 1.282600 46.350000
1.244769 1.850897 2.933964 -2.249708 1.257422 0.005196 -0.009263 1.259197 46.400000
0.777223 1.434511 2.934554 -2.249331 1.323341 0.015741 -0.009449 1.362957 46.450000
0.376391 1.050262 2.935225 -2.248523 1.388270 0.021526 -0.009992 1.250066 46.500000
0.113877 1.492897 2.935905 -2.247491 1.445225 0.023430 -0.010565 1.054492 46.550000
0.275619 1.748203 2.936558 -2.246393 1.500314 0.022807 -0.011116 1.137948 46.600000
0.093958 1.931483 2.937175 -2.245257 1.561028 0.023580 -0.011746 1.272204 46.650000
0.000000 1.662635 2.937753 -2.244092 1.628254 0.022473 -0.012453 1.398860 46.700000
0.000000 1.842891 2.938291 -2.242965 1.696838 0.020450 -0.013081 1.351270 46.750000
0.592383 1.747018 2.938795 -2.241898 1.765762 0.018443 -0.013594 1.398880 46.800000
0.204023 1.905036 2.939238 -2.240756 1.835249 0.021959 -0.014136 1.382915 46.850000
0.000000 1.767768 2.939607 -2.239501 1.905895 0.021656 -0.014757 1.435347 46.900000
0.000000 1.383698 2.939936 -2.238272 1.976819 0.019406 -0.015296 1.405872 46.950000
0.000000 1.766544 2.940247 -2.237113 2.042643 0.017305 -0.015640 1.249180 47.000000
0.742106 1.801439 2.940544 -2.236019 2.107321 0.015281 -0.015862 1.327030 47.050000
0.671387 1.902881 2.940738 -2.234841 2.174990 0.020144 -0.016183 1.373188 47.100000
0.555299 1.947339 2.940737 -2.233464 2.245290 0.024069 -0.016746 1.430539 47.150000
0.072343 2.102479 2.940556 -2.231945 2.317972 0.026650 -0.017496 1.470890 47.200000
0.000000 1.739782 2.940286 -2.230407 2.393641 0.024496 -0.018283 1.544892 47.250000
0.021023 1.922817 2.940018 -2.228948 2.467896 0.021714 -0.018888 1.440655 47.300000
0.000000 1.921119 2.939765 -2.227571 2.540653 0.019219 -0.019310 1.465900 47.350000
0.051345 1.426404 2.939530 -2.226270 2.614226 0.016565 -0.019595 1.475608 47.400000
0.000000 1.094930 2.939309 -2.225036 2.682837 0.014602 -0.019694 1.294721 47.450000
0.000000 1.099513 2.939103 -2.223861 2.741795 0.012490 -0.019596 1.091312 47.500000
0.505780 0.924026 2.938921 -2.222742 2.793852 0.010653 -0.019363 1.002593 47.550000
0.691264 0.794928 2.938649 -2.221637 2.840912 0.013733 -0.019116 0.893692 47.600000
0.000000 1.155596 2.938135 -2.220501 2.882740 0.018570 -0.018950 0.792030 47.650000
0.000000 0.903960 2.937498 -2.219374 2.924994 0.016798 -0.018842 0.886422 47.700000
0.000000 0.665765 2.936899 -2.218299 2.967777 0.015086 -0.018691 0.831673 47.750000
0.209756 0.818314 2.936335 -2.217271 3.005982 0.013564 -0.018449 0.711125 47.800000
0.352248 0.994606 2.935755 -2.216281 3.041611 0.014126 -0.018177 0.713747 47.850000
1.315739 0.812537 2.935078 -2.215319 3.079304 0.015953 -0.017967 0.785327 47.900000
0.417713 0.500065 2.934051 -2.214380 3.117507 0.026660 -0.017940 0.747423 47.950000
0.000000 0.095078 2.932673 -2.213472 -3.132315 0.028738 -0.017991 0.603989 48.000000
0.000000 0.587975 2.931259 -2.212605 -3.108690 0.027094 -0.017853 0.367175 48.050000
0.641672 0.330887 2.929905 -2.211776 -3.088105 0.025589 -0.017636 0.447535 48.100000
0.000000 0.765765 2.928459 -2.210990 -3.067503 0.030110 -0.017448 0.383460 48.150000
0.742752 0.865012 2.926926 -2.210248 -3.044294 0.028441 -0.017342 0.528892 48.200000
1.012094 0.452284 2.925287 -2.209559 -3.014672 0.033588 -0.017414 0.642937 48.250000
0.785773 0.426477 2.923316 -2.208958 -2.985589 0.041052 -0.017597 0.532987 48.300000
1.444850 0.494626 2.921016 -2.208453 -2.960774 0.046229 -0.017773 0.466983 48.350000
1.247562 0.098312 2.918301 -2.208072 -2.937586 0.057368 -0.018029 0.461208 48.400000
1.892052 0.413966 2.915085 -2.207843 -2.919127 0.066364 -0.018229 0.294916 48.450000
1.106125 0.718101 2.911286 -2.207794 -2.903183 0.081067 -0.018454 0.338358 48.500000
1.178207 1.004786 2.906962 -2.207924 -2.882148 0.087773 -0.019101 0.486958 48.550000
2.094088 0.605261 2.902303 -2.208210 -2.852438 0.094635 -0.020394 0.679410 48.600000
1.719653 0.334678 2.897113 -2.208737 -2.820289 0.109620 -0.022043 0.614240 48.650000
2.700453 0.131363 2.891301 -2.209556 -2.793527 0.120654 -0.023489 0.472305 48.700000
2.400957 0.060226 2.884762 -2.210724 -2.774238 0.140579 -0.024481 0.316128 48.750000
3.195276 0.071955 2.877379 -2.212293 -2.761524 0.157160 -0.024995 0.204001 48.800000
3.537108 -0.332439 2.869078 -2.214299 -2.752854 0.180615 -0.025190 0.148434 48.850000
4.066060 -0.454560 2.859649 -2.216830 -2.750981 0.206573 -0.024577 -0.054180 48.900000
4.057659 -0.232131 2.848937 -2.219923 -2.758228 0.236733 -0.022581 -0.219421 48.950000
3.239305 -0.041873 2.836865 -2.223572 -2.769111 0.265723 -0.019867 -0.216240 49.000000
3.793664 0.170037 2.823658 -2.227663 -2.777676 0.285885 -0.017518 -0.134501 49.050000
3.655101 -0.277305 2.809418 -2.232155 -2.780692 0.310254 -0.016298 0.000961 49.100000
4.060396 0.192400 2.794100 -2.237075 -2.783783 0.332373 -0.015027 -0.113716 49.150000
4.824257 0.167235 2.777684 -2.242415 -2.785749 0.357352 -0.014051 0.022227 49.200000
4.442614 -0.317105 2.759966 -2.248271 -2.782821 0.388331 -0.014363 0.088694 49.250000
5.353729 0.166025 2.740921 -2.254663 -2.783017 0.414589 -0.013801 -0.080592 49.300000
6.000000 -0.009749 2.720476 -2.261594 -2.784014 0.448261 -0.013044 0.030325 49.350000
6.000000 -0.151564 2.698355 -2.269180 -2.782828 0.486528 -0.012997 0.018321 49.400000
6.000000 -0.000779 2.674487 -2.277447 -2.783755 0.523274 -0.012213 -0.049057 49.450000
6.000000 0.404995 2.648937 -2.286351 -2.785489 0.558525 -0.011135 -0.022827 49.500000
5.344417 0.218538 2.621779 -2.295880 -2.781471 0.592230 -0.012438 0.165695 49.550000
6.000000 -0.033212 2.593247 -2.306013 -2.772447 0.618350 -0.015916 0.192996 49.600000
5.624958 -0.389812 2.563410 -2.316757 -2.765260 0.649465 -0.018613 0.103706 49.650000
5.735513 -0.778673 2.532255 -2.328092 -2.765580 0.675974 -0.017803 -0.097557 49.700000
6.000000 -1.107261 2.499858 -2.339887 -2.778080 0.702627 -0.011016 -0.374925 49.750000
5.063718 -1.443486 2.466131 -2.352001 -2.804732 0.730504 0.003019 -0.660839 49.800000
4.723039 -1.393644 2.431221 -2.364165 -2.845701 0.747609 0.024546 -0.945914 49.850000
5.653982 -1.713316 2.395420 -2.376058 -2.896508 0.758996 0.051022 -1.073508 49.900000
5.999426 -1.978541 2.358632 -2.387513 -2.955663 0.775815 0.081692 -1.270453 49.950000
